# Evolution of the weightfunction during equilibration phase for fractional: N2
# Weightfunction after cycle        766
 0.0000000    0.7000000000E+001    0.4400000000E+001
 0.0101010    0.5200000000E+001    0.3700000000E+001
 0.0202020    0.5800000000E+001    0.4500000000E+001
 0.0303030    0.6900000000E+001    0.5000000000E+001
 0.0404040    0.4400000000E+001    0.2400000000E+001
 0.0505051    0.6500000000E+001    0.4000000000E+001
 0.0606061    0.4700000000E+001    0.2600000000E+001
 0.0707071    0.5900000000E+001    0.3500000000E+001
 0.0808081    0.6400000000E+001    0.4700000000E+001
 0.0909091    0.6400000000E+001    0.3100000000E+001
 0.1010101    0.7000000000E+001    0.4200000000E+001
 0.1111111    0.6400000000E+001    0.2700000000E+001
 0.1212121    0.8400000000E+001    0.3300000000E+001
 0.1313131    0.7800000000E+001    0.2700000000E+001
 0.1414141    0.8500000000E+001    0.3500000000E+001
 0.1515152    0.8100000000E+001    0.4000000000E+001
 0.1616162    0.6600000000E+001    0.3800000000E+001
 0.1717172    0.7400000000E+001    0.3600000000E+001
 0.1818182    0.7100000000E+001    0.3100000000E+001
 0.1919192    0.7300000000E+001    0.4200000000E+001
 0.2020202    0.7900000000E+001    0.2700000000E+001
 0.2121212    0.7800000000E+001    0.4300000000E+001
 0.2222222    0.6800000000E+001    0.3800000000E+001
 0.2323232    0.6700000000E+001    0.3300000000E+001
 0.2424242    0.6300000000E+001    0.3200000000E+001
 0.2525253    0.5600000000E+001    0.3600000000E+001
 0.2626263    0.6000000000E+001    0.4200000000E+001
 0.2727273    0.5800000000E+001    0.3200000000E+001
 0.2828283    0.5600000000E+001    0.3500000000E+001
 0.2929293    0.4300000000E+001    0.4300000000E+001
 0.3030303    0.3200000000E+001    0.2400000000E+001
 0.3131313    0.4100000000E+001    0.2900000000E+001
 0.3232323    0.2900000000E+001    0.4100000000E+001
 0.3333333    0.3800000000E+001    0.4200000000E+001
 0.3434343    0.4400000000E+001    0.2900000000E+001
 0.3535354    0.3800000000E+001    0.3700000000E+001
 0.3636364    0.2500000000E+001    0.3600000000E+001
 0.3737374    0.2700000000E+001    0.4600000000E+001
 0.3838384    0.2300000000E+001    0.3300000000E+001
 0.3939394    0.3300000000E+001    0.3600000000E+001
 0.4040404    0.1800000000E+001    0.3700000000E+001
 0.4141414    0.1300000000E+001    0.3600000000E+001
 0.4242424    0.2700000000E+001    0.3700000000E+001
 0.4343434    0.2200000000E+001    0.3200000000E+001
 0.4444444    0.1600000000E+001    0.3000000000E+001
 0.4545455    0.1200000000E+001    0.3900000000E+001
 0.4646465    0.1200000000E+001    0.3200000000E+001
 0.4747475    0.2700000000E+001    0.2100000000E+001
 0.4848485    0.1600000000E+001    0.3100000000E+001
 0.4949495    0.0000000000E+000    0.2500000000E+001
 0.5050505    0.1300000000E+001    0.3400000000E+001
 0.5151515    0.5000000000E+000    0.3300000000E+001
 0.5252525    0.7000000000E+000    0.3500000000E+001
 0.5353535    0.9000000000E+000    0.2300000000E+001
 0.5454545    0.1200000000E+001    0.3800000000E+001
 0.5555556    0.1800000000E+001    0.3100000000E+001
 0.5656566    0.2000000000E+001    0.3100000000E+001
 0.5757576    0.1100000000E+001    0.3400000000E+001
 0.5858586    0.2700000000E+001    0.2700000000E+001
 0.5959596    0.2500000000E+001    0.3000000000E+001
 0.6060606    0.1400000000E+001    0.3200000000E+001
 0.6161616    0.1400000000E+001    0.3600000000E+001
 0.6262626    0.1500000000E+001    0.3100000000E+001
 0.6363636    0.5000000000E+000    0.3000000000E+001
 0.6464646    0.1700000000E+001    0.3400000000E+001
 0.6565657    0.9000000000E+000    0.3800000000E+001
 0.6666667    0.7000000000E+000    0.3500000000E+001
 0.6767677    0.1400000000E+001    0.3400000000E+001
 0.6868687    0.6000000000E+000    0.3200000000E+001
 0.6969697    0.1800000000E+001    0.2400000000E+001
 0.7070707    0.1500000000E+001    0.3300000000E+001
 0.7171717    0.1200000000E+001    0.3200000000E+001
 0.7272727    0.1300000000E+001    0.3300000000E+001
 0.7373737    0.9000000000E+000    0.3000000000E+001
 0.7474747    0.1200000000E+001    0.3400000000E+001
 0.7575758    0.1000000000E+001    0.3300000000E+001
 0.7676768    0.6000000000E+000    0.3100000000E+001
 0.7777778    0.1000000000E+001    0.3600000000E+001
 0.7878788    0.1200000000E+001    0.3500000000E+001
 0.7979798    0.1100000000E+001    0.3300000000E+001
 0.8080808    0.1500000000E+001    0.4200000000E+001
 0.8181818    0.1300000000E+001    0.4000000000E+001
 0.8282828    0.1200000000E+001    0.3200000000E+001
 0.8383838    0.1300000000E+001    0.3100000000E+001
 0.8484848    0.9000000000E+000    0.3300000000E+001
 0.8585859    0.1100000000E+001    0.3000000000E+001
 0.8686869    0.1200000000E+001    0.3600000000E+001
 0.8787879    0.1200000000E+001    0.3100000000E+001
 0.8888889    0.7000000000E+000    0.3100000000E+001
 0.8989899    0.8000000000E+000    0.3100000000E+001
 0.9090909    0.1100000000E+001    0.3100000000E+001
 0.9191919    0.1300000000E+001    0.3700000000E+001
 0.9292929    0.2000000000E+000    0.2800000000E+001
 0.9393939    0.2400000000E+001    0.3800000000E+001
 0.9494949    0.8000000000E+000    0.2700000000E+001
 0.9595960    0.7000000000E+000    0.2700000000E+001
 0.9696970    0.1300000000E+001    0.3700000000E+001
 0.9797980    0.2000000000E+000    0.2300000000E+001
 0.9898990    0.1300000000E+001    0.3500000000E+001
 1.0000000    0.6000000000E+000    0.2400000000E+001


# Weightfunction after cycle       2490
 0.0000000    0.6175000000E+001    0.4050000000E+001
 0.0101010    0.6225000000E+001    0.4200000000E+001
 0.0202020    0.6150000000E+001    0.4300000000E+001
 0.0303030    0.6075000000E+001    0.3875000000E+001
 0.0404040    0.6825000000E+001    0.4375000000E+001
 0.0505051    0.6775000000E+001    0.4200000000E+001
 0.0606061    0.7250000000E+001    0.4525000000E+001
 0.0707071    0.7225000000E+001    0.3700000000E+001
 0.0808081    0.7475000000E+001    0.4225000000E+001
 0.0909091    0.7600000000E+001    0.3700000000E+001
 0.1010101    0.7650000000E+001    0.4175000000E+001
 0.1111111    0.7900000000E+001    0.4100000000E+001
 0.1212121    0.7675000000E+001    0.3900000000E+001
 0.1313131    0.7250000000E+001    0.4575000000E+001
 0.1414141    0.7800000000E+001    0.4275000000E+001
 0.1515152    0.7725000000E+001    0.3975000000E+001
 0.1616162    0.7125000000E+001    0.4150000000E+001
 0.1717172    0.7375000000E+001    0.3875000000E+001
 0.1818182    0.7225000000E+001    0.4100000000E+001
 0.1919192    0.6525000000E+001    0.3500000000E+001
 0.2020202    0.7225000000E+001    0.3850000000E+001
 0.2121212    0.6425000000E+001    0.3675000000E+001
 0.2222222    0.6750000000E+001    0.3725000000E+001
 0.2323232    0.5950000000E+001    0.3700000000E+001
 0.2424242    0.6500000000E+001    0.4100000000E+001
 0.2525253    0.5625000000E+001    0.3350000000E+001
 0.2626263    0.5250000000E+001    0.3800000000E+001
 0.2727273    0.5325000000E+001    0.3250000000E+001
 0.2828283    0.5625000000E+001    0.4025000000E+001
 0.2929293    0.5975000000E+001    0.3750000000E+001
 0.3030303    0.5400000000E+001    0.4075000000E+001
 0.3131313    0.4825000000E+001    0.3550000000E+001
 0.3232323    0.5300000000E+001    0.3800000000E+001
 0.3333333    0.5400000000E+001    0.4100000000E+001
 0.3434343    0.4675000000E+001    0.3725000000E+001
 0.3535354    0.4825000000E+001    0.3825000000E+001
 0.3636364    0.4550000000E+001    0.3575000000E+001
 0.3737374    0.4425000000E+001    0.3975000000E+001
 0.3838384    0.4525000000E+001    0.3625000000E+001
 0.3939394    0.4775000000E+001    0.3225000000E+001
 0.4040404    0.4325000000E+001    0.3625000000E+001
 0.4141414    0.4250000000E+001    0.3900000000E+001
 0.4242424    0.3425000000E+001    0.3500000000E+001
 0.4343434    0.3175000000E+001    0.3200000000E+001
 0.4444444    0.3625000000E+001    0.3025000000E+001
 0.4545455    0.3500000000E+001    0.2775000000E+001
 0.4646465    0.2450000000E+001    0.2775000000E+001
 0.4747475    0.2550000000E+001    0.3775000000E+001
 0.4848485    0.1750000000E+001    0.3475000000E+001
 0.4949495    0.1100000000E+001    0.2775000000E+001
 0.5050505    0.1225000000E+001    0.3050000000E+001
 0.5151515    0.1375000000E+001    0.3050000000E+001
 0.5252525    0.6750000000E+000    0.3075000000E+001
 0.5353535    0.1300000000E+001    0.3100000000E+001
 0.5454545    0.1100000000E+001    0.3000000000E+001
 0.5555556    0.1700000000E+001    0.2825000000E+001
 0.5656566    0.7250000000E+000    0.3200000000E+001
 0.5757576    0.1075000000E+001    0.3050000000E+001
 0.5858586    0.1500000000E+001    0.2850000000E+001
 0.5959596    0.9500000000E+000    0.2925000000E+001
 0.6060606    0.1025000000E+001    0.3300000000E+001
 0.6161616    0.8000000000E+000    0.3175000000E+001
 0.6262626    0.9000000000E+000    0.2775000000E+001
 0.6363636    0.9000000000E+000    0.3250000000E+001
 0.6464646    0.1050000000E+001    0.2900000000E+001
 0.6565657    0.1000000000E+001    0.2975000000E+001
 0.6666667    0.9500000000E+000    0.3050000000E+001
 0.6767677    0.1025000000E+001    0.2800000000E+001
 0.6868687    0.8000000000E+000    0.3175000000E+001
 0.6969697    0.8500000000E+000    0.3400000000E+001
 0.7070707    0.8250000000E+000    0.3025000000E+001
 0.7171717    0.5000000000E+000    0.2800000000E+001
 0.7272727    0.9750000000E+000    0.3075000000E+001
 0.7373737    0.1025000000E+001    0.3050000000E+001
 0.7474747    0.5750000000E+000    0.2775000000E+001
 0.7575758    0.8750000000E+000    0.3100000000E+001
 0.7676768    0.9250000000E+000    0.3350000000E+001
 0.7777778    0.8000000000E+000    0.3025000000E+001
 0.7878788    0.6750000000E+000    0.3000000000E+001
 0.7979798    0.7500000000E+000    0.2825000000E+001
 0.8080808    0.5250000000E+000    0.2825000000E+001
 0.8181818    0.7750000000E+000    0.3050000000E+001
 0.8282828    0.7500000000E+000    0.2875000000E+001
 0.8383838    0.7250000000E+000    0.3100000000E+001
 0.8484848    0.7750000000E+000    0.3025000000E+001
 0.8585859    0.1025000000E+001    0.3250000000E+001
 0.8686869    0.7000000000E+000    0.3050000000E+001
 0.8787879    0.6750000000E+000    0.2900000000E+001
 0.8888889    0.6750000000E+000    0.2900000000E+001
 0.8989899    0.3500000000E+000    0.2750000000E+001
 0.9090909    0.6500000000E+000    0.2850000000E+001
 0.9191919    0.5500000000E+000    0.2850000000E+001
 0.9292929    0.0000000000E+000    0.2700000000E+001
 0.9393939    0.5500000000E+000    0.3075000000E+001
 0.9494949    0.6250000000E+000    0.3050000000E+001
 0.9595960    0.4500000000E+000    0.2900000000E+001
 0.9696970    0.3750000000E+000    0.2850000000E+001
 0.9797980    0.5000000000E+000    0.2500000000E+001
 0.9898990    0.1500000000E+000    0.2750000000E+001
 1.0000000    0.2250000000E+000    0.2275000000E+001


# Weightfunction after cycle       9339
 0.0000000    0.6387500000E+001    0.4350000000E+001
 0.0101010    0.6343750000E+001    0.4406250000E+001
 0.0202020    0.6143750000E+001    0.4231250000E+001
 0.0303030    0.6406250000E+001    0.4343750000E+001
 0.0404040    0.6606250000E+001    0.4375000000E+001
 0.0505051    0.7081250000E+001    0.4468750000E+001
 0.0606061    0.7062500000E+001    0.4162500000E+001
 0.0707071    0.7550000000E+001    0.4306250000E+001
 0.0808081    0.7725000000E+001    0.4362500000E+001
 0.0909091    0.8175000000E+001    0.4218750000E+001
 0.1010101    0.8437500000E+001    0.4443750000E+001
 0.1111111    0.8581250000E+001    0.4550000000E+001
 0.1212121    0.8887500000E+001    0.4175000000E+001
 0.1313131    0.9200000000E+001    0.4362500000E+001
 0.1414141    0.8818750000E+001    0.4193750000E+001
 0.1515152    0.9150000000E+001    0.4631250000E+001
 0.1616162    0.8956250000E+001    0.4431250000E+001
 0.1717172    0.9106250000E+001    0.4193750000E+001
 0.1818182    0.8993750000E+001    0.4625000000E+001
 0.1919192    0.9193750000E+001    0.4225000000E+001
 0.2020202    0.9175000000E+001    0.4400000000E+001
 0.2121212    0.9168750000E+001    0.4400000000E+001
 0.2222222    0.8712500000E+001    0.4256250000E+001
 0.2323232    0.8681250000E+001    0.4281250000E+001
 0.2424242    0.8550000000E+001    0.4543750000E+001
 0.2525253    0.9143750000E+001    0.4143750000E+001
 0.2626263    0.8856250000E+001    0.4387500000E+001
 0.2727273    0.8862500000E+001    0.4331250000E+001
 0.2828283    0.8756250000E+001    0.4375000000E+001
 0.2929293    0.8787500000E+001    0.4393750000E+001
 0.3030303    0.8456250000E+001    0.4418750000E+001
 0.3131313    0.8168750000E+001    0.4312500000E+001
 0.3232323    0.7731250000E+001    0.4343750000E+001
 0.3333333    0.7700000000E+001    0.4000000000E+001
 0.3434343    0.7106250000E+001    0.4143750000E+001
 0.3535354    0.6687500000E+001    0.3837500000E+001
 0.3636364    0.6168750000E+001    0.3968750000E+001
 0.3737374    0.5831250000E+001    0.3918750000E+001
 0.3838384    0.5762500000E+001    0.3962500000E+001
 0.3939394    0.5431250000E+001    0.3793750000E+001
 0.4040404    0.4731250000E+001    0.3831250000E+001
 0.4141414    0.4300000000E+001    0.3781250000E+001
 0.4242424    0.3781250000E+001    0.3718750000E+001
 0.4343434    0.3462500000E+001    0.3881250000E+001
 0.4444444    0.2856250000E+001    0.3550000000E+001
 0.4545455    0.2631250000E+001    0.3318750000E+001
 0.4646465    0.2287500000E+001    0.3300000000E+001
 0.4747475    0.1693750000E+001    0.3256250000E+001
 0.4848485    0.1181250000E+001    0.2881250000E+001
 0.4949495    0.5375000000E+000    0.3087500000E+001
 0.5050505    0.6125000000E+000    0.2706250000E+001
 0.5151515    0.5000000000E+000    0.2950000000E+001
 0.5252525    0.5687500000E+000    0.2550000000E+001
 0.5353535    0.6250000000E+000    0.2743750000E+001
 0.5454545    0.5125000000E+000    0.2862500000E+001
 0.5555556    0.6312500000E+000    0.3025000000E+001
 0.5656566    0.5187500000E+000    0.2881250000E+001
 0.5757576    0.5875000000E+000    0.2956250000E+001
 0.5858586    0.3437500000E+000    0.2825000000E+001
 0.5959596    0.5875000000E+000    0.2881250000E+001
 0.6060606    0.7000000000E+000    0.2850000000E+001
 0.6161616    0.3812500000E+000    0.2850000000E+001
 0.6262626    0.5125000000E+000    0.2906250000E+001
 0.6363636    0.5000000000E+000    0.2925000000E+001
 0.6464646    0.3250000000E+000    0.2806250000E+001
 0.6565657    0.6687500000E+000    0.3100000000E+001
 0.6666667    0.3750000000E+000    0.2925000000E+001
 0.6767677    0.3875000000E+000    0.2656250000E+001
 0.6868687    0.4375000000E+000    0.2881250000E+001
 0.6969697    0.4312500000E+000    0.2800000000E+001
 0.7070707    0.4312500000E+000    0.2900000000E+001
 0.7171717    0.5437500000E+000    0.2981250000E+001
 0.7272727    0.5875000000E+000    0.2881250000E+001
 0.7373737    0.4312500000E+000    0.2925000000E+001
 0.7474747    0.3812500000E+000    0.2818750000E+001
 0.7575758    0.2750000000E+000    0.2800000000E+001
 0.7676768    0.2875000000E+000    0.2775000000E+001
 0.7777778    0.4562500000E+000    0.2825000000E+001
 0.7878788    0.2500000000E+000    0.2806250000E+001
 0.7979798    0.4750000000E+000    0.2837500000E+001
 0.8080808    0.2750000000E+000    0.2781250000E+001
 0.8181818    0.2375000000E+000    0.2793750000E+001
 0.8282828    0.3687500000E+000    0.2850000000E+001
 0.8383838    0.5250000000E+000    0.2931250000E+001
 0.8484848    0.3750000000E+000    0.2850000000E+001
 0.8585859    0.1500000000E+000    0.2725000000E+001
 0.8686869    0.3312500000E+000    0.2775000000E+001
 0.8787879    0.2875000000E+000    0.2881250000E+001
 0.8888889    0.3562500000E+000    0.2868750000E+001
 0.8989899    0.3812500000E+000    0.2956250000E+001
 0.9090909    0.2875000000E+000    0.2793750000E+001
 0.9191919    0.5625000000E-001    0.2681250000E+001
 0.9292929    0.2062500000E+000    0.2750000000E+001
 0.9393939    0.8750000000E-001    0.2662500000E+001
 0.9494949    0.1312500000E+000    0.2737500000E+001
 0.9595960    0.2437500000E+000    0.2887500000E+001
 0.9696970    0.1125000000E+000    0.2781250000E+001
 0.9797980    0.0000000000E+000    0.2481250000E+001
 0.9898990    0.4000000000E+000    0.3025000000E+001
 1.0000000    0.2000000000E+000    0.2862500000E+001


# Weightfunction after cycle      16648
 0.0000000    0.6050000000E+001    0.4145312500E+001
 0.0101010    0.6203125000E+001    0.4195312500E+001
 0.0202020    0.6081250000E+001    0.4134375000E+001
 0.0303030    0.6287500000E+001    0.4170312500E+001
 0.0404040    0.6517187500E+001    0.4184375000E+001
 0.0505051    0.6732812500E+001    0.4126562500E+001
 0.0606061    0.7131250000E+001    0.4198437500E+001
 0.0707071    0.7520312500E+001    0.4282812500E+001
 0.0808081    0.7650000000E+001    0.4181250000E+001
 0.0909091    0.7973437500E+001    0.4181250000E+001
 0.1010101    0.8368750000E+001    0.4056250000E+001
 0.1111111    0.8729687500E+001    0.4234375000E+001
 0.1212121    0.8964062500E+001    0.4100000000E+001
 0.1313131    0.8814062500E+001    0.4223437500E+001
 0.1414141    0.8950000000E+001    0.4114062500E+001
 0.1515152    0.8960937500E+001    0.4096875000E+001
 0.1616162    0.9068750000E+001    0.4089062500E+001
 0.1717172    0.9175000000E+001    0.3985937500E+001
 0.1818182    0.9043750000E+001    0.4128125000E+001
 0.1919192    0.9206250000E+001    0.4070312500E+001
 0.2020202    0.9064062500E+001    0.4101562500E+001
 0.2121212    0.9278125000E+001    0.4075000000E+001
 0.2222222    0.9337500000E+001    0.4026562500E+001
 0.2323232    0.9187500000E+001    0.4070312500E+001
 0.2424242    0.9246875000E+001    0.3971875000E+001
 0.2525253    0.9435937500E+001    0.3943750000E+001
 0.2626263    0.8996875000E+001    0.4037500000E+001
 0.2727273    0.9006250000E+001    0.3998437500E+001
 0.2828283    0.8623437500E+001    0.3978125000E+001
 0.2929293    0.8534375000E+001    0.3903125000E+001
 0.3030303    0.8193750000E+001    0.4004687500E+001
 0.3131313    0.7881250000E+001    0.3951562500E+001
 0.3232323    0.7670312500E+001    0.3904687500E+001
 0.3333333    0.7190625000E+001    0.3926562500E+001
 0.3434343    0.6846875000E+001    0.3850000000E+001
 0.3535354    0.6596875000E+001    0.3717187500E+001
 0.3636364    0.6196875000E+001    0.3690625000E+001
 0.3737374    0.5779687500E+001    0.3753125000E+001
 0.3838384    0.5456250000E+001    0.3750000000E+001
 0.3939394    0.5007812500E+001    0.3501562500E+001
 0.4040404    0.4675000000E+001    0.3668750000E+001
 0.4141414    0.4207812500E+001    0.3520312500E+001
 0.4242424    0.3798437500E+001    0.3548437500E+001
 0.4343434    0.3354687500E+001    0.3445312500E+001
 0.4444444    0.3035937500E+001    0.3381250000E+001
 0.4545455    0.2434375000E+001    0.3306250000E+001
 0.4646465    0.2026562500E+001    0.3210937500E+001
 0.4747475    0.1639062500E+001    0.3043750000E+001
 0.4848485    0.1173437500E+001    0.3031250000E+001
 0.4949495    0.6453125000E+000    0.2879687500E+001
 0.5050505    0.4312500000E+000    0.2859375000E+001
 0.5151515    0.5234375000E+000    0.2768750000E+001
 0.5252525    0.5265625000E+000    0.2829687500E+001
 0.5353535    0.4296875000E+000    0.2892187500E+001
 0.5454545    0.5250000000E+000    0.2871875000E+001
 0.5555556    0.5296875000E+000    0.2839062500E+001
 0.5656566    0.4703125000E+000    0.2856250000E+001
 0.5757576    0.4437500000E+000    0.2814062500E+001
 0.5858586    0.3968750000E+000    0.2768750000E+001
 0.5959596    0.4343750000E+000    0.2767187500E+001
 0.6060606    0.4312500000E+000    0.2725000000E+001
 0.6161616    0.5984375000E+000    0.2825000000E+001
 0.6262626    0.4218750000E+000    0.2787500000E+001
 0.6363636    0.3890625000E+000    0.2789062500E+001
 0.6464646    0.4046875000E+000    0.2771875000E+001
 0.6565657    0.5171875000E+000    0.2803125000E+001
 0.6666667    0.4296875000E+000    0.2826562500E+001
 0.6767677    0.4656250000E+000    0.2835937500E+001
 0.6868687    0.4968750000E+000    0.2725000000E+001
 0.6969697    0.4875000000E+000    0.2751562500E+001
 0.7070707    0.4375000000E+000    0.2781250000E+001
 0.7171717    0.4015625000E+000    0.2745312500E+001
 0.7272727    0.4468750000E+000    0.2796875000E+001
 0.7373737    0.4000000000E+000    0.2826562500E+001
 0.7474747    0.4312500000E+000    0.2771875000E+001
 0.7575758    0.4031250000E+000    0.2796875000E+001
 0.7676768    0.4062500000E+000    0.2835937500E+001
 0.7777778    0.3640625000E+000    0.2739062500E+001
 0.7878788    0.4000000000E+000    0.2818750000E+001
 0.7979798    0.3500000000E+000    0.2760937500E+001
 0.8080808    0.2750000000E+000    0.2743750000E+001
 0.8181818    0.3109375000E+000    0.2731250000E+001
 0.8282828    0.3187500000E+000    0.2835937500E+001
 0.8383838    0.2734375000E+000    0.2767187500E+001
 0.8484848    0.2750000000E+000    0.2759375000E+001
 0.8585859    0.2421875000E+000    0.2742187500E+001
 0.8686869    0.2781250000E+000    0.2770312500E+001
 0.8787879    0.2750000000E+000    0.2796875000E+001
 0.8888889    0.2328125000E+000    0.2748437500E+001
 0.8989899    0.1765625000E+000    0.2701562500E+001
 0.9090909    0.2234375000E+000    0.2726562500E+001
 0.9191919    0.1843750000E+000    0.2746875000E+001
 0.9292929    0.1250000000E+000    0.2728125000E+001
 0.9393939    0.1656250000E+000    0.2745312500E+001
 0.9494949    0.1187500000E+000    0.2704687500E+001
 0.9595960    0.1265625000E+000    0.2706250000E+001
 0.9696970    0.1593750000E+000    0.2756250000E+001
 0.9797980    0.6718750000E-001    0.2651562500E+001
 0.9898990    0.6250000000E-001    0.2729687500E+001
 1.0000000    0.0000000000E+000    0.2643750000E+001


