# Lambda, (Probability, Probability_biased(/observed)) per Fractional
 0.0000000   0.4474105275E-002   0.7430242897E+000   0.9689941757E+000   0.9827351875E+000
 0.0101010   0.4380056961E-002   0.7240744567E+000   0.9554170750E+000   0.9900084103E+000
 0.0202020   0.4311611865E-002   0.7369667332E+000   0.9774797342E+000   0.1011881211E+001
 0.0303030   0.4074518942E-002   0.7203052145E+000   0.9747384509E+000   0.9840339773E+000
 0.0404040   0.3614942194E-002   0.7349072503E+000   0.9781290901E+000   0.1000463668E+001
 0.0505051   0.3162083248E-002   0.7276537257E+000   0.9679391976E+000   0.9829122952E+000
 0.0606061   0.2738882757E-002   0.7457616317E+000   0.9912580675E+000   0.1014189514E+001
 0.0707071   0.2286709115E-002   0.7557568159E+000   0.9790204829E+000   0.9934856247E+000
 0.0808081   0.1889941463E-002   0.7450276441E+000   0.9904027402E+000   0.9809877249E+000
 0.0909091   0.1580946815E-002   0.7571988857E+000   0.9626560855E+000   0.9927476760E+000
 0.1010101   0.1349735346E-002   0.7632046313E+000   0.9809040836E+000   0.1003988111E+001
 0.1111111   0.1191780091E-002   0.8099337365E+000   0.9805846459E+000   0.9986748802E+000
 0.1212121   0.1096266314E-002   0.7635845779E+000   0.9731189011E+000   0.9884616697E+000
 0.1313131   0.1026923726E-002   0.8216818557E+000   0.9882596548E+000   0.1004625699E+001
 0.1414141   0.1046974798E-002   0.8227267087E+000   0.9959764094E+000   0.1023405018E+001
 0.1515152   0.1067481175E-002   0.8150198388E+000   0.9922848002E+000   0.9757748550E+000
 0.1616162   0.1134281647E-002   0.8049383032E+000   0.9999023710E+000   0.1043618910E+001
 0.1717172   0.1249906761E-002   0.8601212185E+000   0.9667883187E+000   0.9852973455E+000
 0.1818182   0.1428215926E-002   0.8750816129E+000   0.9741728900E+000   0.9980727140E+000
 0.1919192   0.1624565586E-002   0.9327082752E+000   0.9797490252E+000   0.9960713971E+000
 0.2020202   0.1860211843E-002   0.9024248101E+000   0.9793063246E+000   0.1024520797E+001
 0.2121212   0.2124230935E-002   0.9314389084E+000   0.9828091222E+000   0.9787089392E+000
 0.2222222   0.2497965633E-002   0.9504189644E+000   0.9918986856E+000   0.1021008161E+001
 0.2323232   0.3012076423E-002   0.1011167233E+001   0.1000246894E+001   0.1019396481E+001
 0.2424242   0.3615207259E-002   0.9369135925E+000   0.9801342047E+000   0.1005357744E+001
 0.2525253   0.4362353503E-002   0.9857885320E+000   0.1004983820E+001   0.1019732985E+001
 0.2626263   0.5379446215E-002   0.1025562025E+001   0.1000335927E+001   0.1016604083E+001
 0.2727273   0.6692702825E-002   0.1034084916E+001   0.9953717225E+000   0.9991884925E+000
 0.2828283   0.8380105251E-002   0.1107721144E+001   0.1023913144E+001   0.1017353839E+001
 0.2929293   0.1000780113E-001   0.1067956286E+001   0.9839142296E+000   0.9911655139E+000
 0.3030303   0.1273279267E-001   0.1076958428E+001   0.9925686620E+000   0.1019803828E+001
 0.3131313   0.1568882111E-001   0.1052296444E+001   0.9877184626E+000   0.9861946912E+000
 0.3232323   0.1980706162E-001   0.1054852448E+001   0.1006421736E+001   0.9942294770E+000
 0.3333333   0.2492596912E-001   0.1088218661E+001   0.9969308746E+000   0.9838922911E+000
 0.3434343   0.3140757491E-001   0.1083961533E+001   0.9967712592E+000   0.9934856247E+000
 0.3535354   0.3916646136E-001   0.1077597429E+001   0.9995966502E+000   0.1008144238E+001
 0.3636364   0.5085993080E-001   0.1092031079E+001   0.1013506001E+001   0.1029586077E+001
 0.3737374   0.6410445547E-001   0.1094051704E+001   0.9945822270E+000   0.1025571636E+001
 0.3838384   0.8196247833E-001   0.1142248784E+001   0.9953698702E+000   0.9701487339E+000
 0.3939394   0.1044805794E+000   0.1076155359E+001   0.9998728509E+000   0.1002825104E+001
 0.4040404   0.1335952202E+000   0.1047447809E+001   0.1010006349E+001   0.9873990235E+000
 0.4141414   0.1768351940E+000   0.1113515328E+001   0.9970481357E+000   0.1002240649E+001
 0.4242424   0.2247005672E+000   0.1057348006E+001   0.9894055685E+000   0.9735137801E+000
 0.4343434   0.2884972781E+000   0.1054373197E+001   0.1006891001E+001   0.1001124870E+001
 0.4444444   0.3775942170E+000   0.1080213879E+001   0.9968780863E+000   0.9848014440E+000
 0.4545455   0.4900615848E+000   0.1081552327E+001   0.9967686107E+000   0.9917381621E+000
 0.4646465   0.6336859973E+000   0.1078378910E+001   0.9912228236E+000   0.1000871016E+001
 0.4747475   0.8180542221E+000   0.1057628648E+001   0.1006557180E+001   0.9961127222E+000
 0.4848485   0.1103688178E+001   0.1089254879E+001   0.9946397893E+000   0.9967975386E+000
 0.4949495   0.1402086370E+001   0.1021909357E+001   0.1017707736E+001   0.1016137699E+001
 0.5050505   0.1637104973E+001   0.1058358318E+001   0.1014168792E+001   0.1013197711E+001
 0.5151515   0.1639386108E+001   0.1078732951E+001   0.9921819062E+000   0.1000079935E+001
 0.5252525   0.1626490257E+001   0.1072235002E+001   0.1007845818E+001   0.9799132715E+000
 0.5353535   0.1621254105E+001   0.1040056122E+001   0.9951767192E+000   0.9822569967E+000
 0.5454545   0.1622306016E+001   0.1080710400E+001   0.1008074997E+001   0.9919802093E+000
 0.5555556   0.1636072676E+001   0.1114637898E+001   0.1013662495E+001   0.1029946196E+001
 0.5656566   0.1638367051E+001   0.1114240681E+001   0.1007049070E+001   0.1003533535E+001
 0.5757576   0.1640839815E+001   0.1057050093E+001   0.1019117777E+001   0.1028635599E+001
 0.5858586   0.1640679714E+001   0.1027634461E+001   0.1031095521E+001   0.9871687835E+000
 0.5959596   0.1670938251E+001   0.1092644175E+001   0.1009397791E+001   0.1033051484E+001
 0.6060606   0.1652140376E+001   0.1061527418E+001   0.1003420194E+001   0.9932022524E+000
 0.6161616   0.1654923865E+001   0.1056484491E+001   0.1015386060E+001   0.1000150778E+001
 0.6262626   0.1676101178E+001   0.1051359531E+001   0.1005916390E+001   0.9936332144E+000
 0.6363636   0.1660163283E+001   0.1050863010E+001   0.1006027370E+001   0.1010871697E+001
 0.6464646   0.1710121592E+001   0.1091189152E+001   0.1022614117E+001   0.1032467029E+001
 0.6565657   0.1673887704E+001   0.1008170836E+001   0.1009251606E+001   0.1020270212E+001
 0.6666667   0.1678607358E+001   0.1046575659E+001   0.1004818831E+001   0.1017377453E+001
 0.6767677   0.1734923418E+001   0.1068146259E+001   0.1014789540E+001   0.9720319790E+000
 0.6868687   0.1722738187E+001   0.1074195180E+001   0.1002632418E+001   0.9727522170E+000
 0.6969697   0.1732979150E+001   0.1066324243E+001   0.1002838915E+001   0.9951504370E+000
 0.7070707   0.1749465591E+001   0.1049787934E+001   0.1014344459E+001   0.9979546422E+000
 0.7171717   0.1760828365E+001   0.1076289204E+001   0.1008406029E+001   0.1001065834E+001
 0.7272727   0.1771329020E+001   0.1052680708E+001   0.1017575541E+001   0.1003090765E+001
 0.7373737   0.1793763556E+001   0.1053902582E+001   0.1020327155E+001   0.1011220009E+001
 0.7474747   0.1812342559E+001   0.1071285135E+001   0.1013139992E+001   0.1013752649E+001
 0.7575758   0.1833208313E+001   0.1058103582E+001   0.1013871509E+001   0.1008262310E+001
 0.7676768   0.1815360386E+001   0.1049645454E+001   0.1008648720E+001   0.1015387943E+001
 0.7777778   0.1865840352E+001   0.1066160175E+001   0.1013505604E+001   0.9993715038E+000
 0.7878788   0.1895691464E+001   0.1060296909E+001   0.1008479971E+001   0.1000357403E+001
 0.7979798   0.1893420219E+001   0.1047711181E+001   0.1006847525E+001   0.9809523034E+000
 0.8080808   0.1913700039E+001   0.1063077427E+001   0.1001752396E+001   0.1008150142E+001
 0.8181818   0.1913181826E+001   0.1025674282E+001   0.1000210198E+001   0.9597525121E+000
 0.8282828   0.1932979232E+001   0.1043803776E+001   0.1002324881E+001   0.9831484388E+000
 0.8383838   0.1970191429E+001   0.1051195463E+001   0.1013109599E+001   0.1009572907E+001
 0.8484848   0.1992596510E+001   0.1063668935E+001   0.1015623087E+001   0.1006361354E+001
 0.8585859   0.2007088193E+001   0.1043320208E+001   0.1009846520E+001   0.9828178378E+000
 0.8686869   0.2050708437E+001   0.1035621973E+001   0.1012622407E+001   0.9769909945E+000
 0.8787879   0.2060985722E+001   0.1062896089E+001   0.1015636573E+001   0.1023121646E+001
 0.8888889   0.2081686437E+001   0.1059614732E+001   0.1029978423E+001   0.1010470253E+001
 0.8989899   0.2084284094E+001   0.1052680708E+001   0.1012034731E+001   0.1020589006E+001
 0.9090909   0.2091463232E+001   0.1041657942E+001   0.1002264452E+001   0.9917676800E+000
 0.9191919   0.2158159734E+001   0.1034607343E+001   0.1008673215E+001   0.9751785924E+000
 0.9292929   0.2167148241E+001   0.1054761779E+001   0.1006600427E+001   0.1002205227E+001
 0.9393939   0.2183605918E+001   0.1050595320E+001   0.1005067091E+001   0.9856456573E+000
 0.9494949   0.2228387232E+001   0.1060478247E+001   0.1012286458E+001   0.1020842860E+001
 0.9595960   0.2236661818E+001   0.1012108464E+001   0.1010006538E+001   0.9680175379E+000
 0.9696970   0.2281136361E+001   0.1096020518E+001   0.1016006192E+001   0.1021297437E+001
 0.9797980   0.2309950635E+001   0.1016283558E+001   0.9916556227E+000   0.9536836217E+000
 0.9898990   0.2343905811E+001   0.1062399568E+001   0.1005641837E+001   0.1016025531E+001
 1.0000000   0.2344307210E+001   0.1039386898E+001   0.1006892374E+001   0.9861828840E+000


 0.0000000   0.4796756721E-002   0.7962033646E+000   0.9690943261E+000   0.9828380728E+000
 0.0101010   0.4721582459E-002   0.7801364157E+000   0.9589885912E+000   0.9937105642E+000
 0.0202020   0.4633422214E-002   0.7915705087E+000   0.9773527174E+000   0.1011751077E+001
 0.0303030   0.4357888951E-002   0.7700091397E+000   0.9754897524E+000   0.9847937608E+000
 0.0404040   0.3907440986E-002   0.7939681953E+000   0.9781039231E+000   0.1000439265E+001
 0.0505051   0.3394118658E-002   0.7806529090E+000   0.9688193846E+000   0.9838074138E+000
 0.0606061   0.2915492723E-002   0.7934472495E+000   0.9809339320E+000   0.1003627886E+001
 0.0707071   0.2423690371E-002   0.8006224991E+000   0.9754478635E+000   0.9898615435E+000
 0.0808081   0.1999840938E-002   0.7879506031E+000   0.9842572383E+000   0.9749019478E+000
 0.0909091   0.1659981959E-002   0.7946494322E+000   0.9690688361E+000   0.9993622190E+000
 0.1010101   0.1431341096E-002   0.8089375960E+000   0.9821209425E+000   0.1005234952E+001
 0.1111111   0.1245476215E-002   0.8459959903E+000   0.9834623455E+000   0.1001607009E+001
 0.1212121   0.1126360823E-002   0.7841481438E+000   0.9732958997E+000   0.9886427815E+000
 0.1313131   0.1083132943E-002   0.8662171483E+000   0.9854672650E+000   0.1001788406E+001
 0.1414141   0.1091419177E-002   0.8572163620E+000   0.9881890219E+000   0.1015404529E+001
 0.1515152   0.1103156874E-002   0.8418306500E+000   0.9834147559E+000   0.9670536869E+000
 0.1616162   0.1182457993E-002   0.8387005224E+000   0.9947400010E+000   0.1038232226E+001
 0.1717172   0.1266438023E-002   0.8710548205E+000   0.9718216946E+000   0.9904284096E+000
 0.1818182   0.1453029705E-002   0.8898333592E+000   0.9775327181E+000   0.1001516310E+001
 0.1919192   0.1629740887E-002   0.9352046242E+000   0.9764665401E+000   0.9927355545E+000
 0.2020202   0.1851556459E-002   0.8977699912E+000   0.9781200617E+000   0.1023281133E+001
 0.2121212   0.2100197812E-002   0.9204333610E+000   0.9864077636E+000   0.9822938814E+000
 0.2222222   0.2483609175E-002   0.9444770147E+000   0.9891574518E+000   0.1018187841E+001
 0.2323232   0.2974797294E-002   0.9981455664E+000   0.9932165673E+000   0.1012232913E+001
 0.2424242   0.3533608935E-002   0.9153018220E+000   0.9814417647E+000   0.1006700300E+001
 0.2525253   0.4262202164E-002   0.9626678197E+000   0.1003928962E+001   0.1018664009E+001
 0.2626263   0.5272995766E-002   0.1004757571E+001   0.1006572894E+001   0.1022943848E+001
 0.2727273   0.6403121830E-002   0.9888397820E+000   0.9914945549E+000   0.9952977892E+000
 0.2828283   0.7999602339E-002   0.1056887774E+001   0.1010051702E+001   0.1003582537E+001
 0.2929293   0.9663517670E-002   0.1030693549E+001   0.9864534090E+000   0.9937247358E+000
 0.3030303   0.1214641051E-001   0.1026839886E+001   0.9871351798E+000   0.1014222613E+001
 0.3131313   0.1509137570E-001   0.1011710194E+001   0.9873075953E+000   0.9857857764E+000
 0.3232323   0.1893271999E-001   0.1007776385E+001   0.9966853541E+000   0.9846123637E+000
 0.3333333   0.2404450186E-001   0.1049202710E+001   0.9998532768E+000   0.9867777921E+000
 0.3434343   0.3013830400E-001   0.1039627548E+001   0.9840738352E+000   0.9808313669E+000
 0.3535354   0.3803470247E-001   0.1045927876E+001   0.1001682110E+001   0.1010248882E+001
 0.3636364   0.4886807841E-001   0.1048730742E+001   0.9996394652E+000   0.1015500896E+001
 0.3737374   0.6212865218E-001   0.1059793049E+001   0.9960236022E+000   0.1027059295E+001
 0.3838384   0.7936379741E-001   0.1105471539E+001   0.9940483446E+000   0.9688619897E+000
 0.3939394   0.1028097584E+000   0.1058408313E+001   0.1003184230E+001   0.1006147606E+001
 0.4040404   0.1315926957E+000   0.1031223400E+001   0.1004203133E+001   0.9817270153E+000
 0.4141414   0.1719533009E+000   0.1082224888E+001   0.1003761614E+001   0.1008990439E+001
 0.4242424   0.2181751118E+000   0.1026120803E+001   0.9981433041E+000   0.9821124843E+000
 0.4343434   0.2857424621E+000   0.1043775078E+001   0.1005849470E+001   0.1000090642E+001
 0.4444444   0.3729308855E+000   0.1066331587E+001   0.1004119151E+001   0.9919561137E+000
 0.4545455   0.4853218214E+000   0.1070548132E+001   0.1006726051E+001   0.1001646689E+001
 0.4646465   0.6319522753E+000   0.1074882668E+001   0.1002541222E+001   0.1012300937E+001
 0.4747475   0.8156962495E+000   0.1054044835E+001   0.1013471007E+001   0.1002956150E+001
 0.4848485   0.1094323348E+001   0.1079464320E+001   0.1000684744E+001   0.1002856948E+001
 0.4949495   0.1405578520E+001   0.1023934611E+001   0.1009188341E+001   0.1007632795E+001
 0.5050505   0.1631884349E+001   0.1054447789E+001   0.1013865581E+001   0.1012896147E+001
 0.5151515   0.1624804915E+001   0.1068595698E+001   0.1003978866E+001   0.1011972155E+001
 0.5252525   0.1604426055E+001   0.1057152700E+001   0.1007313684E+001   0.9793971957E+000
 0.5353535   0.1624224907E+001   0.1041433048E+001   0.9965394401E+000   0.9836033420E+000
 0.5454545   0.1618128735E+001   0.1077380537E+001   0.1008864291E+001   0.9927582292E+000
 0.5555556   0.1629608328E+001   0.1109670273E+001   0.1020678032E+001   0.1037075819E+001
 0.5656566   0.1631594381E+001   0.1109071408E+001   0.1012765498E+001   0.1009231357E+001
 0.5757576   0.1628565856E+001   0.1048610524E+001   0.1014072653E+001   0.1023544726E+001
 0.5858586   0.1624934383E+001   0.1017255819E+001   0.1024791501E+001   0.9811346403E+000
 0.5959596   0.1661529982E+001   0.1085940523E+001   0.1016009433E+001   0.1039819451E+001
 0.6060606   0.1650864561E+001   0.1060169288E+001   0.1012754792E+001   0.1002443136E+001
 0.6161616   0.1652436229E+001   0.1054360964E+001   0.1011510960E+001   0.9963351541E+000
 0.6262626   0.1668416541E+001   0.1046008021E+001   0.1017608537E+001   0.1005183934E+001
 0.6363636   0.1655098998E+001   0.1047125606E+001   0.1004966159E+001   0.1009806726E+001
 0.6464646   0.1701192819E+001   0.1084940930E+001   0.1017329619E+001   0.1027132988E+001
 0.6565657   0.1685524730E+001   0.1014664447E+001   0.1010804368E+001   0.1021841293E+001
 0.6666667   0.1681749911E+001   0.1048002754E+001   0.1003694725E+001   0.1016240656E+001
 0.6767677   0.1724975920E+001   0.1061482784E+001   0.1017497367E+001   0.9746270177E+000
 0.6868687   0.1723219439E+001   0.1073949863E+001   0.9987236065E+000   0.9689611913E+000
 0.6969697   0.1729527244E+001   0.1063660070E+001   0.1006182179E+001   0.9984694049E+000
 0.7070707   0.1752893483E+001   0.1051310982E+001   0.1011175917E+001   0.9948386277E+000
 0.7171717   0.1762098682E+001   0.1076518972E+001   0.1014483023E+001   0.1007099941E+001
 0.7272727   0.1783891391E+001   0.1059608269E+001   0.1011362207E+001   0.9969672098E+000
 0.7373737   0.1789768469E+001   0.1051021568E+001   0.1015482257E+001   0.1006419702E+001
 0.7474747   0.1797289412E+001   0.1061847891E+001   0.1003957602E+001   0.1004566050E+001
 0.7575758   0.1836820871E+001   0.1059650568E+001   0.1015631216E+001   0.1010013633E+001
 0.7676768   0.1834904695E+001   0.1060407498E+001   0.1013765559E+001   0.1020540336E+001
 0.7777778   0.1864491924E+001   0.1064848895E+001   0.1009792588E+001   0.9957116014E+000
 0.7878788   0.1878792124E+001   0.1050311390E+001   0.1010764157E+001   0.1002624533E+001
 0.7979798   0.1900600805E+001   0.1051150691E+001   0.1007574430E+001   0.9816618257E+000
 0.8080808   0.1925248195E+001   0.1068949674E+001   0.1008815763E+001   0.1015259978E+001
 0.8181818   0.1924073153E+001   0.1030989643E+001   0.1004719258E+001   0.9640804743E+000
 0.8282828   0.1944360015E+001   0.1049416432E+001   0.1004431504E+001   0.9852160760E+000
 0.8383838   0.1966495009E+001   0.1048690669E+001   0.1013303062E+001   0.1009767046E+001
 0.8484848   0.1996062017E+001   0.1064978019E+001   0.1019610818E+001   0.1010314072E+001
 0.8585859   0.2010465571E+001   0.1044545365E+001   0.1004740358E+001   0.9778496514E+000
 0.8686869   0.2039877518E+001   0.1029629395E+001   0.1010261932E+001   0.9747148820E+000
 0.8787879   0.2052790478E+001   0.1058132256E+001   0.1013151573E+001   0.1020619697E+001
 0.8888889   0.2087609996E+001   0.1062090554E+001   0.1018663242E+001   0.9993707220E+000
 0.8989899   0.2095833290E+001   0.1057976418E+001   0.1011586014E+001   0.1020137861E+001
 0.9090909   0.2125861145E+001   0.1058252474E+001   0.1009980985E+001   0.9994047339E+000
 0.9191919   0.2159790015E+001   0.1034863342E+001   0.1009323857E+001   0.9758089335E+000
 0.9292929   0.2186920662E+001   0.1063844850E+001   0.1009938151E+001   0.1005529722E+001
 0.9393939   0.2194077879E+001   0.1055097858E+001   0.1005893598E+001   0.9864575127E+000
 0.9494949   0.2229482488E+001   0.1060460928E+001   0.1012291467E+001   0.1020849278E+001
 0.9595960   0.2255242927E+001   0.1019998576E+001   0.1010061189E+001   0.9680712115E+000
 0.9696970   0.2295141870E+001   0.1102190025E+001   0.1008989230E+001   0.1014245288E+001
 0.9797980   0.2323986724E+001   0.1021939878E+001   0.1001460109E+001   0.9631139677E+000
 0.9898990   0.2330993463E+001   0.1056010626E+001   0.1004495624E+001   0.1014868841E+001
 1.0000000   0.2362634495E+001   0.1046980899E+001   0.1005108110E+001   0.9844366352E+000


 0.0000000   0.5042875521E-002   0.8279268491E+000   0.9708929405E+000   0.9846802623E+000
 0.0101010   0.5017852493E-002   0.8200460956E+000   0.9688271995E+000   0.1003923818E+001
 0.0202020   0.4863388860E-002   0.8217961977E+000   0.9732106354E+000   0.1007481698E+001
 0.0303030   0.4582485802E-002   0.8008630408E+000   0.9722209160E+000   0.9815117559E+000
 0.0404040   0.4087070773E-002   0.8214104794E+000   0.9714183468E+000   0.9936192518E+000
 0.0505051   0.3590351063E-002   0.8167803477E+000   0.9718999667E+000   0.9869537625E+000
 0.0606061   0.3069494342E-002   0.8262478402E+000   0.9779099674E+000   0.1000552320E+001
 0.0707071   0.2545294321E-002   0.8316221813E+000   0.9762233385E+000   0.9906666541E+000
 0.0808081   0.2098800451E-002   0.8179223762E+000   0.9744746223E+000   0.9652300249E+000
 0.0909091   0.1750912166E-002   0.8290371126E+000   0.9760707217E+000   0.1006601455E+001
 0.1010101   0.1492930063E-002   0.8345430517E+000   0.9780292546E+000   0.1001065334E+001
 0.1111111   0.1301258390E-002   0.8742463179E+000   0.9785765474E+000   0.9966493552E+000
 0.1212121   0.1187486807E-002   0.8176864074E+000   0.9784078915E+000   0.9938536143E+000
 0.1313131   0.1133991032E-002   0.8969991573E+000   0.9830242852E+000   0.9993233015E+000
 0.1414141   0.1149210462E-002   0.8927623069E+000   0.9867874381E+000   0.1013982949E+001
 0.1515152   0.1171213775E-002   0.8840178471E+000   0.9878249535E+000   0.9714083356E+000
 0.1616162   0.1235256272E-002   0.8665939701E+000   0.9958947028E+000   0.1039456486E+001
 0.1717172   0.1341083070E-002   0.9123356178E+000   0.9711920441E+000   0.9898048647E+000
 0.1818182   0.1510326789E-002   0.9148344671E+000   0.9825609134E+000   0.1006686342E+001
 0.1919192   0.1692439432E-002   0.9605912410E+000   0.9781908853E+000   0.9945068765E+000
 0.2020202   0.1913455829E-002   0.9176645803E+000   0.9737335637E+000   0.1018710796E+001
 0.2121212   0.2192728659E-002   0.9505050867E+000   0.9797207871E+000   0.9756526948E+000
 0.2222222   0.2580888860E-002   0.9707666400E+000   0.9844932514E+000   0.1013405347E+001
 0.2323232   0.3054935216E-002   0.1013855151E+001   0.9863835836E+000   0.1005287549E+001
 0.2424242   0.3640374529E-002   0.9326728022E+000   0.9782582323E+000   0.1003453248E+001
 0.2525253   0.4397074540E-002   0.9822988597E+000   0.9969530433E+000   0.1011604263E+001
 0.2626263   0.5379923632E-002   0.1013951959E+001   0.9977734123E+000   0.1014019857E+001
 0.2727273   0.6517336398E-002   0.9955010125E+000   0.9878134040E+000   0.9916207123E+000
 0.2828283   0.8076536093E-002   0.1055414403E+001   0.1000282572E+001   0.9938942125E+000
 0.2929293   0.9829793758E-002   0.1036993709E+001   0.9859294269E+000   0.9932151150E+000
 0.3030303   0.1228033977E-001   0.1026839487E+001   0.9911368674E+000   0.1018352794E+001
 0.3131313   0.1518683807E-001   0.1007006005E+001   0.9857035988E+000   0.9842023105E+000
 0.3232323   0.1919589087E-001   0.1010640832E+001   0.9892620621E+000   0.9772969226E+000
 0.3333333   0.2433506099E-001   0.1050300233E+001   0.9966102094E+000   0.9835951826E+000
 0.3434343   0.3036492589E-001   0.1036021094E+001   0.9893040563E+000   0.9860624471E+000
 0.3535354   0.3807974770E-001   0.1035745797E+001   0.9940677206E+000   0.1002587767E+001
 0.3636364   0.4899757512E-001   0.1040041639E+001   0.9941705399E+000   0.1009963725E+001
 0.3737374   0.6205958661E-001   0.1047069275E+001   0.9948492318E+000   0.1025867155E+001
 0.3838384   0.7933621126E-001   0.1093034790E+001   0.9936095141E+000   0.9684520471E+000
 0.3939394   0.1025793721E+000   0.1044518996E+001   0.9993276695E+000   0.1002298044E+001
 0.4040404   0.1315784800E+000   0.1019866306E+001   0.1001127479E+001   0.9787381594E+000
 0.4141414   0.1707948745E+000   0.1063210450E+001   0.9988093991E+000   0.1004030849E+001
 0.4242424   0.2181737180E+000   0.1014923061E+001   0.1002336277E+001   0.9862562113E+000
 0.4343434   0.2848401213E+000   0.1029131107E+001   0.9980492874E+000   0.9923533256E+000
 0.4444444   0.3706444839E+000   0.1048235505E+001   0.1000225158E+001   0.9881274201E+000
 0.4545455   0.4831157298E+000   0.1054059095E+001   0.1006321740E+001   0.1001262789E+001
 0.4646465   0.6286458834E+000   0.1057597114E+001   0.1008483331E+001   0.1018319577E+001
 0.4747475   0.8141285551E+000   0.1040545342E+001   0.1014312731E+001   0.1003807559E+001
 0.4848485   0.1086502922E+001   0.1060061173E+001   0.9977278432E+000   0.9999119757E+000
 0.4949495   0.1403935292E+001   0.1011583195E+001   0.1007262717E+001   0.1005728593E+001
 0.5050505   0.1621510459E+001   0.1036317567E+001   0.1012413502E+001   0.1011464014E+001
 0.5151515   0.1624887771E+001   0.1056995091E+001   0.1004790954E+001   0.1012809292E+001
 0.5252525   0.1614947462E+001   0.1052479919E+001   0.1010270925E+001   0.9822905035E+000
 0.5353535   0.1624974135E+001   0.1030549945E+001   0.9980964479E+000   0.9851582140E+000
 0.5454545   0.1619771638E+001   0.1066712166E+001   0.1010620889E+001   0.9945050311E+000
 0.5555556   0.1626260233E+001   0.1095312797E+001   0.1024217298E+001   0.1040691041E+001
 0.5656566   0.1632460122E+001   0.1097557526E+001   0.1008152349E+001   0.1004652740E+001
 0.5757576   0.1635343990E+001   0.1041490730E+001   0.1013404125E+001   0.1022888722E+001
 0.5858586   0.1625475413E+001   0.1006496252E+001   0.1019484463E+001   0.9760715946E+000
 0.5959596   0.1648602005E+001   0.1065739551E+001   0.1012700722E+001   0.1036452218E+001
 0.6060606   0.1649753914E+001   0.1047901216E+001   0.1011047833E+001   0.1000771920E+001
 0.6161616   0.1654556516E+001   0.1044199834E+001   0.1008753916E+001   0.9936377056E+000
 0.6262626   0.1661719687E+001   0.1030447087E+001   0.1015154077E+001   0.1002777841E+001
 0.6363636   0.1666553759E+001   0.1042873265E+001   0.1006966168E+001   0.1011834934E+001
 0.6464646   0.1688386767E+001   0.1065030132E+001   0.1014827164E+001   0.1024625218E+001
 0.6565657   0.1683494825E+001   0.1002389487E+001   0.1008669438E+001   0.1019701762E+001
 0.6666667   0.1686216946E+001   0.1039326170E+001   0.1007584891E+001   0.1020198167E+001
 0.6767677   0.1716150263E+001   0.1044534123E+001   0.1012138048E+001   0.9695112916E+000
 0.6868687   0.1723093251E+001   0.1062159178E+001   0.1000932733E+001   0.9711223027E+000
 0.6969697   0.1730606482E+001   0.1052715888E+001   0.1009238971E+001   0.1001521141E+001
 0.7070707   0.1748517930E+001   0.1037249342E+001   0.1008591905E+001   0.9923145727E+000
 0.7171717   0.1768123088E+001   0.1068418402E+001   0.1015655706E+001   0.1008282590E+001
 0.7272727   0.1776078554E+001   0.1043461675E+001   0.1014212946E+001   0.9997957171E+000
 0.7373737   0.1788948794E+001   0.1039082638E+001   0.1017780814E+001   0.1008716253E+001
 0.7474747   0.1794592151E+001   0.1048690804E+001   0.1006517362E+001   0.1007145840E+001
 0.7575758   0.1824782509E+001   0.1041224509E+001   0.1016441953E+001   0.1010838433E+001
 0.7676768   0.1835205966E+001   0.1049014505E+001   0.1010813246E+001   0.1017586964E+001
 0.7777778   0.1859636266E+001   0.1050492335E+001   0.1014067443E+001   0.9999451924E+000
 0.7878788   0.1875182858E+001   0.1036860598E+001   0.1011584759E+001   0.1003456938E+001
 0.7979798   0.1903498180E+001   0.1041271400E+001   0.1015292529E+001   0.9891995821E+000
 0.8080808   0.1924516001E+001   0.1056889208E+001   0.1011894219E+001   0.1018376784E+001
 0.8181818   0.1931436597E+001   0.1023647857E+001   0.1013177841E+001   0.9722147638E+000
 0.8282828   0.1945932149E+001   0.1038810366E+001   0.1008679265E+001   0.9894007279E+000
 0.8383838   0.1967577324E+001   0.1037824138E+001   0.1018907614E+001   0.1015370670E+001
 0.8484848   0.1990693989E+001   0.1050530151E+001   0.1018143503E+001   0.1008878646E+001
 0.8585859   0.2020393954E+001   0.1038255234E+001   0.1012290111E+001   0.9852154206E+000
 0.8686869   0.2030086575E+001   0.1013511786E+001   0.1009710146E+001   0.9742003858E+000
 0.8787879   0.2060236158E+001   0.1050387965E+001   0.1019085675E+001   0.1026616377E+001
 0.8888889   0.2087538778E+001   0.1050471159E+001   0.1022914908E+001   0.1003560279E+001
 0.8989899   0.2099945910E+001   0.1048491138E+001   0.1012877055E+001   0.1021458557E+001
 0.9090909   0.2128801179E+001   0.1048158362E+001   0.1017337768E+001   0.1006702950E+001
 0.9191919   0.2162585999E+001   0.1024901820E+001   0.1010834861E+001   0.9772876958E+000
 0.9292929   0.2187801488E+001   0.1052665971E+001   0.1015672236E+001   0.1011257332E+001
 0.9393939   0.2208200397E+001   0.1050307796E+001   0.1015014392E+001   0.9954203364E+000
 0.9494949   0.2236568402E+001   0.1052228824E+001   0.1012664790E+001   0.1021244494E+001
 0.9595960   0.2263726665E+001   0.1012669257E+001   0.1017596645E+001   0.9753113007E+000
 0.9696970   0.2285615348E+001   0.1085644126E+001   0.1009423860E+001   0.1014700799E+001
 0.9797980   0.2321999510E+001   0.1009929901E+001   0.1003258239E+001   0.9648609502E+000
 0.9898990   0.2334318323E+001   0.1045983213E+001   0.1005289865E+001   0.1015689920E+001
 1.0000000   0.2380470940E+001   0.1043379993E+001   0.1017127149E+001   0.9962267647E+000


 0.0000000   0.5256148525E-002   0.8535584160E+000   0.9657386145E+000   0.9794925098E+000
 0.0101010   0.5242219868E-002   0.8473981437E+000   0.9643718702E+000   0.9993476648E+000
 0.0202020   0.5082833065E-002   0.8495381371E+000   0.9705088956E+000   0.1004725611E+001
 0.0303030   0.4768107334E-002   0.8242425840E+000   0.9671373011E+000   0.9764192040E+000
 0.0404040   0.4277933872E-002   0.8504211441E+000   0.9672578283E+000   0.9894038192E+000
 0.0505051   0.3742690645E-002   0.8421785913E+000   0.9657174719E+000   0.9807153249E+000
 0.0606061   0.3204093770E-002   0.8531013300E+000   0.9732321776E+000   0.9958066525E+000
 0.0707071   0.2660337997E-002   0.8597590873E+000   0.9740830488E+000   0.9885348342E+000
 0.0808081   0.2195015224E-002   0.8461169179E+000   0.9705641257E+000   0.9613956599E+000
 0.0909091   0.1839937200E-002   0.8617167080E+000   0.9714267935E+000   0.1001852944E+001
 0.1010101   0.1557984420E-002   0.8614385320E+000   0.9720229955E+000   0.9949580026E+000
 0.1111111   0.1366892298E-002   0.9083567908E+000   0.9733489621E+000   0.9913654749E+000
 0.1212121   0.1248402419E-002   0.8502849417E+000   0.9761002945E+000   0.9915498461E+000
 0.1313131   0.1189762770E-002   0.9308821259E+000   0.9789278111E+000   0.9951993120E+000
 0.1414141   0.1192606821E-002   0.9164008113E+000   0.9785671811E+000   0.1005576972E+001
 0.1515152   0.1226788199E-002   0.9158964008E+000   0.9817141350E+000   0.9654382703E+000
 0.1616162   0.1297169123E-002   0.9001338604E+000   0.9837027089E+000   0.1026772886E+001
 0.1717172   0.1395760270E-002   0.9392077853E+000   0.9737691954E+000   0.9924717023E+000
 0.1818182   0.1572282465E-002   0.9420068597E+000   0.9767279444E+000   0.1000750784E+001
 0.1919192   0.1753998959E-002   0.9847063074E+000   0.9776348463E+000   0.9939819196E+000
 0.2020202   0.1989253069E-002   0.9436424426E+000   0.9697885158E+000   0.1014624719E+001
 0.2121212   0.2286283608E-002   0.9802831927E+000   0.9797155986E+000   0.9756871418E+000
 0.2222222   0.2666685875E-002   0.9921316459E+000   0.9850307061E+000   0.1013999755E+001
 0.2323232   0.3148770673E-002   0.1033634129E+001   0.9843729445E+000   0.1003279110E+001
 0.2424242   0.3747155063E-002   0.9495914858E+000   0.9767958993E+000   0.1001993934E+001
 0.2525253   0.4507392951E-002   0.9959949458E+000   0.9934857935E+000   0.1008126989E+001
 0.2626263   0.5472517003E-002   0.1020188183E+001   0.9950853472E+000   0.1011329084E+001
 0.2727273   0.6656653049E-002   0.1005725337E+001   0.9864495252E+000   0.9902917836E+000
 0.2828283   0.8213430955E-002   0.1061632953E+001   0.9901700676E+000   0.9838862389E+000
 0.2929293   0.1002061908E-001   0.1045630327E+001   0.9850330486E+000   0.9923524033E+000
 0.3030303   0.1237639338E-001   0.1023618636E+001   0.9911995582E+000   0.1018458556E+001
 0.3131313   0.1535317775E-001   0.1006966163E+001   0.9879130594E+000   0.9864484568E+000
 0.3232323   0.1926260392E-001   0.1003125949E+001   0.9876226623E+000   0.9757169665E+000
 0.3333333   0.2449997056E-001   0.1045920045E+001   0.9957740402E+000   0.9828098363E+000
 0.3434343   0.3047651325E-001   0.1028521922E+001   0.9937871323E+000   0.9905710518E+000
 0.3535354   0.3831144698E-001   0.1030717320E+001   0.9901670687E+000   0.9986942314E+000
 0.3636364   0.4936708215E-001   0.1036490916E+001   0.9950818096E+000   0.1010930516E+001
 0.3737374   0.6211318742E-001   0.1036578639E+001   0.9947511346E+000   0.1025807648E+001
 0.3838384   0.7950420674E-001   0.1083439185E+001   0.9959849215E+000   0.9708067268E+000
 0.3939394   0.1027326420E+000   0.1034705280E+001   0.9990717537E+000   0.1002082053E+001
 0.4040404   0.1316099791E+000   0.1009018433E+001   0.9957988503E+000   0.9735682282E+000
 0.4141414   0.1712213428E+000   0.1054275715E+001   0.9936746189E+000   0.9989097831E+000
 0.4242424   0.2191280331E+000   0.1008278554E+001   0.1004642949E+001   0.9885660146E+000
 0.4343434   0.2856275130E+000   0.1020754923E+001   0.9949851872E+000   0.9893468810E+000
 0.4444444   0.3703080289E+000   0.1035896473E+001   0.9948679455E+000   0.9828749085E+000
 0.4545455   0.4826729408E+000   0.1041642367E+001   0.1006547003E+001   0.1001527583E+001
 0.4646465   0.6288957842E+000   0.1046513334E+001   0.1006794464E+001   0.1016655514E+001
 0.4747475   0.8173803649E+000   0.1033342101E+001   0.1009819956E+001   0.9994018916E+000
 0.4848485   0.1083776789E+001   0.1045903886E+001   0.1000994224E+001   0.1003226239E+001
 0.4949495   0.1407641373E+001   0.1003225215E+001   0.1005343002E+001   0.1003852559E+001
 0.5050505   0.1623985500E+001   0.1026613934E+001   0.1010070395E+001   0.1009164077E+001
 0.5151515   0.1632282580E+001   0.1050260054E+001   0.1004209698E+001   0.1012264496E+001
 0.5252525   0.1616636683E+001   0.1042124847E+001   0.1013956799E+001   0.9859143225E+000
 0.5353535   0.1621264622E+001   0.1017017438E+001   0.1003950279E+001   0.9909763974E+000
 0.5454545   0.1620431241E+001   0.1055543090E+001   0.1014271960E+001   0.9981384064E+000
 0.5555556   0.1624682314E+001   0.1082351875E+001   0.1019367922E+001   0.1035805720E+001
 0.5656566   0.1632678283E+001   0.1085768477E+001   0.1007002405E+001   0.1003547533E+001
 0.5757576   0.1634421298E+001   0.1029584993E+001   0.1016704644E+001   0.1026261798E+001
 0.5858586   0.1627106577E+001   0.9965512979E+000   0.1017876241E+001   0.9745714247E+000
 0.5959596   0.1651852577E+001   0.1056229873E+001   0.1014491613E+001   0.1038327268E+001
 0.6060606   0.1654251405E+001   0.1039332698E+001   0.1014361336E+001   0.1004092513E+001
 0.6161616   0.1657718219E+001   0.1034819551E+001   0.1008045355E+001   0.9929800789E+000
 0.6262626   0.1661676690E+001   0.1019216298E+001   0.1015279954E+001   0.1002942904E+001
 0.6363636   0.1675409249E+001   0.1037014949E+001   0.1010671530E+001   0.1015599447E+001
 0.6464646   0.1688800490E+001   0.1053707821E+001   0.1014936620E+001   0.1024777338E+001
 0.6565657   0.1687864861E+001   0.9940638730E+000   0.1008232850E+001   0.1019301784E+001
 0.6666667   0.1690892056E+001   0.1030875453E+001   0.1011181371E+001   0.1023881240E+001
 0.6767677   0.1718495931E+001   0.1034588700E+001   0.1017051022E+001   0.9742569090E+000
 0.6868687   0.1723628744E+001   0.1050936449E+001   0.1007072342E+001   0.9771187302E+000
 0.6969697   0.1735232075E+001   0.1044052457E+001   0.1009547368E+001   0.1001867857E+001
 0.7070707   0.1748030163E+001   0.1025684757E+001   0.1010960689E+001   0.9946855128E+000
 0.7171717   0.1766711599E+001   0.1055957469E+001   0.1016647113E+001   0.1009307778E+001
 0.7272727   0.1774557996E+001   0.1031232119E+001   0.1015712636E+001   0.1001314743E+001
 0.7373737   0.1785603712E+001   0.1025862513E+001   0.1018374606E+001   0.1009345737E+001
 0.7474747   0.1797975847E+001   0.1039243820E+001   0.1011372278E+001   0.1012044878E+001
 0.7575758   0.1823840885E+001   0.1029371456E+001   0.1020509057E+001   0.1014924323E+001
 0.7676768   0.1836406449E+001   0.1038286941E+001   0.1016114034E+001   0.1022964806E+001
 0.7777778   0.1859265715E+001   0.1038862915E+001   0.1020426112E+001   0.1006256163E+001
 0.7878788   0.1879313363E+001   0.1027845527E+001   0.1018314934E+001   0.1010174052E+001
 0.7979798   0.1893658386E+001   0.1024625149E+001   0.1015985471E+001   0.9899149071E+000
 0.8080808   0.1919394736E+001   0.1042615406E+001   0.1016015753E+001   0.1022566239E+001
 0.8181818   0.1930101565E+001   0.1011817508E+001   0.1018145370E+001   0.9770211219E+000
 0.8282828   0.1949218397E+001   0.1029250259E+001   0.1014165437E+001   0.9948224355E+000
 0.8383838   0.1972584991E+001   0.1029152147E+001   0.1022481691E+001   0.1018973711E+001
 0.8484848   0.1992998644E+001   0.1040310354E+001   0.1017548846E+001   0.1008330340E+001
 0.8585859   0.2018472969E+001   0.1025989481E+001   0.1019340861E+001   0.9921178722E+000
 0.8686869   0.2034580608E+001   0.1004710744E+001   0.1018634206E+001   0.9828505064E+000
 0.8787879   0.2060362192E+001   0.1039030282E+001   0.1022947349E+001   0.1030548429E+001
 0.8888889   0.2079996853E+001   0.1035295105E+001   0.1025456713E+001   0.1006094838E+001
 0.8989899   0.2103525378E+001   0.1038858298E+001   0.1015359142E+001   0.1024003250E+001
 0.9090909   0.2129850391E+001   0.1037272348E+001   0.1021390424E+001   0.1010754279E+001
 0.9191919   0.2159459117E+001   0.1012291907E+001   0.1015083506E+001   0.9814351861E+000
 0.9292929   0.2177163947E+001   0.1036157336E+001   0.1017613293E+001   0.1013231090E+001
 0.9393939   0.2206563383E+001   0.1038117265E+001   0.1019603835E+001   0.9999617836E+000
 0.9494949   0.2236922015E+001   0.1040952121E+001   0.1014837582E+001   0.1023477250E+001
 0.9595960   0.2266550845E+001   0.1002907794E+001   0.1018885189E+001   0.9765859515E+000
 0.9696970   0.2283180024E+001   0.1072695357E+001   0.1011421746E+001   0.1016750411E+001
 0.9797980   0.2308284250E+001   0.9930481264E+000   0.1006288741E+001   0.9678147612E+000
 0.9898990   0.2327640089E+001   0.1031649960E+001   0.1009226305E+001   0.1019708485E+001
 1.0000000   0.2365434998E+001   0.1025516236E+001   0.1019552389E+001   0.9986427159E+000


 0.0000000   0.5241137236E-002   0.8517144975E+000   0.9689612414E+000   0.9827381466E+000
 0.0101010   0.5222693659E-002   0.8448307581E+000   0.9699023726E+000   0.1005055341E+001
 0.0202020   0.5058125899E-002   0.8459984286E+000   0.9736730459E+000   0.1007977844E+001
 0.0303030   0.4739666612E-002   0.8198977748E+000   0.9705100189E+000   0.9798014728E+000
 0.0404040   0.4251133696E-002   0.8456830656E+000   0.9703774511E+000   0.9925717524E+000
 0.0505051   0.3727883322E-002   0.8394318910E+000   0.9696662235E+000   0.9847024695E+000
 0.0606061   0.3190460708E-002   0.8500641286E+000   0.9756289822E+000   0.9982358047E+000
 0.0707071   0.2651283177E-002   0.8574305664E+000   0.9774617838E+000   0.9919405964E+000
 0.0808081   0.2183781844E-002   0.8423740529E+000   0.9712336443E+000   0.9620364496E+000
 0.0909091   0.1833748465E-002   0.8594174451E+000   0.9766411438E+000   0.1007207158E+001
 0.1010101   0.1548717331E-002   0.8569120104E+000   0.9733235391E+000   0.9962660313E+000
 0.1111111   0.1355210233E-002   0.9012218881E+000   0.9759848549E+000   0.9940270083E+000
 0.1212121   0.1244817696E-002   0.8484349064E+000   0.9760247934E+000   0.9914500607E+000
 0.1313131   0.1188098912E-002   0.9302288462E+000   0.9792825553E+000   0.9955367682E+000
 0.1414141   0.1193188521E-002   0.9174874463E+000   0.9822789603E+000   0.1009367695E+001
 0.1515152   0.1220145713E-002   0.9115727815E+000   0.9817240181E+000   0.9654255063E+000
 0.1616162   0.1303158245E-002   0.9049207373E+000   0.9826092795E+000   0.1025607697E+001
 0.1717172   0.1394657711E-002   0.9391206112E+000   0.9765457633E+000   0.9952784194E+000
 0.1818182   0.1561951137E-002   0.9364699072E+000   0.9812062965E+000   0.1005315870E+001
 0.1919192   0.1753431345E-002   0.9850744218E+000   0.9778381284E+000   0.9941654484E+000
 0.2020202   0.1991513085E-002   0.9453736246E+000   0.9737666880E+000   0.1018763089E+001
 0.2121212   0.2289404165E-002   0.9823060314E+000   0.9806538780E+000   0.9765988197E+000
 0.2222222   0.2655092548E-002   0.9885075570E+000   0.9913848723E+000   0.1020517027E+001
 0.2323232   0.3154198876E-002   0.1036138400E+001   0.9889922609E+000   0.1007963673E+001
 0.2424242   0.3756788054E-002   0.9526968495E+000   0.9796968667E+000   0.1004946333E+001
 0.2525253   0.4505474790E-002   0.9962656702E+000   0.9970467038E+000   0.1011716816E+001
 0.2626263   0.5445626234E-002   0.1015883454E+001   0.9955779877E+000   0.1011806203E+001
 0.2727273   0.6649922219E-002   0.1005409358E+001   0.9878098209E+000   0.9916342841E+000
 0.2828283   0.8166265024E-002   0.1056272901E+001   0.9906086750E+000   0.9842991402E+000
 0.2929293   0.9996421217E-002   0.1043833073E+001   0.9882504838E+000   0.9955705607E+000
 0.3030303   0.1238350537E-001   0.1024921408E+001   0.9902013574E+000   0.1017409210E+001
 0.3131313   0.1536583693E-001   0.1008499547E+001   0.9881569147E+000   0.9866689727E+000
 0.3232323   0.1924464924E-001   0.1002890132E+001   0.9910143402E+000   0.9790449577E+000
 0.3333333   0.2446490018E-001   0.1045151529E+001   0.9987464620E+000   0.9857206037E+000
 0.3434343   0.3049457695E-001   0.1029849529E+001   0.9938467725E+000   0.9906074294E+000
 0.3535354   0.3842797142E-001   0.1034573538E+001   0.9921836103E+000   0.1000704834E+001
 0.3636364   0.4920731535E-001   0.1033857305E+001   0.9939851030E+000   0.1009792826E+001
 0.3737374   0.6220064827E-001   0.1038762441E+001   0.9947167650E+000   0.1025748317E+001
 0.3838384   0.7947662175E-001   0.1083818892E+001   0.9978528343E+000   0.9726047689E+000
 0.3939394   0.1025559032E+000   0.1033645837E+001   0.9997129799E+000   0.1002701860E+001
 0.4040404   0.1320493128E+000   0.1013092997E+001   0.9964131636E+000   0.9741461411E+000
 0.4141414   0.1711108055E+000   0.1054330155E+001   0.9957599651E+000   0.1000982805E+001
 0.4242424   0.2201280762E+000   0.1013586729E+001   0.1005003925E+001   0.9888981850E+000
 0.4343434   0.2869811288E+000   0.1026307902E+001   0.9947884180E+000   0.9891281917E+000
 0.4444444   0.3688468107E+000   0.1032528735E+001   0.9960271145E+000   0.9839971882E+000
 0.4545455   0.4836067161E+000   0.1044385648E+001   0.1007931402E+001   0.1002881723E+001
 0.4646465   0.6281270694E+000   0.1045963382E+001   0.1005303775E+001   0.1015126584E+001
 0.4747475   0.8218922972E+000   0.1039771051E+001   0.1010693006E+001   0.1000242641E+001
 0.4848485   0.1083105656E+001   0.1045985448E+001   0.9991075195E+000   0.1001312009E+001
 0.4949495   0.1410626162E+001   0.1006053875E+001   0.1004848271E+001   0.1003335196E+001
 0.5050505   0.1623193599E+001   0.1026829216E+001   0.1005376935E+001   0.1004451437E+001
 0.5151515   0.1623007833E+001   0.1045020971E+001   0.1001756152E+001   0.1009767754E+001
 0.5252525   0.1614976427E+001   0.1041780915E+001   0.1014577167E+001   0.9864945600E+000
 0.5353535   0.1621364098E+001   0.1017789423E+001   0.1001088500E+001   0.9881285889E+000
 0.5454545   0.1622766739E+001   0.1057801906E+001   0.1010986087E+001   0.9948816305E+000
 0.5555556   0.1623889687E+001   0.1082578587E+001   0.1016803729E+001   0.1033176118E+001
 0.5656566   0.1625699451E+001   0.1081881662E+001   0.1005854564E+001   0.1002380286E+001
 0.5757576   0.1633854600E+001   0.1029946069E+001   0.1014679598E+001   0.1024193864E+001
 0.5858586   0.1627262814E+001   0.9973423176E+000   0.1015071645E+001   0.9718635150E+000
 0.5959596   0.1648176012E+001   0.1054614257E+001   0.1010561147E+001   0.1034280368E+001
 0.6060606   0.1651316570E+001   0.1038212624E+001   0.1012525234E+001   0.1002251657E+001
 0.6161616   0.1658689920E+001   0.1036148514E+001   0.1007109831E+001   0.9920354333E+000
 0.6262626   0.1659746880E+001   0.1018742868E+001   0.1012575574E+001   0.1000248091E+001
 0.6363636   0.1672980389E+001   0.1036234020E+001   0.1010274390E+001   0.1015176728E+001
 0.6464646   0.1684028392E+001   0.1051463386E+001   0.1016292249E+001   0.1026122215E+001
 0.6565657   0.1687163539E+001   0.9943440707E+000   0.1009373221E+001   0.1020430910E+001
 0.6666667   0.1694745440E+001   0.1033945570E+001   0.1009336822E+001   0.1021989724E+001
 0.6767677   0.1712393588E+001   0.1031634134E+001   0.1016137444E+001   0.9733591038E+000
 0.6868687   0.1726486792E+001   0.1053413488E+001   0.1006541958E+001   0.9765813784E+000
 0.6969697   0.1730342744E+001   0.1041837000E+001   0.1009317227E+001   0.1001616141E+001
 0.7070707   0.1746698341E+001   0.1025618332E+001   0.1007843121E+001   0.9915950413E+000
 0.7171717   0.1764768267E+001   0.1055531844E+001   0.1016284244E+001   0.1008924033E+001
 0.7272727   0.1774486433E+001   0.1031909962E+001   0.1015548851E+001   0.1001129965E+001
 0.7373737   0.1788307980E+001   0.1028132961E+001   0.1016049187E+001   0.1007017484E+001
 0.7474747   0.1797827773E+001   0.1039883220E+001   0.1010640943E+001   0.1011289505E+001
 0.7575758   0.1823174866E+001   0.1029713454E+001   0.1016234507E+001   0.1010649628E+001
 0.7676768   0.1839434408E+001   0.1040724495E+001   0.1015650970E+001   0.1022474809E+001
 0.7777778   0.1860103387E+001   0.1040056072E+001   0.1018636275E+001   0.1004467788E+001
 0.7878788   0.1875803510E+001   0.1026641653E+001   0.1013912625E+001   0.1005783514E+001
 0.7979798   0.1892875121E+001   0.1024915891E+001   0.1013539121E+001   0.9875083338E+000
 0.8080808   0.1917852544E+001   0.1042504503E+001   0.1013145449E+001   0.1019653684E+001
 0.8181818   0.1929574884E+001   0.1012247126E+001   0.1015215050E+001   0.9741864741E+000
 0.8282828   0.1949992327E+001   0.1030377279E+001   0.1012628015E+001   0.9932912047E+000
 0.8383838   0.1972004847E+001   0.1029567265E+001   0.1019177750E+001   0.1015657453E+001
 0.8484848   0.1998300380E+001   0.1043805490E+001   0.1016980301E+001   0.1007743477E+001
 0.8585859   0.2014799627E+001   0.1024836821E+001   0.1017305308E+001   0.9901136234E+000
 0.8686869   0.2040001311E+001   0.1008090403E+001   0.1017914440E+001   0.9821331525E+000
 0.8787879   0.2057055882E+001   0.1038086663E+001   0.1016841871E+001   0.1024373727E+001
 0.8888889   0.2075327800E+001   0.1033691808E+001   0.1021150038E+001   0.1001846147E+001
 0.8989899   0.2108910192E+001   0.1042244305E+001   0.1014698429E+001   0.1023313080E+001
 0.9090909   0.2131289052E+001   0.1038697161E+001   0.1019729898E+001   0.1009087545E+001
 0.9191919   0.2164912106E+001   0.1015556139E+001   0.1015142424E+001   0.9814692942E+000
 0.9292929   0.2181004101E+001   0.1038709114E+001   0.1016684344E+001   0.1012282567E+001
 0.9393939   0.2206864100E+001   0.1038983103E+001   0.1019084768E+001   0.9994294416E+000
 0.9494949   0.2241460241E+001   0.1043791699E+001   0.1013369999E+001   0.1021973373E+001
 0.9595960   0.2259507111E+001   0.1000488592E+001   0.1014511813E+001   0.9723714919E+000
 0.9696970   0.2284401057E+001   0.1074017815E+001   0.1011304719E+001   0.1016609092E+001
 0.9797980   0.2312124131E+001   0.9953940547E+000   0.1006444995E+001   0.9679424995E+000
 0.9898990   0.2335225079E+001   0.1035733853E+001   0.1008606491E+001   0.1019058500E+001
 1.0000000   0.2373057670E+001   0.1029538763E+001   0.1018528548E+001   0.9976166396E+000


 0.0000000   0.5136302774E-002   0.8379704071E+000   0.9681304682E+000   0.9818944347E+000
 0.0101010   0.5116661545E-002   0.8309433410E+000   0.9691712588E+000   0.1004296577E+001
 0.0202020   0.4952540949E-002   0.8316058843E+000   0.9718290708E+000   0.1006067747E+001
 0.0303030   0.4646226134E-002   0.8069038985E+000   0.9691208762E+000   0.9783979083E+000
 0.0404040   0.4164643359E-002   0.8317450868E+000   0.9713873242E+000   0.9936035832E+000
 0.0505051   0.3662165254E-002   0.8278862098E+000   0.9706403640E+000   0.9856905848E+000
 0.0606061   0.3129233904E-002   0.8370393475E+000   0.9767849223E+000   0.9994173830E+000
 0.0707071   0.2604042490E-002   0.8454744131E+000   0.9773156699E+000   0.9917911804E+000
 0.0808081   0.2143538892E-002   0.8301119291E+000   0.9722794876E+000   0.9630712843E+000
 0.0909091   0.1791370426E-002   0.8428675983E+000   0.9737658113E+000   0.1004240684E+001
 0.1010101   0.1518040029E-002   0.8432509758E+000   0.9737769792E+000   0.9967290160E+000
 0.1111111   0.1332177696E-002   0.8893992813E+000   0.9791526428E+000   0.9972522122E+000
 0.1212121   0.1225810246E-002   0.8387751956E+000   0.9764907157E+000   0.9919222085E+000
 0.1313131   0.1167736979E-002   0.9178924446E+000   0.9775307729E+000   0.9937547695E+000
 0.1414141   0.1176220745E-002   0.9080075426E+000   0.9827059049E+000   0.1009805255E+001
 0.1515152   0.1206022931E-002   0.9045754012E+000   0.9818851030E+000   0.9655828091E+000
 0.1616162   0.1282100574E-002   0.8938096439E+000   0.9823898051E+000   0.1025377442E+001
 0.1717172   0.1378395468E-002   0.9318309550E+000   0.9776600122E+000   0.9964128993E+000
 0.1818182   0.1543167795E-002   0.9288574974E+000   0.9800703777E+000   0.1004150888E+001
 0.1919192   0.1733204988E-002   0.9775517642E+000   0.9790890788E+000   0.9954361443E+000
 0.2020202   0.1967142712E-002   0.9374880551E+000   0.9736974768E+000   0.1018689511E+001
 0.2121212   0.2266300263E-002   0.9762281991E+000   0.9794814049E+000   0.9754300757E+000
 0.2222222   0.2628963159E-002   0.9826398834E+000   0.9875064056E+000   0.1016523424E+001
 0.2323232   0.3138859777E-002   0.1035166404E+001   0.9872383390E+000   0.1006174952E+001
 0.2424242   0.3724162113E-002   0.9481480794E+000   0.9833173687E+000   0.1008658988E+001
 0.2525253   0.4480709232E-002   0.9946972579E+000   0.9929679182E+000   0.1007576861E+001
 0.2626263   0.5392011888E-002   0.1009849036E+001   0.9974609446E+000   0.1013718689E+001
 0.2727273   0.6598406790E-002   0.1001555455E+001   0.9880922919E+000   0.9919167108E+000
 0.2828283   0.8099883637E-002   0.1051818984E+001   0.9904720225E+000   0.9841622289E+000
 0.2929293   0.9965533200E-002   0.1044712047E+001   0.9901755789E+000   0.9975087708E+000
 0.3030303   0.1234829729E-001   0.1026038368E+001   0.9911917252E+000   0.1018425622E+001
 0.3131313   0.1535430298E-001   0.1011717241E+001   0.9904597481E+000   0.9889672039E+000
 0.3232323   0.1915552766E-001   0.1002183008E+001   0.9894423076E+000   0.9774907906E+000
 0.3333333   0.2434605285E-001   0.1044176536E+001   0.1000298240E+001   0.9872510105E+000
 0.3434343   0.3050998659E-001   0.1034433879E+001   0.9949059179E+000   0.9916619849E+000
 0.3535354   0.3844694043E-001   0.1039166766E+001   0.9965281112E+000   0.1005085494E+001
 0.3636364   0.4915272809E-001   0.1036783588E+001   0.9918590817E+000   0.1007631838E+001
 0.3737374   0.6205938706E-001   0.1040491091E+001   0.9966471854E+000   0.1027737781E+001
 0.3838384   0.7933723055E-001   0.1086185277E+001   0.9980884807E+000   0.9728333368E+000
 0.3939394   0.1025738260E+000   0.1037904054E+001   0.1000888427E+001   0.1003879669E+001
 0.4040404   0.1318624015E+000   0.1015649142E+001   0.9977753896E+000   0.9754768060E+000
 0.4141414   0.1711709256E+000   0.1058860502E+001   0.9960633133E+000   0.1001286595E+001
 0.4242424   0.2202894599E+000   0.1018330503E+001   0.1004348882E+001   0.9882525051E+000
 0.4343434   0.2869050984E+000   0.1030082849E+001   0.9962126729E+000   0.9905432064E+000
 0.4444444   0.3685184365E+000   0.1035678335E+001   0.9944349520E+000   0.9824231285E+000
 0.4545455   0.4833368573E+000   0.1047919791E+001   0.1005073296E+001   0.1000036789E+001
 0.4646465   0.6281059193E+000   0.1050053469E+001   0.1007239961E+001   0.1017080522E+001
 0.4747475   0.8229998410E+000   0.1045278746E+001   0.1011164814E+001   0.1000708422E+001
 0.4848485   0.1082023258E+001   0.1049061556E+001   0.9982741845E+000   0.1000475687E+001
 0.4949495   0.1411694626E+001   0.1010786942E+001   0.1003972341E+001   0.1002459434E+001
 0.5050505   0.1624280060E+001   0.1031569197E+001   0.1006564840E+001   0.1005637095E+001
 0.5151515   0.1623603650E+001   0.1049527847E+001   0.1004927868E+001   0.1012963674E+001
 0.5252525   0.1617144206E+001   0.1047293760E+001   0.1012308707E+001   0.9842877594E+000
 0.5353535   0.1624929550E+001   0.1024050738E+001   0.1000725977E+001   0.9877696253E+000
 0.5454545   0.1625011058E+001   0.1063442776E+001   0.1010445505E+001   0.9943485193E+000
 0.5555556   0.1625058245E+001   0.1087630549E+001   0.1014702681E+001   0.1031040056E+001
 0.5656566   0.1625877047E+001   0.1086267429E+001   0.1007736358E+001   0.1004254428E+001
 0.5757576   0.1632363498E+001   0.1033064674E+001   0.1014551605E+001   0.1024063496E+001
 0.5858586   0.1627621801E+001   0.1001496884E+001   0.1012714174E+001   0.9696052806E+000
 0.5959596   0.1647138663E+001   0.1058107439E+001   0.1008587902E+001   0.1032259625E+001
 0.6060606   0.1653430464E+001   0.1043641785E+001   0.1012718715E+001   0.1002442025E+001
 0.6161616   0.1660273184E+001   0.1041228180E+001   0.1009516896E+001   0.9944053287E+000
 0.6262626   0.1664800105E+001   0.1025874824E+001   0.1015564814E+001   0.1003199789E+001
 0.6363636   0.1673629313E+001   0.1040724617E+001   0.1008509047E+001   0.1013401656E+001
 0.6464646   0.1686516712E+001   0.1057170294E+001   0.1015283525E+001   0.1025102558E+001
 0.6565657   0.1687263204E+001   0.9983248914E+000   0.1010186916E+001   0.1021252347E+001
 0.6666667   0.1699822182E+001   0.1041133097E+001   0.1011027724E+001   0.1023700649E+001
 0.6767677   0.1710574368E+001   0.1034602748E+001   0.1012572772E+001   0.9699433881E+000
 0.6868687   0.1725519116E+001   0.1056975563E+001   0.1007501202E+001   0.9775109488E+000
 0.6969697   0.1733963896E+001   0.1048135061E+001   0.1007996500E+001   0.1000304343E+001
 0.7070707   0.1750239468E+001   0.1031750997E+001   0.1009246865E+001   0.9929750148E+000
 0.7171717   0.1765971592E+001   0.1060417593E+001   0.1014872108E+001   0.1007520968E+001
 0.7272727   0.1776999047E+001   0.1037446891E+001   0.1017235105E+001   0.1002791128E+001
 0.7373737   0.1790767687E+001   0.1033607792E+001   0.1018292714E+001   0.1009239910E+001
 0.7474747   0.1798151606E+001   0.1044172732E+001   0.1011978224E+001   0.1012626483E+001
 0.7575758   0.1823512173E+001   0.1033966067E+001   0.1016780628E+001   0.1011191588E+001
 0.7676768   0.1837505852E+001   0.1043733826E+001   0.1014041909E+001   0.1020853765E+001
 0.7777778   0.1857913677E+001   0.1042929038E+001   0.1017433327E+001   0.1003280422E+001
 0.7878788   0.1875970534E+001   0.1030782665E+001   0.1012912698E+001   0.1004790452E+001
 0.7979798   0.1890044748E+001   0.1027419744E+001   0.1013269594E+001   0.9872445965E+000
 0.8080808   0.1921462125E+001   0.1048586138E+001   0.1014745088E+001   0.1021262427E+001
 0.8181818   0.1926388409E+001   0.1014561385E+001   0.1014676930E+001   0.9736689846E+000
 0.8282828   0.1949642895E+001   0.1034255882E+001   0.1013174628E+001   0.9938262394E+000
 0.8383838   0.1972889202E+001   0.1034091578E+001   0.1019428178E+001   0.1015905851E+001
 0.8484848   0.1993494093E+001   0.1045401975E+001   0.1015955222E+001   0.1006726553E+001
 0.8585859   0.2009670553E+001   0.1026259723E+001   0.1016327214E+001   0.9891605391E+000
 0.8686869   0.2037710444E+001   0.1010929948E+001   0.1016215207E+001   0.9804925255E+000
 0.8787879   0.2057033870E+001   0.1042169889E+001   0.1017300014E+001   0.1024834088E+001
 0.8888889   0.2082770564E+001   0.1041490611E+001   0.1022348817E+001   0.1003021114E+001
 0.8989899   0.2110398870E+001   0.1047093704E+001   0.1015817114E+001   0.1024440087E+001
 0.9090909   0.2128340753E+001   0.1041351409E+001   0.1018292415E+001   0.1007663908E+001
 0.9191919   0.2162380286E+001   0.1018369297E+001   0.1014712363E+001   0.9810523729E+000
 0.9292929   0.2180940174E+001   0.1042775382E+001   0.1016241334E+001   0.1011840314E+001
 0.9393939   0.2204188058E+001   0.1041816178E+001   0.1017415256E+001   0.9977909851E+000
 0.9494949   0.2232221368E+001   0.1043589299E+001   0.1010521071E+001   0.1019099088E+001
 0.9595960   0.2260860433E+001   0.1005036280E+001   0.1014054142E+001   0.9719317168E+000
 0.9696970   0.2278038315E+001   0.1075250651E+001   0.1012239716E+001   0.1017547825E+001
 0.9797980   0.2315979740E+001   0.1000986474E+001   0.1011263822E+001   0.9725758620E+000
 0.9898990   0.2330690564E+001   0.1037799842E+001   0.1006978246E+001   0.1017412216E+001
 1.0000000   0.2369639893E+001   0.1032110794E+001   0.1015630895E+001   0.9947773386E+000


 0.0000000   0.4960088745E-002   0.8149836509E+000   0.9688174813E+000   0.9825884980E+000
 0.0101010   0.4938183392E-002   0.8076688259E+000   0.9691587232E+000   0.1004280810E+001
 0.0202020   0.4781689977E-002   0.8086345219E+000   0.9706742481E+000   0.1004869460E+001
 0.0303030   0.4477109509E-002   0.7830699747E+000   0.9696140379E+000   0.9788930840E+000
 0.0404040   0.4021935633E-002   0.8089635023E+000   0.9721598337E+000   0.9943910108E+000
 0.0505051   0.3540003221E-002   0.8059679135E+000   0.9706853555E+000   0.9857335482E+000
 0.0606061   0.3014549290E-002   0.8121039456E+000   0.9760668006E+000   0.9986798606E+000
 0.0707071   0.2519480374E-002   0.8238435894E+000   0.9783853129E+000   0.9928739209E+000
 0.0808081   0.2072740425E-002   0.8084098366E+000   0.9719689671E+000   0.9627610424E+000
 0.0909091   0.1733234579E-002   0.8213205478E+000   0.9761106749E+000   0.1006656148E+001
 0.1010101   0.1468724855E-002   0.8216662669E+000   0.9760058763E+000   0.9990076860E+000
 0.1111111   0.1286978218E-002   0.8653408322E+000   0.9788795749E+000   0.9969713398E+000
 0.1212121   0.1186816374E-002   0.8178755884E+000   0.9768476901E+000   0.9922820803E+000
 0.1313131   0.1134507461E-002   0.8981223471E+000   0.9768874807E+000   0.9930980545E+000
 0.1414141   0.1137102665E-002   0.8840598826E+000   0.9821457920E+000   0.1009226906E+001
 0.1515152   0.1171000487E-002   0.8845607569E+000   0.9841218290E+000   0.9677797225E+000
 0.1616162   0.1246549887E-002   0.8752134639E+000   0.9811994757E+000   0.1024132194E+001
 0.1717172   0.1343972023E-002   0.9150291081E+000   0.9789619621E+000   0.9977370634E+000
 0.1818182   0.1496570111E-002   0.9072237096E+000   0.9811333192E+000   0.1005237167E+001
 0.1919192   0.1697137088E-002   0.9640246582E+000   0.9792319815E+000   0.9955786800E+000
 0.2020202   0.1924657590E-002   0.9237718755E+000   0.9753336770E+000   0.1020398494E+001
 0.2121212   0.2225033758E-002   0.9652768439E+000   0.9782239317E+000   0.9741751099E+000
 0.2222222   0.2584134776E-002   0.9727616314E+000   0.9864462096E+000   0.1015429267E+001
 0.2323232   0.3087681370E-002   0.1025538847E+001   0.9881929559E+000   0.1007145095E+001
 0.2424242   0.3670380641E-002   0.9411093369E+000   0.9838379692E+000   0.1009190215E+001
 0.2525253   0.4418307860E-002   0.9878284197E+000   0.9928831651E+000   0.1007488075E+001
 0.2626263   0.5338051970E-002   0.1006861643E+001   0.9984475600E+000   0.1014718580E+001
 0.2727273   0.6515743740E-002   0.9960503550E+000   0.9875325342E+000   0.9913520452E+000
 0.2828283   0.8015165502E-002   0.1048228839E+001   0.9898534274E+000   0.9835448549E+000
 0.2929293   0.9900147261E-002   0.1045247414E+001   0.9917303502E+000   0.9990722939E+000
 0.3030303   0.1230274653E-001   0.1029532321E+001   0.9903711373E+000   0.1017579674E+001
 0.3131313   0.1532596796E-001   0.1017040722E+001   0.9926488288E+000   0.9911502451E+000
 0.3232323   0.1905201488E-001   0.1003864767E+001   0.9899287291E+000   0.9779686323E+000
 0.3333333   0.2418733024E-001   0.1044755552E+001   0.9989752264E+000   0.9859425270E+000
 0.3434343   0.3040177656E-001   0.1038104483E+001   0.9969176109E+000   0.9936643710E+000
 0.3535354   0.3841027750E-001   0.1045568025E+001   0.9953186311E+000   0.1003862852E+001
 0.3636364   0.4901989510E-001   0.1041344071E+001   0.9924222316E+000   0.1008201155E+001
 0.3737374   0.6202328488E-001   0.1047290182E+001   0.9983281441E+000   0.1029468331E+001
 0.3838384   0.7939432047E-001   0.1094706498E+001   0.9993933818E+000   0.9741025257E+000
 0.3939394   0.1027479455E+000   0.1047068716E+001   0.1001674453E+001   0.1004665267E+001
 0.4040404   0.1318486634E+000   0.1022774381E+001   0.9995755321E+000   0.9772340162E+000
 0.4141414   0.1712561834E+000   0.1066931151E+001   0.9963460792E+000   0.1001568074E+001
 0.4242424   0.2205819169E+000   0.1026942969E+001   0.1005236813E+001   0.9891234704E+000
 0.4343434   0.2867861966E+000   0.1036987494E+001   0.9978760175E+000   0.9921943412E+000
 0.4444444   0.3685520829E+000   0.1043147991E+001   0.9941739510E+000   0.9821625643E+000
 0.4545455   0.4836694616E+000   0.1056107630E+001   0.1007051975E+001   0.1002002782E+001
 0.4646465   0.6284467181E+000   0.1058104046E+001   0.1006173831E+001   0.1016001167E+001
 0.4747475   0.8233454025E+000   0.1053163545E+001   0.1010595181E+001   0.1000141914E+001
 0.4848485   0.1081197751E+001   0.1055725215E+001   0.9989976451E+000   0.1001197975E+001
 0.4949495   0.1410897027E+001   0.1017408974E+001   0.1004339775E+001   0.1002823542E+001
 0.5050505   0.1626163321E+001   0.1040118924E+001   0.1008287788E+001   0.1007355669E+001
 0.5151515   0.1627308600E+001   0.1059412886E+001   0.1004774881E+001   0.1012806664E+001
 0.5252525   0.1618939098E+001   0.1055921573E+001   0.1011887071E+001   0.9838750732E+000
 0.5353535   0.1623322320E+001   0.1030322261E+001   0.1002169039E+001   0.9891912689E+000
 0.5454545   0.1624692412E+001   0.1070804879E+001   0.1010830286E+001   0.9947244196E+000
 0.5555556   0.1625392338E+001   0.1095600088E+001   0.1014727861E+001   0.1031062791E+001
 0.5656566   0.1627429142E+001   0.1095046423E+001   0.1006142414E+001   0.1002663219E+001
 0.5757576   0.1632797417E+001   0.1040697054E+001   0.1015319446E+001   0.1024835703E+001
 0.5858586   0.1630951945E+001   0.1010691593E+001   0.1012275658E+001   0.9691827515E+000
 0.5959596   0.1643567327E+001   0.1063331036E+001   0.1007930987E+001   0.1031584440E+001
 0.6060606   0.1648256677E+001   0.1047783975E+001   0.1012218944E+001   0.1001944555E+001
 0.6161616   0.1661769571E+001   0.1049587251E+001   0.1009880877E+001   0.9947611105E+000
 0.6262626   0.1667007622E+001   0.1034549434E+001   0.1014871827E+001   0.1002512467E+001
 0.6363636   0.1674137968E+001   0.1048453524E+001   0.1009743027E+001   0.1014638817E+001
 0.6464646   0.1687998585E+001   0.1065633255E+001   0.1014424800E+001   0.1024232695E+001
 0.6565657   0.1686902954E+001   0.1005218672E+001   0.1009225179E+001   0.1020277254E+001
 0.6666667   0.1701408358E+001   0.1049524803E+001   0.1010732776E+001   0.1023399173E+001
 0.6767677   0.1712745791E+001   0.1043292201E+001   0.1012834853E+001   0.9701917519E+000
 0.6868687   0.1724306208E+001   0.1063753367E+001   0.1007475877E+001   0.9774836740E+000
 0.6969697   0.1733254635E+001   0.1055166399E+001   0.1007710222E+001   0.1000017484E+001
 0.7070707   0.1751302864E+001   0.1039728783E+001   0.1009019625E+001   0.9927486931E+000
 0.7171717   0.1763955524E+001   0.1066748956E+001   0.1013876837E+001   0.1006530123E+001
 0.7272727   0.1775789461E+001   0.1044122700E+001   0.1018204524E+001   0.1003744006E+001
 0.7373737   0.1791497503E+001   0.1041391712E+001   0.1016915883E+001   0.1007872532E+001
 0.7474747   0.1802854108E+001   0.1054357789E+001   0.1011964200E+001   0.1012609649E+001
 0.7575758   0.1824201564E+001   0.1041721980E+001   0.1016448866E+001   0.1010858854E+001
 0.7676768   0.1836244690E+001   0.1050444145E+001   0.1013285062E+001   0.1020089014E+001
 0.7777778   0.1859050552E+001   0.1050997811E+001   0.1017406376E+001   0.1003251071E+001
 0.7878788   0.1875867497E+001   0.1038065211E+001   0.1014180358E+001   0.1006045165E+001
 0.7979798   0.1884654389E+001   0.1031784324E+001   0.1011932724E+001   0.9859393364E+000
 0.8080808   0.1921273160E+001   0.1055948612E+001   0.1015201127E+001   0.1021718570E+001
 0.8181818   0.1927018466E+001   0.1022119639E+001   0.1014751668E+001   0.9737380093E+000
 0.8282828   0.1947658378E+001   0.1040559925E+001   0.1011497493E+001   0.9921783886E+000
 0.8383838   0.1970951475E+001   0.1040431810E+001   0.1017309545E+001   0.1013791735E+001
 0.8484848   0.1992154189E+001   0.1052137976E+001   0.1015160117E+001   0.1005935889E+001
 0.8585859   0.2012155216E+001   0.1034844937E+001   0.1016313246E+001   0.9891442088E+000
 0.8686869   0.2037593074E+001   0.1018069510E+001   0.1016184746E+001   0.9804604245E+000
 0.8787879   0.2056078604E+001   0.1049103116E+001   0.1016148450E+001   0.1023671165E+001
 0.8888889   0.2079565102E+001   0.1047292114E+001   0.1020847024E+001   0.1001544943E+001
 0.8989899   0.2108202632E+001   0.1053451966E+001   0.1014690485E+001   0.1023301065E+001
 0.9090909   0.2130423696E+001   0.1049792623E+001   0.1017747569E+001   0.1007121963E+001
 0.9191919   0.2163113545E+001   0.1025968260E+001   0.1013414036E+001   0.9797944045E+000
 0.9292929   0.2176537140E+001   0.1048080122E+001   0.1015805564E+001   0.1011403635E+001
 0.9393939   0.2203863772E+001   0.1049079939E+001   0.1016952362E+001   0.9973342609E+000
 0.9494949   0.2235855002E+001   0.1052730913E+001   0.1008995882E+001   0.1017558138E+001
 0.9595960   0.2264673492E+001   0.1013899635E+001   0.1014886298E+001   0.9727266161E+000
 0.9696970   0.2274855965E+001   0.1081394057E+001   0.1009933461E+001   0.1015226669E+001
 0.9797980   0.2315895321E+001   0.1008077132E+001   0.1009844269E+001   0.9712079309E+000
 0.9898990   0.2334098944E+001   0.1046717847E+001   0.1006846781E+001   0.1017276575E+001
 1.0000000   0.2367907743E+001   0.1038699995E+001   0.1012888243E+001   0.9920882565E+000


 0.0000000   0.4873406490E-002   0.8032615122E+000   0.9710718830E+000   0.9848631546E+000
 0.0101010   0.4842856661E-002   0.7945707843E+000   0.9713476041E+000   0.1006536966E+001
 0.0202020   0.4690042416E-002   0.7956324817E+000   0.9736684739E+000   0.1007957101E+001
 0.0303030   0.4386483800E-002   0.7696340192E+000   0.9711898469E+000   0.9804722360E+000
 0.0404040   0.3943466981E-002   0.7956771612E+000   0.9730312322E+000   0.9952704219E+000
 0.0505051   0.3461541158E-002   0.7905848113E+000   0.9716509948E+000   0.9867023456E+000
 0.0606061   0.2956853585E-002   0.7990683379E+000   0.9777148574E+000   0.1000354124E+001
 0.0707071   0.2469869187E-002   0.8101633832E+000   0.9797373414E+000   0.9942340691E+000
 0.0808081   0.2030715088E-002   0.7945121424E+000   0.9735974559E+000   0.9643625594E+000
 0.0909091   0.1700521797E-002   0.8083555376E+000   0.9788854148E+000   0.1009505633E+001
 0.1010101   0.1439537253E-002   0.8078724401E+000   0.9777941181E+000   0.1000826091E+001
 0.1111111   0.1264267539E-002   0.8527463303E+000   0.9776409901E+000   0.9956979439E+000
 0.1212121   0.1165243817E-002   0.8055368175E+000   0.9787483914E+000   0.9942009115E+000
 0.1313131   0.1115097828E-002   0.8855355235E+000   0.9777342120E+000   0.9939469381E+000
 0.1414141   0.1122160310E-002   0.8751888604E+000   0.9854173942E+000   0.1012576596E+001
 0.1515152   0.1157366938E-002   0.8770140194E+000   0.9858283103E+000   0.9694462611E+000
 0.1616162   0.1226052147E-002   0.8635314114E+000   0.9827599285E+000   0.1025748646E+001
 0.1717172   0.1328506140E-002   0.9073463967E+000   0.9794849558E+000   0.9982581373E+000
 0.1818182   0.1473727019E-002   0.8961882415E+000   0.9828137734E+000   0.1006946851E+001
 0.1919192   0.1669855910E-002   0.9515137918E+000   0.9813629315E+000   0.9977332588E+000
 0.2020202   0.1904362166E-002   0.9169078170E+000   0.9760295886E+000   0.1021114336E+001
 0.2121212   0.2203394947E-002   0.9588982018E+000   0.9786394384E+000   0.9745772302E+000
 0.2222222   0.2565040600E-002   0.9686132080E+000   0.9873643444E+000   0.1016362211E+001
 0.2323232   0.3066222336E-002   0.1021617098E+001   0.9885841159E+000   0.1007531695E+001
 0.2424242   0.3647960367E-002   0.9383048460E+000   0.9827995925E+000   0.1008113012E+001
 0.2525253   0.4389536986E-002   0.9844850541E+000   0.9933649310E+000   0.1007964861E+001
 0.2626263   0.5309776194E-002   0.1004680762E+001   0.9988654673E+000   0.1015131145E+001
 0.2727273   0.6488681159E-002   0.9950355676E+000   0.9884524678E+000   0.9922636585E+000
 0.2828283   0.8014199506E-002   0.1051401593E+001   0.9901674961E+000   0.9838451444E+000
 0.2929293   0.9911164166E-002   0.1049704329E+001   0.9918675464E+000   0.9991985445E+000
 0.3030303   0.1230975952E-001   0.1033361672E+001   0.9919280957E+000   0.1019167206E+001
 0.3131313   0.1530743596E-001   0.1019008372E+001   0.9935730402E+000   0.9920611853E+000
 0.3232323   0.1914313028E-001   0.1011840657E+001   0.9897561841E+000   0.9777864668E+000
 0.3333333   0.2419401561E-001   0.1048333784E+001   0.9986233588E+000   0.9855834515E+000
 0.3434343   0.3045939881E-001   0.1043345872E+001   0.9975301350E+000   0.9942629939E+000
 0.3535354   0.3848025297E-001   0.1050769936E+001   0.9956400536E+000   0.1004175013E+001
 0.3636364   0.4919240228E-001   0.1048298040E+001   0.9949765311E+000   0.1010783966E+001
 0.3737374   0.6222352426E-001   0.1053978485E+001   0.9969844209E+000   0.1028070387E+001
 0.3838384   0.7944311903E-001   0.1098827243E+001   0.9986539469E+000   0.9733701508E+000
 0.3939394   0.1031115720E+000   0.1054081806E+001   0.1000005398E+001   0.1002979221E+001
 0.4040404   0.1322324586E+000   0.1028980285E+001   0.9996359062E+000   0.9772813418E+000
 0.4141414   0.1715995786E+000   0.1072435600E+001   0.9953461761E+000   0.1000550953E+001
 0.4242424   0.2207154958E+000   0.1030799301E+001   0.1004037952E+001   0.9879320004E+000
 0.4343434   0.2876783642E+000   0.1043487730E+001   0.9969898791E+000   0.9913013814E+000
 0.4444444   0.3692663292E+000   0.1048459445E+001   0.9948685552E+000   0.9828370109E+000
 0.4545455   0.4840398035E+000   0.1060243114E+001   0.1005941665E+001   0.1000886057E+001
 0.4646465   0.6296148349E+000   0.1063407542E+001   0.1004084127E+001   0.1013878915E+001
 0.4747475   0.8247397461E+000   0.1058267720E+001   0.1009147904E+001   0.9986976524E+000
 0.4848485   0.1082395321E+001   0.1060221333E+001   0.1000875654E+001   0.1003068112E+001
 0.4949495   0.1414345565E+001   0.1023106043E+001   0.1004434940E+001   0.1002906557E+001
 0.5050505   0.1624220367E+001   0.1042146227E+001   0.1008860191E+001   0.1007915477E+001
 0.5151515   0.1628014716E+001   0.1063208718E+001   0.1006083036E+001   0.1014113135E+001
 0.5252525   0.1619424508E+001   0.1059562868E+001   0.1010704578E+001   0.9827135516E+000
 0.5353535   0.1626941759E+001   0.1035869869E+001   0.1002902946E+001   0.9899038220E+000
 0.5454545   0.1626760119E+001   0.1075542503E+001   0.1008780503E+001   0.9926954134E+000
 0.5555556   0.1624473459E+001   0.1098427361E+001   0.1013098898E+001   0.1029395281E+001
 0.5656566   0.1630737958E+001   0.1100726681E+001   0.1005976712E+001   0.1002486090E+001
 0.5757576   0.1632672866E+001   0.1043893197E+001   0.1013870168E+001   0.1023360590E+001
 0.5858586   0.1635545686E+001   0.1016728598E+001   0.1012553426E+001   0.9694370899E+000
 0.5959596   0.1644523431E+001   0.1067298571E+001   0.1007822376E+001   0.1031460932E+001
 0.6060606   0.1650114373E+001   0.1052266700E+001   0.1009486793E+001   0.9992281747E+000
 0.6161616   0.1662037671E+001   0.1053060879E+001   0.1009661582E+001   0.9945331934E+000
 0.6262626   0.1668067590E+001   0.1038465750E+001   0.1012711139E+001   0.1000366117E+001
 0.6363636   0.1676275550E+001   0.1053096622E+001   0.1010530822E+001   0.1015418276E+001
 0.6464646   0.1688390043E+001   0.1069235429E+001   0.1013511690E+001   0.1023298508E+001
 0.6565657   0.1688457093E+001   0.1009311796E+001   0.1008289959E+001   0.1019319590E+001
 0.6666667   0.1700574693E+001   0.1052312497E+001   0.1010349332E+001   0.1022998678E+001
 0.6767677   0.1713910304E+001   0.1047287724E+001   0.1011397760E+001   0.9688035672E+000
 0.6868687   0.1724540369E+001   0.1067246631E+001   0.1007756396E+001   0.9777441379E+000
 0.6969697   0.1733048028E+001   0.1058361547E+001   0.1006872865E+001   0.9991745581E+000
 0.7070707   0.1751068034E+001   0.1042861658E+001   0.1009541871E+001   0.9932506275E+000
 0.7171717   0.1760581368E+001   0.1068059798E+001   0.1012017647E+001   0.1004672378E+001
 0.7272727   0.1774793713E+001   0.1046821940E+001   0.1018223827E+001   0.1003751018E+001
 0.7373737   0.1789229237E+001   0.1043346989E+001   0.1015875896E+001   0.1006829741E+001
 0.7474747   0.1802297656E+001   0.1057350114E+001   0.1011831885E+001   0.1012465129E+001
 0.7575758   0.1822103973E+001   0.1043799370E+001   0.1016378637E+001   0.1010776912E+001
 0.7676768   0.1836019903E+001   0.1053621607E+001   0.1012227349E+001   0.1019012000E+001
 0.7777778   0.1860086110E+001   0.1054893298E+001   0.1017876197E+001   0.1003702340E+001
 0.7878788   0.1873942506E+001   0.1040264102E+001   0.1013273005E+001   0.1005133057E+001
 0.7979798   0.1886278594E+001   0.1035924043E+001   0.1012003882E+001   0.9859968638E+000
 0.8080808   0.1917615394E+001   0.1057255728E+001   0.1014500034E+001   0.1021000754E+001
 0.8181818   0.1928590308E+001   0.1026173294E+001   0.1014264296E+001   0.9732586847E+000
 0.8282828   0.1948707454E+001   0.1044397517E+001   0.1012046769E+001   0.9927052901E+000
 0.8383838   0.1971253991E+001   0.1043866948E+001   0.1016768523E+001   0.1013240454E+001
 0.8484848   0.1993702350E+001   0.1056269986E+001   0.1014007511E+001   0.1004781727E+001
 0.8585859   0.2011811816E+001   0.1037925128E+001   0.1015127009E+001   0.9879778567E+000
 0.8686869   0.2037518655E+001   0.1021236763E+001   0.1015121865E+001   0.9794231845E+000
 0.8787879   0.2055474926E+001   0.1052096359E+001   0.1015794193E+001   0.1023302035E+001
 0.8888889   0.2077119291E+001   0.1049353036E+001   0.1018313712E+001   0.9990475714E+000
 0.8989899   0.2107724080E+001   0.1056528011E+001   0.1015070859E+001   0.1023672413E+001
 0.9090909   0.2127425411E+001   0.1051614937E+001   0.1016100601E+001   0.1005480154E+001
 0.9191919   0.2162720032E+001   0.1029010444E+001   0.1013812036E+001   0.9801674678E+000
 0.9292929   0.2175928070E+001   0.1051084926E+001   0.1015217317E+001   0.1010805836E+001
 0.9393939   0.2204678230E+001   0.1052771020E+001   0.1015900999E+001   0.9962912540E+000
 0.9494949   0.2234942884E+001   0.1055613756E+001   0.1009456939E+001   0.1018010922E+001
 0.9595960   0.2262426387E+001   0.1016081862E+001   0.1013187232E+001   0.9710865063E+000
 0.9696970   0.2277400800E+001   0.1086011477E+001   0.1010175462E+001   0.1015457783E+001
 0.9797980   0.2311540462E+001   0.1009348656E+001   0.1008622432E+001   0.9700212288E+000
 0.9898990   0.2330193308E+001   0.1048255595E+001   0.1003729885E+001   0.1014115251E+001
 1.0000000   0.2361784459E+001   0.1039275008E+001   0.1011661936E+001   0.9908752704E+000


 0.0000000   0.4890536254E-002   0.8055405570E+000   0.9712777229E+000   0.9850691032E+000
 0.0101010   0.4851471986E-002   0.7954467511E+000   0.9714310302E+000   0.1006620538E+001
 0.0202020   0.4706605098E-002   0.7979030082E+000   0.9729714223E+000   0.1007232624E+001
 0.0303030   0.4397527393E-002   0.7710506130E+000   0.9729193053E+000   0.9822154176E+000
 0.0404040   0.3964626827E-002   0.7994063727E+000   0.9744169378E+000   0.9966849508E+000
 0.0505051   0.3480206548E-002   0.7943110303E+000   0.9743047936E+000   0.9893944261E+000
 0.0606061   0.2970659398E-002   0.8022571016E+000   0.9791035328E+000   0.1001772092E+001
 0.0707071   0.2479548484E-002   0.8127890990E+000   0.9806977014E+000   0.9952057956E+000
 0.0808081   0.2041394159E-002   0.7981509193E+000   0.9744277965E+000   0.9651822661E+000
 0.0909091   0.1705858521E-002   0.8103447654E+000   0.9791590720E+000   0.1009784965E+001
 0.1010101   0.1446487331E-002   0.8112246261E+000   0.9779095278E+000   0.1000941359E+001
 0.1111111   0.1269921962E-002   0.8559817646E+000   0.9781011011E+000   0.9961637068E+000
 0.1212121   0.1167345546E-002   0.8064447617E+000   0.9765752462E+000   0.9919906222E+000
 0.1313131   0.1120387398E-002   0.8891352742E+000   0.9791515885E+000   0.9953849732E+000
 0.1414141   0.1125771599E-002   0.8774124094E+000   0.9853062288E+000   0.1012459473E+001
 0.1515152   0.1158869371E-002   0.8775594669E+000   0.9845269467E+000   0.9681637567E+000
 0.1616162   0.1228482253E-002   0.8646586519E+000   0.9841451329E+000   0.1027191508E+001
 0.1717172   0.1330950247E-002   0.9084017895E+000   0.9797053077E+000   0.9984798595E+000
 0.1818182   0.1473946010E-002   0.8957160958E+000   0.9816505744E+000   0.1005752216E+001
 0.1919192   0.1671930459E-002   0.9520525193E+000   0.9804572520E+000   0.9968096233E+000
 0.2020202   0.1902830151E-002   0.9155514651E+000   0.9766433507E+000   0.1021753530E+001
 0.2121212   0.2207614122E-002   0.9600855334E+000   0.9797085311E+000   0.9756390975E+000
 0.2222222   0.2567144422E-002   0.9687529812E+000   0.9861167650E+000   0.1015075091E+001
 0.2323232   0.3063134888E-002   0.1019899170E+001   0.9876935307E+000   0.1006621165E+001
 0.2424242   0.3647656977E-002   0.9375931933E+000   0.9828859171E+000   0.1008198680E+001
 0.2525253   0.4394926623E-002   0.9850281688E+000   0.9928011093E+000   0.1007389874E+001
 0.2626263   0.5307864931E-002   0.1003640875E+001   0.9948678308E+000   0.1011065522E+001
 0.2727273   0.6485149047E-002   0.9938223046E+000   0.9889016321E+000   0.9927117182E+000
 0.2828283   0.8013405745E-002   0.1050587480E+001   0.9900452677E+000   0.9837208856E+000
 0.2929293   0.9924464779E-002   0.1050403162E+001   0.9919797407E+000   0.9993087127E+000
 0.3030303   0.1229483607E-001   0.1031411882E+001   0.9926207074E+000   0.1019875924E+001
 0.3131313   0.1528967056E-001   0.1017138365E+001   0.9929474037E+000   0.9914336680E+000
 0.3232323   0.1913714588E-001   0.1010841225E+001   0.9890978360E+000   0.9771332885E+000
 0.3333333   0.2422749891E-001   0.1049075670E+001   0.9991708629E+000   0.9861209887E+000
 0.3434343   0.3058812609E-001   0.1047047668E+001   0.9953995935E+000   0.9921365956E+000
 0.3535354   0.3845822509E-001   0.1049459212E+001   0.9950978211E+000   0.1003625265E+001
 0.3636364   0.4925143023E-001   0.1048847135E+001   0.9946207099E+000   0.1010419605E+001
 0.3737374   0.6235742658E-001   0.1055533281E+001   0.9967334037E+000   0.1027808606E+001
 0.3838384   0.7953904304E-001   0.1099411056E+001   0.9976885631E+000   0.9724264301E+000
 0.3939394   0.1029679811E+000   0.1051903048E+001   0.1000172037E+001   0.1003143490E+001
 0.4040404   0.1323917368E+000   0.1029523982E+001   0.1000508801E+001   0.9781319219E+000
 0.4141414   0.1719147101E+000   0.1073679477E+001   0.9954881013E+000   0.1000690761E+001
 0.4242424   0.2207965265E+000   0.1030481346E+001   0.1005560202E+001   0.9894270039E+000
 0.4343434   0.2882736058E+000   0.1044940672E+001   0.9968403422E+000   0.9911498657E+000
 0.4444444   0.3704898221E+000   0.1051222908E+001   0.9961985966E+000   0.9841481553E+000
 0.4545455   0.4840707111E+000   0.1059594750E+001   0.1006205391E+001   0.1001145597E+001
 0.4646465   0.6304360884E+000   0.1064075531E+001   0.1005612864E+001   0.1015419663E+001
 0.4747475   0.8246489292E+000   0.1057436582E+001   0.1009363090E+001   0.9989077557E+000
 0.4848485   0.1082657718E+001   0.1059762177E+001   0.1003139173E+001   0.1005333717E+001
 0.4949495   0.1412791578E+001   0.1021291745E+001   0.1005003889E+001   0.1003471773E+001
 0.5050505   0.1625052784E+001   0.1041976173E+001   0.1009281993E+001   0.1008334003E+001
 0.5151515   0.1628171522E+001   0.1062593033E+001   0.1005824527E+001   0.1013849666E+001
 0.5252525   0.1621228722E+001   0.1060026980E+001   0.1011963216E+001   0.9839345204E+000
 0.5353535   0.1623943350E+001   0.1033262521E+001   0.1003646479E+001   0.9906348866E+000
 0.5454545   0.1627529414E+001   0.1075324434E+001   0.1008912005E+001   0.9928219814E+000
 0.5555556   0.1625634493E+001   0.1098470087E+001   0.1013375786E+001   0.1029673682E+001
 0.5656566   0.1630036872E+001   0.1099510419E+001   0.1007310706E+001   0.1003812587E+001
 0.5757576   0.1633221330E+001   0.1043538658E+001   0.1013442209E+001   0.1022925702E+001
 0.5858586   0.1637963167E+001   0.1017543767E+001   0.1010401855E+001   0.9673743728E+000
 0.5959596   0.1643752359E+001   0.1066077699E+001   0.1008511601E+001   0.1032163374E+001
 0.6060606   0.1651012801E+001   0.1052128603E+001   0.1009021660E+001   0.9987649148E+000
 0.6161616   0.1661961520E+001   0.1052301495E+001   0.1010497405E+001   0.9953536485E+000
 0.6262626   0.1666755912E+001   0.1036948397E+001   0.1012410993E+001   0.1000066772E+001
 0.6363636   0.1675038719E+001   0.1051608933E+001   0.1010028200E+001   0.1014910323E+001
 0.6464646   0.1685836722E+001   0.1066897445E+001   0.1013391686E+001   0.1023174421E+001
 0.6565657   0.1686631108E+001   0.1007539388E+001   0.1010143323E+001   0.1021190311E+001
 0.6666667   0.1699494333E+001   0.1050933761E+001   0.1011004702E+001   0.1023659328E+001
 0.6767677   0.1715086292E+001   0.1047298560E+001   0.1012611769E+001   0.9699636774E+000
 0.6868687   0.1722677341E+001   0.1065373711E+001   0.1006964368E+001   0.9769729057E+000
 0.6969697   0.1732387707E+001   0.1057243818E+001   0.1007749579E+001   0.1000041712E+001
 0.7070707   0.1748906211E+001   0.1040870757E+001   0.1009657975E+001   0.9933620202E+000
 0.7171717   0.1759344933E+001   0.1066588922E+001   0.1011683302E+001   0.1004337590E+001
 0.7272727   0.1772563732E+001   0.1044800570E+001   0.1015502392E+001   0.1001065405E+001
 0.7373737   0.1787697219E+001   0.1041749625E+001   0.1015727768E+001   0.1006680055E+001
 0.7474747   0.1803236870E+001   0.1057186684E+001   0.1011112233E+001   0.1011742136E+001
 0.7575758   0.1820028159E+001   0.1041906122E+001   0.1016324009E+001   0.1010719696E+001
 0.7676768   0.1833163684E+001   0.1051272092E+001   0.1010517588E+001   0.1017287872E+001
 0.7777778   0.1858439032E+001   0.1053247432E+001   0.1017824449E+001   0.1003648445E+001
 0.7878788   0.1872860782E+001   0.1038961494E+001   0.1013106822E+001   0.1004965338E+001
 0.7979798   0.1888358845E+001   0.1036366129E+001   0.1012984248E+001   0.9869492153E+000
 0.8080808   0.1915201660E+001   0.1055211841E+001   0.1014695019E+001   0.1021194070E+001
 0.8181818   0.1930808663E+001   0.1026659839E+001   0.1015055608E+001   0.9740152219E+000
 0.8282828   0.1949181420E+001   0.1043946047E+001   0.1011422620E+001   0.9920902350E+000
 0.8383838   0.1970845757E+001   0.1042945957E+001   0.1015992127E+001   0.1012463859E+001
 0.8484848   0.1989603512E+001   0.1053386540E+001   0.1011866498E+001   0.1002657330E+001
 0.8585859   0.2010787377E+001   0.1036696015E+001   0.1014316322E+001   0.9871860305E+000
 0.8686869   0.2035916613E+001   0.1019744661E+001   0.1013898119E+001   0.9782396790E+000
 0.8787879   0.2052839877E+001   0.1050038002E+001   0.1013672873E+001   0.1021162118E+001
 0.8888889   0.2080890392E+001   0.1050548232E+001   0.1018757132E+001   0.9994797459E+000
 0.8989899   0.2110140045E+001   0.1057024722E+001   0.1016247339E+001   0.1024855934E+001
 0.9090909   0.2129694768E+001   0.1052025762E+001   0.1016122029E+001   0.1005498485E+001
 0.9191919   0.2163163502E+001   0.1028526376E+001   0.1012604401E+001   0.9789971117E+000
 0.9292929   0.2177411644E+001   0.1051091251E+001   0.1014594450E+001   0.1010182790E+001
 0.9393939   0.2202386716E+001   0.1050966551E+001   0.1014667394E+001   0.9950786171E+000
 0.9494949   0.2236774291E+001   0.1055765294E+001   0.1010230700E+001   0.1018788328E+001
 0.9595960   0.2265265462E+001   0.1016669868E+001   0.1013596546E+001   0.9714760369E+000
 0.9696970   0.2281780693E+001   0.1087365261E+001   0.1011232340E+001   0.1016517283E+001
 0.9797980   0.2312830776E+001   0.1009230052E+001   0.1007188353E+001   0.9686392666E+000
 0.9898990   0.2336666700E+001   0.1050457811E+001   0.1004378305E+001   0.1014767482E+001
 1.0000000   0.2361214666E+001   0.1038322589E+001   0.1011175696E+001   0.9903961919E+000


 0.0000000   0.4914079191E-002   0.8088897765E+000   0.9708745231E+000   0.9846674245E+000
 0.0101010   0.4875959524E-002   0.7989395921E+000   0.9708488888E+000   0.1006024712E+001
 0.0202020   0.4725328090E-002   0.8005538984E+000   0.9728247693E+000   0.1007088218E+001
 0.0303030   0.4419205324E-002   0.7743455033E+000   0.9720341188E+000   0.9813289949E+000
 0.0404040   0.3979498722E-002   0.8018810078E+000   0.9735942843E+000   0.9958508259E+000
 0.0505051   0.3493229082E-002   0.7967625412E+000   0.9739730868E+000   0.9890648605E+000
 0.0606061   0.2980557189E-002   0.8044043975E+000   0.9787030396E+000   0.1001369695E+001
 0.0707071   0.2488375556E-002   0.8151498619E+000   0.9793936076E+000   0.9938897235E+000
 0.0808081   0.2048505608E-002   0.8004082837E+000   0.9736678542E+000   0.9644366316E+000
 0.0909091   0.1712638575E-002   0.8130341932E+000   0.9777884896E+000   0.1008378935E+001
 0.1010101   0.1452412134E-002   0.8140154118E+000   0.9761279181E+000   0.9991251414E+000
 0.1111111   0.1276519739E-002   0.8598669979E+000   0.9774084394E+000   0.9954655792E+000
 0.1212121   0.1172063366E-002   0.8091751812E+000   0.9764959492E+000   0.9919173731E+000
 0.1313131   0.1127297612E-002   0.8940349133E+000   0.9784900937E+000   0.9947198317E+000
 0.1414141   0.1127709053E-002   0.8783484081E+000   0.9854579569E+000   0.1012622835E+001
 0.1515152   0.1162684615E-002   0.8798735534E+000   0.9821896847E+000   0.9658724487E+000
 0.1616162   0.1232297040E-002   0.8667771967E+000   0.9826791181E+000   0.1025668918E+001
 0.1717172   0.1336420430E-002   0.9115395853E+000   0.9788529030E+000   0.9976184613E+000
 0.1818182   0.1479091464E-002   0.8982559457E+000   0.9797811424E+000   0.1003844272E+001
 0.1919192   0.1671102352E-002   0.9509594847E+000   0.9814414237E+000   0.9978175523E+000
 0.2020202   0.1904645661E-002   0.9158264803E+000   0.9757421201E+000   0.1020818184E+001
 0.2121212   0.2208921206E-002   0.9600265723E+000   0.9799092052E+000   0.9758461194E+000
 0.2222222   0.2569699367E-002   0.9690838029E+000   0.9869534572E+000   0.1015943830E+001
 0.2323232   0.3064788325E-002   0.1019783236E+001   0.9870132893E+000   0.1005935290E+001
 0.2424242   0.3647301469E-002   0.9368895260E+000   0.9836542304E+000   0.1008994205E+001
 0.2525253   0.4399138043E-002   0.9853281242E+000   0.9897363268E+000   0.1004287447E+001
 0.2626263   0.5311102457E-002   0.1003597161E+001   0.9931256488E+000   0.1009302402E+001
 0.2727273   0.6486849866E-002   0.9934337072E+000   0.9886324922E+000   0.9924488447E+000
 0.2828283   0.7999487009E-002   0.1048077729E+001   0.9898778127E+000   0.9835617384E+000
 0.2929293   0.9919034112E-002   0.1049142732E+001   0.9917684444E+000   0.9991032076E+000
 0.3030303   0.1229536665E-001   0.1030782742E+001   0.9925966622E+000   0.1019858723E+001
 0.3131313   0.1529040379E-001   0.1016522813E+001   0.9933394846E+000   0.9918324501E+000
 0.3232323   0.1914336173E-001   0.1010509152E+001   0.9894106715E+000   0.9774495329E+000
 0.3333333   0.2426312583E-001   0.1049932188E+001   0.9985927811E+000   0.9855577098E+000
 0.3434343   0.3054471109E-001   0.1044878688E+001   0.9951926394E+000   0.9919376196E+000
 0.3535354   0.3844277163E-001   0.1048352381E+001   0.9956042981E+000   0.1004143471E+001
 0.3636364   0.4921470620E-001   0.1047380571E+001   0.9946491104E+000   0.1010455893E+001
 0.3737374   0.6245742421E-001   0.1056535476E+001   0.9940926029E+000   0.1025093016E+001
 0.3838384   0.7966433602E-001   0.1100423728E+001   0.9968206029E+000   0.9715875971E+000
 0.3939394   0.1030276904E+000   0.1051825626E+001   0.9986860491E+000   0.1001660458E+001
 0.4040404   0.1324339490E+000   0.1029179637E+001   0.9987466802E+000   0.9764163969E+000
 0.4141414   0.1716535550E+000   0.1071348293E+001   0.9959681910E+000   0.1001180728E+001
 0.4242424   0.2203500052E+000   0.1027725731E+001   0.1005676306E+001   0.9895485279E+000
 0.4343434   0.2882639388E+000   0.1044223198E+001   0.9974968795E+000   0.9918099539E+000
 0.4444444   0.3710898783E+000   0.1052237828E+001   0.9957018519E+000   0.9836646583E+000
 0.4545455   0.4845220335E+000   0.1059889989E+001   0.1005890758E+001   0.1000839911E+001
 0.4646465   0.6300597704E+000   0.1062745828E+001   0.1004318873E+001   0.1014120516E+001
 0.4747475   0.8250682185E+000   0.1057283263E+001   0.1008747328E+001   0.9983057189E+000
 0.4848485   0.1082532246E+001   0.1058947302E+001   0.1005426225E+001   0.1007633187E+001
 0.4949495   0.1412873970E+001   0.1020684255E+001   0.1005591482E+001   0.1004065860E+001
 0.5050505   0.1623149532E+001   0.1040076093E+001   0.1008636707E+001   0.1007696739E+001
 0.5151515   0.1628637937E+001   0.1062203245E+001   0.1005179722E+001   0.1013207172E+001
 0.5252525   0.1621348326E+001   0.1059412821E+001   0.1013740869E+001   0.9856701906E+000
 0.5353535   0.1622767663E+001   0.1031840129E+001   0.1003916787E+001   0.9909089829E+000
 0.5454545   0.1625655919E+001   0.1073385106E+001   0.1010441686E+001   0.9943345850E+000
 0.5555556   0.1627121118E+001   0.1098756553E+001   0.1014283373E+001   0.1030603450E+001
 0.5656566   0.1630600618E+001   0.1099172338E+001   0.1008785494E+001   0.1005289650E+001
 0.5757576   0.1632775746E+001   0.1042572600E+001   0.1012950925E+001   0.1022437345E+001
 0.5858586   0.1638203900E+001   0.1017028655E+001   0.1010593821E+001   0.9675652844E+000
 0.5959596   0.1643163759E+001   0.1064999943E+001   0.1007201466E+001   0.1030830099E+001
 0.6060606   0.1651222769E+001   0.1051575169E+001   0.1009836676E+001   0.9995790013E+000
 0.6161616   0.1661239142E+001   0.1051157143E+001   0.1013394436E+001   0.9982146095E+000
 0.6262626   0.1664614376E+001   0.1034939704E+001   0.1011304544E+001   0.9989811660E+000
 0.6363636   0.1675014830E+001   0.1050907134E+001   0.1010305461E+001   0.1015196395E+001
 0.6464646   0.1686791068E+001   0.1066804220E+001   0.1012120021E+001   0.1021898000E+001
 0.6565657   0.1685780720E+001   0.1006373696E+001   0.1011383333E+001   0.1022451405E+001
 0.6666667   0.1698671794E+001   0.1049739080E+001   0.1010624121E+001   0.1023281513E+001
 0.6767677   0.1713094867E+001   0.1045399316E+001   0.1012933379E+001   0.9702788832E+000
 0.6868687   0.1721983385E+001   0.1064249019E+001   0.1007114906E+001   0.9771261506E+000
 0.6969697   0.1732401782E+001   0.1056561910E+001   0.1009916305E+001   0.1002199241E+001
 0.7070707   0.1748993315E+001   0.1040242766E+001   0.1009743320E+001   0.9934532981E+000
 0.7171717   0.1759419826E+001   0.1065937701E+001   0.1011612317E+001   0.1004274511E+001
 0.7272727   0.1773637236E+001   0.1044750547E+001   0.1015441891E+001   0.1001013131E+001
 0.7373737   0.1787027365E+001   0.1040679161E+001   0.1016043031E+001   0.1006999921E+001
 0.7474747   0.1803816223E+001   0.1056835666E+001   0.1011681991E+001   0.1012319699E+001
 0.7575758   0.1821994920E+001   0.1042350817E+001   0.1015685940E+001   0.1010092580E+001
 0.7676768   0.1832194932E+001   0.1050030310E+001   0.1010937067E+001   0.1017717652E+001
 0.7777778   0.1858146284E+001   0.1052393747E+001   0.1017937414E+001   0.1003767223E+001
 0.7878788   0.1872144862E+001   0.1037886049E+001   0.1012758997E+001   0.1004627701E+001
 0.7979798   0.1890361123E+001   0.1036787442E+001   0.1013220265E+001   0.9871864315E+000
 0.8080808   0.1914428944E+001   0.1054097214E+001   0.1016108993E+001   0.1022624626E+001
 0.8181818   0.1929412805E+001   0.1025247594E+001   0.1014740136E+001   0.9737196702E+000
 0.8282828   0.1950338562E+001   0.1043883580E+001   0.1011961381E+001   0.9926260020E+000
 0.8383838   0.1970144239E+001   0.1041893812E+001   0.1015198877E+001   0.1011680808E+001
 0.8484848   0.1988786907E+001   0.1052266502E+001   0.1013138049E+001   0.1003924696E+001
 0.8585859   0.2010343209E+001   0.1035790094E+001   0.1015474805E+001   0.9883208002E+000
 0.8686869   0.2033673979E+001   0.1017956109E+001   0.1014032335E+001   0.9783763745E+000
 0.8787879   0.2053101469E+001   0.1049485935E+001   0.1012795317E+001   0.1020285588E+001
 0.8888889   0.2082062978E+001   0.1050453712E+001   0.1020043158E+001   0.1000748801E+001
 0.8989899   0.2107922052E+001   0.1055224048E+001   0.1016757691E+001   0.1025378155E+001
 0.9090909   0.2129219935E+001   0.1051104274E+001   0.1015731873E+001   0.1005119804E+001
 0.9191919   0.2165349482E+001   0.1028893336E+001   0.1014156665E+001   0.9805050732E+000
 0.9292929   0.2180191638E+001   0.1051745874E+001   0.1016453606E+001   0.1012041309E+001
 0.9393939   0.2203444961E+001   0.1050784817E+001   0.1014850348E+001   0.9952653634E+000
 0.9494949   0.2236220473E+001   0.1054814535E+001   0.1010243481E+001   0.1018808715E+001
 0.9595960   0.2264604917E+001   0.1015709611E+001   0.1013513605E+001   0.9714036910E+000
 0.9696970   0.2284285576E+001   0.1087848000E+001   0.1014156190E+001   0.1019463916E+001
 0.9797980   0.2316301468E+001   0.1010084405E+001   0.1009634903E+001   0.9709993226E+000
 0.9898990   0.2339630741E+001   0.1051103377E+001   0.1007540791E+001   0.1017970171E+001
 1.0000000   0.2359182923E+001   0.1036751598E+001   0.1012151735E+001   0.9913594684E+000


