# Evolution of the weightfunction during equilibration phase for fractional: N2
# Weightfunction after cycle        806
 0.0000000    0.4300000000E+001    0.2200000000E+001
 0.0101010    0.5800000000E+001    0.3900000000E+001
 0.0202020    0.5700000000E+001    0.3800000000E+001
 0.0303030    0.6500000000E+001    0.4200000000E+001
 0.0404040    0.4600000000E+001    0.2300000000E+001
 0.0505051    0.6800000000E+001    0.4400000000E+001
 0.0606061    0.6400000000E+001    0.3400000000E+001
 0.0707071    0.6500000000E+001    0.4100000000E+001
 0.0808081    0.7500000000E+001    0.3100000000E+001
 0.0909091    0.6700000000E+001    0.4100000000E+001
 0.1010101    0.7100000000E+001    0.3800000000E+001
 0.1111111    0.7400000000E+001    0.3000000000E+001
 0.1212121    0.6600000000E+001    0.2400000000E+001
 0.1313131    0.7000000000E+001    0.4000000000E+001
 0.1414141    0.7500000000E+001    0.3900000000E+001
 0.1515152    0.6200000000E+001    0.3100000000E+001
 0.1616162    0.7500000000E+001    0.3300000000E+001
 0.1717172    0.8400000000E+001    0.3400000000E+001
 0.1818182    0.5700000000E+001    0.3500000000E+001
 0.1919192    0.5600000000E+001    0.3300000000E+001
 0.2020202    0.6300000000E+001    0.3800000000E+001
 0.2121212    0.6500000000E+001    0.3000000000E+001
 0.2222222    0.6800000000E+001    0.3700000000E+001
 0.2323232    0.6700000000E+001    0.3300000000E+001
 0.2424242    0.7100000000E+001    0.3400000000E+001
 0.2525253    0.5000000000E+001    0.3600000000E+001
 0.2626263    0.6000000000E+001    0.3300000000E+001
 0.2727273    0.4700000000E+001    0.3000000000E+001
 0.2828283    0.5600000000E+001    0.2900000000E+001
 0.2929293    0.5700000000E+001    0.3500000000E+001
 0.3030303    0.6400000000E+001    0.2600000000E+001
 0.3131313    0.7400000000E+001    0.2900000000E+001
 0.3232323    0.4600000000E+001    0.2500000000E+001
 0.3333333    0.7100000000E+001    0.3100000000E+001
 0.3434343    0.7500000000E+001    0.2400000000E+001
 0.3535354    0.6000000000E+001    0.3000000000E+001
 0.3636364    0.5600000000E+001    0.3300000000E+001
 0.3737374    0.7400000000E+001    0.2100000000E+001
 0.3838384    0.6400000000E+001    0.3200000000E+001
 0.3939394    0.6200000000E+001    0.2400000000E+001
 0.4040404    0.4400000000E+001    0.3200000000E+001
 0.4141414    0.5000000000E+001    0.1900000000E+001
 0.4242424    0.3500000000E+001    0.2500000000E+001
 0.4343434    0.4000000000E+001    0.3400000000E+001
 0.4444444    0.3700000000E+001    0.1200000000E+001
 0.4545455    0.3800000000E+001    0.1700000000E+001
 0.4646465    0.2600000000E+001    0.2900000000E+001
 0.4747475    0.2600000000E+001    0.2400000000E+001
 0.4848485    0.2500000000E+001    0.2700000000E+001
 0.4949495    0.1400000000E+001    0.3100000000E+001
 0.5050505    0.1500000000E+001    0.2600000000E+001
 0.5151515    0.1400000000E+001    0.2400000000E+001
 0.5252525    0.1700000000E+001    0.2800000000E+001
 0.5353535    0.1000000000E+001    0.2500000000E+001
 0.5454545    0.2600000000E+001    0.2100000000E+001
 0.5555556    0.1100000000E+001    0.2400000000E+001
 0.5656566    0.1400000000E+001    0.2400000000E+001
 0.5757576    0.2500000000E+001    0.2100000000E+001
 0.5858586    0.1900000000E+001    0.2400000000E+001
 0.5959596    0.0000000000E+000    0.2200000000E+001
 0.6060606    0.7000000000E+000    0.2000000000E+001
 0.6161616    0.1200000000E+001    0.2000000000E+001
 0.6262626    0.7000000000E+000    0.1300000000E+001
 0.6363636    0.1300000000E+001    0.1700000000E+001
 0.6464646    0.1000000000E+001    0.2000000000E+001
 0.6565657    0.1300000000E+001    0.1900000000E+001
 0.6666667    0.1000000000E+001    0.2900000000E+001
 0.6767677    0.1900000000E+001    0.3200000000E+001
 0.6868687    0.1200000000E+001    0.3400000000E+001
 0.6969697    0.1000000000E+000    0.2000000000E+001
 0.7070707    0.8000000000E+000    0.3100000000E+001
 0.7171717    0.1000000000E+001    0.2700000000E+001
 0.7272727    0.6000000000E+000    0.2800000000E+001
 0.7373737    0.1300000000E+001    0.2800000000E+001
 0.7474747    0.1400000000E+001    0.3100000000E+001
 0.7575758    0.1000000000E+001    0.2600000000E+001
 0.7676768    0.8000000000E+000    0.2800000000E+001
 0.7777778    0.7000000000E+000    0.2400000000E+001
 0.7878788    0.7000000000E+000    0.2500000000E+001
 0.7979798    0.0000000000E+000    0.2100000000E+001
 0.8080808    0.6000000000E+000    0.2600000000E+001
 0.8181818    0.5000000000E+000    0.2100000000E+001
 0.8282828    0.1000000000E+001    0.3000000000E+001
 0.8383838    0.5000000000E+000    0.2400000000E+001
 0.8484848    0.2000000000E+000    0.2500000000E+001
 0.8585859    0.0000000000E+000    0.2100000000E+001
 0.8686869    0.6000000000E+000    0.2800000000E+001
 0.8787879    0.8000000000E+000    0.3100000000E+001
 0.8888889    0.1500000000E+001    0.3300000000E+001
 0.8989899    0.4000000000E+000    0.3000000000E+001
 0.9090909    0.9000000000E+000    0.3700000000E+001
 0.9191919    0.1700000000E+001    0.3400000000E+001
 0.9292929    0.2100000000E+001    0.4000000000E+001
 0.9393939    0.7000000000E+000    0.2700000000E+001
 0.9494949    0.3000000000E+000    0.2400000000E+001
 0.9595960    0.7000000000E+000    0.3100000000E+001
 0.9696970    0.9000000000E+000    0.3000000000E+001
 0.9797980    0.6000000000E+000    0.3000000000E+001
 0.9898990    0.1000000000E+001    0.2800000000E+001
 1.0000000    0.8000000000E+000    0.3100000000E+001


# Weightfunction after cycle       2390
 0.0000000    0.5675000000E+001    0.3950000000E+001
 0.0101010    0.5925000000E+001    0.3750000000E+001
 0.0202020    0.5400000000E+001    0.3600000000E+001
 0.0303030    0.5950000000E+001    0.3750000000E+001
 0.0404040    0.5850000000E+001    0.4000000000E+001
 0.0505051    0.6500000000E+001    0.3925000000E+001
 0.0606061    0.6425000000E+001    0.3425000000E+001
 0.0707071    0.6525000000E+001    0.3825000000E+001
 0.0808081    0.7375000000E+001    0.3900000000E+001
 0.0909091    0.7625000000E+001    0.3750000000E+001
 0.1010101    0.8000000000E+001    0.3600000000E+001
 0.1111111    0.8050000000E+001    0.3875000000E+001
 0.1212121    0.8725000000E+001    0.3850000000E+001
 0.1313131    0.9150000000E+001    0.3650000000E+001
 0.1414141    0.9375000000E+001    0.3600000000E+001
 0.1515152    0.8375000000E+001    0.3725000000E+001
 0.1616162    0.8075000000E+001    0.3225000000E+001
 0.1717172    0.8375000000E+001    0.3725000000E+001
 0.1818182    0.7750000000E+001    0.3550000000E+001
 0.1919192    0.7750000000E+001    0.3325000000E+001
 0.2020202    0.7475000000E+001    0.3625000000E+001
 0.2121212    0.7275000000E+001    0.3700000000E+001
 0.2222222    0.6450000000E+001    0.3200000000E+001
 0.2323232    0.6800000000E+001    0.3350000000E+001
 0.2424242    0.6650000000E+001    0.3550000000E+001
 0.2525253    0.5825000000E+001    0.3650000000E+001
 0.2626263    0.5375000000E+001    0.3600000000E+001
 0.2727273    0.5900000000E+001    0.3325000000E+001
 0.2828283    0.6100000000E+001    0.3725000000E+001
 0.2929293    0.5650000000E+001    0.3550000000E+001
 0.3030303    0.5400000000E+001    0.3575000000E+001
 0.3131313    0.6025000000E+001    0.3600000000E+001
 0.3232323    0.4825000000E+001    0.3175000000E+001
 0.3333333    0.5425000000E+001    0.3000000000E+001
 0.3434343    0.5350000000E+001    0.3225000000E+001
 0.3535354    0.5025000000E+001    0.3150000000E+001
 0.3636364    0.4925000000E+001    0.3475000000E+001
 0.3737374    0.5550000000E+001    0.3525000000E+001
 0.3838384    0.5025000000E+001    0.3300000000E+001
 0.3939394    0.5025000000E+001    0.3200000000E+001
 0.4040404    0.4275000000E+001    0.3050000000E+001
 0.4141414    0.4200000000E+001    0.2625000000E+001
 0.4242424    0.3725000000E+001    0.2650000000E+001
 0.4343434    0.2775000000E+001    0.3000000000E+001
 0.4444444    0.2900000000E+001    0.3475000000E+001
 0.4545455    0.2575000000E+001    0.2725000000E+001
 0.4646465    0.2175000000E+001    0.3150000000E+001
 0.4747475    0.2125000000E+001    0.2600000000E+001
 0.4848485    0.1100000000E+001    0.2750000000E+001
 0.4949495    0.8750000000E+000    0.2925000000E+001
 0.5050505    0.5750000000E+000    0.2650000000E+001
 0.5151515    0.6000000000E+000    0.2625000000E+001
 0.5252525    0.3250000000E+000    0.2525000000E+001
 0.5353535    0.6750000000E+000    0.2575000000E+001
 0.5454545    0.4500000000E+000    0.2550000000E+001
 0.5555556    0.7500000000E+000    0.2575000000E+001
 0.5656566    0.4500000000E+000    0.2275000000E+001
 0.5757576    0.6750000000E+000    0.2575000000E+001
 0.5858586    0.9000000000E+000    0.2500000000E+001
 0.5959596    0.7000000000E+000    0.2750000000E+001
 0.6060606    0.8000000000E+000    0.2700000000E+001
 0.6161616    0.1000000000E+001    0.3025000000E+001
 0.6262626    0.3000000000E+000    0.2750000000E+001
 0.6363636    0.5500000000E+000    0.2400000000E+001
 0.6464646    0.8500000000E+000    0.2200000000E+001
 0.6565657    0.4000000000E+000    0.2725000000E+001
 0.6666667    0.8250000000E+000    0.2550000000E+001
 0.6767677    0.7750000000E+000    0.2300000000E+001
 0.6868687    0.6000000000E+000    0.2625000000E+001
 0.6969697    0.2500000000E-001    0.2700000000E+001
 0.7070707    0.6500000000E+000    0.2875000000E+001
 0.7171717    0.6500000000E+000    0.2650000000E+001
 0.7272727    0.7500000000E+000    0.2450000000E+001
 0.7373737    0.9500000000E+000    0.3100000000E+001
 0.7474747    0.4500000000E+000    0.2525000000E+001
 0.7575758    0.5500000000E+000    0.2725000000E+001
 0.7676768    0.7750000000E+000    0.2825000000E+001
 0.7777778    0.2750000000E+000    0.2475000000E+001
 0.7878788    0.5000000000E+000    0.2700000000E+001
 0.7979798    0.4000000000E+000    0.2375000000E+001
 0.8080808    0.2250000000E+000    0.2375000000E+001
 0.8181818    0.3250000000E+000    0.2425000000E+001
 0.8282828    0.3250000000E+000    0.2500000000E+001
 0.8383838    0.4250000000E+000    0.2475000000E+001
 0.8484848    0.3250000000E+000    0.2550000000E+001
 0.8585859    0.5500000000E+000    0.2500000000E+001
 0.8686869    0.5500000000E+000    0.2725000000E+001
 0.8787879    0.5000000000E+000    0.2750000000E+001
 0.8888889    0.6250000000E+000    0.2725000000E+001
 0.8989899    0.0000000000E+000    0.2250000000E+001
 0.9090909    0.5000000000E+000    0.2825000000E+001
 0.9191919    0.4250000000E+000    0.2625000000E+001
 0.9292929    0.3500000000E+000    0.2675000000E+001
 0.9393939    0.2250000000E+000    0.2275000000E+001
 0.9494949    0.7750000000E+000    0.2875000000E+001
 0.9595960    0.4750000000E+000    0.2725000000E+001
 0.9696970    0.1750000000E+000    0.2625000000E+001
 0.9797980    0.6500000000E+000    0.2900000000E+001
 0.9898990    0.7105427358E-014    0.2300000000E+001
 1.0000000    0.2000000000E+000    0.2650000000E+001


# Weightfunction after cycle       6784
 0.0000000    0.6962500000E+001    0.5068750000E+001
 0.0101010    0.7006250000E+001    0.4887500000E+001
 0.0202020    0.7093750000E+001    0.5012500000E+001
 0.0303030    0.7075000000E+001    0.4918750000E+001
 0.0404040    0.7256250000E+001    0.4837500000E+001
 0.0505051    0.7368750000E+001    0.4806250000E+001
 0.0606061    0.7912500000E+001    0.5081250000E+001
 0.0707071    0.7775000000E+001    0.4712500000E+001
 0.0808081    0.8181250000E+001    0.4887500000E+001
 0.0909091    0.8225000000E+001    0.4662500000E+001
 0.1010101    0.8862500000E+001    0.4981250000E+001
 0.1111111    0.8587500000E+001    0.4768750000E+001
 0.1212121    0.9250000000E+001    0.5062500000E+001
 0.1313131    0.8925000000E+001    0.4837500000E+001
 0.1414141    0.8612500000E+001    0.4993750000E+001
 0.1515152    0.8650000000E+001    0.4918750000E+001
 0.1616162    0.8712500000E+001    0.4900000000E+001
 0.1717172    0.8650000000E+001    0.4981250000E+001
 0.1818182    0.8406250000E+001    0.4718750000E+001
 0.1919192    0.8681250000E+001    0.4781250000E+001
 0.2020202    0.8518750000E+001    0.4825000000E+001
 0.2121212    0.8350000000E+001    0.4843750000E+001
 0.2222222    0.8025000000E+001    0.4975000000E+001
 0.2323232    0.8118750000E+001    0.4968750000E+001
 0.2424242    0.7943750000E+001    0.4762500000E+001
 0.2525253    0.7562500000E+001    0.4931250000E+001
 0.2626263    0.7575000000E+001    0.4831250000E+001
 0.2727273    0.7400000000E+001    0.4856250000E+001
 0.2828283    0.7575000000E+001    0.4837500000E+001
 0.2929293    0.7056250000E+001    0.4618750000E+001
 0.3030303    0.7712500000E+001    0.4587500000E+001
 0.3131313    0.7081250000E+001    0.4675000000E+001
 0.3232323    0.6862500000E+001    0.4625000000E+001
 0.3333333    0.6693750000E+001    0.4631250000E+001
 0.3434343    0.6912500000E+001    0.4737500000E+001
 0.3535354    0.6062500000E+001    0.4456250000E+001
 0.3636364    0.6193750000E+001    0.4518750000E+001
 0.3737374    0.5562500000E+001    0.4418750000E+001
 0.3838384    0.5543750000E+001    0.4431250000E+001
 0.3939394    0.5181250000E+001    0.4300000000E+001
 0.4040404    0.5006250000E+001    0.3868750000E+001
 0.4141414    0.4218750000E+001    0.4081250000E+001
 0.4242424    0.3943750000E+001    0.4118750000E+001
 0.4343434    0.3556250000E+001    0.3656250000E+001
 0.4444444    0.3043750000E+001    0.3725000000E+001
 0.4545455    0.2650000000E+001    0.3568750000E+001
 0.4646465    0.2343750000E+001    0.3431250000E+001
 0.4747475    0.1675000000E+001    0.3437500000E+001
 0.4848485    0.1431250000E+001    0.3200000000E+001
 0.4949495    0.7562500000E+000    0.2881250000E+001
 0.5050505    0.3875000000E+000    0.2781250000E+001
 0.5151515    0.6375000000E+000    0.2837500000E+001
 0.5252525    0.5750000000E+000    0.2781250000E+001
 0.5353535    0.4937500000E+000    0.2762500000E+001
 0.5454545    0.7812500000E+000    0.2737500000E+001
 0.5555556    0.4437500000E+000    0.2843750000E+001
 0.5656566    0.5812500000E+000    0.2818750000E+001
 0.5757576    0.5375000000E+000    0.2681250000E+001
 0.5858586    0.3875000000E+000    0.2675000000E+001
 0.5959596    0.6187500000E+000    0.2700000000E+001
 0.6060606    0.5437500000E+000    0.2787500000E+001
 0.6161616    0.4000000000E+000    0.2643750000E+001
 0.6262626    0.4875000000E+000    0.2737500000E+001
 0.6363636    0.7500000000E+000    0.2743750000E+001
 0.6464646    0.5625000000E+000    0.2881250000E+001
 0.6565657    0.5375000000E+000    0.2756250000E+001
 0.6666667    0.5687500000E+000    0.2793750000E+001
 0.6767677    0.5750000000E+000    0.2725000000E+001
 0.6868687    0.4875000000E+000    0.2868750000E+001
 0.6969697    0.5375000000E+000    0.2906250000E+001
 0.7070707    0.5937500000E+000    0.2781250000E+001
 0.7171717    0.5562500000E+000    0.2893750000E+001
 0.7272727    0.4625000000E+000    0.2668750000E+001
 0.7373737    0.5875000000E+000    0.2750000000E+001
 0.7474747    0.5312500000E+000    0.2806250000E+001
 0.7575758    0.5937500000E+000    0.2831250000E+001
 0.7676768    0.5312500000E+000    0.2725000000E+001
 0.7777778    0.4562500000E+000    0.2750000000E+001
 0.7878788    0.4437500000E+000    0.2800000000E+001
 0.7979798    0.4375000000E+000    0.2712500000E+001
 0.8080808    0.3750000000E+000    0.2581250000E+001
 0.8181818    0.5687500000E+000    0.2856250000E+001
 0.8282828    0.3687500000E+000    0.2718750000E+001
 0.8383838    0.2500000000E+000    0.2581250000E+001
 0.8484848    0.5812500000E+000    0.2775000000E+001
 0.8585859    0.5250000000E+000    0.2793750000E+001
 0.8686869    0.4187500000E+000    0.2768750000E+001
 0.8787879    0.1750000000E+000    0.2525000000E+001
 0.8888889    0.3750000000E+000    0.2743750000E+001
 0.8989899    0.2875000000E+000    0.2706250000E+001
 0.9090909    0.2000000000E+000    0.2650000000E+001
 0.9191919    0.3000000000E+000    0.2743750000E+001
 0.9292929    0.1375000000E+000    0.2556250000E+001
 0.9393939    0.2625000000E+000    0.2675000000E+001
 0.9494949    0.3687500000E+000    0.2706250000E+001
 0.9595960    0.2250000000E+000    0.2612500000E+001
 0.9696970    0.6875000000E-001    0.2525000000E+001
 0.9797980    0.3875000000E+000    0.2806250000E+001
 0.9898990    0.1875000000E+000    0.2650000000E+001
 1.0000000    0.0000000000E+000    0.2525000000E+001


# Weightfunction after cycle      16160
 0.0000000    0.6487500000E+001    0.4525000000E+001
 0.0101010    0.6360937500E+001    0.4410937500E+001
 0.0202020    0.6645312500E+001    0.4617187500E+001
 0.0303030    0.6750000000E+001    0.4614062500E+001
 0.0404040    0.6865625000E+001    0.4545312500E+001
 0.0505051    0.7009375000E+001    0.4492187500E+001
 0.0606061    0.7362500000E+001    0.4564062500E+001
 0.0707071    0.7664062500E+001    0.4546875000E+001
 0.0808081    0.8151562500E+001    0.4567187500E+001
 0.0909091    0.8296875000E+001    0.4615625000E+001
 0.1010101    0.8517187500E+001    0.4535937500E+001
 0.1111111    0.8737500000E+001    0.4420312500E+001
 0.1212121    0.8998437500E+001    0.4509375000E+001
 0.1313131    0.9037500000E+001    0.4562500000E+001
 0.1414141    0.9171875000E+001    0.4592187500E+001
 0.1515152    0.9171875000E+001    0.4445312500E+001
 0.1616162    0.9229687500E+001    0.4453125000E+001
 0.1717172    0.9135937500E+001    0.4534375000E+001
 0.1818182    0.8873437500E+001    0.4520312500E+001
 0.1919192    0.9134375000E+001    0.4506250000E+001
 0.2020202    0.9062500000E+001    0.4565625000E+001
 0.2121212    0.8868750000E+001    0.4428125000E+001
 0.2222222    0.8746875000E+001    0.4468750000E+001
 0.2323232    0.8614062500E+001    0.4398437500E+001
 0.2424242    0.8690625000E+001    0.4368750000E+001
 0.2525253    0.8428125000E+001    0.4428125000E+001
 0.2626263    0.8403125000E+001    0.4407812500E+001
 0.2727273    0.8396875000E+001    0.4398437500E+001
 0.2828283    0.8100000000E+001    0.4429687500E+001
 0.2929293    0.7978125000E+001    0.4348437500E+001
 0.3030303    0.7834375000E+001    0.4264062500E+001
 0.3131313    0.7584375000E+001    0.4260937500E+001
 0.3232323    0.7321875000E+001    0.4312500000E+001
 0.3333333    0.6982812500E+001    0.4267187500E+001
 0.3434343    0.6845312500E+001    0.4310937500E+001
 0.3535354    0.6559375000E+001    0.4189062500E+001
 0.3636364    0.6156250000E+001    0.4082812500E+001
 0.3737374    0.5918750000E+001    0.4096875000E+001
 0.3838384    0.5448437500E+001    0.4146875000E+001
 0.3939394    0.4968750000E+001    0.3907812500E+001
 0.4040404    0.4548437500E+001    0.3801562500E+001
 0.4141414    0.4173437500E+001    0.3742187500E+001
 0.4242424    0.3787500000E+001    0.3632812500E+001
 0.4343434    0.3332812500E+001    0.3598437500E+001
 0.4444444    0.3010937500E+001    0.3539062500E+001
 0.4545455    0.2521875000E+001    0.3414062500E+001
 0.4646465    0.2006250000E+001    0.3360937500E+001
 0.4747475    0.1637500000E+001    0.3134375000E+001
 0.4848485    0.1176562500E+001    0.3118750000E+001
 0.4949495    0.7593750000E+000    0.2973437500E+001
 0.5050505    0.5625000000E+000    0.2860937500E+001
 0.5151515    0.5140625000E+000    0.2860937500E+001
 0.5252525    0.4281250000E+000    0.2810937500E+001
 0.5353535    0.4625000000E+000    0.2859375000E+001
 0.5454545    0.5171875000E+000    0.2868750000E+001
 0.5555556    0.4875000000E+000    0.2837500000E+001
 0.5656566    0.5312500000E+000    0.2801562500E+001
 0.5757576    0.5093750000E+000    0.2795312500E+001
 0.5858586    0.6125000000E+000    0.2789062500E+001
 0.5959596    0.4750000000E+000    0.2801562500E+001
 0.6060606    0.4718750000E+000    0.2860937500E+001
 0.6161616    0.5187500000E+000    0.2753125000E+001
 0.6262626    0.3531250000E+000    0.2820312500E+001
 0.6363636    0.4859375000E+000    0.2814062500E+001
 0.6464646    0.5203125000E+000    0.2701562500E+001
 0.6565657    0.4578125000E+000    0.2898437500E+001
 0.6666667    0.4000000000E+000    0.2709375000E+001
 0.6767677    0.4359375000E+000    0.2748437500E+001
 0.6868687    0.5406250000E+000    0.2773437500E+001
 0.6969697    0.4593750000E+000    0.2723437500E+001
 0.7070707    0.4328125000E+000    0.2795312500E+001
 0.7171717    0.3734375000E+000    0.2771875000E+001
 0.7272727    0.4234375000E+000    0.2779687500E+001
 0.7373737    0.3328125000E+000    0.2707812500E+001
 0.7474747    0.3671875000E+000    0.2800000000E+001
 0.7575758    0.4359375000E+000    0.2853125000E+001
 0.7676768    0.2812500000E+000    0.2726562500E+001
 0.7777778    0.3312500000E+000    0.2767187500E+001
 0.7878788    0.2218750000E+000    0.2670312500E+001
 0.7979798    0.3218750000E+000    0.2751562500E+001
 0.8080808    0.2625000000E+000    0.2714062500E+001
 0.8181818    0.2328125000E+000    0.2739062500E+001
 0.8282828    0.3218750000E+000    0.2779687500E+001
 0.8383838    0.2531250000E+000    0.2792187500E+001
 0.8484848    0.2109375000E+000    0.2692187500E+001
 0.8585859    0.2500000000E+000    0.2732812500E+001
 0.8686869    0.2000000000E+000    0.2689062500E+001
 0.8787879    0.1515625000E+000    0.2684375000E+001
 0.8888889    0.1468750000E+000    0.2684375000E+001
 0.8989899    0.1484375000E+000    0.2664062500E+001
 0.9090909    0.8906250000E-001    0.2662500000E+001
 0.9191919    0.1718750000E+000    0.2693750000E+001
 0.9292929    0.1703125000E+000    0.2693750000E+001
 0.9393939    0.2000000000E+000    0.2746875000E+001
 0.9494949    0.1218750000E+000    0.2662500000E+001
 0.9595960    0.1703125000E+000    0.2701562500E+001
 0.9696970    0.6250000000E-002    0.2560937500E+001
 0.9797980    0.0000000000E+000    0.2595312500E+001
 0.9898990    0.5937500000E-001    0.2635937500E+001
 1.0000000    0.9687500000E-001    0.2685937500E+001


