# Evolution of the weightfunction during equilibration phase for fractional: N2
# Weightfunction after cycle        577
 0.0000000    0.3800000000E+001    0.2400000000E+001
 0.0101010    0.3800000000E+001    0.2000000000E+001
 0.0202020    0.5400000000E+001    0.3600000000E+001
 0.0303030    0.4500000000E+001    0.2700000000E+001
 0.0404040    0.4200000000E+001    0.2100000000E+001
 0.0505051    0.4700000000E+001    0.2300000000E+001
 0.0606061    0.6000000000E+001    0.3100000000E+001
 0.0707071    0.5000000000E+001    0.3100000000E+001
 0.0808081    0.5800000000E+001    0.3300000000E+001
 0.0909091    0.5900000000E+001    0.2900000000E+001
 0.1010101    0.6300000000E+001    0.3600000000E+001
 0.1111111    0.5800000000E+001    0.3900000000E+001
 0.1212121    0.5000000000E+001    0.2700000000E+001
 0.1313131    0.5200000000E+001    0.3600000000E+001
 0.1414141    0.5300000000E+001    0.3700000000E+001
 0.1515152    0.5200000000E+001    0.2500000000E+001
 0.1616162    0.5500000000E+001    0.2600000000E+001
 0.1717172    0.4900000000E+001    0.2800000000E+001
 0.1818182    0.4500000000E+001    0.1500000000E+001
 0.1919192    0.5900000000E+001    0.2900000000E+001
 0.2020202    0.5500000000E+001    0.3100000000E+001
 0.2121212    0.4300000000E+001    0.2000000000E+001
 0.2222222    0.5800000000E+001    0.2800000000E+001
 0.2323232    0.5800000000E+001    0.4000000000E+001
 0.2424242    0.5100000000E+001    0.3600000000E+001
 0.2525253    0.3600000000E+001    0.3700000000E+001
 0.2626263    0.4100000000E+001    0.2600000000E+001
 0.2727273    0.5100000000E+001    0.4100000000E+001
 0.2828283    0.4600000000E+001    0.2800000000E+001
 0.2929293    0.5700000000E+001    0.3300000000E+001
 0.3030303    0.4700000000E+001    0.4100000000E+001
 0.3131313    0.3700000000E+001    0.3200000000E+001
 0.3232323    0.4200000000E+001    0.3300000000E+001
 0.3333333    0.4700000000E+001    0.3100000000E+001
 0.3434343    0.4100000000E+001    0.3700000000E+001
 0.3535354    0.4400000000E+001    0.3600000000E+001
 0.3636364    0.3200000000E+001    0.3600000000E+001
 0.3737374    0.4000000000E+001    0.3500000000E+001
 0.3838384    0.4800000000E+001    0.3000000000E+001
 0.3939394    0.4800000000E+001    0.3300000000E+001
 0.4040404    0.3500000000E+001    0.3600000000E+001
 0.4141414    0.4200000000E+001    0.4300000000E+001
 0.4242424    0.3800000000E+001    0.4400000000E+001
 0.4343434    0.4500000000E+001    0.3600000000E+001
 0.4444444    0.3700000000E+001    0.4300000000E+001
 0.4545455    0.2800000000E+001    0.3700000000E+001
 0.4646465    0.2800000000E+001    0.3400000000E+001
 0.4747475    0.1900000000E+001    0.3200000000E+001
 0.4848485    0.1100000000E+001    0.3400000000E+001
 0.4949495    0.1400000000E+001    0.3200000000E+001
 0.5050505    0.1100000000E+001    0.2600000000E+001
 0.5151515    0.6000000000E+000    0.4100000000E+001
 0.5252525    0.1500000000E+001    0.3800000000E+001
 0.5353535    0.1500000000E+001    0.4200000000E+001
 0.5454545    0.9000000000E+000    0.4300000000E+001
 0.5555556    0.1300000000E+001    0.3400000000E+001
 0.5656566    0.1800000000E+001    0.2000000000E+001
 0.5757576    0.1100000000E+001    0.2300000000E+001
 0.5858586    0.1200000000E+001    0.3200000000E+001
 0.5959596    0.1900000000E+001    0.3700000000E+001
 0.6060606    0.2000000000E+001    0.3400000000E+001
 0.6161616    0.1300000000E+001    0.4200000000E+001
 0.6262626    0.1900000000E+001    0.3600000000E+001
 0.6363636    0.1000000000E+000    0.2800000000E+001
 0.6464646    0.2300000000E+001    0.4100000000E+001
 0.6565657    0.7000000000E+000    0.3800000000E+001
 0.6666667    0.1400000000E+001    0.3200000000E+001
 0.6767677    0.1700000000E+001    0.2500000000E+001
 0.6868687    0.1000000000E+000    0.3400000000E+001
 0.6969697    0.1000000000E+001    0.4100000000E+001
 0.7070707    0.7000000000E+000    0.2700000000E+001
 0.7171717    0.1400000000E+001    0.3300000000E+001
 0.7272727    0.1000000000E+001    0.3200000000E+001
 0.7373737    0.9000000000E+000    0.3100000000E+001
 0.7474747    0.1300000000E+001    0.3600000000E+001
 0.7575758    0.1300000000E+001    0.2900000000E+001
 0.7676768    0.8000000000E+000    0.2300000000E+001
 0.7777778    0.7000000000E+000    0.2800000000E+001
 0.7878788    0.8000000000E+000    0.2800000000E+001
 0.7979798    0.7000000000E+000    0.2500000000E+001
 0.8080808    0.1100000000E+001    0.3400000000E+001
 0.8181818    0.1200000000E+001    0.2800000000E+001
 0.8282828    0.9000000000E+000    0.3200000000E+001
 0.8383838    0.1300000000E+001    0.3100000000E+001
 0.8484848    0.6000000000E+000    0.2000000000E+001
 0.8585859    0.7000000000E+000    0.2700000000E+001
 0.8686869    0.1600000000E+001    0.2900000000E+001
 0.8787879    0.4000000000E+000    0.2600000000E+001
 0.8888889    0.1000000000E+001    0.3300000000E+001
 0.8989899    0.6000000000E+000    0.2100000000E+001
 0.9090909    0.6000000000E+000    0.2900000000E+001
 0.9191919    0.1100000000E+001    0.3400000000E+001
 0.9292929    0.5000000000E+000    0.2600000000E+001
 0.9393939    0.7000000000E+000    0.2700000000E+001
 0.9494949    0.0000000000E+000    0.2000000000E+001
 0.9595960    0.1000000000E+000    0.1800000000E+001
 0.9696970    0.9000000000E+000    0.3200000000E+001
 0.9797980    0.8000000000E+000    0.2500000000E+001
 0.9898990    0.9000000000E+000    0.3200000000E+001
 1.0000000    0.8000000000E+000    0.3100000000E+001


# Weightfunction after cycle       2059
 0.0000000    0.5050000000E+001    0.3075000000E+001
 0.0101010    0.4725000000E+001    0.3100000000E+001
 0.0202020    0.4525000000E+001    0.2625000000E+001
 0.0303030    0.5175000000E+001    0.3150000000E+001
 0.0404040    0.4975000000E+001    0.3050000000E+001
 0.0505051    0.5025000000E+001    0.2900000000E+001
 0.0606061    0.6075000000E+001    0.3350000000E+001
 0.0707071    0.5600000000E+001    0.2800000000E+001
 0.0808081    0.5975000000E+001    0.2975000000E+001
 0.0909091    0.6600000000E+001    0.3525000000E+001
 0.1010101    0.6650000000E+001    0.3375000000E+001
 0.1111111    0.6975000000E+001    0.3050000000E+001
 0.1212121    0.6475000000E+001    0.3000000000E+001
 0.1313131    0.6750000000E+001    0.2950000000E+001
 0.1414141    0.7250000000E+001    0.3275000000E+001
 0.1515152    0.6050000000E+001    0.2800000000E+001
 0.1616162    0.7450000000E+001    0.2875000000E+001
 0.1717172    0.6875000000E+001    0.2900000000E+001
 0.1818182    0.6300000000E+001    0.3050000000E+001
 0.1919192    0.5675000000E+001    0.2700000000E+001
 0.2020202    0.6025000000E+001    0.2800000000E+001
 0.2121212    0.5500000000E+001    0.2775000000E+001
 0.2222222    0.6200000000E+001    0.3025000000E+001
 0.2323232    0.5625000000E+001    0.3300000000E+001
 0.2424242    0.5550000000E+001    0.3550000000E+001
 0.2525253    0.5675000000E+001    0.2950000000E+001
 0.2626263    0.5100000000E+001    0.2950000000E+001
 0.2727273    0.5200000000E+001    0.3075000000E+001
 0.2828283    0.4550000000E+001    0.3125000000E+001
 0.2929293    0.5050000000E+001    0.3100000000E+001
 0.3030303    0.4175000000E+001    0.3250000000E+001
 0.3131313    0.4200000000E+001    0.2775000000E+001
 0.3232323    0.3900000000E+001    0.3200000000E+001
 0.3333333    0.4575000000E+001    0.3125000000E+001
 0.3434343    0.4100000000E+001    0.3375000000E+001
 0.3535354    0.3775000000E+001    0.3000000000E+001
 0.3636364    0.3375000000E+001    0.2750000000E+001
 0.3737374    0.3475000000E+001    0.3175000000E+001
 0.3838384    0.3550000000E+001    0.3200000000E+001
 0.3939394    0.3500000000E+001    0.2750000000E+001
 0.4040404    0.3225000000E+001    0.3225000000E+001
 0.4141414    0.3425000000E+001    0.2750000000E+001
 0.4242424    0.3125000000E+001    0.3200000000E+001
 0.4343434    0.2525000000E+001    0.2575000000E+001
 0.4444444    0.2425000000E+001    0.3000000000E+001
 0.4545455    0.2075000000E+001    0.3225000000E+001
 0.4646465    0.1825000000E+001    0.2775000000E+001
 0.4747475    0.1275000000E+001    0.3125000000E+001
 0.4848485    0.1175000000E+001    0.2850000000E+001
 0.4949495    0.7250000000E+000    0.2325000000E+001
 0.5050505    0.5000000000E+000    0.2900000000E+001
 0.5151515    0.1075000000E+001    0.2850000000E+001
 0.5252525    0.7500000000E+000    0.3000000000E+001
 0.5353535    0.6250000000E+000    0.2800000000E+001
 0.5454545    0.5500000000E+000    0.2450000000E+001
 0.5555556    0.5750000000E+000    0.3350000000E+001
 0.5656566    0.5250000000E+000    0.2800000000E+001
 0.5757576    0.9250000000E+000    0.2550000000E+001
 0.5858586    0.6000000000E+000    0.3125000000E+001
 0.5959596    0.9750000000E+000    0.2950000000E+001
 0.6060606    0.1175000000E+001    0.3300000000E+001
 0.6161616    0.4000000000E+000    0.2875000000E+001
 0.6262626    0.4250000000E+000    0.3000000000E+001
 0.6363636    0.7000000000E+000    0.2875000000E+001
 0.6464646    0.7500000000E+000    0.3050000000E+001
 0.6565657    0.7250000000E+000    0.3050000000E+001
 0.6666667    0.9250000000E+000    0.3275000000E+001
 0.6767677    0.5500000000E+000    0.2650000000E+001
 0.6868687    0.3750000000E+000    0.3025000000E+001
 0.6969697    0.4500000000E+000    0.2725000000E+001
 0.7070707    0.9000000000E+000    0.3325000000E+001
 0.7171717    0.5750000000E+000    0.2925000000E+001
 0.7272727    0.9000000000E+000    0.3250000000E+001
 0.7373737    0.5750000000E+000    0.3050000000E+001
 0.7474747    0.5750000000E+000    0.3000000000E+001
 0.7575758    0.9250000000E+000    0.3250000000E+001
 0.7676768    0.6250000000E+000    0.3125000000E+001
 0.7777778    0.5500000000E+000    0.3075000000E+001
 0.7878788    0.4000000000E+000    0.2950000000E+001
 0.7979798    0.1250000000E+000    0.2550000000E+001
 0.8080808    0.5750000000E+000    0.2950000000E+001
 0.8181818    0.2750000000E+000    0.2825000000E+001
 0.8282828    0.1500000000E+000    0.2725000000E+001
 0.8383838    0.6000000000E+000    0.3100000000E+001
 0.8484848    0.2500000000E+000    0.2800000000E+001
 0.8585859    0.4750000000E+000    0.2800000000E+001
 0.8686869    0.1750000000E+000    0.2850000000E+001
 0.8787879    0.3000000000E+000    0.2725000000E+001
 0.8888889    0.0000000000E+000    0.2575000000E+001
 0.8989899    0.4000000000E+000    0.2875000000E+001
 0.9090909    0.7000000000E+000    0.3500000000E+001
 0.9191919    0.5500000000E+000    0.3150000000E+001
 0.9292929    0.3500000000E+000    0.3025000000E+001
 0.9393939    0.3250000000E+000    0.2725000000E+001
 0.9494949    0.5000000000E-001    0.2725000000E+001
 0.9595960    0.6000000000E+000    0.2925000000E+001
 0.9696970    0.4250000000E+000    0.2975000000E+001
 0.9797980    0.6750000000E+000    0.3325000000E+001
 0.9898990    0.6500000000E+000    0.3050000000E+001
 1.0000000    0.2000000000E+000    0.2900000000E+001


# Weightfunction after cycle       4194
 0.0000000    0.4793750000E+001    0.2968750000E+001
 0.0101010    0.4831250000E+001    0.2900000000E+001
 0.0202020    0.5031250000E+001    0.3062500000E+001
 0.0303030    0.4950000000E+001    0.3050000000E+001
 0.0404040    0.5068750000E+001    0.2937500000E+001
 0.0505051    0.5162500000E+001    0.2918750000E+001
 0.0606061    0.5443750000E+001    0.2912500000E+001
 0.0707071    0.5650000000E+001    0.2956250000E+001
 0.0808081    0.5800000000E+001    0.2837500000E+001
 0.0909091    0.5850000000E+001    0.2775000000E+001
 0.1010101    0.6275000000E+001    0.2712500000E+001
 0.1111111    0.6381250000E+001    0.2787500000E+001
 0.1212121    0.6762500000E+001    0.2756250000E+001
 0.1313131    0.6793750000E+001    0.2906250000E+001
 0.1414141    0.6800000000E+001    0.2737500000E+001
 0.1515152    0.6606250000E+001    0.2856250000E+001
 0.1616162    0.6768750000E+001    0.3000000000E+001
 0.1717172    0.6643750000E+001    0.2781250000E+001
 0.1818182    0.6537500000E+001    0.2793750000E+001
 0.1919192    0.6331250000E+001    0.2831250000E+001
 0.2020202    0.6406250000E+001    0.3006250000E+001
 0.2121212    0.6075000000E+001    0.2675000000E+001
 0.2222222    0.5881250000E+001    0.2856250000E+001
 0.2323232    0.5656250000E+001    0.2625000000E+001
 0.2424242    0.5543750000E+001    0.2950000000E+001
 0.2525253    0.5406250000E+001    0.2925000000E+001
 0.2626263    0.5100000000E+001    0.2831250000E+001
 0.2727273    0.5218750000E+001    0.2743750000E+001
 0.2828283    0.5175000000E+001    0.2943750000E+001
 0.2929293    0.4900000000E+001    0.2868750000E+001
 0.3030303    0.4850000000E+001    0.2850000000E+001
 0.3131313    0.4643750000E+001    0.3037500000E+001
 0.3232323    0.4543750000E+001    0.2962500000E+001
 0.3333333    0.4481250000E+001    0.2831250000E+001
 0.3434343    0.4418750000E+001    0.3012500000E+001
 0.3535354    0.4175000000E+001    0.2787500000E+001
 0.3636364    0.3987500000E+001    0.2900000000E+001
 0.3737374    0.3831250000E+001    0.2875000000E+001
 0.3838384    0.3762500000E+001    0.2850000000E+001
 0.3939394    0.3262500000E+001    0.2731250000E+001
 0.4040404    0.3181250000E+001    0.2875000000E+001
 0.4141414    0.3087500000E+001    0.2950000000E+001
 0.4242424    0.2568750000E+001    0.2825000000E+001
 0.4343434    0.2106250000E+001    0.2950000000E+001
 0.4444444    0.2237500000E+001    0.2893750000E+001
 0.4545455    0.1875000000E+001    0.2962500000E+001
 0.4646465    0.1487500000E+001    0.2812500000E+001
 0.4747475    0.9625000000E+000    0.2893750000E+001
 0.4848485    0.7625000000E+000    0.2806250000E+001
 0.4949495    0.4812500000E+000    0.2787500000E+001
 0.5050505    0.3750000000E+000    0.2831250000E+001
 0.5151515    0.2750000000E+000    0.2750000000E+001
 0.5252525    0.5062500000E+000    0.2750000000E+001
 0.5353535    0.5625000000E+000    0.2750000000E+001
 0.5454545    0.5625000000E+000    0.2818750000E+001
 0.5555556    0.4812500000E+000    0.2862500000E+001
 0.5656566    0.4437500000E+000    0.2968750000E+001
 0.5757576    0.3250000000E+000    0.2981250000E+001
 0.5858586    0.3250000000E+000    0.3062500000E+001
 0.5959596    0.3062500000E+000    0.2800000000E+001
 0.6060606    0.4812500000E+000    0.2912500000E+001
 0.6161616    0.4437500000E+000    0.2993750000E+001
 0.6262626    0.3687500000E+000    0.2850000000E+001
 0.6363636    0.3750000000E+000    0.2881250000E+001
 0.6464646    0.4062500000E+000    0.2793750000E+001
 0.6565657    0.4812500000E+000    0.2993750000E+001
 0.6666667    0.4062500000E+000    0.3043750000E+001
 0.6767677    0.5687500000E+000    0.2725000000E+001
 0.6868687    0.4937500000E+000    0.2931250000E+001
 0.6969697    0.3437500000E+000    0.2993750000E+001
 0.7070707    0.4062500000E+000    0.2975000000E+001
 0.7171717    0.4125000000E+000    0.2925000000E+001
 0.7272727    0.3187500000E+000    0.2906250000E+001
 0.7373737    0.1687500000E+000    0.2712500000E+001
 0.7474747    0.2562500000E+000    0.2800000000E+001
 0.7575758    0.5312500000E+000    0.2956250000E+001
 0.7676768    0.3187500000E+000    0.2900000000E+001
 0.7777778    0.4250000000E+000    0.2956250000E+001
 0.7878788    0.4187500000E+000    0.2962500000E+001
 0.7979798    0.3437500000E+000    0.2887500000E+001
 0.8080808    0.2750000000E+000    0.2900000000E+001
 0.8181818    0.3625000000E+000    0.2968750000E+001
 0.8282828    0.3750000000E+000    0.2993750000E+001
 0.8383838    0.4875000000E+000    0.3068750000E+001
 0.8484848    0.3437500000E+000    0.2943750000E+001
 0.8585859    0.2937500000E+000    0.2893750000E+001
 0.8686869    0.4375000000E+000    0.2962500000E+001
 0.8787879    0.3312500000E+000    0.2918750000E+001
 0.8888889    0.4562500000E+000    0.3025000000E+001
 0.8989899    0.3062500000E+000    0.3056250000E+001
 0.9090909    0.2187500000E+000    0.2893750000E+001
 0.9191919    0.2937500000E+000    0.2981250000E+001
 0.9292929    0.1312500000E+000    0.2800000000E+001
 0.9393939    0.8750000000E-001    0.2793750000E+001
 0.9494949    0.3812500000E+000    0.3125000000E+001
 0.9595960    0.3500000000E+000    0.3006250000E+001
 0.9696970    0.1875000000E+000    0.2893750000E+001
 0.9797980    0.1687500000E+000    0.2875000000E+001
 0.9898990    0.3500000000E+000    0.3050000000E+001
 1.0000000    0.0000000000E+000    0.2706250000E+001


# Weightfunction after cycle      10307
 0.0000000    0.5268750000E+001    0.3425000000E+001
 0.0101010    0.5220312500E+001    0.3393750000E+001
 0.0202020    0.5315625000E+001    0.3471875000E+001
 0.0303030    0.5432812500E+001    0.3440625000E+001
 0.0404040    0.5579687500E+001    0.3539062500E+001
 0.0505051    0.5742187500E+001    0.3453125000E+001
 0.0606061    0.5885937500E+001    0.3423437500E+001
 0.0707071    0.6067187500E+001    0.3407812500E+001
 0.0808081    0.6267187500E+001    0.3429687500E+001
 0.0909091    0.6471875000E+001    0.3484375000E+001
 0.1010101    0.6834375000E+001    0.3481250000E+001
 0.1111111    0.6839062500E+001    0.3553125000E+001
 0.1212121    0.7118750000E+001    0.3492187500E+001
 0.1313131    0.7143750000E+001    0.3410937500E+001
 0.1414141    0.7131250000E+001    0.3546875000E+001
 0.1515152    0.6989062500E+001    0.3437500000E+001
 0.1616162    0.7060937500E+001    0.3446875000E+001
 0.1717172    0.7018750000E+001    0.3521875000E+001
 0.1818182    0.6746875000E+001    0.3506250000E+001
 0.1919192    0.6773437500E+001    0.3496875000E+001
 0.2020202    0.6557812500E+001    0.3446875000E+001
 0.2121212    0.6517187500E+001    0.3459375000E+001
 0.2222222    0.6539062500E+001    0.3462500000E+001
 0.2323232    0.6081250000E+001    0.3484375000E+001
 0.2424242    0.6131250000E+001    0.3396875000E+001
 0.2525253    0.6034375000E+001    0.3420312500E+001
 0.2626263    0.5818750000E+001    0.3398437500E+001
 0.2727273    0.5676562500E+001    0.3409375000E+001
 0.2828283    0.5631250000E+001    0.3396875000E+001
 0.2929293    0.5482812500E+001    0.3365625000E+001
 0.3030303    0.5267187500E+001    0.3443750000E+001
 0.3131313    0.5157812500E+001    0.3431250000E+001
 0.3232323    0.5053125000E+001    0.3384375000E+001
 0.3333333    0.4765625000E+001    0.3337500000E+001
 0.3434343    0.4548437500E+001    0.3495312500E+001
 0.3535354    0.4414062500E+001    0.3400000000E+001
 0.3636364    0.4273437500E+001    0.3301562500E+001
 0.3737374    0.4021875000E+001    0.3434375000E+001
 0.3838384    0.3918750000E+001    0.3354687500E+001
 0.3939394    0.3685937500E+001    0.3387500000E+001
 0.4040404    0.3290625000E+001    0.3357812500E+001
 0.4141414    0.3051562500E+001    0.3321875000E+001
 0.4242424    0.2696875000E+001    0.3403125000E+001
 0.4343434    0.2381250000E+001    0.3317187500E+001
 0.4444444    0.2123437500E+001    0.3340625000E+001
 0.4545455    0.1770312500E+001    0.3378125000E+001
 0.4646465    0.1485937500E+001    0.3382812500E+001
 0.4747475    0.1150000000E+001    0.3289062500E+001
 0.4848485    0.9625000000E+000    0.3340625000E+001
 0.4949495    0.6390625000E+000    0.3243750000E+001
 0.5050505    0.3312500000E+000    0.3340625000E+001
 0.5151515    0.3953125000E+000    0.3342187500E+001
 0.5252525    0.3484375000E+000    0.3351562500E+001
 0.5353535    0.3984375000E+000    0.3321875000E+001
 0.5454545    0.3718750000E+000    0.3354687500E+001
 0.5555556    0.4937500000E+000    0.3304687500E+001
 0.5656566    0.4281250000E+000    0.3412500000E+001
 0.5757576    0.3984375000E+000    0.3320312500E+001
 0.5858586    0.4312500000E+000    0.3321875000E+001
 0.5959596    0.4140625000E+000    0.3250000000E+001
 0.6060606    0.3859375000E+000    0.3285937500E+001
 0.6161616    0.4171875000E+000    0.3356250000E+001
 0.6262626    0.5484375000E+000    0.3250000000E+001
 0.6363636    0.5250000000E+000    0.3217187500E+001
 0.6464646    0.3531250000E+000    0.3265625000E+001
 0.6565657    0.3218750000E+000    0.3323437500E+001
 0.6666667    0.3843750000E+000    0.3303125000E+001
 0.6767677    0.4000000000E+000    0.3284375000E+001
 0.6868687    0.3437500000E+000    0.3256250000E+001
 0.6969697    0.2796875000E+000    0.3317187500E+001
 0.7070707    0.4046875000E+000    0.3314062500E+001
 0.7171717    0.4062500000E+000    0.3309375000E+001
 0.7272727    0.3515625000E+000    0.3239062500E+001
 0.7373737    0.3296875000E+000    0.3235937500E+001
 0.7474747    0.3734375000E+000    0.3304687500E+001
 0.7575758    0.3468750000E+000    0.3268750000E+001
 0.7676768    0.3437500000E+000    0.3273437500E+001
 0.7777778    0.3437500000E+000    0.3289062500E+001
 0.7878788    0.3515625000E+000    0.3260937500E+001
 0.7979798    0.2765625000E+000    0.3229687500E+001
 0.8080808    0.3796875000E+000    0.3331250000E+001
 0.8181818    0.3187500000E+000    0.3254687500E+001
 0.8282828    0.2953125000E+000    0.3270312500E+001
 0.8383838    0.3406250000E+000    0.3281250000E+001
 0.8484848    0.2937500000E+000    0.3251562500E+001
 0.8585859    0.2546875000E+000    0.3242187500E+001
 0.8686869    0.2781250000E+000    0.3284375000E+001
 0.8787879    0.2515625000E+000    0.3287500000E+001
 0.8888889    0.2437500000E+000    0.3248437500E+001
 0.8989899    0.2265625000E+000    0.3314062500E+001
 0.9090909    0.2937500000E+000    0.3292187500E+001
 0.9191919    0.1671875000E+000    0.3245312500E+001
 0.9292929    0.1421875000E+000    0.3170312500E+001
 0.9393939    0.2250000000E+000    0.3275000000E+001
 0.9494949    0.1906250000E+000    0.3187500000E+001
 0.9595960    0.1937500000E+000    0.3281250000E+001
 0.9696970    0.2328125000E+000    0.3262500000E+001
 0.9797980    0.0000000000E+000    0.3110937500E+001
 0.9898990    0.1546875000E+000    0.3248437500E+001
 1.0000000    0.2109375000E+000    0.3298437500E+001


# Weightfunction after cycle      74812
 0.0000000    0.7447265625E+001    0.5637890625E+001
 0.0101010    0.7437500000E+001    0.5608593750E+001
 0.0202020    0.7488671875E+001    0.5653515625E+001
 0.0303030    0.7550781250E+001    0.5658984375E+001
 0.0404040    0.7705859375E+001    0.5639453125E+001
 0.0505051    0.7827734375E+001    0.5637109375E+001
 0.0606061    0.8057812500E+001    0.5688671875E+001
 0.0707071    0.8250000000E+001    0.5598046875E+001
 0.0808081    0.8485156250E+001    0.5670703125E+001
 0.0909091    0.8719140625E+001    0.5643359375E+001
 0.1010101    0.8848437500E+001    0.5616015625E+001
 0.1111111    0.9051171875E+001    0.5627343750E+001
 0.1212121    0.9033593750E+001    0.5630859375E+001
 0.1313131    0.9104687500E+001    0.5634765625E+001
 0.1414141    0.9139062500E+001    0.5606640625E+001
 0.1515152    0.9052734375E+001    0.5596093750E+001
 0.1616162    0.8993750000E+001    0.5681640625E+001
 0.1717172    0.8871875000E+001    0.5626171875E+001
 0.1818182    0.8749218750E+001    0.5614062500E+001
 0.1919192    0.8582421875E+001    0.5604296875E+001
 0.2020202    0.8487890625E+001    0.5654687500E+001
 0.2121212    0.8357031250E+001    0.5657031250E+001
 0.2222222    0.8130468750E+001    0.5608203125E+001
 0.2323232    0.7811718750E+001    0.5644531250E+001
 0.2424242    0.7609375000E+001    0.5625781250E+001
 0.2525253    0.7493359375E+001    0.5578515625E+001
 0.2626263    0.7157812500E+001    0.5607031250E+001
 0.2727273    0.6893359375E+001    0.5569531250E+001
 0.2828283    0.6658203125E+001    0.5628906250E+001
 0.2929293    0.6348046875E+001    0.5613671875E+001
 0.3030303    0.6097656250E+001    0.5643750000E+001
 0.3131313    0.5838671875E+001    0.5585546875E+001
 0.3232323    0.5601171875E+001    0.5614062500E+001
 0.3333333    0.5280859375E+001    0.5656250000E+001
 0.3434343    0.5023437500E+001    0.5650390625E+001
 0.3535354    0.4757031250E+001    0.5625000000E+001
 0.3636364    0.4464843750E+001    0.5644531250E+001
 0.3737374    0.4163281250E+001    0.5612109375E+001
 0.3838384    0.3802343750E+001    0.5599218750E+001
 0.3939394    0.3529296875E+001    0.5603515625E+001
 0.4040404    0.3274609375E+001    0.5641796875E+001
 0.4141414    0.2978125000E+001    0.5687109375E+001
 0.4242424    0.2646484375E+001    0.5604296875E+001
 0.4343434    0.2463281250E+001    0.5590234375E+001
 0.4444444    0.2035937500E+001    0.5634375000E+001
 0.4545455    0.1789062500E+001    0.5607812500E+001
 0.4646465    0.1419531250E+001    0.5587109375E+001
 0.4747475    0.1098437500E+001    0.5619921875E+001
 0.4848485    0.7714843750E+000    0.5591015625E+001
 0.4949495    0.5070312500E+000    0.5650000000E+001
 0.5050505    0.2710937500E+000    0.5602343750E+001
 0.5151515    0.2828125000E+000    0.5625781250E+001
 0.5252525    0.2699218750E+000    0.5624218750E+001
 0.5353535    0.2914062500E+000    0.5624609375E+001
 0.5454545    0.3144531250E+000    0.5634375000E+001
 0.5555556    0.2527343750E+000    0.5623437500E+001
 0.5656566    0.2207031250E+000    0.5601953125E+001
 0.5757576    0.2429687500E+000    0.5660937500E+001
 0.5858586    0.3023437500E+000    0.5617968750E+001
 0.5959596    0.2804687500E+000    0.5612500000E+001
 0.6060606    0.2500000000E+000    0.5645312500E+001
 0.6161616    0.2683593750E+000    0.5617968750E+001
 0.6262626    0.2562500000E+000    0.5629296875E+001
 0.6363636    0.2648437500E+000    0.5625390625E+001
 0.6464646    0.2238281250E+000    0.5651562500E+001
 0.6565657    0.2453125000E+000    0.5636328125E+001
 0.6666667    0.2640625000E+000    0.5644140625E+001
 0.6767677    0.1960937500E+000    0.5625000000E+001
 0.6868687    0.2312500000E+000    0.5622656250E+001
 0.6969697    0.2445312500E+000    0.5657812500E+001
 0.7070707    0.2824218750E+000    0.5702734375E+001
 0.7171717    0.2082031250E+000    0.5625781250E+001
 0.7272727    0.2140625000E+000    0.5614453125E+001
 0.7373737    0.2246093750E+000    0.5623437500E+001
 0.7474747    0.1960937500E+000    0.5600390625E+001
 0.7575758    0.2164062500E+000    0.5648437500E+001
 0.7676768    0.1972656250E+000    0.5644531250E+001
 0.7777778    0.2292968750E+000    0.5663671875E+001
 0.7878788    0.1898437500E+000    0.5651171875E+001
 0.7979798    0.1789062500E+000    0.5655468750E+001
 0.8080808    0.1808593750E+000    0.5662500000E+001
 0.8181818    0.1207031250E+000    0.5614062500E+001
 0.8282828    0.1164062500E+000    0.5646093750E+001
 0.8383838    0.1425781250E+000    0.5667578125E+001
 0.8484848    0.1488281250E+000    0.5648046875E+001
 0.8585859    0.1093750000E+000    0.5620312500E+001
 0.8686869    0.9648437500E-001    0.5655859375E+001
 0.8787879    0.7539062500E-001    0.5626953125E+001
 0.8888889    0.9570312500E-001    0.5617187500E+001
 0.8989899    0.1125000000E+000    0.5635937500E+001
 0.9090909    0.1078125000E+000    0.5641015625E+001
 0.9191919    0.1066406250E+000    0.5620703125E+001
 0.9292929    0.7539062500E-001    0.5604296875E+001
 0.9393939    0.1367187500E-001    0.5574609375E+001
 0.9494949    0.6679687500E-001    0.5645312500E+001
 0.9595960    0.4335937500E-001    0.5651171875E+001
 0.9696970    0.5898437500E-001    0.5578125000E+001
 0.9797980    0.2187500000E-001    0.5648828125E+001
 0.9898990    0.3789062500E-001    0.5643750000E+001
 1.0000000    0.0000000000E+000    0.5593750000E+001


