# Evolution of the weightfunction during equilibration phase for fractional: N2
# Weightfunction after cycle        581
 0.0000000    0.5000000000E+001    0.3600000000E+001
 0.0101010    0.4600000000E+001    0.2700000000E+001
 0.0202020    0.5600000000E+001    0.3400000000E+001
 0.0303030    0.4900000000E+001    0.2300000000E+001
 0.0404040    0.5500000000E+001    0.3400000000E+001
 0.0505051    0.4600000000E+001    0.2800000000E+001
 0.0606061    0.4400000000E+001    0.2100000000E+001
 0.0707071    0.5500000000E+001    0.4000000000E+001
 0.0808081    0.4500000000E+001    0.2700000000E+001
 0.0909091    0.4400000000E+001    0.2000000000E+001
 0.1010101    0.3500000000E+001    0.2000000000E+001
 0.1111111    0.5900000000E+001    0.2800000000E+001
 0.1212121    0.5100000000E+001    0.2500000000E+001
 0.1313131    0.5300000000E+001    0.2800000000E+001
 0.1414141    0.4500000000E+001    0.2100000000E+001
 0.1515152    0.5200000000E+001    0.1900000000E+001
 0.1616162    0.4000000000E+001    0.2300000000E+001
 0.1717172    0.4500000000E+001    0.2500000000E+001
 0.1818182    0.5500000000E+001    0.3200000000E+001
 0.1919192    0.5300000000E+001    0.2500000000E+001
 0.2020202    0.4800000000E+001    0.2300000000E+001
 0.2121212    0.4500000000E+001    0.3300000000E+001
 0.2222222    0.4500000000E+001    0.2300000000E+001
 0.2323232    0.4900000000E+001    0.1700000000E+001
 0.2424242    0.4800000000E+001    0.2900000000E+001
 0.2525253    0.4700000000E+001    0.3300000000E+001
 0.2626263    0.3500000000E+001    0.2200000000E+001
 0.2727273    0.4900000000E+001    0.2100000000E+001
 0.2828283    0.3900000000E+001    0.3200000000E+001
 0.2929293    0.5300000000E+001    0.2200000000E+001
 0.3030303    0.4900000000E+001    0.2800000000E+001
 0.3131313    0.4500000000E+001    0.2700000000E+001
 0.3232323    0.2900000000E+001    0.3400000000E+001
 0.3333333    0.1900000000E+001    0.3200000000E+001
 0.3434343    0.3300000000E+001    0.3100000000E+001
 0.3535354    0.3200000000E+001    0.3300000000E+001
 0.3636364    0.2800000000E+001    0.3800000000E+001
 0.3737374    0.2000000000E+001    0.2700000000E+001
 0.3838384    0.2100000000E+001    0.3000000000E+001
 0.3939394    0.2200000000E+001    0.3000000000E+001
 0.4040404    0.1000000000E+001    0.2900000000E+001
 0.4141414    0.1600000000E+001    0.2400000000E+001
 0.4242424    0.1600000000E+001    0.1800000000E+001
 0.4343434    0.2200000000E+001    0.3900000000E+001
 0.4444444    0.2800000000E+001    0.2700000000E+001
 0.4545455    0.2000000000E+001    0.2100000000E+001
 0.4646465    0.8000000000E+000    0.2700000000E+001
 0.4747475    0.1200000000E+001    0.1300000000E+001
 0.4848485    0.1400000000E+001    0.2600000000E+001
 0.4949495    0.5000000000E+000    0.2300000000E+001
 0.5050505    0.1000000000E+000    0.1900000000E+001
 0.5151515    0.7000000000E+000    0.2500000000E+001
 0.5252525    0.6000000000E+000    0.2400000000E+001
 0.5353535    0.1100000000E+001    0.2100000000E+001
 0.5454545    0.6000000000E+000    0.2500000000E+001
 0.5555556    0.5000000000E+000    0.1900000000E+001
 0.5656566    0.1100000000E+001    0.1600000000E+001
 0.5757576    0.4000000000E+000    0.1900000000E+001
 0.5858586    0.3000000000E+000    0.1900000000E+001
 0.5959596    0.2000000000E+000    0.1400000000E+001
 0.6060606    0.8000000000E+000    0.2500000000E+001
 0.6161616    0.4000000000E+000    0.2200000000E+001
 0.6262626    0.1100000000E+001    0.2500000000E+001
 0.6363636    0.0000000000E+000    0.2600000000E+001
 0.6464646    0.9000000000E+000    0.2600000000E+001
 0.6565657    0.2000000000E+000    0.1500000000E+001
 0.6666667    0.1000000000E+001    0.2200000000E+001
 0.6767677    0.1600000000E+001    0.2200000000E+001
 0.6868687    0.9000000000E+000    0.1900000000E+001
 0.6969697    0.1600000000E+001    0.1900000000E+001
 0.7070707    0.1100000000E+001    0.2600000000E+001
 0.7171717    0.1000000000E+001    0.2500000000E+001
 0.7272727    0.2000000000E+001    0.3000000000E+001
 0.7373737    0.1000000000E+001    0.2400000000E+001
 0.7474747    0.3000000000E+000    0.1800000000E+001
 0.7575758    0.8000000000E+000    0.2100000000E+001
 0.7676768    0.1100000000E+001    0.2700000000E+001
 0.7777778    0.1500000000E+001    0.3000000000E+001
 0.7878788    0.1100000000E+001    0.2500000000E+001
 0.7979798    0.1600000000E+001    0.3200000000E+001
 0.8080808    0.1300000000E+001    0.2900000000E+001
 0.8181818    0.9000000000E+000    0.2200000000E+001
 0.8282828    0.1300000000E+001    0.2400000000E+001
 0.8383838    0.8000000000E+000    0.2300000000E+001
 0.8484848    0.1000000000E+001    0.2500000000E+001
 0.8585859    0.1500000000E+001    0.2500000000E+001
 0.8686869    0.1500000000E+001    0.2700000000E+001
 0.8787879    0.1000000000E+001    0.2400000000E+001
 0.8888889    0.9000000000E+000    0.2200000000E+001
 0.8989899    0.1000000000E+001    0.2200000000E+001
 0.9090909    0.4000000000E+000    0.1900000000E+001
 0.9191919    0.9000000000E+000    0.2300000000E+001
 0.9292929    0.7000000000E+000    0.1800000000E+001
 0.9393939    0.2000000000E+001    0.3500000000E+001
 0.9494949    0.6000000000E+000    0.2300000000E+001
 0.9595960    0.5000000000E+000    0.2000000000E+001
 0.9696970    0.1800000000E+001    0.2500000000E+001
 0.9797980    0.1100000000E+001    0.2700000000E+001
 0.9898990    0.1000000000E+000    0.1600000000E+001
 1.0000000    0.9000000000E+000    0.2500000000E+001


# Weightfunction after cycle       1955
 0.0000000    0.4175000000E+001    0.2300000000E+001
 0.0101010    0.4325000000E+001    0.2375000000E+001
 0.0202020    0.4325000000E+001    0.2475000000E+001
 0.0303030    0.4625000000E+001    0.2725000000E+001
 0.0404040    0.4500000000E+001    0.2425000000E+001
 0.0505051    0.4225000000E+001    0.2025000000E+001
 0.0606061    0.5025000000E+001    0.3125000000E+001
 0.0707071    0.4950000000E+001    0.2400000000E+001
 0.0808081    0.5525000000E+001    0.2675000000E+001
 0.0909091    0.5200000000E+001    0.2775000000E+001
 0.1010101    0.5350000000E+001    0.2575000000E+001
 0.1111111    0.5275000000E+001    0.2400000000E+001
 0.1212121    0.5550000000E+001    0.2250000000E+001
 0.1313131    0.4975000000E+001    0.2550000000E+001
 0.1414141    0.5450000000E+001    0.2625000000E+001
 0.1515152    0.5100000000E+001    0.2325000000E+001
 0.1616162    0.5325000000E+001    0.2450000000E+001
 0.1717172    0.4925000000E+001    0.2550000000E+001
 0.1818182    0.5025000000E+001    0.2725000000E+001
 0.1919192    0.4900000000E+001    0.2550000000E+001
 0.2020202    0.5050000000E+001    0.2600000000E+001
 0.2121212    0.4775000000E+001    0.2700000000E+001
 0.2222222    0.5100000000E+001    0.2325000000E+001
 0.2323232    0.4800000000E+001    0.2225000000E+001
 0.2424242    0.4575000000E+001    0.2325000000E+001
 0.2525253    0.4900000000E+001    0.2600000000E+001
 0.2626263    0.4750000000E+001    0.2475000000E+001
 0.2727273    0.4550000000E+001    0.3050000000E+001
 0.2828283    0.4475000000E+001    0.2525000000E+001
 0.2929293    0.4150000000E+001    0.2575000000E+001
 0.3030303    0.4000000000E+001    0.2525000000E+001
 0.3131313    0.3675000000E+001    0.2000000000E+001
 0.3232323    0.3800000000E+001    0.2650000000E+001
 0.3333333    0.3875000000E+001    0.2100000000E+001
 0.3434343    0.3125000000E+001    0.2100000000E+001
 0.3535354    0.3500000000E+001    0.2050000000E+001
 0.3636364    0.3550000000E+001    0.2700000000E+001
 0.3737374    0.3250000000E+001    0.2325000000E+001
 0.3838384    0.2650000000E+001    0.2125000000E+001
 0.3939394    0.2575000000E+001    0.2400000000E+001
 0.4040404    0.2300000000E+001    0.2050000000E+001
 0.4141414    0.2275000000E+001    0.2150000000E+001
 0.4242424    0.1975000000E+001    0.2275000000E+001
 0.4343434    0.1725000000E+001    0.2100000000E+001
 0.4444444    0.1475000000E+001    0.2400000000E+001
 0.4545455    0.1300000000E+001    0.2400000000E+001
 0.4646465    0.9500000000E+000    0.1975000000E+001
 0.4747475    0.9500000000E+000    0.1925000000E+001
 0.4848485    0.5000000000E+000    0.2025000000E+001
 0.4949495    0.6000000000E+000    0.2200000000E+001
 0.5050505    0.6000000000E+000    0.1975000000E+001
 0.5151515    0.7250000000E+000    0.2175000000E+001
 0.5252525    0.9500000000E+000    0.2075000000E+001
 0.5353535    0.3250000000E+000    0.2125000000E+001
 0.5454545    0.5750000000E+000    0.1725000000E+001
 0.5555556    0.5750000000E+000    0.2325000000E+001
 0.5656566    0.7500000000E+000    0.1925000000E+001
 0.5757576    0.6250000000E+000    0.2025000000E+001
 0.5858586    0.8000000000E+000    0.2200000000E+001
 0.5959596    0.8500000000E+000    0.2200000000E+001
 0.6060606    0.3750000000E+000    0.1925000000E+001
 0.6161616    0.3500000000E+000    0.2250000000E+001
 0.6262626    0.2000000000E+000    0.1900000000E+001
 0.6363636    0.3500000000E+000    0.1725000000E+001
 0.6464646    0.3500000000E+000    0.2000000000E+001
 0.6565657    0.7250000000E+000    0.2100000000E+001
 0.6666667    0.3500000000E+000    0.1625000000E+001
 0.6767677    0.4500000000E+000    0.2075000000E+001
 0.6868687    0.3000000000E+000    0.2075000000E+001
 0.6969697    0.5750000000E+000    0.2025000000E+001
 0.7070707    0.2500000000E-001    0.1500000000E+001
 0.7171717    0.2000000000E+000    0.1700000000E+001
 0.7272727    0.3500000000E+000    0.1650000000E+001
 0.7373737    0.1500000000E+000    0.1850000000E+001
 0.7474747    0.5000000000E+000    0.1975000000E+001
 0.7575758    0.4750000000E+000    0.1900000000E+001
 0.7676768    0.0000000000E+000    0.1525000000E+001
 0.7777778    0.4000000000E+000    0.1875000000E+001
 0.7878788    0.4500000000E+000    0.2025000000E+001
 0.7979798    0.6000000000E+000    0.1975000000E+001
 0.8080808    0.5000000000E+000    0.1950000000E+001
 0.8181818    0.5000000000E+000    0.1850000000E+001
 0.8282828    0.5750000000E+000    0.1800000000E+001
 0.8383838    0.3500000000E+000    0.1875000000E+001
 0.8484848    0.3250000000E+000    0.1700000000E+001
 0.8585859    0.3500000000E+000    0.1950000000E+001
 0.8686869    0.1250000000E+000    0.1575000000E+001
 0.8787879    0.3250000000E+000    0.1975000000E+001
 0.8888889    0.3500000000E+000    0.1850000000E+001
 0.8989899    0.2250000000E+000    0.1825000000E+001
 0.9090909    0.3000000000E+000    0.1650000000E+001
 0.9191919    0.5500000000E+000    0.2050000000E+001
 0.9292929    0.2250000000E+000    0.1850000000E+001
 0.9393939    0.3750000000E+000    0.1800000000E+001
 0.9494949    0.6500000000E+000    0.2150000000E+001
 0.9595960    0.3250000000E+000    0.1850000000E+001
 0.9696970    0.6500000000E+000    0.2150000000E+001
 0.9797980    0.6250000000E+000    0.2100000000E+001
 0.9898990    0.1500000000E+000    0.1500000000E+001
 1.0000000    0.3250000000E+000    0.1750000000E+001


# Weightfunction after cycle       3652
 0.0000000    0.4243750000E+001    0.2406250000E+001
 0.0101010    0.4162500000E+001    0.2112500000E+001
 0.0202020    0.4531250000E+001    0.2625000000E+001
 0.0303030    0.4662500000E+001    0.2493750000E+001
 0.0404040    0.4431250000E+001    0.2356250000E+001
 0.0505051    0.4275000000E+001    0.2181250000E+001
 0.0606061    0.4756250000E+001    0.2406250000E+001
 0.0707071    0.4725000000E+001    0.2562500000E+001
 0.0808081    0.5056250000E+001    0.2300000000E+001
 0.0909091    0.5175000000E+001    0.2462500000E+001
 0.1010101    0.5168750000E+001    0.2400000000E+001
 0.1111111    0.5293750000E+001    0.2550000000E+001
 0.1212121    0.5481250000E+001    0.2181250000E+001
 0.1313131    0.5306250000E+001    0.2468750000E+001
 0.1414141    0.5606250000E+001    0.2262500000E+001
 0.1515152    0.5381250000E+001    0.2362500000E+001
 0.1616162    0.5387500000E+001    0.2481250000E+001
 0.1717172    0.5381250000E+001    0.2300000000E+001
 0.1818182    0.5431250000E+001    0.2175000000E+001
 0.1919192    0.5156250000E+001    0.2318750000E+001
 0.2020202    0.5243750000E+001    0.2293750000E+001
 0.2121212    0.5112500000E+001    0.2368750000E+001
 0.2222222    0.4731250000E+001    0.2150000000E+001
 0.2323232    0.4781250000E+001    0.2168750000E+001
 0.2424242    0.4787500000E+001    0.2131250000E+001
 0.2525253    0.4731250000E+001    0.2281250000E+001
 0.2626263    0.4668750000E+001    0.2125000000E+001
 0.2727273    0.4631250000E+001    0.2331250000E+001
 0.2828283    0.4162500000E+001    0.2087500000E+001
 0.2929293    0.4206250000E+001    0.2256250000E+001
 0.3030303    0.4187500000E+001    0.2250000000E+001
 0.3131313    0.3931250000E+001    0.2118750000E+001
 0.3232323    0.3831250000E+001    0.1968750000E+001
 0.3333333    0.3775000000E+001    0.1962500000E+001
 0.3434343    0.3506250000E+001    0.1868750000E+001
 0.3535354    0.3356250000E+001    0.2175000000E+001
 0.3636364    0.3050000000E+001    0.2025000000E+001
 0.3737374    0.2893750000E+001    0.2087500000E+001
 0.3838384    0.2625000000E+001    0.1950000000E+001
 0.3939394    0.2637500000E+001    0.1956250000E+001
 0.4040404    0.2537500000E+001    0.2050000000E+001
 0.4141414    0.2168750000E+001    0.2068750000E+001
 0.4242424    0.2031250000E+001    0.2012500000E+001
 0.4343434    0.1881250000E+001    0.1906250000E+001
 0.4444444    0.1462500000E+001    0.2056250000E+001
 0.4545455    0.1037500000E+001    0.1918750000E+001
 0.4646465    0.1137500000E+001    0.1837500000E+001
 0.4747475    0.8875000000E+000    0.1843750000E+001
 0.4848485    0.5312500000E+000    0.1837500000E+001
 0.4949495    0.3125000000E+000    0.1737500000E+001
 0.5050505    0.0000000000E+000    0.1943750000E+001
 0.5151515    0.2000000000E+000    0.1781250000E+001
 0.5252525    0.2500000000E+000    0.1781250000E+001
 0.5353535    0.3812500000E+000    0.1762500000E+001
 0.5454545    0.3125000000E+000    0.1843750000E+001
 0.5555556    0.2687500000E+000    0.2081250000E+001
 0.5656566    0.3437500000E+000    0.1687500000E+001
 0.5757576    0.1750000000E+000    0.1918750000E+001
 0.5858586    0.4000000000E+000    0.1912500000E+001
 0.5959596    0.2625000000E+000    0.1875000000E+001
 0.6060606    0.4437500000E+000    0.1850000000E+001
 0.6161616    0.3187500000E+000    0.2025000000E+001
 0.6262626    0.5062500000E+000    0.1562500000E+001
 0.6363636    0.9375000000E-001    0.1837500000E+001
 0.6464646    0.3812500000E+000    0.1762500000E+001
 0.6565657    0.2125000000E+000    0.1937500000E+001
 0.6666667    0.2562500000E+000    0.1850000000E+001
 0.6767677    0.4750000000E+000    0.1650000000E+001
 0.6868687    0.1437500000E+000    0.1831250000E+001
 0.6969697    0.6875000000E-001    0.2006250000E+001
 0.7070707    0.3062500000E+000    0.1837500000E+001
 0.7171717    0.2750000000E+000    0.1818750000E+001
 0.7272727    0.2937500000E+000    0.1812500000E+001
 0.7373737    0.2500000000E+000    0.1743750000E+001
 0.7474747    0.4687500000E+000    0.1968750000E+001
 0.7575758    0.2750000000E+000    0.1831250000E+001
 0.7676768    0.3250000000E+000    0.1800000000E+001
 0.7777778    0.2750000000E+000    0.1768750000E+001
 0.7878788    0.3187500000E+000    0.1912500000E+001
 0.7979798    0.2062500000E+000    0.1731250000E+001
 0.8080808    0.3625000000E+000    0.1862500000E+001
 0.8181818    0.1187500000E+000    0.1731250000E+001
 0.8282828    0.2562500000E+000    0.1762500000E+001
 0.8383838    0.2312500000E+000    0.1662500000E+001
 0.8484848    0.3437500000E+000    0.1862500000E+001
 0.8585859    0.4062500000E+000    0.1887500000E+001
 0.8686869    0.2875000000E+000    0.1831250000E+001
 0.8787879    0.2937500000E+000    0.1787500000E+001
 0.8888889    0.3062500000E+000    0.1831250000E+001
 0.8989899    0.1250000000E+000    0.1806250000E+001
 0.9090909    0.2000000000E+000    0.1775000000E+001
 0.9191919    0.2687500000E+000    0.1831250000E+001
 0.9292929    0.2312500000E+000    0.1743750000E+001
 0.9393939    0.1875000000E+000    0.1743750000E+001
 0.9494949    0.2250000000E+000    0.1775000000E+001
 0.9595960    0.1312500000E+000    0.1750000000E+001
 0.9696970    0.1875000000E+000    0.1737500000E+001
 0.9797980    0.3125000000E+000    0.1918750000E+001
 0.9898990    0.1875000000E+000    0.1712500000E+001
 1.0000000    0.3187500000E+000    0.1875000000E+001


# Weightfunction after cycle       8774
 0.0000000    0.4264062500E+001    0.2384375000E+001
 0.0101010    0.4182812500E+001    0.2296875000E+001
 0.0202020    0.4090625000E+001    0.2271875000E+001
 0.0303030    0.4289062500E+001    0.2328125000E+001
 0.0404040    0.4384375000E+001    0.2285937500E+001
 0.0505051    0.4403125000E+001    0.2271875000E+001
 0.0606061    0.4523437500E+001    0.2321875000E+001
 0.0707071    0.4678125000E+001    0.2267187500E+001
 0.0808081    0.4873437500E+001    0.2225000000E+001
 0.0909091    0.5085937500E+001    0.2242187500E+001
 0.1010101    0.5176562500E+001    0.2321875000E+001
 0.1111111    0.5357812500E+001    0.2296875000E+001
 0.1212121    0.5398437500E+001    0.2245312500E+001
 0.1313131    0.5487500000E+001    0.2276562500E+001
 0.1414141    0.5420312500E+001    0.2325000000E+001
 0.1515152    0.5342187500E+001    0.2262500000E+001
 0.1616162    0.5512500000E+001    0.2295312500E+001
 0.1717172    0.5310937500E+001    0.2190625000E+001
 0.1818182    0.5432812500E+001    0.2335937500E+001
 0.1919192    0.5225000000E+001    0.2281250000E+001
 0.2020202    0.5270312500E+001    0.2225000000E+001
 0.2121212    0.5156250000E+001    0.2245312500E+001
 0.2222222    0.4915625000E+001    0.2153125000E+001
 0.2323232    0.4842187500E+001    0.2150000000E+001
 0.2424242    0.4717187500E+001    0.2156250000E+001
 0.2525253    0.4729687500E+001    0.2148437500E+001
 0.2626263    0.4509375000E+001    0.2196875000E+001
 0.2727273    0.4460937500E+001    0.2148437500E+001
 0.2828283    0.4095312500E+001    0.2143750000E+001
 0.2929293    0.3940625000E+001    0.2164062500E+001
 0.3030303    0.3862500000E+001    0.2153125000E+001
 0.3131313    0.3715625000E+001    0.2165625000E+001
 0.3232323    0.3534375000E+001    0.2065625000E+001
 0.3333333    0.3437500000E+001    0.2218750000E+001
 0.3434343    0.3131250000E+001    0.2193750000E+001
 0.3535354    0.3076562500E+001    0.2181250000E+001
 0.3636364    0.2937500000E+001    0.2243750000E+001
 0.3737374    0.2735937500E+001    0.2045312500E+001
 0.3838384    0.2573437500E+001    0.2178125000E+001
 0.3939394    0.2356250000E+001    0.2056250000E+001
 0.4040404    0.2200000000E+001    0.2114062500E+001
 0.4141414    0.2003125000E+001    0.2140625000E+001
 0.4242424    0.1740625000E+001    0.2137500000E+001
 0.4343434    0.1646875000E+001    0.2059375000E+001
 0.4444444    0.1485937500E+001    0.2101562500E+001
 0.4545455    0.1245312500E+001    0.2081250000E+001
 0.4646465    0.9046875000E+000    0.2109375000E+001
 0.4747475    0.7593750000E+000    0.2073437500E+001
 0.4848485    0.5406250000E+000    0.2078125000E+001
 0.4949495    0.3859375000E+000    0.2143750000E+001
 0.5050505    0.2625000000E+000    0.2154687500E+001
 0.5151515    0.2375000000E+000    0.2051562500E+001
 0.5252525    0.2921875000E+000    0.2031250000E+001
 0.5353535    0.2593750000E+000    0.2057812500E+001
 0.5454545    0.1734375000E+000    0.1945312500E+001
 0.5555556    0.2437500000E+000    0.1996875000E+001
 0.5656566    0.2437500000E+000    0.2037500000E+001
 0.5757576    0.1656250000E+000    0.2042187500E+001
 0.5858586    0.1765625000E+000    0.2034375000E+001
 0.5959596    0.2390625000E+000    0.2031250000E+001
 0.6060606    0.1593750000E+000    0.1967187500E+001
 0.6161616    0.2640625000E+000    0.2029687500E+001
 0.6262626    0.2515625000E+000    0.2014062500E+001
 0.6363636    0.1968750000E+000    0.2018750000E+001
 0.6464646    0.1750000000E+000    0.2065625000E+001
 0.6565657    0.2078125000E+000    0.1956250000E+001
 0.6666667    0.2328125000E+000    0.2054687500E+001
 0.6767677    0.1921875000E+000    0.2035937500E+001
 0.6868687    0.2265625000E+000    0.2050000000E+001
 0.6969697    0.2156250000E+000    0.2071875000E+001
 0.7070707    0.1968750000E+000    0.2070312500E+001
 0.7171717    0.2234375000E+000    0.2068750000E+001
 0.7272727    0.1921875000E+000    0.1967187500E+001
 0.7373737    0.2484375000E+000    0.2071875000E+001
 0.7474747    0.1750000000E+000    0.2025000000E+001
 0.7575758    0.2265625000E+000    0.2079687500E+001
 0.7676768    0.2203125000E+000    0.2014062500E+001
 0.7777778    0.1406250000E+000    0.1981250000E+001
 0.7878788    0.2265625000E+000    0.2059375000E+001
 0.7979798    0.1968750000E+000    0.2017187500E+001
 0.8080808    0.1390625000E+000    0.2023437500E+001
 0.8181818    0.1515625000E+000    0.2062500000E+001
 0.8282828    0.1437500000E+000    0.2014062500E+001
 0.8383838    0.1453125000E+000    0.2084375000E+001
 0.8484848    0.2718750000E+000    0.2117187500E+001
 0.8585859    0.7031250000E-001    0.2046875000E+001
 0.8686869    0.1906250000E+000    0.2060937500E+001
 0.8787879    0.2000000000E+000    0.2062500000E+001
 0.8888889    0.1546875000E+000    0.2025000000E+001
 0.8989899    0.1109375000E+000    0.2018750000E+001
 0.9090909    0.8281250000E-001    0.2018750000E+001
 0.9191919    0.1671875000E+000    0.2040625000E+001
 0.9292929    0.1359375000E+000    0.2029687500E+001
 0.9393939    0.8593750000E-001    0.2057812500E+001
 0.9494949    0.1203125000E+000    0.2045312500E+001
 0.9595960    0.9843750000E-001    0.2040625000E+001
 0.9696970    0.4687500000E-001    0.2020312500E+001
 0.9797980    0.1093750000E+000    0.2042187500E+001
 0.9898990    0.6406250000E-001    0.1995312500E+001
 1.0000000    0.0000000000E+000    0.2012500000E+001


# Weightfunction after cycle      44674
 0.0000000    0.5133984375E+001    0.3432421875E+001
 0.0101010    0.5124609375E+001    0.3419921875E+001
 0.0202020    0.5193359375E+001    0.3416406250E+001
 0.0303030    0.5226562500E+001    0.3400781250E+001
 0.0404040    0.5289843750E+001    0.3378125000E+001
 0.0505051    0.5441796875E+001    0.3430468750E+001
 0.0606061    0.5526953125E+001    0.3384765625E+001
 0.0707071    0.5648437500E+001    0.3421093750E+001
 0.0808081    0.5796875000E+001    0.3406640625E+001
 0.0909091    0.5907031250E+001    0.3417968750E+001
 0.1010101    0.6058593750E+001    0.3444531250E+001
 0.1111111    0.6097265625E+001    0.3387109375E+001
 0.1212121    0.6158203125E+001    0.3376953125E+001
 0.1313131    0.6149609375E+001    0.3414453125E+001
 0.1414141    0.6132421875E+001    0.3416406250E+001
 0.1515152    0.6118359375E+001    0.3430859375E+001
 0.1616162    0.6095312500E+001    0.3391796875E+001
 0.1717172    0.5965625000E+001    0.3424218750E+001
 0.1818182    0.5932421875E+001    0.3420703125E+001
 0.1919192    0.5816406250E+001    0.3434375000E+001
 0.2020202    0.5692578125E+001    0.3396484375E+001
 0.2121212    0.5607812500E+001    0.3416406250E+001
 0.2222222    0.5425781250E+001    0.3428515625E+001
 0.2323232    0.5300781250E+001    0.3408203125E+001
 0.2424242    0.5171093750E+001    0.3396875000E+001
 0.2525253    0.4944531250E+001    0.3388281250E+001
 0.2626263    0.4724609375E+001    0.3383984375E+001
 0.2727273    0.4656640625E+001    0.3330859375E+001
 0.2828283    0.4409765625E+001    0.3378906250E+001
 0.2929293    0.4292968750E+001    0.3388671875E+001
 0.3030303    0.4093359375E+001    0.3349218750E+001
 0.3131313    0.3897265625E+001    0.3396484375E+001
 0.3232323    0.3714453125E+001    0.3347265625E+001
 0.3333333    0.3481640625E+001    0.3348046875E+001
 0.3434343    0.3292968750E+001    0.3375390625E+001
 0.3535354    0.3149218750E+001    0.3363671875E+001
 0.3636364    0.3004687500E+001    0.3414843750E+001
 0.3737374    0.2772656250E+001    0.3330859375E+001
 0.3838384    0.2576953125E+001    0.3327734375E+001
 0.3939394    0.2417578125E+001    0.3339062500E+001
 0.4040404    0.2129296875E+001    0.3392187500E+001
 0.4141414    0.1978906250E+001    0.3337890625E+001
 0.4242424    0.1751562500E+001    0.3361328125E+001
 0.4343434    0.1545703125E+001    0.3383593750E+001
 0.4444444    0.1364843750E+001    0.3348437500E+001
 0.4545455    0.1176562500E+001    0.3357421875E+001
 0.4646465    0.9710937500E+000    0.3314843750E+001
 0.4747475    0.6707031250E+000    0.3368750000E+001
 0.4848485    0.5292968750E+000    0.3327734375E+001
 0.4949495    0.2585937500E+000    0.3274218750E+001
 0.5050505    0.1683593750E+000    0.3330468750E+001
 0.5151515    0.1902343750E+000    0.3315234375E+001
 0.5252525    0.1695312500E+000    0.3332031250E+001
 0.5353535    0.1894531250E+000    0.3348046875E+001
 0.5454545    0.1730468750E+000    0.3292968750E+001
 0.5555556    0.1675781250E+000    0.3380078125E+001
 0.5656566    0.1089843750E+000    0.3262500000E+001
 0.5757576    0.1429687500E+000    0.3310546875E+001
 0.5858586    0.1656250000E+000    0.3348828125E+001
 0.5959596    0.1589843750E+000    0.3276953125E+001
 0.6060606    0.1410156250E+000    0.3321875000E+001
 0.6161616    0.1832031250E+000    0.3324609375E+001
 0.6262626    0.1968750000E+000    0.3321093750E+001
 0.6363636    0.1605468750E+000    0.3305859375E+001
 0.6464646    0.1089843750E+000    0.3320312500E+001
 0.6565657    0.1316406250E+000    0.3335546875E+001
 0.6666667    0.1421875000E+000    0.3330468750E+001
 0.6767677    0.1296875000E+000    0.3320312500E+001
 0.6868687    0.1667968750E+000    0.3343750000E+001
 0.6969697    0.1386718750E+000    0.3321093750E+001
 0.7070707    0.1070312500E+000    0.3291406250E+001
 0.7171717    0.8906250000E-001    0.3299609375E+001
 0.7272727    0.1375000000E+000    0.3333203125E+001
 0.7373737    0.9765625000E-001    0.3325781250E+001
 0.7474747    0.8867187500E-001    0.3305859375E+001
 0.7575758    0.1464843750E+000    0.3355078125E+001
 0.7676768    0.1199218750E+000    0.3321093750E+001
 0.7777778    0.9296875000E-001    0.3313671875E+001
 0.7878788    0.9296875000E-001    0.3341015625E+001
 0.7979798    0.8750000000E-001    0.3347265625E+001
 0.8080808    0.8632812500E-001    0.3324218750E+001
 0.8181818    0.7929687500E-001    0.3336718750E+001
 0.8282828    0.8906250000E-001    0.3320312500E+001
 0.8383838    0.2187500000E-001    0.3291015625E+001
 0.8484848    0.8164062500E-001    0.3339843750E+001
 0.8585859    0.6328125000E-001    0.3333984375E+001
 0.8686869    0.3710937500E-001    0.3302343750E+001
 0.8787879    0.6718750000E-001    0.3319140625E+001
 0.8888889    0.5039062500E-001    0.3325390625E+001
 0.8989899    0.6601562500E-001    0.3342968750E+001
 0.9090909    0.3554687500E-001    0.3308203125E+001
 0.9191919    0.5000000000E-001    0.3344921875E+001
 0.9292929    0.3359375000E-001    0.3346875000E+001
 0.9393939    0.1054687500E-001    0.3317968750E+001
 0.9494949    0.0000000000E+000    0.3300781250E+001
 0.9595960    0.4257812500E-001    0.3337890625E+001
 0.9696970    0.3125000000E-002    0.3321484375E+001
 0.9797980    0.1562500000E-001    0.3325781250E+001
 0.9898990    0.8593750000E-002    0.3347656250E+001
 1.0000000    0.1289062500E-001    0.3321484375E+001


# Weightfunction after cycle      59991
 0.0000000    0.5146289062E+001    0.3429394531E+001
 0.0101010    0.5104394531E+001    0.3384375000E+001
 0.0202020    0.5179785156E+001    0.3410449219E+001
 0.0303030    0.5223535156E+001    0.3403027344E+001
 0.0404040    0.5327734375E+001    0.3407910156E+001
 0.0505051    0.5428320312E+001    0.3424902344E+001
 0.0606061    0.5538964844E+001    0.3406054687E+001
 0.0707071    0.5664257812E+001    0.3400878906E+001
 0.0808081    0.5802539062E+001    0.3400683594E+001
 0.0909091    0.5957714844E+001    0.3425097656E+001
 0.1010101    0.6073730469E+001    0.3444531250E+001
 0.1111111    0.6164062500E+001    0.3422656250E+001
 0.1212121    0.6192382812E+001    0.3391699219E+001
 0.1313131    0.6245898437E+001    0.3423730469E+001
 0.1414141    0.6197753906E+001    0.3406542969E+001
 0.1515152    0.6197167969E+001    0.3400781250E+001
 0.1616162    0.6180468750E+001    0.3385644531E+001
 0.1717172    0.6067871094E+001    0.3407128906E+001
 0.1818182    0.5976660156E+001    0.3384667969E+001
 0.1919192    0.5899023437E+001    0.3413867187E+001
 0.2020202    0.5791113281E+001    0.3370703125E+001
 0.2121212    0.5677636719E+001    0.3390039062E+001
 0.2222222    0.5540527344E+001    0.3388574219E+001
 0.2323232    0.5417675781E+001    0.3409375000E+001
 0.2424242    0.5248437500E+001    0.3380468750E+001
 0.2525253    0.5062109375E+001    0.3366015625E+001
 0.2626263    0.4846191406E+001    0.3380566406E+001
 0.2727273    0.4731640625E+001    0.3347460937E+001
 0.2828283    0.4525976562E+001    0.3389843750E+001
 0.2929293    0.4367871094E+001    0.3370214844E+001
 0.3030303    0.4169042969E+001    0.3365039062E+001
 0.3131313    0.3971191406E+001    0.3362597656E+001
 0.3232323    0.3805859375E+001    0.3351269531E+001
 0.3333333    0.3581542969E+001    0.3352343750E+001
 0.3434343    0.3379882812E+001    0.3350878906E+001
 0.3535354    0.3198339844E+001    0.3345117187E+001
 0.3636364    0.3034472656E+001    0.3369433594E+001
 0.3737374    0.2832421875E+001    0.3346093750E+001
 0.3838384    0.2606933594E+001    0.3339160156E+001
 0.3939394    0.2436816406E+001    0.3346289062E+001
 0.4040404    0.2186914062E+001    0.3357324219E+001
 0.4141414    0.2009765625E+001    0.3338085937E+001
 0.4242424    0.1768359375E+001    0.3370117187E+001
 0.4343434    0.1588476562E+001    0.3348925781E+001
 0.4444444    0.1380175781E+001    0.3344726562E+001
 0.4545455    0.1180371094E+001    0.3348730469E+001
 0.4646465    0.9560546875E+000    0.3331835937E+001
 0.4747475    0.7031250000E+000    0.3352929687E+001
 0.4848485    0.5246093750E+000    0.3326074219E+001
 0.4949495    0.2660156250E+000    0.3311230469E+001
 0.5050505    0.1560546875E+000    0.3323925781E+001
 0.5151515    0.1947265625E+000    0.3327441406E+001
 0.5252525    0.1542968750E+000    0.3343359375E+001
 0.5353535    0.1662109375E+000    0.3348144531E+001
 0.5454545    0.1775390625E+000    0.3317187500E+001
 0.5555556    0.1826171875E+000    0.3377929687E+001
 0.5656566    0.1163085937E+000    0.3299218750E+001
 0.5757576    0.1371093750E+000    0.3307910156E+001
 0.5858586    0.1711914062E+000    0.3348144531E+001
 0.5959596    0.1520507812E+000    0.3308984375E+001
 0.6060606    0.1485351562E+000    0.3305957031E+001
 0.6161616    0.1568359375E+000    0.3325195312E+001
 0.6262626    0.1752929687E+000    0.3333007812E+001
 0.6363636    0.1664062500E+000    0.3326660156E+001
 0.6464646    0.1400390625E+000    0.3321484375E+001
 0.6565657    0.1211914062E+000    0.3330468750E+001
 0.6666667    0.1440429687E+000    0.3342285156E+001
 0.6767677    0.1438476562E+000    0.3315332031E+001
 0.6868687    0.1582031250E+000    0.3323632812E+001
 0.6969697    0.1563476562E+000    0.3329589844E+001
 0.7070707    0.1265625000E+000    0.3311816406E+001
 0.7171717    0.1093750000E+000    0.3310351562E+001
 0.7272727    0.1389648437E+000    0.3328808594E+001
 0.7373737    0.1211914063E+000    0.3346875000E+001
 0.7474747    0.1194335937E+000    0.3325976562E+001
 0.7575758    0.1257812500E+000    0.3334375000E+001
 0.7676768    0.1336914063E+000    0.3331542969E+001
 0.7777778    0.9638671875E-001    0.3320117187E+001
 0.7878788    0.1088867187E+000    0.3334765625E+001
 0.7979798    0.1038085938E+000    0.3342187500E+001
 0.8080808    0.8681640625E-001    0.3322460937E+001
 0.8181818    0.9238281250E-001    0.3336816406E+001
 0.8282828    0.1067382812E+000    0.3330664062E+001
 0.8383838    0.7539062500E-001    0.3320312500E+001
 0.8484848    0.9394531250E-001    0.3343164062E+001
 0.8585859    0.7880859375E-001    0.3336621094E+001
 0.8686869    0.6533203125E-001    0.3331445312E+001
 0.8787879    0.7373046875E-001    0.3329785156E+001
 0.8888889    0.8222656250E-001    0.3347460937E+001
 0.8989899    0.6464843750E-001    0.3335742187E+001
 0.9090909    0.5380859375E-001    0.3326367187E+001
 0.9191919    0.5371093750E-001    0.3342187500E+001
 0.9292929    0.3945312500E-001    0.3340234375E+001
 0.9393939    0.5673828125E-001    0.3341992187E+001
 0.9494949    0.2460937500E-001    0.3318847656E+001
 0.9595960    0.7578125000E-001    0.3361718750E+001
 0.9696970    0.1972656250E-001    0.3323730469E+001
 0.9797980    0.3125000000E-001    0.3336718750E+001
 0.9898990    0.1191406250E-001    0.3327050781E+001
 1.0000000    0.0000000000E+000    0.3320507812E+001


# Weightfunction after cycle      69695
 0.0000000    0.5142065430E+001    0.3425830078E+001
 0.0101010    0.5100732422E+001    0.3379638672E+001
 0.0202020    0.5171459961E+001    0.3402124023E+001
 0.0303030    0.5226391602E+001    0.3399682617E+001
 0.0404040    0.5324707031E+001    0.3406250000E+001
 0.0505051    0.5421533203E+001    0.3414038086E+001
 0.0606061    0.5532348633E+001    0.3398583984E+001
 0.0707071    0.5657812500E+001    0.3388891602E+001
 0.0808081    0.5804443359E+001    0.3401489258E+001
 0.0909091    0.5953735352E+001    0.3417675781E+001
 0.1010101    0.6078271484E+001    0.3435327148E+001
 0.1111111    0.6155053711E+001    0.3410131836E+001
 0.1212121    0.6197094727E+001    0.3388940430E+001
 0.1313131    0.6242578125E+001    0.3416357422E+001
 0.1414141    0.6201098633E+001    0.3397753906E+001
 0.1515152    0.6195532227E+001    0.3391088867E+001
 0.1616162    0.6174218750E+001    0.3377636719E+001
 0.1717172    0.6064697266E+001    0.3400585937E+001
 0.1818182    0.5972949219E+001    0.3377148437E+001
 0.1919192    0.5897802734E+001    0.3404125977E+001
 0.2020202    0.5785888672E+001    0.3360498047E+001
 0.2121212    0.5659936523E+001    0.3378710937E+001
 0.2222222    0.5521191406E+001    0.3380297852E+001
 0.2323232    0.5398364258E+001    0.3396264648E+001
 0.2424242    0.5229443359E+001    0.3375805664E+001
 0.2525253    0.5056298828E+001    0.3364624023E+001
 0.2626263    0.4842797852E+001    0.3372460937E+001
 0.2727273    0.4728417969E+001    0.3338696289E+001
 0.2828283    0.4526489258E+001    0.3375830078E+001
 0.2929293    0.4361865234E+001    0.3361303711E+001
 0.3030303    0.4158935547E+001    0.3361328125E+001
 0.3131313    0.3967553711E+001    0.3355224609E+001
 0.3232323    0.3794287109E+001    0.3345092773E+001
 0.3333333    0.3582788086E+001    0.3350146484E+001
 0.3434343    0.3377783203E+001    0.3344091797E+001
 0.3535354    0.3193579102E+001    0.3337768555E+001
 0.3636364    0.3027539062E+001    0.3361596680E+001
 0.3737374    0.2823681641E+001    0.3335913086E+001
 0.3838384    0.2601977539E+001    0.3331909180E+001
 0.3939394    0.2420703125E+001    0.3344335937E+001
 0.4040404    0.2183862305E+001    0.3346728516E+001
 0.4141414    0.2005541992E+001    0.3335522461E+001
 0.4242424    0.1761987305E+001    0.3358154297E+001
 0.4343434    0.1580957031E+001    0.3341210937E+001
 0.4444444    0.1380322266E+001    0.3334252930E+001
 0.4545455    0.1173754883E+001    0.3334936523E+001
 0.4646465    0.9476562500E+000    0.3324707031E+001
 0.4747475    0.7043701172E+000    0.3340820312E+001
 0.4848485    0.5157958984E+000    0.3323217773E+001
 0.4949495    0.2659423828E+000    0.3308325195E+001
 0.5050505    0.1515380859E+000    0.3313989258E+001
 0.5151515    0.1871582031E+000    0.3316430664E+001
 0.5252525    0.1522460937E+000    0.3327905273E+001
 0.5353535    0.1653320312E+000    0.3344531250E+001
 0.5454545    0.1739013672E+000    0.3305688477E+001
 0.5555556    0.1765380859E+000    0.3361889648E+001
 0.5656566    0.1154296875E+000    0.3288232422E+001
 0.5757576    0.1327148437E+000    0.3303051758E+001
 0.5858586    0.1631103516E+000    0.3332690430E+001
 0.5959596    0.1483154297E+000    0.3302587891E+001
 0.6060606    0.1421386719E+000    0.3302343750E+001
 0.6161616    0.1578613281E+000    0.3319482422E+001
 0.6262626    0.1701660156E+000    0.3326879883E+001
 0.6363636    0.1593261719E+000    0.3322851562E+001
 0.6464646    0.1352783203E+000    0.3311987305E+001
 0.6565657    0.1166992187E+000    0.3325146484E+001
 0.6666667    0.1349121094E+000    0.3333056641E+001
 0.6767677    0.1439941406E+000    0.3305273437E+001
 0.6868687    0.1503906250E+000    0.3316870117E+001
 0.6969697    0.1483642578E+000    0.3315722656E+001
 0.7070707    0.1231933594E+000    0.3307299805E+001
 0.7171717    0.1095703125E+000    0.3307275391E+001
 0.7272727    0.1320556641E+000    0.3321435547E+001
 0.7373737    0.1188232422E+000    0.3339916992E+001
 0.7474747    0.1158447266E+000    0.3322436523E+001
 0.7575758    0.1182861328E+000    0.3324707031E+001
 0.7676768    0.1221679688E+000    0.3321044922E+001
 0.7777778    0.9228515625E-001    0.3312280273E+001
 0.7878788    0.1016845703E+000    0.3325390625E+001
 0.7979798    0.9919433594E-001    0.3333032227E+001
 0.8080808    0.7966308594E-001    0.3314599609E+001
 0.8181818    0.8930664063E-001    0.3327246094E+001
 0.8282828    0.9956054687E-001    0.3326098633E+001
 0.8383838    0.7131347656E-001    0.3311914062E+001
 0.8484848    0.8781738281E-001    0.3334448242E+001
 0.8585859    0.7226562500E-001    0.3325781250E+001
 0.8686869    0.6105957031E-001    0.3321240234E+001
 0.8787879    0.7133789063E-001    0.3321801758E+001
 0.8888889    0.6660156250E-001    0.3325634766E+001
 0.8989899    0.5410156250E-001    0.3321923828E+001
 0.9090909    0.5012207031E-001    0.3319750977E+001
 0.9191919    0.4421386719E-001    0.3329394531E+001
 0.9292929    0.3015136719E-001    0.3325903320E+001
 0.9393939    0.5222167969E-001    0.3330737305E+001
 0.9494949    0.1733398438E-001    0.3310766602E+001
 0.9595960    0.6315917969E-001    0.3346020508E+001
 0.9696970    0.1408691406E-001    0.3315185547E+001
 0.9797980    0.2963867188E-001    0.3328198242E+001
 0.9898990    0.1132812500E-001    0.3322949219E+001
 1.0000000    0.0000000000E+000    0.3312548828E+001


# Weightfunction after cycle      99962
 0.0000000    0.5132299805E+001    0.3413360596E+001
 0.0101010    0.5094610596E+001    0.3371307373E+001
 0.0202020    0.5159906006E+001    0.3390332031E+001
 0.0303030    0.5219409180E+001    0.3392095947E+001
 0.0404040    0.5311950684E+001    0.3395233154E+001
 0.0505051    0.5411071777E+001    0.3403698730E+001
 0.0606061    0.5522778320E+001    0.3387109375E+001
 0.0707071    0.5649450684E+001    0.3378259277E+001
 0.0808081    0.5795031738E+001    0.3389581299E+001
 0.0909091    0.5942413330E+001    0.3403784180E+001
 0.1010101    0.6068487549E+001    0.3421258545E+001
 0.1111111    0.6145886230E+001    0.3397827148E+001
 0.1212121    0.6191552734E+001    0.3381359863E+001
 0.1313131    0.6234790039E+001    0.3404376221E+001
 0.1414141    0.6194714355E+001    0.3386987305E+001
 0.1515152    0.6184906006E+001    0.3382287598E+001
 0.1616162    0.6163134766E+001    0.3370098877E+001
 0.1717172    0.6056799316E+001    0.3389117432E+001
 0.1818182    0.5967639160E+001    0.3368249512E+001
 0.1919192    0.5890350342E+001    0.3392346191E+001
 0.2020202    0.5779077148E+001    0.3349743652E+001
 0.2121212    0.5652203369E+001    0.3367510986E+001
 0.2222222    0.5511071777E+001    0.3369689941E+001
 0.2323232    0.5387139893E+001    0.3382427979E+001
 0.2424242    0.5222723389E+001    0.3361859131E+001
 0.2525253    0.5047967529E+001    0.3352038574E+001
 0.2626263    0.4841461182E+001    0.3361163330E+001
 0.2727273    0.4722491455E+001    0.3329498291E+001
 0.2828283    0.4521948242E+001    0.3363214111E+001
 0.2929293    0.4362023926E+001    0.3352276611E+001
 0.3030303    0.4158276367E+001    0.3352325439E+001
 0.3131313    0.3967059326E+001    0.3345758057E+001
 0.3232323    0.3792419434E+001    0.3339050293E+001
 0.3333333    0.3583502197E+001    0.3339129639E+001
 0.3434343    0.3380590820E+001    0.3331433105E+001
 0.3535354    0.3193719482E+001    0.3327044678E+001
 0.3636364    0.3028857422E+001    0.3347863770E+001
 0.3737374    0.2825122070E+001    0.3328454590E+001
 0.3838384    0.2600750732E+001    0.3324316406E+001
 0.3939394    0.2420721436E+001    0.3333764648E+001
 0.4040404    0.2185101318E+001    0.3333367920E+001
 0.4141414    0.2003399658E+001    0.3323883057E+001
 0.4242424    0.1759478760E+001    0.3343334961E+001
 0.4343434    0.1576940918E+001    0.3328802490E+001
 0.4444444    0.1375799561E+001    0.3323999023E+001
 0.4545455    0.1167822266E+001    0.3321990967E+001
 0.4646465    0.9474548340E+000    0.3312158203E+001
 0.4747475    0.7020507812E+000    0.3328924561E+001
 0.4848485    0.5138793945E+000    0.3314495850E+001
 0.4949495    0.2639465332E+000    0.3297686768E+001
 0.5050505    0.1479553223E+000    0.3304382324E+001
 0.5151515    0.1847167969E+000    0.3305810547E+001
 0.5252525    0.1486267090E+000    0.3314880371E+001
 0.5353535    0.1617919922E+000    0.3326971436E+001
 0.5454545    0.1685241699E+000    0.3296795654E+001
 0.5555556    0.1742858887E+000    0.3348327637E+001
 0.5656566    0.1186096191E+000    0.3279357910E+001
 0.5757576    0.1304138184E+000    0.3294372559E+001
 0.5858586    0.1561767578E+000    0.3321466064E+001
 0.5959596    0.1458740234E+000    0.3293603516E+001
 0.6060606    0.1396911621E+000    0.3291546631E+001
 0.6161616    0.1544006348E+000    0.3311547852E+001
 0.6262626    0.1627990723E+000    0.3316131592E+001
 0.6363636    0.1557250977E+000    0.3311334229E+001
 0.6464646    0.1351806641E+000    0.3302349854E+001
 0.6565657    0.1145141602E+000    0.3314556885E+001
 0.6666667    0.1345031738E+000    0.3322113037E+001
 0.6767677    0.1406311035E+000    0.3298742676E+001
 0.6868687    0.1482788086E+000    0.3307885742E+001
 0.6969697    0.1435058594E+000    0.3305432129E+001
 0.7070707    0.1217651367E+000    0.3297070312E+001
 0.7171717    0.1086425781E+000    0.3297338867E+001
 0.7272727    0.1284362793E+000    0.3309063721E+001
 0.7373737    0.1194030762E+000    0.3330255127E+001
 0.7474747    0.1158020020E+000    0.3312719727E+001
 0.7575758    0.1160339355E+000    0.3312652588E+001
 0.7676768    0.1198364258E+000    0.3310900879E+001
 0.7777778    0.9310913086E-001    0.3303692627E+001
 0.7878788    0.9913940430E-001    0.3313671875E+001
 0.7979798    0.9728393555E-001    0.3320697021E+001
 0.8080808    0.8116455078E-001    0.3306414795E+001
 0.8181818    0.8768920898E-001    0.3315441895E+001
 0.8282828    0.9710083008E-001    0.3315197754E+001
 0.8383838    0.7216796875E-001    0.3302514648E+001
 0.8484848    0.8406372070E-001    0.3321343994E+001
 0.8585859    0.6828613281E-001    0.3312634277E+001
 0.8686869    0.6185302734E-001    0.3311627197E+001
 0.8787879    0.6966552734E-001    0.3311315918E+001
 0.8888889    0.6510620117E-001    0.3315344238E+001
 0.8989899    0.5191650391E-001    0.3311596680E+001
 0.9090909    0.5073852539E-001    0.3309350586E+001
 0.9191919    0.4329833984E-001    0.3316552734E+001
 0.9292929    0.3217163086E-001    0.3315283203E+001
 0.9393939    0.4768676758E-001    0.3317218018E+001
 0.9494949    0.1796875000E-001    0.3301556396E+001
 0.9595960    0.5864868164E-001    0.3332958984E+001
 0.9696970    0.1345825195E-001    0.3304821777E+001
 0.9797980    0.2894897461E-001    0.3317828369E+001
 0.9898990    0.8898925781E-002    0.3311016846E+001
 1.0000000    0.0000000000E+000    0.3302575684E+001


