# Lambda, (Probability, Probability_biased(/observed)) per Fractional
 0.0000000   0.5971818610E-002   0.6109056266E+000   0.9944339561E+000   0.1000762789E+001
 0.0101010   0.5845096520E-002   0.6186121290E+000   0.9859906624E+000   0.9891697695E+000
 0.0202020   0.5461621493E-002   0.6588398311E+000   0.9468648376E+000   0.1045728652E+001
 0.0303030   0.5110668473E-002   0.6001093097E+000   0.9496938748E+000   0.9787849063E+000
 0.0404040   0.4708016819E-002   0.6691873034E+000   0.9611816500E+000   0.1041008260E+001
 0.0505051   0.4114240894E-002   0.6608436019E+000   0.9597267278E+000   0.1052918173E+001
 0.0606061   0.3565094501E-002   0.6353396075E+000   0.9584518891E+000   0.1028365531E+001
 0.0707071   0.3059241148E-002   0.6451580843E+000   0.9678715751E+000   0.1017591153E+001
 0.0808081   0.2573894728E-002   0.6124405151E+000   0.9699043157E+000   0.1007061047E+001
 0.0909091   0.2161451129E-002   0.6373153255E+000   0.9683621735E+000   0.1012949984E+001
 0.1010101   0.1845778676E-002   0.6323139136E+000   0.9699443349E+000   0.1026965918E+001
 0.1111111   0.1672021538E-002   0.6222429617E+000   0.9691390531E+000   0.1023711158E+001
 0.1212121   0.1511920789E-002   0.6524437948E+000   0.9556169655E+000   0.1004314637E+001
 0.1313131   0.1468604489E-002   0.6735715539E+000   0.9592785766E+000   0.9650066422E+000
 0.1414141   0.1527835043E-002   0.7023817701E+000   0.9821736542E+000   0.1054641281E+001
 0.1515152   0.1525043438E-002   0.7199708700E+000   0.9753126760E+000   0.9927018113E+000
 0.1616162   0.1662482411E-002   0.8212374375E+000   0.9551495245E+000   0.1012091731E+001
 0.1717172   0.1787353885E-002   0.8421608119E+000   0.9575232973E+000   0.1013418722E+001
 0.1818182   0.1964888175E-002   0.8485768859E+000   0.9829425366E+000   0.9926820055E+000
 0.1919192   0.2195571514E-002   0.7547923985E+000   0.9901244721E+000   0.1011722022E+001
 0.2020202   0.2520780922E-002   0.8778359468E+000   0.9625153558E+000   0.9804419951E+000
 0.2121212   0.2916583676E-002   0.8636732950E+000   0.9635604963E+000   0.9769165552E+000
 0.2222222   0.3443173971E-002   0.9054439005E+000   0.9660445169E+000   0.1010130952E+001
 0.2323232   0.4099850149E-002   0.9499596721E+000   0.9823947285E+000   0.9940684144E+000
 0.2424242   0.4874327094E-002   0.9503163433E+000   0.9758895139E+000   0.9714171331E+000
 0.2525253   0.5765830396E-002   0.9656572124E+000   0.9913538532E+000   0.1039027676E+001
 0.2626263   0.6924227926E-002   0.9662904039E+000   0.9756547421E+000   0.9903383142E+000
 0.2727273   0.8498865964E-002   0.9511459044E+000   0.9730121412E+000   0.1030214076E+001
 0.2828283   0.1042077654E-001   0.9793870497E+000   0.9716762285E+000   0.9657130506E+000
 0.2929293   0.1294949462E-001   0.1027661895E+001   0.9549565182E+000   0.9490959491E+000
 0.3030303   0.1583130875E-001   0.9876706381E+000   0.9906449902E+000   0.1042348455E+001
 0.3131313   0.2002936108E-001   0.1004454222E+001   0.9701117312E+000   0.1004525899E+001
 0.3232323   0.2445650802E-001   0.1043335390E+001   0.9801428236E+000   0.9929526853E+000
 0.3333333   0.3083892394E-001   0.1063753814E+001   0.9878063595E+000   0.9631316892E+000
 0.3434343   0.3781784342E-001   0.1086111889E+001   0.9934299302E+000   0.9796497614E+000
 0.3535354   0.4764207161E-001   0.1105456292E+001   0.1001819490E+001   0.1022872711E+001
 0.3636364   0.6027739032E-001   0.1099949930E+001   0.9771601581E+000   0.1009061437E+001
 0.3737374   0.7606586972E-001   0.1018705040E+001   0.9937454178E+000   0.9568862470E+000
 0.3838384   0.9591945578E-001   0.1139420207E+001   0.9918455646E+000   0.9807654905E+000
 0.3939394   0.1233638054E+000   0.1017057940E+001   0.9966705574E+000   0.1001838906E+001
 0.4040404   0.1550589404E+000   0.1138779000E+001   0.9920956394E+000   0.1008995417E+001
 0.4141414   0.1999473591E+000   0.1089979166E+001   0.1008050205E+001   0.1018436202E+001
 0.4242424   0.2523494516E+000   0.1054328077E+001   0.9958762317E+000   0.9664590706E+000
 0.4343434   0.3289068106E+000   0.1101176237E+001   0.9867445550E+000   0.9895394785E+000
 0.4444444   0.4164362134E+000   0.1129076742E+001   0.9843248444E+000   0.9763751955E+000
 0.4545455   0.5407992816E+000   0.1108522061E+001   0.1011023599E+001   0.9826932591E+000
 0.4646465   0.6909085434E+000   0.1112902304E+001   0.1004563923E+001   0.9423157492E+000
 0.4747475   0.9061332791E+000   0.1181082608E+001   0.1006744757E+001   0.1004090170E+001
 0.4848485   0.1160821108E+001   0.1154220057E+001   0.1003564050E+001   0.9854000575E+000
 0.4949495   0.1499005265E+001   0.1121125779E+001   0.1004376353E+001   0.1009979107E+001
 0.5050505   0.1698172715E+001   0.1101316501E+001   0.1007059779E+001   0.1032247476E+001
 0.5151515   0.1700964462E+001   0.1117875663E+001   0.1019181445E+001   0.1038974860E+001
 0.5252525   0.1710352843E+001   0.1166086388E+001   0.1009417001E+001   0.9670532459E+000
 0.5353535   0.1708248239E+001   0.1091101278E+001   0.1012458842E+001   0.1006638522E+001
 0.5454545   0.1708811167E+001   0.1120841244E+001   0.1016433719E+001   0.1038605151E+001
 0.5555556   0.1697814953E+001   0.1070129813E+001   0.1009458757E+001   0.9974023978E+000
 0.5656566   0.1719878442E+001   0.1196175010E+001   0.9911383586E+000   0.9447320619E+000
 0.5757576   0.1715834142E+001   0.1123690606E+001   0.1026704427E+001   0.1014045907E+001
 0.5858586   0.1715257252E+001   0.1075227406E+001   0.1027095221E+001   0.1025988830E+001
 0.5959596   0.1715731405E+001   0.1107932953E+001   0.1008023865E+001   0.1034043206E+001
 0.6060606   0.1711266907E+001   0.1109808482E+001   0.1022215734E+001   0.9955142409E+000
 0.6161616   0.1730638614E+001   0.1118432711E+001   0.1003257376E+001   0.9736221835E+000
 0.6262626   0.1746140741E+001   0.1114433185E+001   0.1010444249E+001   0.9710672299E+000
 0.6363636   0.1751249586E+001   0.1148228783E+001   0.9923073205E+000   0.1001356964E+001
 0.6464646   0.1774578503E+001   0.1096451346E+001   0.1000245075E+001   0.9500664354E+000
 0.6565657   0.1756003089E+001   0.1129517571E+001   0.1028494871E+001   0.9572559560E+000
 0.6666667   0.1753517464E+001   0.1134547036E+001   0.1036569033E+001   0.9826470455E+000
 0.6767677   0.1775331112E+001   0.1100779491E+001   0.1010347884E+001   0.9755367482E+000
 0.6868687   0.1769943850E+001   0.1120396407E+001   0.1008771664E+001   0.9675681978E+000
 0.6969697   0.1772142352E+001   0.1037484380E+001   0.1030185770E+001   0.1033911167E+001
 0.7070707   0.1803623994E+001   0.1120508618E+001   0.1029279751E+001   0.1036235052E+001
 0.7171717   0.1808000505E+001   0.1061790119E+001   0.1036160675E+001   0.9655215941E+000
 0.7272727   0.1798311602E+001   0.1098599388E+001   0.1023881234E+001   0.1003779879E+001
 0.7373737   0.1843714404E+001   0.1146758015E+001   0.1034341156E+001   0.1023585721E+001
 0.7474747   0.1809065978E+001   0.1090588313E+001   0.1015059425E+001   0.9916388978E+000
 0.7575758   0.1821992295E+001   0.1088131690E+001   0.1013366122E+001   0.9753981073E+000
 0.7676768   0.1828400741E+001   0.1050536942E+001   0.1019674873E+001   0.9761177196E+000
 0.7777778   0.1839059061E+001   0.1106506268E+001   0.1023494071E+001   0.1037680879E+001
 0.7878788   0.1863449145E+001   0.1037328085E+001   0.1019847931E+001   0.9667957699E+000
 0.7979798   0.1858707417E+001   0.1066699358E+001   0.1021363087E+001   0.9888726818E+000
 0.8080808   0.1900438479E+001   0.1079627687E+001   0.1017618907E+001   0.9883313222E+000
 0.8181818   0.1911240400E+001   0.1153534768E+001   0.1029320188E+001   0.1060021868E+001
 0.8282828   0.1913028401E+001   0.1118653126E+001   0.1019085629E+001   0.9928536561E+000
 0.8383838   0.1936174299E+001   0.1104233992E+001   0.1033754376E+001   0.1000478905E+001
 0.8484848   0.1940506991E+001   0.1099809666E+001   0.1026706574E+001   0.9983266704E+000
 0.8585859   0.1949162358E+001   0.1092271480E+001   0.1040084751E+001   0.1006605512E+001
 0.8686869   0.1974550677E+001   0.1084673181E+001   0.1031172215E+001   0.9859678250E+000
 0.8787879   0.1967600267E+001   0.1075800484E+001   0.1020678062E+001   0.9782237408E+000
 0.8888889   0.2000804879E+001   0.1104690851E+001   0.1029361733E+001   0.9973957959E+000
 0.8989899   0.1972835097E+001   0.1090099393E+001   0.1020225721E+001   0.9998055066E+000
 0.9090909   0.2040265811E+001   0.1090115423E+001   0.1034468396E+001   0.9848785037E+000
 0.9191919   0.2019600410E+001   0.1089237771E+001   0.1026499314E+001   0.1033435826E+001
 0.9292929   0.2047495003E+001   0.1134450855E+001   0.1015464567E+001   0.1037614859E+001
 0.9393939   0.2048913556E+001   0.1098591373E+001   0.1014217981E+001   0.9811880151E+000
 0.9494949   0.2063342969E+001   0.1111960532E+001   0.1019809032E+001   0.1008810563E+001
 0.9595960   0.2091151506E+001   0.1109908671E+001   0.1030685564E+001   0.1016785715E+001
 0.9696970   0.2128273313E+001   0.1115579342E+001   0.1031974507E+001   0.1016864939E+001
 0.9797980   0.2125620879E+001   0.1112449452E+001   0.1030015924E+001   0.1003502597E+001
 0.9898990   0.2116145652E+001   0.1096727866E+001   0.1020697314E+001   0.1004182598E+001
 1.0000000   0.2141890728E+001   0.1076758287E+001   0.1044394500E+001   0.1013544159E+001


 0.0000000   0.6264840243E-002   0.6327485603E+000   0.9700287666E+000   0.9761892428E+000
 0.0101010   0.6167223725E-002   0.6444216089E+000   0.9689314168E+000   0.9720425397E+000
 0.0202020   0.5909646260E-002   0.7038390874E+000   0.9583868896E+000   0.1058439608E+001
 0.0303030   0.5579049360E-002   0.6467947800E+000   0.9648988573E+000   0.9944423684E+000
 0.0404040   0.5033166388E-002   0.7063250714E+000   0.9637007434E+000   0.1043722628E+001
 0.0505051   0.4404740694E-002   0.6985266299E+000   0.9605665276E+000   0.1053825447E+001
 0.0606061   0.3849788319E-002   0.6773691012E+000   0.9567554311E+000   0.1026531618E+001
 0.0707071   0.3278985478E-002   0.6827246327E+000   0.9664250394E+000   0.1016056740E+001
 0.0808081   0.2758940059E-002   0.6481403291E+000   0.9706855332E+000   0.1007858734E+001
 0.0909091   0.2311558724E-002   0.6729263278E+000   0.9618328268E+000   0.1006106561E+001
 0.1010101   0.1998970812E-002   0.6761035466E+000   0.9729740442E+000   0.1030159983E+001
 0.1111111   0.1788646732E-002   0.6571981718E+000   0.9628417910E+000   0.1017045716E+001
 0.1212121   0.1611091178E-002   0.6864166881E+000   0.9554103550E+000   0.1004084089E+001
 0.1313131   0.1586042507E-002   0.7182032342E+000   0.9636681787E+000   0.9694095104E+000
 0.1414141   0.1612765244E-002   0.7320176749E+000   0.9679639139E+000   0.1039369225E+001
 0.1515152   0.1664781223E-002   0.7759674924E+000   0.9748362660E+000   0.9922036576E+000
 0.1616162   0.1787608631E-002   0.8718419671E+000   0.9662419863E+000   0.1023831809E+001
 0.1717172   0.1910950740E-002   0.8889710531E+000   0.9664495375E+000   0.1022852373E+001
 0.1818182   0.2123712869E-002   0.9055299216E+000   0.9819278076E+000   0.9916439798E+000
 0.1919192   0.2354440745E-002   0.7991371913E+000   0.9792020065E+000   0.1000547944E+001
 0.2020202   0.2658217207E-002   0.9139498591E+000   0.9741967261E+000   0.9923276771E+000
 0.2121212   0.3097157463E-002   0.9055073591E+000   0.9705154481E+000   0.9839547712E+000
 0.2222222   0.3648711164E-002   0.9473178356E+000   0.9732209441E+000   0.1017621294E+001
 0.2323232   0.4294030518E-002   0.9823267255E+000   0.9751406893E+000   0.9867149999E+000
 0.2424242   0.5003310157E-002   0.9630849634E+000   0.9814793843E+000   0.9769683396E+000
 0.2525253   0.5953996830E-002   0.9845173451E+000   0.9798417020E+000   0.1026948196E+001
 0.2626263   0.7091726432E-002   0.9771065694E+000   0.9826809990E+000   0.9974569962E+000
 0.2727273   0.8688826722E-002   0.9600656825E+000   0.9682255731E+000   0.1025132423E+001
 0.2828283   0.1065684182E-001   0.9888637148E+000   0.9764068346E+000   0.9704016664E+000
 0.2929293   0.1318872424E-001   0.1033365289E+001   0.9632850049E+000   0.9573605395E+000
 0.3030303   0.1604906072E-001   0.9885498901E+000   0.9811474666E+000   0.1032341454E+001
 0.3131313   0.2007328729E-001   0.9938828590E+000   0.9775169875E+000   0.1012180336E+001
 0.3232323   0.2455599931E-001   0.1034286252E+001   0.9782802179E+000   0.9910525023E+000
 0.3333333   0.3045109504E-001   0.1037047089E+001   0.9863132780E+000   0.9616630620E+000
 0.3434343   0.3792987239E-001   0.1075506000E+001   0.9957739960E+000   0.9819481993E+000
 0.3535354   0.4769430007E-001   0.1092624830E+001   0.9954654408E+000   0.1016371559E+001
 0.3636364   0.5928154341E-001   0.1068050099E+001   0.9842677131E+000   0.1016387459E+001
 0.3737374   0.7601510576E-001   0.1005106707E+001   0.9981977730E+000   0.9611606240E+000
 0.3838384   0.9488304332E-001   0.1112806015E+001   0.9952739050E+000   0.9841423904E+000
 0.3939394   0.1231941103E+000   0.1002770457E+001   0.1000777708E+001   0.1005953922E+001
 0.4040404   0.1550033716E+000   0.1123925255E+001   0.9947933760E+000   0.1011725598E+001
 0.4141414   0.1977671573E+000   0.1064413424E+001   0.9946162982E+000   0.1004850466E+001
 0.4242424   0.2509097974E+000   0.1035010305E+001   0.9959380766E+000   0.9665061823E+000
 0.4343434   0.3273825088E+000   0.1082164006E+001   0.9995712869E+000   0.1002389156E+001
 0.4444444   0.4167057078E+000   0.1115470449E+001   0.9924442380E+000   0.9844158693E+000
 0.4545455   0.5379407751E+000   0.1088670229E+001   0.1017883813E+001   0.9893480292E+000
 0.4646465   0.6947368049E+000   0.1104868096E+001   0.1004655599E+001   0.9423891605E+000
 0.4747475   0.9024783028E+000   0.1161391413E+001   0.1004179035E+001   0.1001517840E+001
 0.4848485   0.1156686334E+001   0.1135514207E+001   0.1003384770E+001   0.9852108661E+000
 0.4949495   0.1506535365E+001   0.1112459372E+001   0.1001218563E+001   0.1006790258E+001
 0.5050505   0.1704300849E+001   0.1091264923E+001   0.1007993263E+001   0.1033190511E+001
 0.5151515   0.1698635681E+001   0.1102179049E+001   0.1011748981E+001   0.1031384278E+001
 0.5252525   0.1695199984E+001   0.1141089211E+001   0.1010542348E+001   0.9681184357E+000
 0.5353535   0.1702585725E+001   0.1073684586E+001   0.1020218017E+001   0.1014339547E+001
 0.5454545   0.1704930685E+001   0.1104105071E+001   0.1028517047E+001   0.1050938018E+001
 0.5555556   0.1707184398E+001   0.1062380743E+001   0.1009768881E+001   0.9976954952E+000
 0.5656566   0.1717510243E+001   0.1179369672E+001   0.1001377944E+001   0.9544794713E+000
 0.5757576   0.1714229945E+001   0.1108394009E+001   0.1025450660E+001   0.1012794074E+001
 0.5858586   0.1710769590E+001   0.1058805602E+001   0.1020884284E+001   0.1019770965E+001
 0.5959596   0.1724926803E+001   0.1099736139E+001   0.1003792963E+001   0.1029689345E+001
 0.6060606   0.1724706535E+001   0.1104330697E+001   0.1014144220E+001   0.9876403762E+000
 0.6161616   0.1729661916E+001   0.1103616900E+001   0.1014399700E+001   0.9844222293E+000
 0.6262626   0.1737860802E+001   0.1095073894E+001   0.1015949665E+001   0.9763450622E+000
 0.6363636   0.1749661941E+001   0.1132630302E+001   0.9999107378E+000   0.1009016249E+001
 0.6464646   0.1761165372E+001   0.1074355309E+001   0.1004968220E+001   0.9545398910E+000
 0.6565657   0.1754916318E+001   0.1114494105E+001   0.1016744569E+001   0.9463069046E+000
 0.6666667   0.1755811990E+001   0.1121615670E+001   0.1027217817E+001   0.9737692727E+000
 0.6767677   0.1773825005E+001   0.1085888880E+001   0.1018990980E+001   0.9838689115E+000
 0.6868687   0.1765161936E+001   0.1103190262E+001   0.1015562019E+001   0.9740681915E+000
 0.6969697   0.1776625617E+001   0.1026910346E+001   0.1025885129E+001   0.1029581225E+001
 0.7070707   0.1796581243E+001   0.1101969833E+001   0.1027788677E+001   0.1034720084E+001
 0.7171717   0.1796085693E+001   0.1041407817E+001   0.1029009988E+001   0.9588455935E+000
 0.7272727   0.1803133379E+001   0.1087566714E+001   0.1017322057E+001   0.9973361567E+000
 0.7373737   0.1822848207E+001   0.1119392232E+001   0.1024834776E+001   0.1014164648E+001
 0.7474747   0.1816040954E+001   0.1080900503E+001   0.1018704403E+001   0.9951864854E+000
 0.7575758   0.1819068415E+001   0.1072599532E+001   0.1012714880E+001   0.9747582486E+000
 0.7676768   0.1835211342E+001   0.1041069378E+001   0.1018637070E+001   0.9751112272E+000
 0.7777778   0.1849016979E+001   0.1098380334E+001   0.1023184451E+001   0.1037353114E+001
 0.7878788   0.1860435973E+001   0.1022508595E+001   0.1024919963E+001   0.9715909815E+000
 0.7979798   0.1860180231E+001   0.1053997726E+001   0.1021164812E+001   0.9886675120E+000
 0.8080808   0.1901926299E+001   0.1066761982E+001   0.1020067634E+001   0.9906963437E+000
 0.8181818   0.1914603080E+001   0.1140900506E+001   0.1027272533E+001   0.1057899010E+001
 0.8282828   0.1918627865E+001   0.1107690467E+001   0.1015043975E+001   0.9889028310E+000
 0.8383838   0.1930996842E+001   0.1087306219E+001   0.1028273378E+001   0.9951610455E+000
 0.8484848   0.1939635750E+001   0.1085365839E+001   0.1025852039E+001   0.9974824361E+000
 0.8585859   0.1953043165E+001   0.1080557962E+001   0.1034713538E+001   0.1001393820E+001
 0.8686869   0.1964945424E+001   0.1065699490E+001   0.1029456428E+001   0.9843141097E+000
 0.8787879   0.1979523879E+001   0.1068585447E+001   0.1030858893E+001   0.9879679148E+000
 0.8888889   0.2017115577E+001   0.1099563843E+001   0.1032700898E+001   0.1000617903E+001
 0.8989899   0.1989556224E+001   0.1085388401E+001   0.1017972635E+001   0.9975841956E+000
 0.9090909   0.2030831346E+001   0.1071305261E+001   0.1024339907E+001   0.9752225267E+000
 0.9191919   0.2028941720E+001   0.1080389769E+001   0.1027431745E+001   0.1034360746E+001
 0.9292929   0.2049309400E+001   0.1121047503E+001   0.1023662102E+001   0.1045977238E+001
 0.9393939   0.2052066484E+001   0.1086319620E+001   0.1014018038E+001   0.9809814833E+000
 0.9494949   0.2066930192E+001   0.1099758702E+001   0.1026623930E+001   0.1015538402E+001
 0.9595960   0.2106527151E+001   0.1103881497E+001   0.1026385514E+001   0.1012530135E+001
 0.9696970   0.2134153572E+001   0.1104466072E+001   0.1030961524E+001   0.1015853221E+001
 0.9797980   0.2110521280E+001   0.1090530614E+001   0.1027809668E+001   0.1001339760E+001
 0.9898990   0.2104892536E+001   0.1077052561E+001   0.1010577668E+001   0.9942134094E+000
 1.0000000   0.2133026432E+001   0.1058694841E+001   0.1033208667E+001   0.1002675355E+001


 0.0000000   0.6484041544E-002   0.6537766089E+000   0.9676097899E+000   0.9737340735E+000
 0.0101010   0.6376620650E-002   0.6651711387E+000   0.9619546060E+000   0.9650226835E+000
 0.0202020   0.6151474131E-002   0.7313975857E+000   0.9607285687E+000   0.1061003054E+001
 0.0303030   0.5798692925E-002   0.6711179239E+000   0.9645765327E+000   0.9940889094E+000
 0.0404040   0.5226244819E-002   0.7321760335E+000   0.9641283247E+000   0.1044163377E+001
 0.0505051   0.4601417478E-002   0.7284784064E+000   0.9590042869E+000   0.1052089026E+001
 0.0606061   0.3974914160E-002   0.6981981769E+000   0.9562942182E+000   0.1026014820E+001
 0.0707071   0.3408436614E-002   0.7084736879E+000   0.9691400499E+000   0.1018889387E+001
 0.0808081   0.2856803590E-002   0.6699919547E+000   0.9732746418E+000   0.1010525377E+001
 0.0909091   0.2399547738E-002   0.6973557852E+000   0.9641900228E+000   0.1008550685E+001
 0.1010101   0.2054033638E-002   0.6935483414E+000   0.9693902432E+000   0.1026343591E+001
 0.1111111   0.1831231234E-002   0.6717031498E+000   0.9676342569E+000   0.1022086113E+001
 0.1212121   0.1659059781E-002   0.7056545948E+000   0.9553090687E+000   0.1003956166E+001
 0.1313131   0.1617796513E-002   0.7313392021E+000   0.9680803355E+000   0.9738271219E+000
 0.1414141   0.1623467305E-002   0.7356248353E+000   0.9711457896E+000   0.1042763517E+001
 0.1515152   0.1667901611E-002   0.7761027311E+000   0.9707873260E+000   0.9880614463E+000
 0.1616162   0.1757288989E-002   0.8556003231E+000   0.9669744507E+000   0.1024586012E+001
 0.1717172   0.1896642862E-002   0.8808178617E+000   0.9680418602E+000   0.1024515708E+001
 0.1818182   0.2101552109E-002   0.8945602457E+000   0.9789848498E+000   0.9886507523E+000
 0.1919192   0.2327339731E-002   0.7885982084E+000   0.9775074555E+000   0.9987950864E+000
 0.2020202   0.2650587797E-002   0.9097802903E+000   0.9777005789E+000   0.9958754370E+000
 0.2121212   0.3070163720E-002   0.8960921197E+000   0.9734100646E+000   0.9868683601E+000
 0.2222222   0.3633467002E-002   0.9417592042E+000   0.9716958514E+000   0.1016004889E+001
 0.2323232   0.4232716225E-002   0.9666570232E+000   0.9745753999E+000   0.9861219059E+000
 0.2424242   0.4936984905E-002   0.9487054608E+000   0.9845952836E+000   0.9800489525E+000
 0.2525253   0.5888763001E-002   0.9720783561E+000   0.9797573100E+000   0.1026837781E+001
 0.2626263   0.7030983604E-002   0.9670935100E+000   0.9797035894E+000   0.9944135446E+000
 0.2727273   0.8615541606E-002   0.9503527119E+000   0.9744387439E+000   0.1031688700E+001
 0.2828283   0.1046668395E-001   0.9695706421E+000   0.9839378230E+000   0.9778654187E+000
 0.2929293   0.1296527810E-001   0.1014133999E+001   0.9721638168E+000   0.9661640762E+000
 0.3030303   0.1583668407E-001   0.9738131826E+000   0.9827962955E+000   0.1034054194E+001
 0.3131313   0.1980289860E-001   0.9788313908E+000   0.9798616320E+000   0.1014586419E+001
 0.3232323   0.2454639316E-001   0.1032127264E+001   0.9781326829E+000   0.9908818441E+000
 0.3333333   0.3043002633E-001   0.1034571034E+001   0.9924545028E+000   0.9676301041E+000
 0.3434343   0.3785253166E-001   0.1071491701E+001   0.9968384771E+000   0.9829768728E+000
 0.3535354   0.4761650043E-001   0.1088991486E+001   0.9971771548E+000   0.1018097442E+001
 0.3636364   0.5945247142E-001   0.1069312047E+001   0.9894049626E+000   0.1021670498E+001
 0.3737374   0.7567200776E-001   0.9988722515E+000   0.1000540037E+001   0.9633953719E+000
 0.3838384   0.9525889730E-001   0.1115318313E+001   0.9968893655E+000   0.9857186965E+000
 0.3939394   0.1226601742E+000   0.9967301300E+000   0.9997969703E+000   0.1004946614E+001
 0.4040404   0.1554030600E+000   0.1124911292E+001   0.9944315033E+000   0.1011335931E+001
 0.4141414   0.1991671487E+000   0.1070129418E+001   0.9964028729E+000   0.1006633890E+001
 0.4242424   0.2526902424E+000   0.1040585933E+001   0.9913261687E+000   0.9620099859E+000
 0.4343434   0.3270293151E+000   0.1079162192E+001   0.9998768857E+000   0.1002674167E+001
 0.4444444   0.4173341953E+000   0.1115257149E+001   0.9916109145E+000   0.9835682466E+000
 0.4545455   0.5353241760E+000   0.1081536458E+001   0.1016907364E+001   0.9883778106E+000
 0.4646465   0.6949464167E+000   0.1103326046E+001   0.1006751479E+001   0.9443349415E+000
 0.4747475   0.9032894320E+000   0.1160462725E+001   0.1009133309E+001   0.1006437455E+001
 0.4848485   0.1156335424E+001   0.1133243463E+001   0.1007861530E+001   0.9895853709E+000
 0.4949495   0.1509350073E+001   0.1112646569E+001   0.1003075014E+001   0.1008635463E+001
 0.5050505   0.1710210866E+001   0.1093190934E+001   0.1012169963E+001   0.1037449424E+001
 0.5151515   0.1707214407E+001   0.1105865732E+001   0.1013367444E+001   0.1033012053E+001
 0.5252525   0.1703405906E+001   0.1144667185E+001   0.1013075980E+001   0.9705249405E+000
 0.5353535   0.1707088269E+001   0.1074697238E+001   0.1020186583E+001   0.1014286597E+001
 0.5454545   0.1703338206E+001   0.1101201996E+001   0.1026263735E+001   0.1048613154E+001
 0.5555556   0.1707430758E+001   0.1060731050E+001   0.1012464638E+001   0.1000337621E+001
 0.5656566   0.1717438015E+001   0.1177318900E+001   0.1002902544E+001   0.9559122196E+000
 0.5757576   0.1717023595E+001   0.1108316453E+001   0.1020072747E+001   0.1007460986E+001
 0.5858586   0.1710469509E+001   0.1056823520E+001   0.1024006324E+001   0.1022867719E+001
 0.5959596   0.1728803404E+001   0.1100337363E+001   0.1001300612E+001   0.1027110722E+001
 0.6060606   0.1724694226E+001   0.1102448902E+001   0.1021033939E+001   0.9943287672E+000
 0.6161616   0.1732817490E+001   0.1103754192E+001   0.1009228751E+001   0.9793831401E+000
 0.6262626   0.1743935955E+001   0.1097037300E+001   0.1016686341E+001   0.9770321194E+000
 0.6363636   0.1745998120E+001   0.1128340632E+001   0.1005122241E+001   0.1014253513E+001
 0.6464646   0.1757671731E+001   0.1070404654E+001   0.1006939648E+001   0.9563919354E+000
 0.6565657   0.1754423842E+001   0.1112290707E+001   0.1023065545E+001   0.9521696096E+000
 0.6666667   0.1759155712E+001   0.1121844763E+001   0.1020534481E+001   0.9674129913E+000
 0.6767677   0.1766893188E+001   0.1079809972E+001   0.1016060781E+001   0.9810187227E+000
 0.6868687   0.1766613146E+001   0.1102223708E+001   0.1016248644E+001   0.9747059115E+000
 0.6969697   0.1776684652E+001   0.1025201858E+001   0.1016559660E+001   0.1020200334E+001
 0.7070707   0.1796510453E+001   0.1100056565E+001   0.1022133516E+001   0.1029004773E+001
 0.7171717   0.1794440675E+001   0.1038688467E+001   0.1024363826E+001   0.9544958175E+000
 0.7272727   0.1801410126E+001   0.1084683611E+001   0.1016385320E+001   0.9963965076E+000
 0.7373737   0.1818296778E+001   0.1114702505E+001   0.1021325328E+001   0.1010670119E+001
 0.7474747   0.1816569578E+001   0.1079380436E+001   0.1017941321E+001   0.9944197478E+000
 0.7575758   0.1818280566E+001   0.1070315689E+001   0.1010884038E+001   0.9729752128E+000
 0.7676768   0.1838500692E+001   0.1041165599E+001   0.1023769579E+001   0.9800034622E+000
 0.7777778   0.1860398874E+001   0.1103266272E+001   0.1023115737E+001   0.1037261260E+001
 0.7878788   0.1859153156E+001   0.1020069663E+001   0.1025784826E+001   0.9723900423E+000
 0.7979798   0.1869006225E+001   0.1057201624E+001   0.1022446526E+001   0.9898872610E+000
 0.8080808   0.1890299511E+001   0.1058441580E+001   0.1015400588E+001   0.9861425833E+000
 0.8181818   0.1906495490E+001   0.1134141459E+001   0.1027499672E+001   0.1058110285E+001
 0.8282828   0.1915049849E+001   0.1103748632E+001   0.1017457875E+001   0.9912333600E+000
 0.8383838   0.1926468028E+001   0.1082915423E+001   0.1024388613E+001   0.9913801695E+000
 0.8484848   0.1941940358E+001   0.1084811499E+001   0.1029882240E+001   0.1001379762E+001
 0.8585859   0.1953284666E+001   0.1078857764E+001   0.1029866821E+001   0.9966818557E+000
 0.8686869   0.1965288714E+001   0.1064076986E+001   0.1025558244E+001   0.9805658876E+000
 0.8787879   0.1980352233E+001   0.1067218579E+001   0.1029235236E+001   0.9863907121E+000
 0.8888889   0.2010496357E+001   0.1094095879E+001   0.1027384470E+001   0.9954453470E+000
 0.8989899   0.1991983387E+001   0.1084868493E+001   0.1014853842E+001   0.9945065929E+000
 0.9090909   0.2026082353E+001   0.1066986434E+001   0.1021080371E+001   0.9720984909E+000
 0.9191919   0.2034544957E+001   0.1081535068E+001   0.1025608770E+001   0.1032503389E+001
 0.9292929   0.2042943272E+001   0.1115668614E+001   0.1019456110E+001   0.1041657276E+001
 0.9393939   0.2051475096E+001   0.1084163719E+001   0.1012265690E+001   0.9792652789E+000
 0.9494949   0.2070797529E+001   0.1099946749E+001   0.1025775472E+001   0.1014677400E+001
 0.9595960   0.2108259476E+001   0.1102914581E+001   0.1027844249E+001   0.1013947488E+001
 0.9696970   0.2119979706E+001   0.1095269111E+001   0.1026621452E+001   0.1011555112E+001
 0.9797980   0.2107648597E+001   0.1087198276E+001   0.1022944396E+001   0.9965784687E+000
 0.9898990   0.2103274452E+001   0.1074398370E+001   0.1010548400E+001   0.9941633480E+000
 1.0000000   0.2130154106E+001   0.1055475138E+001   0.1022882612E+001   0.9926332202E+000


 0.0000000   0.6252365070E-002   0.6313761416E+000   0.9672440423E+000   0.9733371895E+000
 0.0101010   0.6193036310E-002   0.6470035916E+000   0.9675460858E+000   0.9706032563E+000
 0.0202020   0.5960190594E-002   0.7097325400E+000   0.9605453125E+000   0.1060769260E+001
 0.0303030   0.5604407714E-002   0.6496189697E+000   0.9630802338E+000   0.9925174399E+000
 0.0404040   0.5067690112E-002   0.7110433157E+000   0.9657753498E+000   0.1045916156E+001
 0.0505051   0.4476465429E-002   0.7097747236E+000   0.9605994857E+000   0.1053807856E+001
 0.0606061   0.3864793628E-002   0.6798882157E+000   0.9588055354E+000   0.1028678770E+001
 0.0707071   0.3280840333E-002   0.6829892187E+000   0.9688383278E+000   0.1018542016E+001
 0.0808081   0.2766812914E-002   0.6498741285E+000   0.9718146009E+000   0.1008979578E+001
 0.0909091   0.2344175005E-002   0.6822998783E+000   0.9668808643E+000   0.1011335381E+001
 0.1010101   0.1999084837E-002   0.6760217362E+000   0.9705262357E+000   0.1027515899E+001
 0.1111111   0.1791151006E-002   0.6580011433E+000   0.9673272777E+000   0.1021731605E+001
 0.1212121   0.1628163554E-002   0.6935669930E+000   0.9581422581E+000   0.1006903814E+001
 0.1313131   0.1601536953E-002   0.7250904271E+000   0.9710035675E+000   0.9767387847E+000
 0.1414141   0.1604795597E-002   0.7282706527E+000   0.9690094250E+000   0.1040438796E+001
 0.1515152   0.1655722019E-002   0.7716075295E+000   0.9682580099E+000   0.9854579433E+000
 0.1616162   0.1747137041E-002   0.8519516976E+000   0.9665952171E+000   0.1024153857E+001
 0.1717172   0.1893480065E-002   0.8806869041E+000   0.9729236313E+000   0.1029651784E+001
 0.1818182   0.2107100668E-002   0.8982866907E+000   0.9815267946E+000   0.9911884446E+000
 0.1919192   0.2325268634E-002   0.7890951697E+000   0.9832427536E+000   0.1004625537E+001
 0.2020202   0.2636642084E-002   0.9063704931E+000   0.9793939880E+000   0.9975707864E+000
 0.2121212   0.3088807312E-002   0.9029052715E+000   0.9748676820E+000   0.9883168654E+000
 0.2222222   0.3635767987E-002   0.9437893310E+000   0.9747488839E+000   0.1019166960E+001
 0.2323232   0.4239839004E-002   0.9697568871E+000   0.9773333708E+000   0.9888832705E+000
 0.2424242   0.4978196702E-002   0.9580802837E+000   0.9794279473E+000   0.9748766091E+000
 0.2525253   0.5957002862E-002   0.9848390380E+000   0.9805948988E+000   0.1027685188E+001
 0.2626263   0.7133899330E-002   0.9827422085E+000   0.9827372326E+000   0.9974632011E+000
 0.2727273   0.8683838914E-002   0.9593437315E+000   0.9770581985E+000   0.1034431421E+001
 0.2828283   0.1058575937E-001   0.9820929939E+000   0.9878751880E+000   0.9817494135E+000
 0.2929293   0.1309420186E-001   0.1025776599E+001   0.9791175450E+000   0.9730460763E+000
 0.3030303   0.1591815338E-001   0.9803120263E+000   0.9857042295E+000   0.1037083083E+001
 0.3131313   0.1986640578E-001   0.9834644726E+000   0.9812615374E+000   0.1016005850E+001
 0.3232323   0.2464666692E-001   0.1037920307E+001   0.9828702250E+000   0.9956516539E+000
 0.3333333   0.3066225136E-001   0.1044052350E+001   0.9918789198E+000   0.9670402831E+000
 0.3434343   0.3818819275E-001   0.1082637923E+001   0.9982144494E+000   0.9843045652E+000
 0.3535354   0.4780405361E-001   0.1094944192E+001   0.9933975800E+000   0.1014208542E+001
 0.3636364   0.6022067880E-001   0.1084776936E+001   0.9937269546E+000   0.1026103050E+001
 0.3737374   0.7635978811E-001   0.1009484501E+001   0.1000692557E+001   0.9635136991E+000
 0.3838384   0.9577062607E-001   0.1123015780E+001   0.9990825418E+000   0.9878580456E+000
 0.3939394   0.1227457136E+000   0.9989427370E+000   0.9965919441E+000   0.1001695418E+001
 0.4040404   0.1555323774E+000   0.1127560282E+001   0.9989782712E+000   0.1015929908E+001
 0.4141414   0.1994208871E+000   0.1073122967E+001   0.9995749322E+000   0.1009808618E+001
 0.4242424   0.2543133588E+000   0.1048863329E+001   0.9953604876E+000   0.9658963979E+000
 0.4343434   0.3273743764E+000   0.1081944467E+001   0.9953504854E+000   0.9981055488E+000
 0.4444444   0.4180914154E+000   0.1118980566E+001   0.9937512531E+000   0.9856620390E+000
 0.4545455   0.5360260009E+000   0.1084602028E+001   0.1019824441E+001   0.9911836982E+000
 0.4646465   0.6962390967E+000   0.1107060122E+001   0.1007501632E+001   0.9450106035E+000
 0.4747475   0.9017682348E+000   0.1160271028E+001   0.1006624543E+001   0.1003905664E+001
 0.4848485   0.1153995220E+001   0.1132670661E+001   0.1007938480E+001   0.9896316215E+000
 0.4949495   0.1503090066E+001   0.1109717683E+001   0.1002556365E+001   0.1008084089E+001
 0.5050505   0.1699551563E+001   0.1088030211E+001   0.1010079682E+001   0.1035276282E+001
 0.5151515   0.1701084117E+001   0.1103571236E+001   0.1012514496E+001   0.1032112008E+001
 0.5252525   0.1700228206E+001   0.1144270100E+001   0.1013286823E+001   0.9706981845E+000
 0.5353535   0.1703971011E+001   0.1074366867E+001   0.1021325456E+001   0.1015388817E+001
 0.5454545   0.1704204809E+001   0.1103438512E+001   0.1020797616E+001   0.1042997112E+001
 0.5555556   0.1707588990E+001   0.1062443335E+001   0.1009289013E+001   0.9971705057E+000
 0.5656566   0.1714619852E+001   0.1177175301E+001   0.1007010039E+001   0.9597988407E+000
 0.5757576   0.1710348765E+001   0.1105687614E+001   0.1017750968E+001   0.1005138149E+001
 0.5858586   0.1712028058E+001   0.1059395833E+001   0.1024540200E+001   0.1023370699E+001
 0.5959596   0.1725560797E+001   0.1099944482E+001   0.1002427072E+001   0.1028235771E+001
 0.6060606   0.1722601091E+001   0.1102786211E+001   0.1018931197E+001   0.9922516408E+000
 0.6161616   0.1731340170E+001   0.1104491042E+001   0.1009456921E+001   0.9795755569E+000
 0.6262626   0.1737236032E+001   0.1094485318E+001   0.1014307098E+001   0.9747168132E+000
 0.6363636   0.1752251830E+001   0.1134104901E+001   0.1009094707E+001   0.1018231917E+001
 0.6464646   0.1749109357E+001   0.1066810873E+001   0.1001676125E+001   0.9513644668E+000
 0.6565657   0.1754933233E+001   0.1114306427E+001   0.1022905618E+001   0.9519925753E+000
 0.6666667   0.1759756957E+001   0.1123935586E+001   0.1015583259E+001   0.9626909877E+000
 0.6767677   0.1768439416E+001   0.1082399226E+001   0.1011389172E+001   0.9764793142E+000
 0.6868687   0.1765396041E+001   0.1103140141E+001   0.1014068067E+001   0.9725856743E+000
 0.6969697   0.1780203641E+001   0.1028795292E+001   0.1020715324E+001   0.1024340549E+001
 0.7070707   0.1795960760E+001   0.1101393126E+001   0.1020898547E+001   0.1027731070E+001
 0.7171717   0.1798097471E+001   0.1042388674E+001   0.1022298506E+001   0.9525431591E+000
 0.7272727   0.1801303886E+001   0.1086269821E+001   0.1015260186E+001   0.9952640302E+000
 0.7373737   0.1819383772E+001   0.1117065846E+001   0.1020379437E+001   0.1009704197E+001
 0.7474747   0.1820445758E+001   0.1083329321E+001   0.1016898690E+001   0.9933717940E+000
 0.7575758   0.1827088269E+001   0.1077136575E+001   0.1014077996E+001   0.9760204944E+000
 0.7676768   0.1838274186E+001   0.1042621197E+001   0.1021290117E+001   0.9776010495E+000
 0.7777778   0.1859716263E+001   0.1104539399E+001   0.1019410536E+001   0.1033474228E+001
 0.7878788   0.1862952860E+001   0.1023709606E+001   0.1024531107E+001   0.9711728257E+000
 0.7979798   0.1872346688E+001   0.1060702493E+001   0.1022787993E+001   0.9901885338E+000
 0.8080808   0.1888670876E+001   0.1059138617E+001   0.1014997746E+001   0.9857221602E+000
 0.8181818   0.1907943248E+001   0.1136729539E+001   0.1025003655E+001   0.1055508654E+001
 0.8282828   0.1916212718E+001   0.1106099160E+001   0.1014752483E+001   0.9885684252E+000
 0.8383838   0.1925976282E+001   0.1084286166E+001   0.1022724931E+001   0.9897407890E+000
 0.8484848   0.1946144741E+001   0.1088814207E+001   0.1028575997E+001   0.1000080056E+001
 0.8585859   0.1950972272E+001   0.1079220029E+001   0.1027363039E+001   0.9942293124E+000
 0.8686869   0.1964474135E+001   0.1065254198E+001   0.1020675658E+001   0.9758686092E+000
 0.8787879   0.1983561621E+001   0.1070574465E+001   0.1028251127E+001   0.9854183899E+000
 0.8888889   0.2006531342E+001   0.1093599464E+001   0.1023837750E+001   0.9919795132E+000
 0.8989899   0.1996772216E+001   0.1089131098E+001   0.1012175869E+001   0.9918529422E+000
 0.9090909   0.2027052952E+001   0.1069121706E+001   0.1021115471E+001   0.9721031224E+000
 0.9191919   0.2034592483E+001   0.1083205857E+001   0.1025435811E+001   0.1032298700E+001
 0.9292929   0.2048681175E+001   0.1120504317E+001   0.1017727015E+001   0.1039859734E+001
 0.9393939   0.2053696574E+001   0.1086988998E+001   0.1015346062E+001   0.9822161440E+000
 0.9494949   0.2072772665E+001   0.1102670978E+001   0.1022959804E+001   0.1011862233E+001
 0.9595960   0.2103319324E+001   0.1102004273E+001   0.1022553049E+001   0.1008697958E+001
 0.9696970   0.2118712219E+001   0.1096279661E+001   0.1022277978E+001   0.1007245556E+001
 0.9797980   0.2107552803E+001   0.1088802889E+001   0.1019689574E+001   0.9933781226E+000
 0.9898990   0.2116753943E+001   0.1082929092E+001   0.1014136910E+001   0.9976641325E+000
 1.0000000   0.2127350823E+001   0.1055689857E+001   0.1021696330E+001   0.9914526615E+000


 0.0000000   0.6324982195E-002   0.6360332374E+000   0.9664266205E+000   0.9725050595E+000
 0.0101010   0.6295292740E-002   0.6549311709E+000   0.9663403797E+000   0.9693842123E+000
 0.0202020   0.6031171996E-002   0.7151760279E+000   0.9615282703E+000   0.1061844344E+001
 0.0303030   0.5672806458E-002   0.6547923674E+000   0.9610456378E+000   0.9904109202E+000
 0.0404040   0.5133579359E-002   0.7172704738E+000   0.9631057819E+000   0.1043014813E+001
 0.0505051   0.4531187272E-002   0.7154412418E+000   0.9613754774E+000   0.1054648777E+001
 0.0606061   0.3916904217E-002   0.6861685717E+000   0.9625791860E+000   0.1032717276E+001
 0.0707071   0.3333730018E-002   0.6910919654E+000   0.9691775730E+000   0.1018888651E+001
 0.0808081   0.2804044582E-002   0.6558598325E+000   0.9716742253E+000   0.1008823919E+001
 0.0909091   0.2362410797E-002   0.6847268328E+000   0.9659666872E+000   0.1010369241E+001
 0.1010101   0.2028809306E-002   0.6831991679E+000   0.9733210797E+000   0.1030464729E+001
 0.1111111   0.1817369689E-002   0.6648357932E+000   0.9670863859E+000   0.1021467125E+001
 0.1212121   0.1659785256E-002   0.7040750515E+000   0.9570797214E+000   0.1005777317E+001
 0.1313131   0.1627949672E-002   0.7339607704E+000   0.9689885019E+000   0.9747022366E+000
 0.1414141   0.1627502658E-002   0.7354809994E+000   0.9705309159E+000   0.1042062199E+001
 0.1515152   0.1674015416E-002   0.7768642762E+000   0.9672065415E+000   0.9843781212E+000
 0.1616162   0.1773570361E-002   0.8612179820E+000   0.9679847850E+000   0.1025616090E+001
 0.1717172   0.1924170389E-002   0.8912119346E+000   0.9731734031E+000   0.1029905996E+001
 0.1818182   0.2147297581E-002   0.9115879603E+000   0.9832538086E+000   0.9929226988E+000
 0.1919192   0.2384021113E-002   0.8056436981E+000   0.9802672694E+000   0.1001575499E+001
 0.2020202   0.2708052352E-002   0.9270182845E+000   0.9801910771E+000   0.9983728557E+000
 0.2121212   0.3162503244E-002   0.9205746618E+000   0.9750324920E+000   0.9884742332E+000
 0.2222222   0.3697998449E-002   0.9559216381E+000   0.9778382155E+000   0.1022387020E+001
 0.2323232   0.4334501091E-002   0.9872548794E+000   0.9752783464E+000   0.9867942610E+000
 0.2424242   0.5078961677E-002   0.9733778326E+000   0.9817960302E+000   0.9772240824E+000
 0.2525253   0.6094967223E-002   0.1003426315E+001   0.9827284086E+000   0.1029911030E+001
 0.2626263   0.7282183095E-002   0.9989664261E+000   0.9858500410E+000   0.1000612819E+001
 0.2727273   0.8792750197E-002   0.9673060050E+000   0.9784214574E+000   0.1035864549E+001
 0.2828283   0.1072868384E-001   0.9911826884E+000   0.9863652700E+000   0.9802392235E+000
 0.2929293   0.1319220138E-001   0.1029123969E+001   0.9830083867E+000   0.9769031889E+000
 0.3030303   0.1608722096E-001   0.9865732550E+000   0.9870435757E+000   0.1038482034E+001
 0.3131313   0.1999640811E-001   0.9857528271E+000   0.9753423365E+000   0.1009867137E+001
 0.3232323   0.2478287673E-001   0.1039283890E+001   0.9807934035E+000   0.9935380594E+000
 0.3333333   0.3087952269E-001   0.1047045320E+001   0.9917784623E+000   0.9669328372E+000
 0.3434343   0.3827647556E-001   0.1080594460E+001   0.9954720697E+000   0.9815907517E+000
 0.3535354   0.4809797513E-001   0.1097060854E+001   0.9935467219E+000   0.1014350838E+001
 0.3636364   0.6057572849E-001   0.1086601017E+001   0.9945642691E+000   0.1026957551E+001
 0.3737374   0.7646192552E-001   0.1006599793E+001   0.9981368484E+000   0.9610434965E+000
 0.3838384   0.9594597546E-001   0.1120358363E+001   0.9978510263E+000   0.9866306682E+000
 0.3939394   0.1225397928E+000   0.9930887581E+000   0.9956548539E+000   0.1000743693E+001
 0.4040404   0.1551660255E+000   0.1120191468E+001   0.1000037650E+001   0.1016997266E+001
 0.4141414   0.1992752934E+000   0.1067846845E+001   0.9970105928E+000   0.1007208125E+001
 0.4242424   0.2539301682E+000   0.1042895260E+001   0.1000492152E+001   0.9708666147E+000
 0.4343434   0.3260190741E+000   0.1072951179E+001   0.9950094077E+000   0.9977537199E+000
 0.4444444   0.4184639667E+000   0.1115285425E+001   0.9964618351E+000   0.9883408421E+000
 0.4545455   0.5352228497E+000   0.1078439701E+001   0.1017624153E+001   0.9890354823E+000
 0.4646465   0.6912330613E+000   0.1094495467E+001   0.1010701452E+001   0.9480026339E+000
 0.4747475   0.8980549337E+000   0.1150652230E+001   0.1008238624E+001   0.1005505502E+001
 0.4848485   0.1149350651E+001   0.1123385602E+001   0.1007374538E+001   0.9890682009E+000
 0.4949495   0.1503218267E+001   0.1105162683E+001   0.1003145560E+001   0.1008666618E+001
 0.5050505   0.1698398642E+001   0.1082736827E+001   0.1012943574E+001   0.1038201409E+001
 0.5151515   0.1703202281E+001   0.1100316127E+001   0.1011860249E+001   0.1031434960E+001
 0.5252525   0.1697290413E+001   0.1137507207E+001   0.1013375396E+001   0.9707734927E+000
 0.5353535   0.1706696864E+001   0.1071577189E+001   0.1020892681E+001   0.1014948581E+001
 0.5454545   0.1705177648E+001   0.1099442821E+001   0.1019680786E+001   0.1041845754E+001
 0.5555556   0.1706829671E+001   0.1057521681E+001   0.1011472466E+001   0.9993179187E+000
 0.5656566   0.1714907741E+001   0.1172440251E+001   0.1010163712E+001   0.9627951979E+000
 0.5757576   0.1713011095E+001   0.1102769148E+001   0.1015608728E+001   0.1003012599E+001
 0.5858586   0.1714727983E+001   0.1056621110E+001   0.1021828115E+001   0.1020651678E+001
 0.5959596   0.1726935868E+001   0.1096209030E+001   0.1003459188E+001   0.1029284344E+001
 0.6060606   0.1722643076E+001   0.1098192763E+001   0.1020515515E+001   0.9937847070E+000
 0.6161616   0.1730770009E+001   0.1099501482E+001   0.1010202634E+001   0.9802895598E+000
 0.6262626   0.1737705175E+001   0.1090194211E+001   0.1013548918E+001   0.9739786531E+000
 0.6363636   0.1750128755E+001   0.1127985120E+001   0.1013294816E+001   0.1022460007E+001
 0.6464646   0.1748994416E+001   0.1062271570E+001   0.1004700935E+001   0.9542279690E+000
 0.6565657   0.1754810913E+001   0.1109560606E+001   0.1018513548E+001   0.9478956694E+000
 0.6666667   0.1760706071E+001   0.1119830414E+001   0.1015036744E+001   0.9621634780E+000
 0.6767677   0.1768038554E+001   0.1077620099E+001   0.1011715625E+001   0.9767848987E+000
 0.6868687   0.1768848020E+001   0.1100666440E+001   0.1013836530E+001   0.9723540508E+000
 0.6969697   0.1779759535E+001   0.1024229492E+001   0.1020905446E+001   0.1024521277E+001
 0.7070707   0.1791791691E+001   0.1094232732E+001   0.1019296413E+001   0.1026108127E+001
 0.7171717   0.1797587860E+001   0.1037727308E+001   0.1022269177E+001   0.9525064694E+000
 0.7272727   0.1801393531E+001   0.1081772638E+001   0.1014939544E+001   0.9949399238E+000
 0.7373737   0.1816998054E+001   0.1110927160E+001   0.1018683425E+001   0.1008016022E+001
 0.7474747   0.1820805834E+001   0.1079004003E+001   0.1015562652E+001   0.9920569154E+000
 0.7575758   0.1827878095E+001   0.1073087504E+001   0.1016143907E+001   0.9779992606E+000
 0.7676768   0.1835233913E+001   0.1036535911E+001   0.1019929547E+001   0.9762890867E+000
 0.7777778   0.1856964731E+001   0.1098284473E+001   0.1021516459E+001   0.1035599026E+001
 0.7878788   0.1865110924E+001   0.1020601598E+001   0.1021803310E+001   0.9685775740E+000
 0.7979798   0.1876644836E+001   0.1058683334E+001   0.1023789468E+001   0.9911483462E+000
 0.8080808   0.1889068374E+001   0.1054923246E+001   0.1013891982E+001   0.9846386113E+000
 0.8181818   0.1905994201E+001   0.1130810763E+001   0.1021800588E+001   0.1052199919E+001
 0.8282828   0.1913456426E+001   0.1099880713E+001   0.1013474775E+001   0.9873139827E+000
 0.8383838   0.1925198150E+001   0.1079307223E+001   0.1022552315E+001   0.9895640129E+000
 0.8484848   0.1946851348E+001   0.1084646201E+001   0.1028776835E+001   0.1000265499E+001
 0.8585859   0.1946775739E+001   0.1072386876E+001   0.1024917663E+001   0.9918530536E+000
 0.8686869   0.1964005514E+001   0.1060538179E+001   0.1021542713E+001   0.9766880014E+000
 0.8787879   0.1985171652E+001   0.1066954536E+001   0.1024532432E+001   0.9818449497E+000
 0.8888889   0.2004727310E+001   0.1088038625E+001   0.1022509376E+001   0.9906827359E+000
 0.8989899   0.1998520797E+001   0.1085517854E+001   0.1013335293E+001   0.9929793271E+000
 0.9090909   0.2023035793E+001   0.1062532653E+001   0.1019173642E+001   0.9702449621E+000
 0.9191919   0.2035649193E+001   0.1079227907E+001   0.1023837853E+001   0.1030679916E+001
 0.9292929   0.2053194505E+001   0.1118268048E+001   0.1020730138E+001   0.1042917916E+001
 0.9393939   0.2057429499E+001   0.1084402469E+001   0.1015832195E+001   0.9826767562E+000
 0.9494949   0.2076991893E+001   0.1100286383E+001   0.1025825465E+001   0.1014686833E+001
 0.9595960   0.2102931105E+001   0.1097184785E+001   0.1023462593E+001   0.1009585254E+001
 0.9696970   0.2120042417E+001   0.1092372104E+001   0.1022912903E+001   0.1007861238E+001
 0.9797980   0.2110649347E+001   0.1085834293E+001   0.1019210145E+001   0.9929013059E+000
 0.9898990   0.2114257494E+001   0.1077120241E+001   0.1012252632E+001   0.9958006736E+000
 1.0000000   0.2132335450E+001   0.1053730197E+001   0.1021037446E+001   0.9908035429E+000


 0.0000000   0.6175520378E-002   0.6240383682E+000   0.9640020928E+000   0.9700741233E+000
 0.0101010   0.6162075878E-002   0.6442048671E+000   0.9652046757E+000   0.9682537552E+000
 0.0202020   0.5925373994E-002   0.7060642646E+000   0.9624008459E+000   0.1062817641E+001
 0.0303030   0.5564713577E-002   0.6454545796E+000   0.9596633094E+000   0.9889953672E+000
 0.0404040   0.5043749664E-002   0.7081633161E+000   0.9634331597E+000   0.1043378862E+001
 0.0505051   0.4444344790E-002   0.7051588048E+000   0.9627149106E+000   0.1056127788E+001
 0.0606061   0.3837214664E-002   0.6754935331E+000   0.9615659433E+000   0.1031639605E+001
 0.0707071   0.3271556584E-002   0.6815176125E+000   0.9690277169E+000   0.1018740393E+001
 0.0808081   0.2732824988E-002   0.6423255076E+000   0.9695733340E+000   0.1006651879E+001
 0.0909091   0.2320139253E-002   0.6757611331E+000   0.9678162147E+000   0.1012313012E+001
 0.1010101   0.1992496708E-002   0.6742499802E+000   0.9722836634E+000   0.1029375787E+001
 0.1111111   0.1776997857E-002   0.6532437238E+000   0.9659318948E+000   0.1020257013E+001
 0.1212121   0.1624395639E-002   0.6924303534E+000   0.9567379925E+000   0.1005427364E+001
 0.1313131   0.1595559348E-002   0.7228731023E+000   0.9697046614E+000   0.9754315087E+000
 0.1414141   0.1599573648E-002   0.7263922816E+000   0.9694014019E+000   0.1040858922E+001
 0.1515152   0.1643122949E-002   0.7662544130E+000   0.9685700269E+000   0.9857747975E+000
 0.1616162   0.1746895695E-002   0.8524106570E+000   0.9692419374E+000   0.1026957449E+001
 0.1717172   0.1894165973E-002   0.8816023246E+000   0.9733295657E+000   0.1030080650E+001
 0.1818182   0.2103550936E-002   0.8973804576E+000   0.9829694298E+000   0.9926445701E+000
 0.1919192   0.2344612436E-002   0.7961982351E+000   0.9769421198E+000   0.9981871674E+000
 0.2020202   0.2655296030E-002   0.9134008678E+000   0.9802263564E+000   0.9984178885E+000
 0.2121212   0.3105584096E-002   0.9084239188E+000   0.9728390328E+000   0.9862595234E+000
 0.2222222   0.3619714051E-002   0.9402580507E+000   0.9777791315E+000   0.1022334561E+001
 0.2323232   0.4259436812E-002   0.9748989026E+000   0.9744146160E+000   0.9859293171E+000
 0.2424242   0.5007677257E-002   0.9644063826E+000   0.9810547505E+000   0.9764951540E+000
 0.2525253   0.6015788586E-002   0.9952310261E+000   0.9823208291E+000   0.1029493264E+001
 0.2626263   0.7207511707E-002   0.9935549331E+000   0.9836013674E+000   0.9983395704E+000
 0.2727273   0.8686917796E-002   0.9603335246E+000   0.9783525640E+000   0.1035801051E+001
 0.2828283   0.1063357450E-001   0.9871968671E+000   0.9856090677E+000   0.9794966445E+000
 0.2929293   0.1303660776E-001   0.1021956120E+001   0.9837869245E+000   0.9776858017E+000
 0.3030303   0.1595520238E-001   0.9832588356E+000   0.9855496750E+000   0.1036919731E+001
 0.3131313   0.1985608234E-001   0.9836188294E+000   0.9750687266E+000   0.1009593043E+001
 0.3232323   0.2460514760E-001   0.1036873279E+001   0.9808239303E+000   0.9935780379E+000
 0.3333333   0.3067879666E-001   0.1045322868E+001   0.9903420361E+000   0.9655411952E+000
 0.3434343   0.3806293210E-001   0.1079817259E+001   0.9950458593E+000   0.9811794266E+000
 0.3535354   0.4792078993E-001   0.1098361048E+001   0.9925264598E+000   0.1013318448E+001
 0.3636364   0.6010029180E-001   0.1083341229E+001   0.9951342093E+000   0.1027555419E+001
 0.3737374   0.7629451158E-001   0.1009304321E+001   0.9986451561E+000   0.9615416773E+000
 0.3838384   0.9536370293E-001   0.1119001151E+001   0.9954713823E+000   0.9842867525E+000
 0.3939394   0.1224212909E+000   0.9969769278E+000   0.9935782167E+000   0.9986655432E+000
 0.4040404   0.1549694179E+000   0.1124239540E+001   0.9959198906E+000   0.1012818905E+001
 0.4141414   0.1984345903E+000   0.1068538365E+001   0.9985765354E+000   0.1008799278E+001
 0.4242424   0.2535438138E+000   0.1046397375E+001   0.1001220527E+001   0.9715822770E+000
 0.4343434   0.3264620995E+000   0.1079659847E+001   0.9953017173E+000   0.9980559316E+000
 0.4444444   0.4178801529E+000   0.1119172251E+001   0.9952143868E+000   0.9871125564E+000
 0.4545455   0.5350119706E+000   0.1083283055E+001   0.1016056717E+001   0.9875210808E+000
 0.4646465   0.6914480461E+000   0.1100186340E+001   0.1009594990E+001   0.9469734413E+000
 0.4747475   0.8960855866E+000   0.1153739872E+001   0.1010014589E+001   0.1007285833E+001
 0.4848485   0.1148696414E+001   0.1128233008E+001   0.1007476581E+001   0.9891774041E+000
 0.4949495   0.1498583032E+001   0.1107139149E+001   0.1003970402E+001   0.1009505200E+001
 0.5050505   0.1699629099E+001   0.1088816420E+001   0.1012343685E+001   0.1037596019E+001
 0.5151515   0.1697851439E+001   0.1102219689E+001   0.1012467090E+001   0.1032062946E+001
 0.5252525   0.1698672163E+001   0.1143996769E+001   0.1012747690E+001   0.9701810170E+000
 0.5353535   0.1702955801E+001   0.1074453624E+001   0.1018597534E+001   0.1012676027E+001
 0.5454545   0.1705219611E+001   0.1104842990E+001   0.1018907651E+001   0.1041065301E+001
 0.5555556   0.1708158169E+001   0.1063516930E+001   0.1011817385E+001   0.9996678040E+000
 0.5656566   0.1709783640E+001   0.1174649628E+001   0.1011029061E+001   0.9636287504E+000
 0.5757576   0.1714503615E+001   0.1109123906E+001   0.1017343691E+001   0.1004735201E+001
 0.5858586   0.1709307573E+001   0.1058428423E+001   0.1019554616E+001   0.1018390078E+001
 0.5959596   0.1726019392E+001   0.1100981611E+001   0.1004606061E+001   0.1030470124E+001
 0.6060606   0.1723807733E+001   0.1104305737E+001   0.1018033421E+001   0.9913766626E+000
 0.6161616   0.1728884822E+001   0.1103671299E+001   0.1010148496E+001   0.9802459588E+000
 0.6262626   0.1735773098E+001   0.1094303931E+001   0.1013026182E+001   0.9734851966E+000
 0.6363636   0.1748160865E+001   0.1132223054E+001   0.1011473650E+001   0.1020631670E+001
 0.6464646   0.1748334392E+001   0.1067060063E+001   0.1004541856E+001   0.9540855769E+000
 0.6565657   0.1752078233E+001   0.1113246725E+001   0.1021758472E+001   0.9509242749E+000
 0.6666667   0.1758564486E+001   0.1123934298E+001   0.1016815553E+001   0.9638584131E+000
 0.6767677   0.1767518415E+001   0.1082567858E+001   0.1014102932E+001   0.9790987036E+000
 0.6868687   0.1771076605E+001   0.1107438915E+001   0.1013944016E+001   0.9724660022E+000
 0.6969697   0.1782971114E+001   0.1031092161E+001   0.1022818537E+001   0.1026450498E+001
 0.7070707   0.1791917243E+001   0.1099657300E+001   0.1020806797E+001   0.1027637970E+001
 0.7171717   0.1801311436E+001   0.1044958768E+001   0.1021051355E+001   0.9513804253E+000
 0.7272727   0.1801777373E+001   0.1087290895E+001   0.1016538065E+001   0.9965160273E+000
 0.7373737   0.1817035414E+001   0.1116379219E+001   0.1019333056E+001   0.1008668042E+001
 0.7474747   0.1823786614E+001   0.1086052133E+001   0.1015929618E+001   0.9924244326E+000
 0.7575758   0.1830800010E+001   0.1080055430E+001   0.1017536471E+001   0.9793484750E+000
 0.7676768   0.1836938376E+001   0.1042568847E+001   0.1019944251E+001   0.9763120588E+000
 0.7777778   0.1858653474E+001   0.1104655465E+001   0.1023085486E+001   0.1037199136E+001
 0.7878788   0.1862940856E+001   0.1024396002E+001   0.1021787338E+001   0.9685712613E+000
 0.7979798   0.1877157847E+001   0.1064147945E+001   0.1025242539E+001   0.9925641353E+000
 0.8080808   0.1890971909E+001   0.1061146856E+001   0.1015802446E+001   0.9865029447E+000
 0.8181818   0.1908193571E+001   0.1137648284E+001   0.1023085545E+001   0.1053532706E+001
 0.8282828   0.1914299781E+001   0.1105742975E+001   0.1013934510E+001   0.9877708522E+000
 0.8383838   0.1930322817E+001   0.1087468839E+001   0.1024606346E+001   0.9915608161E+000
 0.8484848   0.1944596214E+001   0.1088684331E+001   0.1027177429E+001   0.9987195193E+000
 0.8585859   0.1950930439E+001   0.1079927447E+001   0.1026966389E+001   0.9938447430E+000
 0.8686869   0.1960390087E+001   0.1063759207E+001   0.1020710703E+001   0.9759014177E+000
 0.8787879   0.1983791063E+001   0.1071423106E+001   0.1024629302E+001   0.9819467329E+000
 0.8888889   0.2000642969E+001   0.1091128320E+001   0.1022508432E+001   0.9906908496E+000
 0.8989899   0.2004403394E+001   0.1094033594E+001   0.1015391851E+001   0.9950036401E+000
 0.9090909   0.2023763350E+001   0.1068109246E+001   0.1021241683E+001   0.9722225809E+000
 0.9191919   0.2039964064E+001   0.1086800866E+001   0.1023106030E+001   0.1029952590E+001
 0.9292929   0.2054722695E+001   0.1124569421E+001   0.1021343919E+001   0.1043554549E+001
 0.9393939   0.2057916816E+001   0.1089960051E+001   0.1017835148E+001   0.9846233089E+000
 0.9494949   0.2075422305E+001   0.1104827933E+001   0.1024701283E+001   0.1013584094E+001
 0.9595960   0.2100119506E+001   0.1101072637E+001   0.1023527680E+001   0.1009658661E+001
 0.9696970   0.2119587050E+001   0.1097474751E+001   0.1024751461E+001   0.1009681945E+001
 0.9797980   0.2114210301E+001   0.1092981672E+001   0.1020889558E+001   0.9945464314E+000
 0.9898990   0.2116723264E+001   0.1083646471E+001   0.1012776924E+001   0.9963255236E+000
 1.0000000   0.2137038632E+001   0.1061215296E+001   0.1021649281E+001   0.9914062965E+000


 0.0000000   0.6143123684E-002   0.6212730430E+000   0.9630845134E+000   0.9691410538E+000
 0.0101010   0.6117999175E-002   0.6401207291E+000   0.9648846161E+000   0.9679229864E+000
 0.0202020   0.5896093758E-002   0.7031506177E+000   0.9610543251E+000   0.1061319990E+001
 0.0303030   0.5529111462E-002   0.6418502774E+000   0.9602354603E+000   0.9895750907E+000
 0.0404040   0.5016037300E-002   0.7048491452E+000   0.9641561923E+000   0.1044151430E+001
 0.0505051   0.4416119393E-002   0.7012542602E+000   0.9622859242E+000   0.1055646600E+001
 0.0606061   0.3817481468E-002   0.6725700977E+000   0.9643517831E+000   0.1034618095E+001
 0.0707071   0.3246282680E-002   0.6768064666E+000   0.9699475756E+000   0.1019697224E+001
 0.0808081   0.2708290126E-002   0.6370801189E+000   0.9703053977E+000   0.1007401844E+001
 0.0909091   0.2300097411E-002   0.6704723986E+000   0.9669575322E+000   0.1011404716E+001
 0.1010101   0.1983032078E-002   0.6715967512E+000   0.9735182834E+000   0.1030672576E+001
 0.1111111   0.1769056041E-002   0.6508568047E+000   0.9671241796E+000   0.1021506118E+001
 0.1212121   0.1621962007E-002   0.6919591821E+000   0.9590422786E+000   0.1007838819E+001
 0.1313131   0.1590344287E-002   0.7211004604E+000   0.9713616908E+000   0.9770885341E+000
 0.1414141   0.1590188523E-002   0.7227217290E+000   0.9684349511E+000   0.1039810813E+001
 0.1515152   0.1634984864E-002   0.7630837076E+000   0.9688681807E+000   0.9860683675E+000
 0.1616162   0.1738199102E-002   0.8488616915E+000   0.9692240886E+000   0.1026928248E+001
 0.1717172   0.1888708746E-002   0.8797822682E+000   0.9723975588E+000   0.1029083991E+001
 0.1818182   0.2097918309E-002   0.8957105003E+000   0.9821267260E+000   0.9917836345E+000
 0.1919192   0.2337034160E-002   0.7942746908E+000   0.9745987545E+000   0.9957828649E+000
 0.2020202   0.2655208128E-002   0.9141186295E+000   0.9798728791E+000   0.9980478512E+000
 0.2121212   0.3096754398E-002   0.9065829497E+000   0.9739084234E+000   0.9873337739E+000
 0.2222222   0.3619165127E-002   0.9408853639E+000   0.9781598348E+000   0.1022722365E+001
 0.2323232   0.4244935142E-002   0.9723754331E+000   0.9770315964E+000   0.9885673175E+000
 0.2424242   0.5020139812E-002   0.9675982511E+000   0.9822021946E+000   0.9776274698E+000
 0.2525253   0.6011775705E-002   0.9953816438E+000   0.9848162780E+000   0.1032098207E+001
 0.2626263   0.7210837024E-002   0.9948273690E+000   0.9837399845E+000   0.9984702603E+000
 0.2727273   0.8693892095E-002   0.9618916198E+000   0.9784153085E+000   0.1035857101E+001
 0.2828283   0.1064611475E-001   0.9891704878E+000   0.9867161783E+000   0.9805870641E+000
 0.2929293   0.1303024092E-001   0.1022293532E+001   0.9850773568E+000   0.9789584224E+000
 0.3030303   0.1596282751E-001   0.9845343621E+000   0.9885133675E+000   0.1040027480E+001
 0.3131313   0.1988482823E-001   0.9858495211E+000   0.9784038362E+000   0.1013036089E+001
 0.3232323   0.2459263189E-001   0.1037194570E+001   0.9829842422E+000   0.9957564643E+000
 0.3333333   0.3067615133E-001   0.1046088721E+001   0.9906090275E+000   0.9657918236E+000
 0.3434343   0.3807947750E-001   0.1081171334E+001   0.9944430871E+000   0.9805752293E+000
 0.3535354   0.4792104215E-001   0.1099266330E+001   0.9910292994E+000   0.1011779786E+001
 0.3636364   0.6015167756E-001   0.1085155440E+001   0.9961969377E+000   0.1028642464E+001
 0.3737374   0.7618520326E-001   0.1008683655E+001   0.9990963539E+000   0.9619664728E+000
 0.3838384   0.9537778713E-001   0.1120082950E+001   0.9945671158E+000   0.9833827928E+000
 0.3939394   0.1222122795E+000   0.9960898514E+000   0.9937154180E+000   0.9987934396E+000
 0.4040404   0.1550623064E+000   0.1125834649E+001   0.9962642818E+000   0.1013158988E+001
 0.4141414   0.1981280895E+000   0.1067761628E+001   0.9997544043E+000   0.1009979086E+001
 0.4242424   0.2535256102E+000   0.1047179126E+001   0.9987711297E+000   0.9691956757E+000
 0.4343434   0.3254132581E+000   0.1077072509E+001   0.9961089045E+000   0.9988553444E+000
 0.4444444   0.4174829596E+000   0.1119024150E+001   0.9951096267E+000   0.9869987598E+000
 0.4545455   0.5342585062E+000   0.1082643352E+001   0.1013635512E+001   0.9851580032E+000
 0.4646465   0.6924028413E+000   0.1102607782E+001   0.1009865477E+001   0.9472176609E+000
 0.4747475   0.8955394108E+000   0.1153980925E+001   0.1009035587E+001   0.1006299393E+001
 0.4848485   0.1147997797E+001   0.1128470235E+001   0.1007461496E+001   0.9891526817E+000
 0.4949495   0.1500563485E+001   0.1109510172E+001   0.1004132154E+001   0.1009657727E+001
 0.5050505   0.1696333200E+001   0.1087594952E+001   0.1010488453E+001   0.1035684132E+001
 0.5151515   0.1698251279E+001   0.1103382128E+001   0.1012265334E+001   0.1031846946E+001
 0.5252525   0.1700689940E+001   0.1146293654E+001   0.1011769167E+001   0.9692339110E+000
 0.5353535   0.1704792087E+001   0.1076493067E+001   0.1015332764E+001   0.1009420122E+001
 0.5454545   0.1703237633E+001   0.1104462583E+001   0.1017077054E+001   0.1039184483E+001
 0.5555556   0.1708264462E+001   0.1064454123E+001   0.1011146161E+001   0.9989946301E+000
 0.5656566   0.1709209184E+001   0.1175216617E+001   0.1011165321E+001   0.9637489661E+000
 0.5757576   0.1710501579E+001   0.1107441152E+001   0.1018389252E+001   0.1005757726E+001
 0.5858586   0.1711643375E+001   0.1060742764E+001   0.1017740955E+001   0.1016568302E+001
 0.5959596   0.1722358413E+001   0.1099546101E+001   0.1007471633E+001   0.1033399117E+001
 0.6060606   0.1726530739E+001   0.1106955942E+001   0.1016933992E+001   0.9902960993E+000
 0.6161616   0.1727971176E+001   0.1103991420E+001   0.1008891832E+001   0.9790166857E+000
 0.6262626   0.1732329089E+001   0.1093027080E+001   0.1012553303E+001   0.9730210264E+000
 0.6363636   0.1748429009E+001   0.1133324090E+001   0.1010838299E+001   0.1019980348E+001
 0.6464646   0.1750230306E+001   0.1069092005E+001   0.1005630119E+001   0.9551096090E+000
 0.6565657   0.1753978240E+001   0.1115366639E+001   0.1019961438E+001   0.9492423111E+000
 0.6666667   0.1755421543E+001   0.1122844374E+001   0.1015536681E+001   0.9626365009E+000
 0.6767677   0.1767473784E+001   0.1083427063E+001   0.1015749915E+001   0.9806790109E+000
 0.6868687   0.1770149093E+001   0.1107765406E+001   0.1015433673E+001   0.9738849621E+000
 0.6969697   0.1782234405E+001   0.1031510180E+001   0.1021117706E+001   0.1024733360E+001
 0.7070707   0.1791510682E+001   0.1100308156E+001   0.1020822811E+001   0.1027643794E+001
 0.7171717   0.1801615346E+001   0.1045990976E+001   0.1019314991E+001   0.9497530255E+000
 0.7272727   0.1804242953E+001   0.1089670410E+001   0.1015456744E+001   0.9954460301E+000
 0.7373737   0.1816111098E+001   0.1116725110E+001   0.1017775711E+001   0.1007116900E+001
 0.7474747   0.1823378430E+001   0.1086698279E+001   0.1017480387E+001   0.9939293632E+000
 0.7575758   0.1831967147E+001   0.1081629035E+001   0.1017707032E+001   0.9795028202E+000
 0.7676768   0.1839737049E+001   0.1045012362E+001   0.1020250181E+001   0.9765951166E+000
 0.7777778   0.1859509372E+001   0.1106069219E+001   0.1021090380E+001   0.1035166135E+001
 0.7878788   0.1864001746E+001   0.1025818766E+001   0.1021089667E+001   0.9679002273E+000
 0.7979798   0.1878883911E+001   0.1065998718E+001   0.1022903498E+001   0.9902897267E+000
 0.8080808   0.1889635709E+001   0.1061265433E+001   0.1014838310E+001   0.9855567428E+000
 0.8181818   0.1909060855E+001   0.1139097445E+001   0.1022855358E+001   0.1053285115E+001
 0.8282828   0.1916608429E+001   0.1107983136E+001   0.1015975203E+001   0.9897489703E+000
 0.8383838   0.1930637237E+001   0.1088536692E+001   0.1024607917E+001   0.9915524020E+000
 0.8484848   0.1944893368E+001   0.1089742401E+001   0.1027769357E+001   0.9992850363E+000
 0.8585859   0.1951499040E+001   0.1081126851E+001   0.1026179849E+001   0.9930736207E+000
 0.8686869   0.1965147158E+001   0.1067213792E+001   0.1022886175E+001   0.9779715875E+000
 0.8787879   0.1982451718E+001   0.1071576584E+001   0.1024189728E+001   0.9815156357E+000
 0.8888889   0.1996592276E+001   0.1089810881E+001   0.1021927080E+001   0.9901176679E+000
 0.8989899   0.2005809747E+001   0.1095697783E+001   0.1015156713E+001   0.9947632569E+000
 0.9090909   0.2020764477E+001   0.1067399916E+001   0.1021889809E+001   0.9728298499E+000
 0.9191919   0.2040132101E+001   0.1087780491E+001   0.1022976001E+001   0.1029811372E+001
 0.9292929   0.2056567187E+001   0.1126500715E+001   0.1021073177E+001   0.1043267466E+001
 0.9393939   0.2055864234E+001   0.1089764642E+001   0.1018577828E+001   0.9853318828E+000
 0.9494949   0.2072512072E+001   0.1104182227E+001   0.1023436888E+001   0.1012323274E+001
 0.9595960   0.2098536955E+001   0.1101143958E+001   0.1023422552E+001   0.1009544842E+001
 0.9696970   0.2116373014E+001   0.1096708003E+001   0.1021420130E+001   0.1006389519E+001
 0.9797980   0.2113012637E+001   0.1093257101E+001   0.1020874718E+001   0.9945220103E+000
 0.9898990   0.2119191747E+001   0.1085798680E+001   0.1014131603E+001   0.9976482013E+000
 1.0000000   0.2144634468E+001   0.1065859418E+001   0.1022829845E+001   0.9925419680E+000


 0.0000000   0.6250934739E-002   0.6301572048E+000   0.9604351451E+000   0.9664719695E+000
 0.0101010   0.6256796606E-002   0.6525521203E+000   0.9640435529E+000   0.9670762178E+000
 0.0202020   0.6014070151E-002   0.7149294082E+000   0.9598646402E+000   0.1060002836E+001
 0.0303030   0.5645000065E-002   0.6532103088E+000   0.9600520864E+000   0.9893829865E+000
 0.0404040   0.5115586825E-002   0.7165418669E+000   0.9648735369E+000   0.1044924989E+001
 0.0505051   0.4521294519E-002   0.7156623909E+000   0.9631432395E+000   0.1056583752E+001
 0.0606061   0.3897879057E-002   0.6845413195E+000   0.9648240609E+000   0.1035121513E+001
 0.0707071   0.3308807767E-002   0.6876388289E+000   0.9707582819E+000   0.1020546287E+001
 0.0808081   0.2765267097E-002   0.6484054295E+000   0.9701429258E+000   0.1007229977E+001
 0.0909091   0.2344485650E-002   0.6812287125E+000   0.9671886642E+000   0.1011643275E+001
 0.1010101   0.2011585661E-002   0.6790911473E+000   0.9719439967E+000   0.1029002612E+001
 0.1111111   0.1804100319E-002   0.6616300666E+000   0.9671016101E+000   0.1021479051E+001
 0.1212121   0.1655385126E-002   0.7039625228E+000   0.9582515398E+000   0.1007004664E+001
 0.1313131   0.1617296733E-002   0.7309792008E+000   0.9701327288E+000   0.9758492419E+000
 0.1414141   0.1615979091E-002   0.7320975022E+000   0.9675249978E+000   0.1038830511E+001
 0.1515152   0.1659617074E-002   0.7721061817E+000   0.9676268494E+000   0.9848018860E+000
 0.1616162   0.1761081270E-002   0.8572894949E+000   0.9681312346E+000   0.1025767087E+001
 0.1717172   0.1912323095E-002   0.8879370419E+000   0.9741639278E+000   0.1030950072E+001
 0.1818182   0.2117645219E-002   0.9012452421E+000   0.9795754583E+000   0.9892041542E+000
 0.1919192   0.2357459650E-002   0.7986575884E+000   0.9750840054E+000   0.9962755141E+000
 0.2020202   0.2674259850E-002   0.9177370939E+000   0.9786726928E+000   0.9968222525E+000
 0.2121212   0.3117899440E-002   0.9098579172E+000   0.9749280694E+000   0.9883643514E+000
 0.2222222   0.3634578168E-002   0.9418744550E+000   0.9780392083E+000   0.1022593011E+001
 0.2323232   0.4263780034E-002   0.9735727309E+000   0.9775737726E+000   0.9891127685E+000
 0.2424242   0.5032413785E-002   0.9668660170E+000   0.9801512190E+000   0.9755829630E+000
 0.2525253   0.6028447428E-002   0.9949540566E+000   0.9850589041E+000   0.1032349218E+001
 0.2626263   0.7232953496E-002   0.9946915034E+000   0.9819626042E+000   0.9966631154E+000
 0.2727273   0.8719239788E-002   0.9616149519E+000   0.9792527751E+000   0.1036740457E+001
 0.2828283   0.1068072382E-001   0.9892165717E+000   0.9854374985E+000   0.9793132314E+000
 0.2929293   0.1307317346E-001   0.1022385971E+001   0.9868366742E+000   0.9807037115E+000
 0.3030303   0.1600715481E-001   0.9841150950E+000   0.9872335419E+000   0.1038677676E+001
 0.3131313   0.1994401751E-001   0.9856259368E+000   0.9810297016E+000   0.1015751691E+001
 0.3232323   0.2470575111E-001   0.1038637450E+001   0.9850901499E+000   0.9978865804E+000
 0.3333333   0.3072555707E-001   0.1044427033E+001   0.9891829867E+000   0.9643984602E+000
 0.3434343   0.3812168751E-001   0.1078912809E+001   0.9953762808E+000   0.9814923068E+000
 0.3535354   0.4810300108E-001   0.1099916038E+001   0.9926256787E+000   0.1013406388E+001
 0.3636364   0.6025533752E-001   0.1083553657E+001   0.9960460850E+000   0.1028483447E+001
 0.3737374   0.7633687749E-001   0.1007463765E+001   0.9992942745E+000   0.9621539967E+000
 0.3838384   0.9576430586E-001   0.1121030168E+001   0.9976906656E+000   0.9864680988E+000
 0.3939394   0.1226130110E+000   0.9961641744E+000   0.9961090709E+000   0.1001196160E+001
 0.4040404   0.1554813711E+000   0.1125271770E+001   0.9964804936E+000   0.1013375663E+001
 0.4141414   0.1983163562E+000   0.1065362689E+001   0.1000353694E+001   0.1010581310E+001
 0.4242424   0.2538383926E+000   0.1045122360E+001   0.9979305107E+000   0.9683768880E+000
 0.4343434   0.3257693736E+000   0.1074807384E+001   0.9960431551E+000   0.9987862565E+000
 0.4444444   0.4179221296E+000   0.1116623503E+001   0.9966675099E+000   0.9885408203E+000
 0.4545455   0.5347070060E+000   0.1080091462E+001   0.1012751098E+001   0.9842953258E+000
 0.4646465   0.6923563148E+000   0.1099012318E+001   0.1011606766E+001   0.9488479285E+000
 0.4747475   0.8957535150E+000   0.1150570246E+001   0.1009866041E+001   0.1007124411E+001
 0.4848485   0.1148995697E+001   0.1125843816E+001   0.1007496243E+001   0.9891836712E+000
 0.4949495   0.1500712005E+001   0.1106075981E+001   0.1006657681E+001   0.1012193952E+001
 0.5050505   0.1696814684E+001   0.1084429007E+001   0.1010866625E+001   0.1036068458E+001
 0.5151515   0.1701353839E+001   0.1101867391E+001   0.1012635299E+001   0.1032220806E+001
 0.5252525   0.1699574798E+001   0.1141883292E+001   0.1013235501E+001   0.9706355320E+000
 0.5353535   0.1704184452E+001   0.1072672398E+001   0.1016026135E+001   0.1010106262E+001
 0.5454545   0.1703124704E+001   0.1100862055E+001   0.1016729200E+001   0.1038825784E+001
 0.5555556   0.1707620307E+001   0.1060654268E+001   0.1012849799E+001   0.1000674631E+001
 0.5656566   0.1710767806E+001   0.1172531355E+001   0.1011227561E+001   0.9638052412E+000
 0.5757576   0.1711265292E+001   0.1104396981E+001   0.1018112314E+001   0.1005481044E+001
 0.5858586   0.1709850104E+001   0.1056247087E+001   0.1020603623E+001   0.1019424449E+001
 0.5959596   0.1722033698E+001   0.1095827635E+001   0.1008614837E+001   0.1034568472E+001
 0.6060606   0.1726667274E+001   0.1103507704E+001   0.1014591058E+001   0.9880114137E+000
 0.6161616   0.1726375563E+001   0.1099449219E+001   0.1010074980E+001   0.9801617000E+000
 0.6262626   0.1730808688E+001   0.1088579824E+001   0.1017017116E+001   0.9773074735E+000
 0.6363636   0.1747525864E+001   0.1129120831E+001   0.1011815379E+001   0.1020963037E+001
 0.6464646   0.1746996504E+001   0.1063708448E+001   0.1007057321E+001   0.9564620877E+000
 0.6565657   0.1754657574E+001   0.1112234892E+001   0.1019850716E+001   0.9491362660E+000
 0.6666667   0.1755366019E+001   0.1119222728E+001   0.1015348351E+001   0.9624549392E+000
 0.6767677   0.1769209314E+001   0.1081027162E+001   0.1016336842E+001   0.9812425719E+000
 0.6868687   0.1768040432E+001   0.1102911930E+001   0.1012903088E+001   0.9714548518E+000
 0.6969697   0.1783489947E+001   0.1028940002E+001   0.1022351985E+001   0.1025968766E+001
 0.7070707   0.1790159038E+001   0.1095966391E+001   0.1021831505E+001   0.1028655977E+001
 0.7171717   0.1801890468E+001   0.1042809416E+001   0.1018571728E+001   0.9490574853E+000
 0.7272727   0.1804129689E+001   0.1086121933E+001   0.1014321911E+001   0.9943304175E+000
 0.7373737   0.1815357579E+001   0.1112696552E+001   0.1016790537E+001   0.1006138864E+001
 0.7474747   0.1821534511E+001   0.1082132052E+001   0.1015886034E+001   0.9923687768E+000
 0.7575758   0.1831282168E+001   0.1077771296E+001   0.1017336460E+001   0.9791430649E+000
 0.7676768   0.1841025045E+001   0.1042403980E+001   0.1018704658E+001   0.9751126419E+000
 0.7777778   0.1858686140E+001   0.1102048445E+001   0.1021275728E+001   0.1035350765E+001
 0.7878788   0.1865174027E+001   0.1023185495E+001   0.1020497864E+001   0.9673361943E+000
 0.7979798   0.1877010926E+001   0.1061534776E+001   0.1021536395E+001   0.9889630851E+000
 0.8080808   0.1890178740E+001   0.1058179871E+001   0.1014834887E+001   0.9855503031E+000
 0.8181818   0.1906728729E+001   0.1134072204E+001   0.1021363768E+001   0.1051745826E+001
 0.8282828   0.1916099233E+001   0.1104150934E+001   0.1016456703E+001   0.9902149112E+000
 0.8383838   0.1930940730E+001   0.1085230594E+001   0.1023158248E+001   0.9901463720E+000
 0.8484848   0.1942874198E+001   0.1085134135E+001   0.1026211933E+001   0.9977676215E+000
 0.8585859   0.1953585680E+001   0.1078826151E+001   0.1025179592E+001   0.9921024979E+000
 0.8686869   0.1965717336E+001   0.1064113884E+001   0.1021571030E+001   0.9767111033E+000
 0.8787879   0.1980926140E+001   0.1067332096E+001   0.1023113917E+001   0.9804815498E+000
 0.8888889   0.1996628637E+001   0.1086349927E+001   0.1020819943E+001   0.9890418659E+000
 0.8989899   0.2005691464E+001   0.1092133835E+001   0.1014816291E+001   0.9944265300E+000
 0.9090909   0.2020305704E+001   0.1063749198E+001   0.1021752897E+001   0.9726964364E+000
 0.9191919   0.2040533904E+001   0.1084519791E+001   0.1024062643E+001   0.1030902016E+001
 0.9292929   0.2057213962E+001   0.1123255938E+001   0.1020955326E+001   0.1043143756E+001
 0.9393939   0.2056795269E+001   0.1086775995E+001   0.1018345893E+001   0.9851044041E+000
 0.9494949   0.2075357215E+001   0.1102166568E+001   0.1024063627E+001   0.1012940006E+001
 0.9595960   0.2098209153E+001   0.1097455568E+001   0.1022141284E+001   0.1008277761E+001
 0.9696970   0.2114532525E+001   0.1092254538E+001   0.1020166291E+001   0.1005150953E+001
 0.9797980   0.2115713728E+001   0.1091158417E+001   0.1022687623E+001   0.9962849678E+000
 0.9898990   0.2120974130E+001   0.1083241069E+001   0.1013721250E+001   0.9972413661E+000
 1.0000000   0.2143498142E+001   0.1061892240E+001   0.1021268773E+001   0.9910239895E+000


 0.0000000   0.6292502867E-002   0.6337874420E+000   0.9611837482E+000   0.9672289879E+000
 0.0101010   0.6303747729E-002   0.6568682324E+000   0.9649412084E+000   0.9679804100E+000
 0.0202020   0.6068088801E-002   0.7207138472E+000   0.9614263008E+000   0.1061731490E+001
 0.0303030   0.5681422950E-002   0.6568443468E+000   0.9614155797E+000   0.9907919367E+000
 0.0404040   0.5153011942E-002   0.7211465431E+000   0.9656192067E+000   0.1045736535E+001
 0.0505051   0.4549050724E-002   0.7194198935E+000   0.9621428501E+000   0.1055490357E+001
 0.0606061   0.3910553484E-002   0.6861606436E+000   0.9647853387E+000   0.1035083940E+001
 0.0707071   0.3331735296E-002   0.6917921213E+000   0.9682968800E+000   0.1017962550E+001
 0.0808081   0.2783206608E-002   0.6520355426E+000   0.9693095297E+000   0.1006368582E+001
 0.0909091   0.2356575302E-002   0.6841368026E+000   0.9675207164E+000   0.1011994470E+001
 0.1010101   0.2025689361E-002   0.6832484439E+000   0.9723889207E+000   0.1029477605E+001
 0.1111111   0.1815383277E-002   0.6651799443E+000   0.9678566194E+000   0.1022280433E+001
 0.1212121   0.1668049095E-002   0.7087214639E+000   0.9603332829E+000   0.1009196191E+001
 0.1313131   0.1627913422E-002   0.7351278577E+000   0.9696813626E+000   0.9753989573E+000
 0.1414141   0.1625624675E-002   0.7358168640E+000   0.9683941975E+000   0.1039767757E+001
 0.1515152   0.1670720491E-002   0.7765853632E+000   0.9686026136E+000   0.9857987509E+000
 0.1616162   0.1769682659E-002   0.8607157810E+000   0.9684658280E+000   0.1026125536E+001
 0.1717172   0.1914598695E-002   0.8882085080E+000   0.9727140643E+000   0.1029419642E+001
 0.1818182   0.2120117123E-002   0.9015003570E+000   0.9790673053E+000   0.9886947987E+000
 0.1919192   0.2359646296E-002   0.7986923580E+000   0.9747745968E+000   0.9959632013E+000
 0.2020202   0.2687243236E-002   0.9213781870E+000   0.9788039259E+000   0.9969597434E+000
 0.2121212   0.3120347074E-002   0.9097679726E+000   0.9738801583E+000   0.9873057851E+000
 0.2222222   0.3636275293E-002   0.9414820111E+000   0.9771894743E+000   0.1021708487E+001
 0.2323232   0.4274867890E-002   0.9752423981E+000   0.9774274884E+000   0.9889685510E+000
 0.2424242   0.5037206357E-002   0.9669320642E+000   0.9786632018E+000   0.9741056174E+000
 0.2525253   0.6028678094E-002   0.9941133604E+000   0.9839576314E+000   0.1031199032E+001
 0.2626263   0.7231415335E-002   0.9936016584E+000   0.9815368991E+000   0.9962348585E+000
 0.2727273   0.8717161943E-002   0.9605367083E+000   0.9792278762E+000   0.1036718073E+001
 0.2828283   0.1068501045E-001   0.9887395710E+000   0.9855840635E+000   0.9794626424E+000
 0.2929293   0.1307969261E-001   0.1021992390E+001   0.9858257965E+000   0.9797028740E+000
 0.3030303   0.1598148974E-001   0.9816694483E+000   0.9858922477E+000   0.1037270466E+001
 0.3131313   0.1991188211E-001   0.9831687259E+000   0.9811742170E+000   0.1015905217E+001
 0.3232323   0.2466273996E-001   0.1035913532E+001   0.9841693551E+000   0.9969576484E+000
 0.3333333   0.3067900215E-001   0.1041923503E+001   0.9885525647E+000   0.9637875305E+000
 0.3434343   0.3806236265E-001   0.1076282407E+001   0.9948544815E+000   0.9809815486E+000
 0.3535354   0.4808058875E-001   0.1098432580E+001   0.9917621910E+000   0.1012528706E+001
 0.3636364   0.6028646484E-001   0.1083155933E+001   0.9950173593E+000   0.1027425161E+001
 0.3737374   0.7635665069E-001   0.1006834712E+001   0.9977188147E+000   0.9606407759E+000
 0.3838384   0.9584640403E-001   0.1121000290E+001   0.9968735647E+000   0.9856639698E+000
 0.3939394   0.1225401063E+000   0.9946925849E+000   0.9956165701E+000   0.1000704982E+001
 0.4040404   0.1558277279E+000   0.1126782430E+001   0.9965701996E+000   0.1013470777E+001
 0.4141414   0.1988038400E+000   0.1067038240E+001   0.1000766405E+001   0.1011002118E+001
 0.4242424   0.2539847188E+000   0.1044801253E+001   0.9973482673E+000   0.9678155999E+000
 0.4343434   0.3262675054E+000   0.1075500155E+001   0.9970383744E+000   0.9997880515E+000
 0.4444444   0.4182076724E+000   0.1116399566E+001   0.9962683353E+000   0.9881486908E+000
 0.4545455   0.5356313424E+000   0.1081003019E+001   0.1010155341E+001   0.9817762683E+000
 0.4646465   0.6921671874E+000   0.1097741736E+001   0.1011073362E+001   0.9483512535E+000
 0.4747475   0.8940204556E+000   0.1147329975E+001   0.1012686042E+001   0.1009940630E+001
 0.4848485   0.1150274787E+001   0.1126101692E+001   0.1008566372E+001   0.9902381470E+000
 0.4949495   0.1501217043E+001   0.1105471008E+001   0.1006602669E+001   0.1012142520E+001
 0.5050505   0.1698078276E+001   0.1084278095E+001   0.1011193355E+001   0.1036407308E+001
 0.5151515   0.1702224044E+001   0.1101457317E+001   0.1012247672E+001   0.1031829639E+001
 0.5252525   0.1698906422E+001   0.1140426132E+001   0.1013704728E+001   0.9710887555E+000
 0.5353535   0.1704342688E+001   0.1071824537E+001   0.1014875735E+001   0.1008966435E+001
 0.5454545   0.1703480045E+001   0.1100119267E+001   0.1015820947E+001   0.1037901773E+001
 0.5555556   0.1706525284E+001   0.1059037959E+001   0.1011695501E+001   0.9995380430E+000
 0.5656566   0.1709560297E+001   0.1170668913E+001   0.1013085956E+001   0.9655801890E+000
 0.5757576   0.1710148064E+001   0.1102701203E+001   0.1017935808E+001   0.1005310585E+001
 0.5858586   0.1708110654E+001   0.1054240638E+001   0.1017139343E+001   0.1015968069E+001
 0.5959596   0.1719996419E+001   0.1093564521E+001   0.1008534801E+001   0.1034490344E+001
 0.6060606   0.1724916321E+001   0.1101415058E+001   0.1015109650E+001   0.9885202118E+000
 0.6161616   0.1726207857E+001   0.1098371488E+001   0.1008328803E+001   0.9784709887E+000
 0.6262626   0.1732119324E+001   0.1088441989E+001   0.1017010379E+001   0.9773047481E+000
 0.6363636   0.1747903833E+001   0.1128367604E+001   0.1009207481E+001   0.1018335467E+001
 0.6464646   0.1744865222E+001   0.1061472448E+001   0.1008722322E+001   0.9580471126E+000
 0.6565657   0.1753610431E+001   0.1110589406E+001   0.1017875496E+001   0.9473016370E+000
 0.6666667   0.1755411314E+001   0.1118263098E+001   0.1014845109E+001   0.9619816034E+000
 0.6767677   0.1768037785E+001   0.1079357212E+001   0.1017299466E+001   0.9821757231E+000
 0.6868687   0.1768747844E+001   0.1102378748E+001   0.1010866065E+001   0.9695049029E+000
 0.6969697   0.1781754410E+001   0.1027030863E+001   0.1021388083E+001   0.1025005386E+001
 0.7070707   0.1790483656E+001   0.1095197006E+001   0.1022449520E+001   0.1029282067E+001
 0.7171717   0.1802132269E+001   0.1042028232E+001   0.1020454834E+001   0.9508157225E+000
 0.7272727   0.1803676994E+001   0.1084890392E+001   0.1015384509E+001   0.9953758909E+000
 0.7373737   0.1816061948E+001   0.1112145182E+001   0.1017798627E+001   0.1007140256E+001
 0.7474747   0.1821818295E+001   0.1081344766E+001   0.1017547156E+001   0.9939952575E+000
 0.7575758   0.1833123300E+001   0.1077902031E+001   0.1017280040E+001   0.9790925181E+000
 0.7676768   0.1842844063E+001   0.1042512374E+001   0.1018130954E+001   0.9745672252E+000
 0.7777778   0.1855956797E+001   0.1099458280E+001   0.1020537439E+001   0.1034606270E+001
 0.7878788   0.1867952130E+001   0.1023804477E+001   0.1020936342E+001   0.9677555420E+000
 0.7979798   0.1881476600E+001   0.1063120551E+001   0.1022184448E+001   0.9895942705E+000
 0.8080808   0.1892040204E+001   0.1058286483E+001   0.1017310267E+001   0.9879580419E+000
 0.8181818   0.1905835437E+001   0.1132539767E+001   0.1021627719E+001   0.1052021664E+001
 0.8282828   0.1917108370E+001   0.1103756761E+001   0.1017093866E+001   0.9908394244E+000
 0.8383838   0.1931531327E+001   0.1084603765E+001   0.1023677805E+001   0.9906529656E+000
 0.8484848   0.1941845098E+001   0.1083601491E+001   0.1025863348E+001   0.9974325248E+000
 0.8585859   0.1950548178E+001   0.1076197430E+001   0.1025201884E+001   0.9921278758E+000
 0.8686869   0.1966932212E+001   0.1063831146E+001   0.1022348713E+001   0.9774583846E+000
 0.8787879   0.1981665468E+001   0.1066787442E+001   0.1023665250E+001   0.9810136726E+000
 0.8888889   0.1995897140E+001   0.1084992824E+001   0.1020994794E+001   0.9892150677E+000
 0.8989899   0.2003005336E+001   0.1089707923E+001   0.1016036355E+001   0.9956258993E+000
 0.9090909   0.2021424851E+001   0.1063398450E+001   0.1022224973E+001   0.9731495794E+000
 0.9191919   0.2041233760E+001   0.1083933592E+001   0.1024275369E+001   0.1031120118E+001
 0.9292929   0.2055383503E+001   0.1121265328E+001   0.1020499440E+001   0.1042681962E+001
 0.9393939   0.2058324499E+001   0.1086623472E+001   0.1020147679E+001   0.9868511608E+000
 0.9494949   0.2072656367E+001   0.1099760065E+001   0.1023742021E+001   0.1012625777E+001
 0.9595960   0.2095872946E+001   0.1095265448E+001   0.1023079038E+001   0.1009206667E+001
 0.9696970   0.2115048765E+001   0.1091556297E+001   0.1021835506E+001   0.1006799462E+001
 0.9797980   0.2115423324E+001   0.1090045077E+001   0.1023454493E+001   0.9970358633E+000
 0.9898990   0.2122315794E+001   0.1082968983E+001   0.1015153268E+001   0.9986539349E+000
 1.0000000   0.2147099646E+001   0.1062737004E+001   0.1022454242E+001   0.9921781569E+000


 0.0000000   0.6329370253E-002   0.6367641960E+000   0.9617168290E+000   0.9677772513E+000
 0.0101010   0.6350297408E-002   0.6609542906E+000   0.9655064681E+000   0.9685592895E+000
 0.0202020   0.6099724639E-002   0.7236342187E+000   0.9612619132E+000   0.1061562928E+001
 0.0303030   0.5713846582E-002   0.6598296805E+000   0.9618340045E+000   0.9912352633E+000
 0.0404040   0.5192284769E-002   0.7258030801E+000   0.9658760170E+000   0.1046027439E+001
 0.0505051   0.4579670095E-002   0.7234254513E+000   0.9619036298E+000   0.1055240827E+001
 0.0606061   0.3933255633E-002   0.6893466577E+000   0.9651484967E+000   0.1035486217E+001
 0.0707071   0.3346025253E-002   0.6939565237E+000   0.9660872738E+000   0.1015652024E+001
 0.0808081   0.2796762568E-002   0.6544543341E+000   0.9690682089E+000   0.1006130333E+001
 0.0909091   0.2365217229E-002   0.6858522890E+000   0.9659038349E+000   0.1010315616E+001
 0.1010101   0.2035675270E-002   0.6858232935E+000   0.9718169555E+000   0.1028884636E+001
 0.1111111   0.1821575219E-002   0.6666775828E+000   0.9666476889E+000   0.1021016004E+001
 0.1212121   0.1677346636E-002   0.7118483874E+000   0.9607177232E+000   0.1009612534E+001
 0.1313131   0.1635267396E-002   0.7375955389E+000   0.9677969475E+000   0.9735153311E+000
 0.1414141   0.1628967350E-002   0.7364779705E+000   0.9680049900E+000   0.1039362569E+001
 0.1515152   0.1677937354E-002   0.7790387683E+000   0.9676147434E+000   0.9848053806E+000
 0.1616162   0.1778554999E-002   0.8640315412E+000   0.9669778523E+000   0.1024561494E+001
 0.1717172   0.1922965933E-002   0.8910594642E+000   0.9722878303E+000   0.1028981138E+001
 0.1818182   0.2126366205E-002   0.9031128823E+000   0.9773961500E+000   0.9870192755E+000
 0.1919192   0.2366016901E-002   0.7999233790E+000   0.9744394842E+000   0.9956329748E+000
 0.2020202   0.2697350334E-002   0.9237750563E+000   0.9788317673E+000   0.9970002883E+000
 0.2121212   0.3128201465E-002   0.9110042074E+000   0.9736054229E+000   0.9870393277E+000
 0.2222222   0.3644664161E-002   0.9425637086E+000   0.9768808143E+000   0.1021398250E+001
 0.2323232   0.4281608921E-002   0.9756516854E+000   0.9773067196E+000   0.9888584438E+000
 0.2424242   0.5048774571E-002   0.9680329177E+000   0.9772599192E+000   0.9727207602E+000
 0.2525253   0.6039555752E-002   0.9947563883E+000   0.9830114270E+000   0.1030219992E+001
 0.2626263   0.7249630646E-002   0.9949535575E+000   0.9807534814E+000   0.9954518778E+000
 0.2727273   0.8744441425E-002   0.9624293355E+000   0.9785708592E+000   0.1036035147E+001
 0.2828283   0.1069925968E-001   0.9889142147E+000   0.9847441789E+000   0.9786399370E+000
 0.2929293   0.1310596616E-001   0.1022862114E+001   0.9847599424E+000   0.9786556028E+000
 0.3030303   0.1602119603E-001   0.9829713854E+000   0.9867858708E+000   0.1038223350E+001
 0.3131313   0.1994365459E-001   0.9835997587E+000   0.9793592914E+000   0.1014038444E+001
 0.3232323   0.2469537206E-001   0.1036085707E+001   0.9832566898E+000   0.9960452994E+000
 0.3333333   0.3074935804E-001   0.1043106339E+001   0.9882775517E+000   0.9635311851E+000
 0.3434343   0.3810016267E-001   0.1076106501E+001   0.9949015390E+000   0.9810399420E+000
 0.3535354   0.4814453809E-001   0.1098622729E+001   0.9920540602E+000   0.1012839068E+001
 0.3636364   0.6034986383E-001   0.1083042218E+001   0.9945652684E+000   0.1026970899E+001
 0.3737374   0.7645877774E-001   0.1007016503E+001   0.9977675359E+000   0.9606994299E+000
 0.3838384   0.9606104775E-001   0.1122212617E+001   0.9972199797E+000   0.9860185423E+000
 0.3939394   0.1226570254E+000   0.9944912868E+000   0.9957982512E+000   0.1000899826E+001
 0.4040404   0.1560315329E+000   0.1126952548E+001   0.9962486350E+000   0.1013156144E+001
 0.4141414   0.1990308924E+000   0.1067022634E+001   0.1000778648E+001   0.1011026845E+001
 0.4242424   0.2542923422E+000   0.1044858080E+001   0.9986526260E+000   0.9690931809E+000
 0.4343434   0.3266359560E+000   0.1075470672E+001   0.9981105193E+000   0.1000875388E+001
 0.4444444   0.4189203638E+000   0.1117010001E+001   0.9967752516E+000   0.9886635609E+000
 0.4545455   0.5359318077E+000   0.1080359723E+001   0.1010703882E+001   0.9823214067E+000
 0.4646465   0.6933116579E+000   0.1098286381E+001   0.1012111602E+001   0.9493366910E+000
 0.4747475   0.8936439017E+000   0.1145521663E+001   0.1014064415E+001   0.1011327629E+001
 0.4848485   0.1149998250E+001   0.1124530184E+001   0.1007391984E+001   0.9890971910E+000
 0.4949495   0.1500698719E+001   0.1103812504E+001   0.1007403992E+001   0.1012960635E+001
 0.5050505   0.1699830379E+001   0.1084142804E+001   0.1012261973E+001   0.1037515255E+001
 0.5151515   0.1702539457E+001   0.1100388553E+001   0.1012500418E+001   0.1032099891E+001
 0.5252525   0.1699565908E+001   0.1139550667E+001   0.1014605758E+001   0.9719637874E+000
 0.5353535   0.1704793118E+001   0.1070869090E+001   0.1014556416E+001   0.1008661305E+001
 0.5454545   0.1706045852E+001   0.1100503292E+001   0.1016009802E+001   0.1038107423E+001
 0.5555556   0.1707182414E+001   0.1058221679E+001   0.1010139488E+001   0.9980129275E+000
 0.5656566   0.1709916175E+001   0.1169559739E+001   0.1015047343E+001   0.9674614282E+000
 0.5757576   0.1711780799E+001   0.1102478712E+001   0.1017099905E+001   0.1004497327E+001
 0.5858586   0.1709771972E+001   0.1054046746E+001   0.1017198833E+001   0.1016039910E+001
 0.5959596   0.1720085572E+001   0.1092357635E+001   0.1009335123E+001   0.1035323919E+001
 0.6060606   0.1724433157E+001   0.1099834325E+001   0.1014661451E+001   0.9880958312E+000
 0.6161616   0.1726048347E+001   0.1097001053E+001   0.1009577371E+001   0.9796945606E+000
 0.6262626   0.1732656556E+001   0.1087521605E+001   0.1018081538E+001   0.9783460460E+000
 0.6363636   0.1747318744E+001   0.1126686619E+001   0.1008591947E+001   0.1017726806E+001
 0.6464646   0.1745717941E+001   0.1060764168E+001   0.1009496205E+001   0.9587938385E+000
 0.6565657   0.1752101889E+001   0.1108351953E+001   0.1019305686E+001   0.9486442613E+000
 0.6666667   0.1756313585E+001   0.1117545174E+001   0.1017882750E+001   0.9648728067E+000
 0.6767677   0.1766683205E+001   0.1077284132E+001   0.1016221632E+001   0.9811470962E+000
 0.6868687   0.1769153877E+001   0.1101357830E+001   0.1011774266E+001   0.9703878050E+000
 0.6969697   0.1782078635E+001   0.1026030905E+001   0.1021615763E+001   0.1025246404E+001
 0.7070707   0.1790306122E+001   0.1093823149E+001   0.1023122834E+001   0.1029972471E+001
 0.7171717   0.1802635238E+001   0.1041114765E+001   0.1020673517E+001   0.9510311070E+000
 0.7272727   0.1804123977E+001   0.1083905455E+001   0.1015668225E+001   0.9956661863E+000
 0.7373737   0.1815867353E+001   0.1110741180E+001   0.1018195482E+001   0.1007545271E+001
 0.7474747   0.1820728478E+001   0.1079449265E+001   0.1016990440E+001   0.9934635708E+000
 0.7575758   0.1832135878E+001   0.1076076677E+001   0.1016444500E+001   0.9783003018E+000
 0.7676768   0.1842889398E+001   0.1041333473E+001   0.1018674527E+001   0.9750994597E+000
 0.7777778   0.1855999910E+001   0.1098213478E+001   0.1020963352E+001   0.1035050706E+001
 0.7878788   0.1867345846E+001   0.1022289661E+001   0.1021399590E+001   0.9682064950E+000
 0.7979798   0.1880950146E+001   0.1061595096E+001   0.1021892819E+001   0.9893240322E+000
 0.8080808   0.1890822402E+001   0.1056383366E+001   0.1018179806E+001   0.9888145795E+000
 0.8181818   0.1906810714E+001   0.1131810119E+001   0.1021637282E+001   0.1052044371E+001
 0.8282828   0.1915728521E+001   0.1101687964E+001   0.1017913573E+001   0.9916500945E+000
 0.8383838   0.1930430540E+001   0.1082733210E+001   0.1022863182E+001   0.9898767226E+000
 0.8484848   0.1941368990E+001   0.1082084125E+001   0.1024790128E+001   0.9964012270E+000
 0.8585859   0.1948879844E+001   0.1074034568E+001   0.1025571089E+001   0.9924973025E+000
 0.8686869   0.1966670882E+001   0.1062460818E+001   0.1021690353E+001   0.9768408732E+000
 0.8787879   0.1981376907E+001   0.1065399716E+001   0.1023649416E+001   0.9810104902E+000
 0.8888889   0.1995565531E+001   0.1083559166E+001   0.1022069439E+001   0.9902683684E+000
 0.8989899   0.2002924847E+001   0.1088405138E+001   0.1017247430E+001   0.9968248310E+000
 0.9090909   0.2022305048E+001   0.1062632305E+001   0.1022940921E+001   0.9738430602E+000
 0.9191919   0.2038938168E+001   0.1081463622E+001   0.1022240178E+001   0.1029083906E+001
 0.9292929   0.2053188468E+001   0.1118773754E+001   0.1020565353E+001   0.1042762054E+001
 0.9393939   0.2056643594E+001   0.1084481637E+001   0.1020247456E+001   0.9869597453E+000
 0.9494949   0.2072631255E+001   0.1098476094E+001   0.1025092413E+001   0.1013973900E+001
 0.9595960   0.2095246115E+001   0.1093672787E+001   0.1022201778E+001   0.1008353628E+001
 0.9696970   0.2112618273E+001   0.1089042210E+001   0.1022321744E+001   0.1007290858E+001
 0.9797980   0.2116419989E+001   0.1089298613E+001   0.1023765673E+001   0.9973512029E+000
 0.9898990   0.2126288707E+001   0.1083742666E+001   0.1016747357E+001   0.1000234342E+001
 1.0000000   0.2146448279E+001   0.1061187088E+001   0.1022317310E+001   0.9920574060E+000


