# Evolution of the weightfunction during equilibration phase for fractional: N2
# Weightfunction after cycle        541
 0.0000000    0.5400000000E+001    0.3900000000E+001
 0.0101010    0.4200000000E+001    0.2400000000E+001
 0.0202020    0.4700000000E+001    0.2800000000E+001
 0.0303030    0.5400000000E+001    0.3800000000E+001
 0.0404040    0.5100000000E+001    0.3200000000E+001
 0.0505051    0.5100000000E+001    0.3300000000E+001
 0.0606061    0.5700000000E+001    0.3500000000E+001
 0.0707071    0.5500000000E+001    0.3200000000E+001
 0.0808081    0.5700000000E+001    0.2600000000E+001
 0.0909091    0.4900000000E+001    0.3300000000E+001
 0.1010101    0.5900000000E+001    0.3600000000E+001
 0.1111111    0.4800000000E+001    0.2700000000E+001
 0.1212121    0.5100000000E+001    0.3200000000E+001
 0.1313131    0.5500000000E+001    0.3300000000E+001
 0.1414141    0.5300000000E+001    0.3000000000E+001
 0.1515152    0.5800000000E+001    0.3100000000E+001
 0.1616162    0.4600000000E+001    0.3100000000E+001
 0.1717172    0.5600000000E+001    0.3200000000E+001
 0.1818182    0.5600000000E+001    0.3400000000E+001
 0.1919192    0.5000000000E+001    0.3400000000E+001
 0.2020202    0.5000000000E+001    0.4500000000E+001
 0.2121212    0.4600000000E+001    0.4500000000E+001
 0.2222222    0.5800000000E+001    0.3700000000E+001
 0.2323232    0.5700000000E+001    0.3500000000E+001
 0.2424242    0.4600000000E+001    0.2500000000E+001
 0.2525253    0.4400000000E+001    0.2700000000E+001
 0.2626263    0.5800000000E+001    0.3600000000E+001
 0.2727273    0.5400000000E+001    0.3400000000E+001
 0.2828283    0.4200000000E+001    0.2300000000E+001
 0.2929293    0.5300000000E+001    0.3300000000E+001
 0.3030303    0.4800000000E+001    0.3100000000E+001
 0.3131313    0.4700000000E+001    0.3000000000E+001
 0.3232323    0.4700000000E+001    0.3900000000E+001
 0.3333333    0.3800000000E+001    0.3100000000E+001
 0.3434343    0.4200000000E+001    0.2800000000E+001
 0.3535354    0.4200000000E+001    0.3200000000E+001
 0.3636364    0.4400000000E+001    0.3200000000E+001
 0.3737374    0.3500000000E+001    0.3000000000E+001
 0.3838384    0.2800000000E+001    0.3900000000E+001
 0.3939394    0.1800000000E+001    0.3100000000E+001
 0.4040404    0.3000000000E+001    0.2800000000E+001
 0.4141414    0.2400000000E+001    0.4500000000E+001
 0.4242424    0.3000000000E+001    0.2500000000E+001
 0.4343434    0.2800000000E+001    0.2600000000E+001
 0.4444444    0.3100000000E+001    0.1900000000E+001
 0.4545455    0.1900000000E+001    0.2000000000E+001
 0.4646465    0.1300000000E+001    0.3200000000E+001
 0.4747475    0.1900000000E+001    0.1900000000E+001
 0.4848485    0.1500000000E+001    0.1400000000E+001
 0.4949495    0.1400000000E+001    0.3800000000E+001
 0.5050505    0.2000000000E+001    0.2600000000E+001
 0.5151515    0.1300000000E+001    0.3400000000E+001
 0.5252525    0.1000000000E+001    0.4000000000E+001
 0.5353535    0.2000000000E+001    0.2700000000E+001
 0.5454545    0.2100000000E+001    0.3100000000E+001
 0.5555556    0.1800000000E+001    0.3000000000E+001
 0.5656566    0.1400000000E+001    0.1800000000E+001
 0.5757576    0.7000000000E+000    0.2800000000E+001
 0.5858586    0.1300000000E+001    0.2700000000E+001
 0.5959596    0.6000000000E+000    0.3200000000E+001
 0.6060606    0.1600000000E+001    0.2200000000E+001
 0.6161616    0.8000000000E+000    0.2200000000E+001
 0.6262626    0.4000000000E+000    0.2000000000E+001
 0.6363636    0.1300000000E+001    0.3400000000E+001
 0.6464646    0.1500000000E+001    0.2700000000E+001
 0.6565657    0.1100000000E+001    0.1800000000E+001
 0.6666667    0.1200000000E+001    0.2400000000E+001
 0.6767677    0.1200000000E+001    0.2300000000E+001
 0.6868687    0.1200000000E+001    0.1800000000E+001
 0.6969697    0.5000000000E+000    0.2600000000E+001
 0.7070707    0.7000000000E+000    0.1900000000E+001
 0.7171717    0.8000000000E+000    0.2100000000E+001
 0.7272727    0.5000000000E+000    0.1800000000E+001
 0.7373737    0.1400000000E+001    0.2600000000E+001
 0.7474747    0.1000000000E+001    0.2900000000E+001
 0.7575758    0.7000000000E+000    0.2000000000E+001
 0.7676768    0.1200000000E+001    0.2800000000E+001
 0.7777778    0.9000000000E+000    0.2500000000E+001
 0.7878788    0.1600000000E+001    0.3100000000E+001
 0.7979798    0.8000000000E+000    0.2300000000E+001
 0.8080808    0.5000000000E+000    0.2500000000E+001
 0.8181818    0.1000000000E+001    0.2800000000E+001
 0.8282828    0.1600000000E+001    0.3100000000E+001
 0.8383838    0.2000000000E+001    0.3800000000E+001
 0.8484848    0.9000000000E+000    0.2700000000E+001
 0.8585859    0.1400000000E+001    0.2900000000E+001
 0.8686869    0.1400000000E+001    0.2600000000E+001
 0.8787879    0.0000000000E+000    0.1500000000E+001
 0.8888889    0.7000000000E+000    0.2800000000E+001
 0.8989899    0.4000000000E+000    0.2100000000E+001
 0.9090909    0.6000000000E+000    0.2400000000E+001
 0.9191919    0.9000000000E+000    0.2200000000E+001
 0.9292929    0.1100000000E+001    0.2600000000E+001
 0.9393939    0.5000000000E+000    0.2200000000E+001
 0.9494949    0.1000000000E+001    0.3400000000E+001
 0.9595960    0.1800000000E+001    0.2900000000E+001
 0.9696970    0.1500000000E+001    0.3200000000E+001
 0.9797980    0.1000000000E+001    0.2900000000E+001
 0.9898990    0.2100000000E+001    0.3600000000E+001
 1.0000000    0.1000000000E+000    0.1600000000E+001


# Weightfunction after cycle       1710
 0.0000000    0.4400000000E+001    0.2675000000E+001
 0.0101010    0.4650000000E+001    0.2925000000E+001
 0.0202020    0.4300000000E+001    0.2725000000E+001
 0.0303030    0.4775000000E+001    0.2750000000E+001
 0.0404040    0.4950000000E+001    0.2875000000E+001
 0.0505051    0.5250000000E+001    0.3300000000E+001
 0.0606061    0.4975000000E+001    0.2750000000E+001
 0.0707071    0.5275000000E+001    0.2825000000E+001
 0.0808081    0.5575000000E+001    0.2975000000E+001
 0.0909091    0.5975000000E+001    0.2925000000E+001
 0.1010101    0.5175000000E+001    0.2725000000E+001
 0.1111111    0.5550000000E+001    0.2775000000E+001
 0.1212121    0.5700000000E+001    0.2700000000E+001
 0.1313131    0.5400000000E+001    0.2350000000E+001
 0.1414141    0.5925000000E+001    0.2700000000E+001
 0.1515152    0.5650000000E+001    0.2150000000E+001
 0.1616162    0.5600000000E+001    0.2400000000E+001
 0.1717172    0.5900000000E+001    0.2450000000E+001
 0.1818182    0.4825000000E+001    0.2600000000E+001
 0.1919192    0.5300000000E+001    0.2725000000E+001
 0.2020202    0.4925000000E+001    0.2950000000E+001
 0.2121212    0.4450000000E+001    0.2450000000E+001
 0.2222222    0.5200000000E+001    0.2325000000E+001
 0.2323232    0.4425000000E+001    0.2200000000E+001
 0.2424242    0.5325000000E+001    0.2150000000E+001
 0.2525253    0.5250000000E+001    0.2125000000E+001
 0.2626263    0.4400000000E+001    0.2550000000E+001
 0.2727273    0.4925000000E+001    0.2450000000E+001
 0.2828283    0.4775000000E+001    0.2625000000E+001
 0.2929293    0.4650000000E+001    0.2625000000E+001
 0.3030303    0.3825000000E+001    0.2050000000E+001
 0.3131313    0.4075000000E+001    0.2025000000E+001
 0.3232323    0.3875000000E+001    0.2300000000E+001
 0.3333333    0.3700000000E+001    0.2325000000E+001
 0.3434343    0.3250000000E+001    0.2325000000E+001
 0.3535354    0.3825000000E+001    0.2525000000E+001
 0.3636364    0.3450000000E+001    0.2350000000E+001
 0.3737374    0.3325000000E+001    0.2200000000E+001
 0.3838384    0.3075000000E+001    0.2500000000E+001
 0.3939394    0.2800000000E+001    0.1875000000E+001
 0.4040404    0.2975000000E+001    0.2550000000E+001
 0.4141414    0.2800000000E+001    0.2575000000E+001
 0.4242424    0.2150000000E+001    0.2275000000E+001
 0.4343434    0.2200000000E+001    0.2050000000E+001
 0.4444444    0.2025000000E+001    0.2200000000E+001
 0.4545455    0.1350000000E+001    0.1800000000E+001
 0.4646465    0.1275000000E+001    0.2075000000E+001
 0.4747475    0.1850000000E+001    0.2125000000E+001
 0.4848485    0.7750000000E+000    0.2300000000E+001
 0.4949495    0.8500000000E+000    0.2250000000E+001
 0.5050505    0.8500000000E+000    0.2200000000E+001
 0.5151515    0.2500000000E+000    0.2075000000E+001
 0.5252525    0.7250000000E+000    0.1800000000E+001
 0.5353535    0.7500000000E+000    0.2450000000E+001
 0.5454545    0.5250000000E+000    0.2400000000E+001
 0.5555556    0.6500000000E+000    0.2300000000E+001
 0.5656566    0.6750000000E+000    0.1925000000E+001
 0.5757576    0.8250000000E+000    0.2300000000E+001
 0.5858586    0.3250000000E+000    0.2150000000E+001
 0.5959596    0.6000000000E+000    0.2500000000E+001
 0.6060606    0.7750000000E+000    0.1775000000E+001
 0.6161616    0.4750000000E+000    0.2300000000E+001
 0.6262626    0.5750000000E+000    0.2550000000E+001
 0.6363636    0.6000000000E+000    0.2450000000E+001
 0.6464646    0.8500000000E+000    0.1825000000E+001
 0.6565657    0.7000000000E+000    0.2500000000E+001
 0.6666667    0.6500000000E+000    0.2175000000E+001
 0.6767677    0.9000000000E+000    0.2050000000E+001
 0.6868687    0.5500000000E+000    0.2175000000E+001
 0.6969697    0.8000000000E+000    0.2050000000E+001
 0.7070707    0.9000000000E+000    0.2350000000E+001
 0.7171717    0.4500000000E+000    0.1875000000E+001
 0.7272727    0.5750000000E+000    0.2450000000E+001
 0.7373737    0.5250000000E+000    0.2225000000E+001
 0.7474747    0.5250000000E+000    0.2275000000E+001
 0.7575758    0.4750000000E+000    0.2150000000E+001
 0.7676768    0.5250000000E+000    0.2375000000E+001
 0.7777778    0.5000000000E+000    0.2100000000E+001
 0.7878788    0.4750000000E+000    0.2200000000E+001
 0.7979798    0.4500000000E+000    0.2100000000E+001
 0.8080808    0.6000000000E+000    0.2275000000E+001
 0.8181818    0.5750000000E+000    0.2225000000E+001
 0.8282828    0.5500000000E+000    0.2250000000E+001
 0.8383838    0.6250000000E+000    0.2050000000E+001
 0.8484848    0.4750000000E+000    0.2100000000E+001
 0.8585859    0.5750000000E+000    0.2275000000E+001
 0.8686869    0.4750000000E+000    0.2300000000E+001
 0.8787879    0.4750000000E+000    0.2100000000E+001
 0.8888889    0.0000000000E+000    0.1675000000E+001
 0.8989899    0.4750000000E+000    0.2150000000E+001
 0.9090909    0.3250000000E+000    0.1950000000E+001
 0.9191919    0.3000000000E+000    0.2000000000E+001
 0.9292929    0.4500000000E+000    0.2250000000E+001
 0.9393939    0.3750000000E+000    0.2100000000E+001
 0.9494949    0.4250000000E+000    0.2300000000E+001
 0.9595960    0.4750000000E+000    0.2225000000E+001
 0.9696970    0.3500000000E+000    0.2100000000E+001
 0.9797980    0.4750000000E+000    0.2425000000E+001
 0.9898990    0.7250000000E+000    0.2475000000E+001
 1.0000000    0.1750000000E+000    0.1975000000E+001


# Weightfunction after cycle       3803
 0.0000000    0.4418750000E+001    0.2518750000E+001
 0.0101010    0.3893750000E+001    0.2087500000E+001
 0.0202020    0.4318750000E+001    0.2450000000E+001
 0.0303030    0.4418750000E+001    0.2518750000E+001
 0.0404040    0.4262500000E+001    0.2243750000E+001
 0.0505051    0.4475000000E+001    0.2306250000E+001
 0.0606061    0.4643750000E+001    0.2487500000E+001
 0.0707071    0.4862500000E+001    0.2575000000E+001
 0.0808081    0.5081250000E+001    0.2531250000E+001
 0.0909091    0.5018750000E+001    0.2362500000E+001
 0.1010101    0.5212500000E+001    0.2368750000E+001
 0.1111111    0.5062500000E+001    0.2275000000E+001
 0.1212121    0.5562500000E+001    0.2487500000E+001
 0.1313131    0.5381250000E+001    0.2387500000E+001
 0.1414141    0.5337500000E+001    0.2193750000E+001
 0.1515152    0.5550000000E+001    0.2337500000E+001
 0.1616162    0.5512500000E+001    0.2425000000E+001
 0.1717172    0.5300000000E+001    0.2350000000E+001
 0.1818182    0.5268750000E+001    0.2237500000E+001
 0.1919192    0.5331250000E+001    0.2450000000E+001
 0.2020202    0.4887500000E+001    0.2387500000E+001
 0.2121212    0.4850000000E+001    0.2312500000E+001
 0.2222222    0.5043750000E+001    0.2343750000E+001
 0.2323232    0.4756250000E+001    0.2262500000E+001
 0.2424242    0.4662500000E+001    0.2243750000E+001
 0.2525253    0.4856250000E+001    0.2387500000E+001
 0.2626263    0.4231250000E+001    0.2262500000E+001
 0.2727273    0.4293750000E+001    0.2275000000E+001
 0.2828283    0.4156250000E+001    0.2318750000E+001
 0.2929293    0.4275000000E+001    0.2375000000E+001
 0.3030303    0.3787500000E+001    0.2350000000E+001
 0.3131313    0.3950000000E+001    0.2331250000E+001
 0.3232323    0.3900000000E+001    0.2237500000E+001
 0.3333333    0.3706250000E+001    0.2093750000E+001
 0.3434343    0.3268750000E+001    0.2206250000E+001
 0.3535354    0.3187500000E+001    0.2325000000E+001
 0.3636364    0.3225000000E+001    0.2187500000E+001
 0.3737374    0.2931250000E+001    0.2256250000E+001
 0.3838384    0.2868750000E+001    0.2206250000E+001
 0.3939394    0.2462500000E+001    0.2237500000E+001
 0.4040404    0.2306250000E+001    0.1962500000E+001
 0.4141414    0.2356250000E+001    0.1956250000E+001
 0.4242424    0.2043750000E+001    0.2275000000E+001
 0.4343434    0.1481250000E+001    0.2250000000E+001
 0.4444444    0.1500000000E+001    0.2062500000E+001
 0.4545455    0.1306250000E+001    0.2125000000E+001
 0.4646465    0.8250000000E+000    0.1918750000E+001
 0.4747475    0.8437500000E+000    0.2193750000E+001
 0.4848485    0.8187500000E+000    0.2062500000E+001
 0.4949495    0.2687500000E+000    0.2031250000E+001
 0.5050505    0.3750000000E+000    0.1981250000E+001
 0.5151515    0.1312500000E+000    0.2068750000E+001
 0.5252525    0.2687500000E+000    0.1981250000E+001
 0.5353535    0.3187500000E+000    0.2006250000E+001
 0.5454545    0.1312500000E+000    0.2050000000E+001
 0.5555556    0.4062500000E+000    0.2025000000E+001
 0.5656566    0.1312500000E+000    0.1981250000E+001
 0.5757576    0.1250000000E+000    0.2031250000E+001
 0.5858586    0.2000000000E+000    0.1893750000E+001
 0.5959596    0.1312500000E+000    0.2043750000E+001
 0.6060606    0.2000000000E+000    0.2018750000E+001
 0.6161616    0.1750000000E+000    0.1887500000E+001
 0.6262626    0.2000000000E+000    0.2037500000E+001
 0.6363636    0.1375000000E+000    0.1900000000E+001
 0.6464646    0.2437500000E+000    0.2025000000E+001
 0.6565657    0.2812500000E+000    0.2131250000E+001
 0.6666667    0.1312500000E+000    0.2050000000E+001
 0.6767677    0.2500000000E+000    0.2025000000E+001
 0.6868687    0.7500000000E-001    0.1756250000E+001
 0.6969697    0.7500000000E-001    0.1831250000E+001
 0.7070707    0.1125000000E+000    0.1906250000E+001
 0.7171717    0.2750000000E+000    0.2100000000E+001
 0.7272727    0.1375000000E+000    0.1937500000E+001
 0.7373737    0.1375000000E+000    0.2006250000E+001
 0.7474747    0.3750000000E-001    0.1850000000E+001
 0.7575758    0.8125000000E-001    0.1906250000E+001
 0.7676768    0.6875000000E-001    0.1893750000E+001
 0.7777778    0.3312500000E+000    0.2093750000E+001
 0.7878788    0.1250000000E+000    0.1887500000E+001
 0.7979798    0.2312500000E+000    0.1900000000E+001
 0.8080808    0.1000000000E+000    0.1925000000E+001
 0.8181818    0.8750000000E-001    0.1975000000E+001
 0.8282828    0.0000000000E+000    0.1881250000E+001
 0.8383838    0.7500000000E-001    0.1862500000E+001
 0.8484848    0.1562500000E+000    0.1943750000E+001
 0.8585859    0.7500000000E-001    0.1956250000E+001
 0.8686869    0.1437500000E+000    0.2056250000E+001
 0.8787879    0.1000000000E+000    0.1887500000E+001
 0.8888889    0.2875000000E+000    0.2131250000E+001
 0.8989899    0.2125000000E+000    0.2100000000E+001
 0.9090909    0.3375000000E+000    0.2125000000E+001
 0.9191919    0.8750000000E-001    0.1843750000E+001
 0.9292929    0.2500000000E-001    0.1931250000E+001
 0.9393939    0.1187500000E+000    0.1962500000E+001
 0.9494949    0.1312500000E+000    0.1987500000E+001
 0.9595960    0.1500000000E+000    0.1962500000E+001
 0.9696970    0.2250000000E+000    0.2000000000E+001
 0.9797980    0.1437500000E+000    0.1943750000E+001
 0.9898990    0.1250000000E+000    0.1931250000E+001
 1.0000000    0.6250000000E-001    0.1943750000E+001


# Weightfunction after cycle       9240
 0.0000000    0.4357812500E+001    0.2559375000E+001
 0.0101010    0.4365625000E+001    0.2548437500E+001
 0.0202020    0.4239062500E+001    0.2418750000E+001
 0.0303030    0.4446875000E+001    0.2498437500E+001
 0.0404040    0.4451562500E+001    0.2459375000E+001
 0.0505051    0.4629687500E+001    0.2570312500E+001
 0.0606061    0.4795312500E+001    0.2543750000E+001
 0.0707071    0.4937500000E+001    0.2589062500E+001
 0.0808081    0.5025000000E+001    0.2535937500E+001
 0.0909091    0.5182812500E+001    0.2642187500E+001
 0.1010101    0.5443750000E+001    0.2570312500E+001
 0.1111111    0.5304687500E+001    0.2485937500E+001
 0.1212121    0.5373437500E+001    0.2554687500E+001
 0.1313131    0.5465625000E+001    0.2475000000E+001
 0.1414141    0.5595312500E+001    0.2553125000E+001
 0.1515152    0.5546875000E+001    0.2529687500E+001
 0.1616162    0.5462500000E+001    0.2518750000E+001
 0.1717172    0.5393750000E+001    0.2607812500E+001
 0.1818182    0.5364062500E+001    0.2492187500E+001
 0.1919192    0.5273437500E+001    0.2554687500E+001
 0.2020202    0.5215625000E+001    0.2515625000E+001
 0.2121212    0.5296875000E+001    0.2485937500E+001
 0.2222222    0.5089062500E+001    0.2501562500E+001
 0.2323232    0.4843750000E+001    0.2468750000E+001
 0.2424242    0.4920312500E+001    0.2459375000E+001
 0.2525253    0.4717187500E+001    0.2481250000E+001
 0.2626263    0.4667187500E+001    0.2456250000E+001
 0.2727273    0.4409375000E+001    0.2457812500E+001
 0.2828283    0.4307812500E+001    0.2473437500E+001
 0.2929293    0.4393750000E+001    0.2553125000E+001
 0.3030303    0.4050000000E+001    0.2387500000E+001
 0.3131313    0.3975000000E+001    0.2565625000E+001
 0.3232323    0.3801562500E+001    0.2435937500E+001
 0.3333333    0.3654687500E+001    0.2442187500E+001
 0.3434343    0.3429687500E+001    0.2464062500E+001
 0.3535354    0.3250000000E+001    0.2348437500E+001
 0.3636364    0.3068750000E+001    0.2421875000E+001
 0.3737374    0.2887500000E+001    0.2375000000E+001
 0.3838384    0.2598437500E+001    0.2401562500E+001
 0.3939394    0.2523437500E+001    0.2435937500E+001
 0.4040404    0.2226562500E+001    0.2420312500E+001
 0.4141414    0.2109375000E+001    0.2456250000E+001
 0.4242424    0.1967187500E+001    0.2442187500E+001
 0.4343434    0.1596875000E+001    0.2368750000E+001
 0.4444444    0.1521875000E+001    0.2410937500E+001
 0.4545455    0.1237500000E+001    0.2392187500E+001
 0.4646465    0.9546875000E+000    0.2442187500E+001
 0.4747475    0.7046875000E+000    0.2368750000E+001
 0.4848485    0.5734375000E+000    0.2340625000E+001
 0.4949495    0.2703125000E+000    0.2218750000E+001
 0.5050505    0.2750000000E+000    0.2379687500E+001
 0.5151515    0.1890625000E+000    0.2331250000E+001
 0.5252525    0.2687500000E+000    0.2381250000E+001
 0.5353535    0.1703125000E+000    0.2290625000E+001
 0.5454545    0.2125000000E+000    0.2353125000E+001
 0.5555556    0.1421875000E+000    0.2251562500E+001
 0.5656566    0.2046875000E+000    0.2342187500E+001
 0.5757576    0.1640625000E+000    0.2354687500E+001
 0.5858586    0.1000000000E+000    0.2320312500E+001
 0.5959596    0.1796875000E+000    0.2343750000E+001
 0.6060606    0.1656250000E+000    0.2290625000E+001
 0.6161616    0.2078125000E+000    0.2350000000E+001
 0.6262626    0.2015625000E+000    0.2275000000E+001
 0.6363636    0.1125000000E+000    0.2332812500E+001
 0.6464646    0.1781250000E+000    0.2250000000E+001
 0.6565657    0.1750000000E+000    0.2284375000E+001
 0.6666667    0.2234375000E+000    0.2285937500E+001
 0.6767677    0.1250000000E+000    0.2367187500E+001
 0.6868687    0.1421875000E+000    0.2367187500E+001
 0.6969697    0.2015625000E+000    0.2353125000E+001
 0.7070707    0.1328125000E+000    0.2306250000E+001
 0.7171717    0.1328125000E+000    0.2312500000E+001
 0.7272727    0.1015625000E+000    0.2315625000E+001
 0.7373737    0.1390625000E+000    0.2312500000E+001
 0.7474747    0.1265625000E+000    0.2332812500E+001
 0.7575758    0.1296875000E+000    0.2367187500E+001
 0.7676768    0.1484375000E+000    0.2368750000E+001
 0.7777778    0.1109375000E+000    0.2340625000E+001
 0.7878788    0.1562500000E-001    0.2260937500E+001
 0.7979798    0.1078125000E+000    0.2400000000E+001
 0.8080808    0.9531250000E-001    0.2329687500E+001
 0.8181818    0.8906250000E-001    0.2325000000E+001
 0.8282828    0.1046875000E+000    0.2340625000E+001
 0.8383838    0.7812500000E-001    0.2287500000E+001
 0.8484848    0.1890625000E+000    0.2462500000E+001
 0.8585859    0.1453125000E+000    0.2389062500E+001
 0.8686869    0.7187500000E-001    0.2351562500E+001
 0.8787879    0.9375000000E-001    0.2318750000E+001
 0.8888889    0.1421875000E+000    0.2423437500E+001
 0.8989899    0.5312500000E-001    0.2293750000E+001
 0.9090909    0.0000000000E+000    0.2275000000E+001
 0.9191919    0.8125000000E-001    0.2385937500E+001
 0.9292929    0.4687500000E-002    0.2323437500E+001
 0.9393939    0.1015625000E+000    0.2426562500E+001
 0.9494949    0.1312500000E+000    0.2385937500E+001
 0.9595960    0.7968750000E-001    0.2375000000E+001
 0.9696970    0.5312500000E-001    0.2353125000E+001
 0.9797980    0.2968750000E-001    0.2331250000E+001
 0.9898990    0.1875000000E-001    0.2310937500E+001
 1.0000000    0.8437500000E-001    0.2412500000E+001


# Weightfunction after cycle      31658
 0.0000000    0.4891796875E+001    0.3120703125E+001
 0.0101010    0.4880078125E+001    0.3133593750E+001
 0.0202020    0.4923046875E+001    0.3111328125E+001
 0.0303030    0.4994531250E+001    0.3153125000E+001
 0.0404040    0.5128906250E+001    0.3183593750E+001
 0.0505051    0.5152343750E+001    0.3134375000E+001
 0.0606061    0.5267578125E+001    0.3161718750E+001
 0.0707071    0.5467187500E+001    0.3187109375E+001
 0.0808081    0.5629687500E+001    0.3155078125E+001
 0.0909091    0.5727734375E+001    0.3173437500E+001
 0.1010101    0.5854296875E+001    0.3161328125E+001
 0.1111111    0.5927734375E+001    0.3135156250E+001
 0.1212121    0.6004687500E+001    0.3130468750E+001
 0.1313131    0.6085546875E+001    0.3116796875E+001
 0.1414141    0.6089453125E+001    0.3135156250E+001
 0.1515152    0.6155859375E+001    0.3153125000E+001
 0.1616162    0.5937890625E+001    0.3158984375E+001
 0.1717172    0.5956640625E+001    0.3123828125E+001
 0.1818182    0.5904296875E+001    0.3175390625E+001
 0.1919192    0.5810546875E+001    0.3116406250E+001
 0.2020202    0.5712109375E+001    0.3113281250E+001
 0.2121212    0.5556640625E+001    0.3147265625E+001
 0.2222222    0.5462500000E+001    0.3125781250E+001
 0.2323232    0.5344921875E+001    0.3121484375E+001
 0.2424242    0.5165234375E+001    0.3103125000E+001
 0.2525253    0.4995703125E+001    0.3086718750E+001
 0.2626263    0.4889843750E+001    0.3130859375E+001
 0.2727273    0.4734765625E+001    0.3114843750E+001
 0.2828283    0.4576562500E+001    0.3090625000E+001
 0.2929293    0.4362500000E+001    0.3145703125E+001
 0.3030303    0.4080859375E+001    0.3125781250E+001
 0.3131313    0.3978125000E+001    0.3101562500E+001
 0.3232323    0.3730078125E+001    0.3057812500E+001
 0.3333333    0.3696875000E+001    0.3117187500E+001
 0.3434343    0.3319921875E+001    0.3100000000E+001
 0.3535354    0.3205078125E+001    0.3110546875E+001
 0.3636364    0.3034375000E+001    0.3071875000E+001
 0.3737374    0.2819921875E+001    0.3087890625E+001
 0.3838384    0.2590625000E+001    0.3081640625E+001
 0.3939394    0.2403906250E+001    0.3055468750E+001
 0.4040404    0.2203515625E+001    0.3081250000E+001
 0.4141414    0.2005859375E+001    0.3078125000E+001
 0.4242424    0.1798828125E+001    0.3039062500E+001
 0.4343434    0.1546875000E+001    0.3085546875E+001
 0.4444444    0.1377343750E+001    0.3037109375E+001
 0.4545455    0.1162890625E+001    0.3060937500E+001
 0.4646465    0.9574218750E+000    0.3049609375E+001
 0.4747475    0.6207031250E+000    0.3049218750E+001
 0.4848485    0.4433593750E+000    0.3011718750E+001
 0.4949495    0.2796875000E+000    0.3033203125E+001
 0.5050505    0.1847656250E+000    0.3012500000E+001
 0.5151515    0.1273437500E+000    0.3031250000E+001
 0.5252525    0.1000000000E+000    0.3008593750E+001
 0.5353535    0.1273437500E+000    0.3023437500E+001
 0.5454545    0.1449218750E+000    0.2987500000E+001
 0.5555556    0.9218750000E-001    0.3051953125E+001
 0.5656566    0.1039062500E+000    0.3042968750E+001
 0.5757576    0.1421875000E+000    0.3037500000E+001
 0.5858586    0.1457031250E+000    0.3003906250E+001
 0.5959596    0.1367187500E+000    0.3033984375E+001
 0.6060606    0.1601562500E+000    0.3008984375E+001
 0.6161616    0.9062500000E-001    0.3105859375E+001
 0.6262626    0.1191406250E+000    0.3039453125E+001
 0.6363636    0.1140625000E+000    0.3014453125E+001
 0.6464646    0.1406250000E+000    0.3008203125E+001
 0.6565657    0.1429687500E+000    0.3063281250E+001
 0.6666667    0.1140625000E+000    0.3037890625E+001
 0.6767677    0.1449218750E+000    0.3040234375E+001
 0.6868687    0.1218750000E+000    0.3062109375E+001
 0.6969697    0.1234375000E+000    0.3010156250E+001
 0.7070707    0.8125000000E-001    0.3017968750E+001
 0.7171717    0.1007812500E+000    0.3037890625E+001
 0.7272727    0.1214843750E+000    0.3036328125E+001
 0.7373737    0.9609375000E-001    0.3045703125E+001
 0.7474747    0.6445312500E-001    0.2983593750E+001
 0.7575758    0.1191406250E+000    0.3078125000E+001
 0.7676768    0.7265625000E-001    0.3031640625E+001
 0.7777778    0.9296875000E-001    0.3062109375E+001
 0.7878788    0.8164062500E-001    0.3038281250E+001
 0.7979798    0.1101562500E+000    0.3046093750E+001
 0.8080808    0.3789062500E-001    0.3024609375E+001
 0.8181818    0.1121093750E+000    0.3087109375E+001
 0.8282828    0.8632812500E-001    0.3054296875E+001
 0.8383838    0.8085937500E-001    0.3053515625E+001
 0.8484848    0.5859375000E-001    0.3051562500E+001
 0.8585859    0.4531250000E-001    0.3037109375E+001
 0.8686869    0.6914062500E-001    0.3050000000E+001
 0.8787879    0.6171875000E-001    0.3041015625E+001
 0.8888889    0.7421875000E-001    0.3070703125E+001
 0.8989899    0.1132812500E-001    0.3032031250E+001
 0.9090909    0.1445312500E-001    0.3014062500E+001
 0.9191919    0.5742187500E-001    0.3051562500E+001
 0.9292929    0.3789062500E-001    0.3054296875E+001
 0.9393939    0.3906250000E-003    0.3025390625E+001
 0.9494949    0.2187500000E-001    0.3037109375E+001
 0.9595960    0.8203125000E-002    0.3067968750E+001
 0.9696970    0.6054687500E-001    0.3080859375E+001
 0.9797980    0.1406250000E-001    0.3067187500E+001
 0.9898990    0.0000000000E+000    0.3062500000E+001
 1.0000000    0.3125000000E-002    0.3054296875E+001


# Weightfunction after cycle      62074
 0.0000000    0.5059667969E+001    0.3313085937E+001
 0.0101010    0.5111328125E+001    0.3373144531E+001
 0.0202020    0.5103613281E+001    0.3326562500E+001
 0.0303030    0.5155566406E+001    0.3327148437E+001
 0.0404040    0.5254785156E+001    0.3325000000E+001
 0.0505051    0.5375976562E+001    0.3354394531E+001
 0.0606061    0.5485351562E+001    0.3347167969E+001
 0.0707071    0.5617578125E+001    0.3342578125E+001
 0.0808081    0.5786718750E+001    0.3345214844E+001
 0.0909091    0.5917480469E+001    0.3342968750E+001
 0.1010101    0.6049414062E+001    0.3361132812E+001
 0.1111111    0.6103808594E+001    0.3331738281E+001
 0.1212121    0.6136132812E+001    0.3327832031E+001
 0.1313131    0.6207031250E+001    0.3346679687E+001
 0.1414141    0.6199902344E+001    0.3346875000E+001
 0.1515152    0.6194335937E+001    0.3331933594E+001
 0.1616162    0.6091503906E+001    0.3339648437E+001
 0.1717172    0.6034472656E+001    0.3337890625E+001
 0.1818182    0.5975781250E+001    0.3313964844E+001
 0.1919192    0.5859570312E+001    0.3311035156E+001
 0.2020202    0.5761230469E+001    0.3311230469E+001
 0.2121212    0.5651562500E+001    0.3325000000E+001
 0.2222222    0.5534472656E+001    0.3330371094E+001
 0.2323232    0.5391308594E+001    0.3313671875E+001
 0.2424242    0.5238574219E+001    0.3322851562E+001
 0.2525253    0.5067578125E+001    0.3302148437E+001
 0.2626263    0.4919238281E+001    0.3343261719E+001
 0.2727273    0.4760742187E+001    0.3342480469E+001
 0.2828283    0.4581640625E+001    0.3313281250E+001
 0.2929293    0.4389941406E+001    0.3336132812E+001
 0.3030303    0.4184179687E+001    0.3307519531E+001
 0.3131313    0.4034082031E+001    0.3318945312E+001
 0.3232323    0.3802539062E+001    0.3300097656E+001
 0.3333333    0.3652148437E+001    0.3312207031E+001
 0.3434343    0.3398925781E+001    0.3312695312E+001
 0.3535354    0.3218457031E+001    0.3321972656E+001
 0.3636364    0.2986328125E+001    0.3295703125E+001
 0.3737374    0.2814941406E+001    0.3294238281E+001
 0.3838384    0.2623632812E+001    0.3288476562E+001
 0.3939394    0.2415527344E+001    0.3279003906E+001
 0.4040404    0.2230664062E+001    0.3314160156E+001
 0.4141414    0.1993652344E+001    0.3321191406E+001
 0.4242424    0.1787304687E+001    0.3286230469E+001
 0.4343434    0.1579394531E+001    0.3310449219E+001
 0.4444444    0.1381152344E+001    0.3282128906E+001
 0.4545455    0.1147851562E+001    0.3306738281E+001
 0.4646465    0.9468750000E+000    0.3267480469E+001
 0.4747475    0.7007812500E+000    0.3291796875E+001
 0.4848485    0.4716796875E+000    0.3278808594E+001
 0.4949495    0.2739257812E+000    0.3288671875E+001
 0.5050505    0.1437500000E+000    0.3287695312E+001
 0.5151515    0.1372070312E+000    0.3266308594E+001
 0.5252525    0.1416992187E+000    0.3287011719E+001
 0.5353535    0.1418945312E+000    0.3262988281E+001
 0.5454545    0.1615234375E+000    0.3272656250E+001
 0.5555556    0.1454101562E+000    0.3282324219E+001
 0.5656566    0.1305664062E+000    0.3278222656E+001
 0.5757576    0.1486328125E+000    0.3284375000E+001
 0.5858586    0.1671875000E+000    0.3261621094E+001
 0.5959596    0.1577148437E+000    0.3267187500E+001
 0.6060606    0.1383789062E+000    0.3266308594E+001
 0.6161616    0.1223632812E+000    0.3270312500E+001
 0.6262626    0.1681640625E+000    0.3264648437E+001
 0.6363636    0.1542968750E+000    0.3256835937E+001
 0.6464646    0.1507812500E+000    0.3248046875E+001
 0.6565657    0.1433593750E+000    0.3256054687E+001
 0.6666667    0.1141601562E+000    0.3246679687E+001
 0.6767677    0.1592773437E+000    0.3244140625E+001
 0.6868687    0.1184570312E+000    0.3247753906E+001
 0.6969697    0.1323242187E+000    0.3258300781E+001
 0.7070707    0.1178710937E+000    0.3254980469E+001
 0.7171717    0.1106445312E+000    0.3265625000E+001
 0.7272727    0.1233398437E+000    0.3271875000E+001
 0.7373737    0.1126953125E+000    0.3259570312E+001
 0.7474747    0.1053710937E+000    0.3252441406E+001
 0.7575758    0.1063476562E+000    0.3267773437E+001
 0.7676768    0.9785156250E-001    0.3269531250E+001
 0.7777778    0.9511718750E-001    0.3268261719E+001
 0.7878788    0.1075195312E+000    0.3283203125E+001
 0.7979798    0.1037109375E+000    0.3275292969E+001
 0.8080808    0.8222656250E-001    0.3260058594E+001
 0.8181818    0.8505859375E-001    0.3265039062E+001
 0.8282828    0.9257812500E-001    0.3269726562E+001
 0.8383838    0.7548828125E-001    0.3254589844E+001
 0.8484848    0.8193359375E-001    0.3276367187E+001
 0.8585859    0.6015625000E-001    0.3257031250E+001
 0.8686869    0.6376953125E-001    0.3257519531E+001
 0.8787879    0.7666015625E-001    0.3287011719E+001
 0.8888889    0.6865234375E-001    0.3273437500E+001
 0.8989899    0.5625000000E-001    0.3278222656E+001
 0.9090909    0.5351562500E-001    0.3268750000E+001
 0.9191919    0.5595703125E-001    0.3275097656E+001
 0.9292929    0.3388671875E-001    0.3270703125E+001
 0.9393939    0.3486328125E-001    0.3273730469E+001
 0.9494949    0.5410156250E-001    0.3277539062E+001
 0.9595960    0.1796875000E-001    0.3258007812E+001
 0.9696970    0.4384765625E-001    0.3285058594E+001
 0.9797980    0.3193359375E-001    0.3296582031E+001
 0.9898990    0.2363281250E-001    0.3279296875E+001
 1.0000000    0.0000000000E+000    0.3268066406E+001


