# Evolution of the weightfunction during equilibration phase for fractional: N2
# Weightfunction after cycle        487
 0.0000000    0.4300000000E+001    0.2100000000E+001
 0.0101010    0.4400000000E+001    0.2700000000E+001
 0.0202020    0.3300000000E+001    0.1900000000E+001
 0.0303030    0.3600000000E+001    0.1900000000E+001
 0.0404040    0.3200000000E+001    0.1200000000E+001
 0.0505051    0.3300000000E+001    0.1400000000E+001
 0.0606061    0.3500000000E+001    0.1200000000E+001
 0.0707071    0.4000000000E+001    0.2300000000E+001
 0.0808081    0.3200000000E+001    0.1800000000E+001
 0.0909091    0.4900000000E+001    0.1900000000E+001
 0.1010101    0.5400000000E+001    0.2500000000E+001
 0.1111111    0.4600000000E+001    0.2100000000E+001
 0.1212121    0.5200000000E+001    0.1700000000E+001
 0.1313131    0.4900000000E+001    0.1700000000E+001
 0.1414141    0.5000000000E+001    0.2100000000E+001
 0.1515152    0.4100000000E+001    0.1200000000E+001
 0.1616162    0.3900000000E+001    0.1800000000E+001
 0.1717172    0.5400000000E+001    0.1900000000E+001
 0.1818182    0.4200000000E+001    0.1800000000E+001
 0.1919192    0.3300000000E+001    0.2300000000E+001
 0.2020202    0.5000000000E+001    0.1800000000E+001
 0.2121212    0.5200000000E+001    0.2200000000E+001
 0.2222222    0.4600000000E+001    0.2200000000E+001
 0.2323232    0.3400000000E+001    0.2000000000E+001
 0.2424242    0.5000000000E+001    0.1900000000E+001
 0.2525253    0.3800000000E+001    0.1600000000E+001
 0.2626263    0.3900000000E+001    0.1600000000E+001
 0.2727273    0.3900000000E+001    0.1200000000E+001
 0.2828283    0.2500000000E+001    0.2000000000E+001
 0.2929293    0.4000000000E+001    0.1400000000E+001
 0.3030303    0.4100000000E+001    0.1700000000E+001
 0.3131313    0.3100000000E+001    0.2500000000E+001
 0.3232323    0.4100000000E+001    0.2000000000E+001
 0.3333333    0.3900000000E+001    0.1700000000E+001
 0.3434343    0.4600000000E+001    0.1600000000E+001
 0.3535354    0.2900000000E+001    0.1600000000E+001
 0.3636364    0.3400000000E+001    0.1200000000E+001
 0.3737374    0.2800000000E+001    0.2600000000E+001
 0.3838384    0.2700000000E+001    0.2200000000E+001
 0.3939394    0.2200000000E+001    0.1600000000E+001
 0.4040404    0.3600000000E+001    0.2500000000E+001
 0.4141414    0.2600000000E+001    0.1900000000E+001
 0.4242424    0.2400000000E+001    0.2200000000E+001
 0.4343434    0.1500000000E+001    0.2300000000E+001
 0.4444444    0.2000000000E+001    0.2400000000E+001
 0.4545455    0.2300000000E+001    0.2200000000E+001
 0.4646465    0.2000000000E+001    0.2400000000E+001
 0.4747475    0.1500000000E+001    0.2400000000E+001
 0.4848485    0.1100000000E+001    0.2500000000E+001
 0.4949495    0.9000000000E+000    0.3900000000E+001
 0.5050505    0.7000000000E+000    0.2300000000E+001
 0.5151515    0.1500000000E+001    0.2800000000E+001
 0.5252525    0.8000000000E+000    0.2200000000E+001
 0.5353535    0.9000000000E+000    0.2600000000E+001
 0.5454545    0.4000000000E+000    0.2100000000E+001
 0.5555556    0.1800000000E+001    0.1400000000E+001
 0.5656566    0.1000000000E+001    0.2700000000E+001
 0.5757576    0.1200000000E+001    0.2000000000E+001
 0.5858586    0.9000000000E+000    0.1400000000E+001
 0.5959596    0.1100000000E+001    0.1800000000E+001
 0.6060606    0.1100000000E+001    0.2700000000E+001
 0.6161616    0.1000000000E+001    0.2300000000E+001
 0.6262626    0.6000000000E+000    0.1200000000E+001
 0.6363636    0.9000000000E+000    0.1900000000E+001
 0.6464646    0.5000000000E+000    0.2300000000E+001
 0.6565657    0.1200000000E+001    0.1600000000E+001
 0.6666667    0.0000000000E+000    0.2100000000E+001
 0.6767677    0.7000000000E+000    0.2800000000E+001
 0.6868687    0.6000000000E+000    0.1900000000E+001
 0.6969697    0.5000000000E+000    0.2400000000E+001
 0.7070707    0.5000000000E+000    0.1900000000E+001
 0.7171717    0.4000000000E+000    0.1800000000E+001
 0.7272727    0.1100000000E+001    0.2400000000E+001
 0.7373737    0.9000000000E+000    0.2100000000E+001
 0.7474747    0.1000000000E+001    0.2300000000E+001
 0.7575758    0.9000000000E+000    0.2300000000E+001
 0.7676768    0.1400000000E+001    0.2600000000E+001
 0.7777778    0.1400000000E+001    0.2700000000E+001
 0.7878788    0.8000000000E+000    0.2100000000E+001
 0.7979798    0.1000000000E+001    0.2100000000E+001
 0.8080808    0.1300000000E+001    0.2700000000E+001
 0.8181818    0.1200000000E+001    0.2800000000E+001
 0.8282828    0.8000000000E+000    0.2100000000E+001
 0.8383838    0.9000000000E+000    0.2500000000E+001
 0.8484848    0.1100000000E+001    0.2400000000E+001
 0.8585859    0.5000000000E+000    0.2100000000E+001
 0.8686869    0.1600000000E+001    0.2600000000E+001
 0.8787879    0.9000000000E+000    0.2200000000E+001
 0.8888889    0.9000000000E+000    0.2000000000E+001
 0.8989899    0.1000000000E+001    0.2000000000E+001
 0.9090909    0.5000000000E+000    0.2100000000E+001
 0.9191919    0.6000000000E+000    0.2500000000E+001
 0.9292929    0.2000000000E+000    0.1600000000E+001
 0.9393939    0.5000000000E+000    0.1600000000E+001
 0.9494949    0.5000000000E+000    0.1900000000E+001
 0.9595960    0.1100000000E+001    0.2400000000E+001
 0.9696970    0.2000000000E+000    0.2100000000E+001
 0.9797980    0.8000000000E+000    0.2600000000E+001
 0.9898990    0.1000000000E+001    0.2100000000E+001
 1.0000000    0.6000000000E+000    0.2100000000E+001


# Weightfunction after cycle       1640
 0.0000000    0.3925000000E+001    0.2250000000E+001
 0.0101010    0.4675000000E+001    0.2800000000E+001
 0.0202020    0.4275000000E+001    0.2350000000E+001
 0.0303030    0.4775000000E+001    0.2825000000E+001
 0.0404040    0.4100000000E+001    0.2100000000E+001
 0.0505051    0.4925000000E+001    0.2825000000E+001
 0.0606061    0.4700000000E+001    0.2725000000E+001
 0.0707071    0.4775000000E+001    0.2300000000E+001
 0.0808081    0.4700000000E+001    0.2300000000E+001
 0.0909091    0.5150000000E+001    0.2675000000E+001
 0.1010101    0.4900000000E+001    0.2625000000E+001
 0.1111111    0.4675000000E+001    0.2600000000E+001
 0.1212121    0.5775000000E+001    0.2975000000E+001
 0.1313131    0.5300000000E+001    0.2550000000E+001
 0.1414141    0.5225000000E+001    0.2650000000E+001
 0.1515152    0.4650000000E+001    0.2625000000E+001
 0.1616162    0.5050000000E+001    0.2300000000E+001
 0.1717172    0.5125000000E+001    0.2800000000E+001
 0.1818182    0.5025000000E+001    0.2600000000E+001
 0.1919192    0.4875000000E+001    0.2875000000E+001
 0.2020202    0.4850000000E+001    0.2650000000E+001
 0.2121212    0.4475000000E+001    0.2550000000E+001
 0.2222222    0.4625000000E+001    0.2325000000E+001
 0.2323232    0.4350000000E+001    0.2350000000E+001
 0.2424242    0.4600000000E+001    0.2325000000E+001
 0.2525253    0.4750000000E+001    0.2475000000E+001
 0.2626263    0.4600000000E+001    0.2375000000E+001
 0.2727273    0.4025000000E+001    0.2775000000E+001
 0.2828283    0.4125000000E+001    0.2350000000E+001
 0.2929293    0.3850000000E+001    0.2575000000E+001
 0.3030303    0.3250000000E+001    0.2825000000E+001
 0.3131313    0.3625000000E+001    0.2350000000E+001
 0.3232323    0.3425000000E+001    0.2550000000E+001
 0.3333333    0.3700000000E+001    0.2475000000E+001
 0.3434343    0.3000000000E+001    0.2050000000E+001
 0.3535354    0.2725000000E+001    0.2550000000E+001
 0.3636364    0.2575000000E+001    0.2325000000E+001
 0.3737374    0.2900000000E+001    0.2575000000E+001
 0.3838384    0.3300000000E+001    0.2700000000E+001
 0.3939394    0.2475000000E+001    0.2200000000E+001
 0.4040404    0.2075000000E+001    0.2400000000E+001
 0.4141414    0.1600000000E+001    0.2425000000E+001
 0.4242424    0.1925000000E+001    0.2200000000E+001
 0.4343434    0.1875000000E+001    0.2275000000E+001
 0.4444444    0.1875000000E+001    0.2200000000E+001
 0.4545455    0.1425000000E+001    0.2475000000E+001
 0.4646465    0.1225000000E+001    0.2350000000E+001
 0.4747475    0.1150000000E+001    0.2125000000E+001
 0.4848485    0.8000000000E+000    0.2825000000E+001
 0.4949495    0.7750000000E+000    0.2575000000E+001
 0.5050505    0.2750000000E+000    0.2500000000E+001
 0.5151515    0.2250000000E+000    0.2500000000E+001
 0.5252525    0.4500000000E+000    0.2275000000E+001
 0.5353535    0.3000000000E+000    0.2125000000E+001
 0.5454545    0.5000000000E+000    0.2575000000E+001
 0.5555556    0.6750000000E+000    0.2575000000E+001
 0.5656566    0.6000000000E+000    0.2075000000E+001
 0.5757576    0.2000000000E+000    0.2625000000E+001
 0.5858586    0.4500000000E+000    0.2100000000E+001
 0.5959596    0.6250000000E+000    0.2050000000E+001
 0.6060606    0.4250000000E+000    0.2400000000E+001
 0.6161616    0.6750000000E+000    0.2375000000E+001
 0.6262626    0.2250000000E+000    0.2650000000E+001
 0.6363636    0.0000000000E+000    0.2325000000E+001
 0.6464646    0.2750000000E+000    0.2350000000E+001
 0.6565657    0.6500000000E+000    0.2000000000E+001
 0.6666667    0.4750000000E+000    0.2600000000E+001
 0.6767677    0.5000000000E-001    0.2525000000E+001
 0.6868687    0.6750000000E+000    0.2300000000E+001
 0.6969697    0.4250000000E+000    0.2750000000E+001
 0.7070707    0.8750000000E+000    0.2600000000E+001
 0.7171717    0.3500000000E+000    0.2225000000E+001
 0.7272727    0.8000000000E+000    0.2325000000E+001
 0.7373737    0.5000000000E+000    0.2175000000E+001
 0.7474747    0.4250000000E+000    0.2100000000E+001
 0.7575758    0.5750000000E+000    0.2075000000E+001
 0.7676768    0.7250000000E+000    0.2300000000E+001
 0.7777778    0.5500000000E+000    0.2150000000E+001
 0.7878788    0.7250000000E+000    0.2400000000E+001
 0.7979798    0.6250000000E+000    0.2300000000E+001
 0.8080808    0.5500000000E+000    0.2200000000E+001
 0.8181818    0.4000000000E+000    0.2025000000E+001
 0.8282828    0.7500000000E+000    0.2450000000E+001
 0.8383838    0.5500000000E+000    0.2175000000E+001
 0.8484848    0.4250000000E+000    0.2100000000E+001
 0.8585859    0.5250000000E+000    0.2225000000E+001
 0.8686869    0.7250000000E+000    0.2125000000E+001
 0.8787879    0.5750000000E+000    0.2375000000E+001
 0.8888889    0.6250000000E+000    0.2325000000E+001
 0.8989899    0.6750000000E+000    0.2375000000E+001
 0.9090909    0.8000000000E+000    0.2475000000E+001
 0.9191919    0.6250000000E+000    0.2025000000E+001
 0.9292929    0.7750000000E+000    0.2400000000E+001
 0.9393939    0.5750000000E+000    0.2375000000E+001
 0.9494949    0.3250000000E+000    0.2100000000E+001
 0.9595960    0.4500000000E+000    0.1900000000E+001
 0.9696970    0.6000000000E+000    0.2200000000E+001
 0.9797980    0.7500000000E+000    0.2375000000E+001
 0.9898990    0.8000000000E+000    0.2500000000E+001
 1.0000000    0.4250000000E+000    0.1950000000E+001


# Weightfunction after cycle       3937
 0.0000000    0.4156250000E+001    0.2343750000E+001
 0.0101010    0.3818750000E+001    0.2143750000E+001
 0.0202020    0.4343750000E+001    0.2437500000E+001
 0.0303030    0.4243750000E+001    0.2375000000E+001
 0.0404040    0.4168750000E+001    0.2237500000E+001
 0.0505051    0.4425000000E+001    0.2368750000E+001
 0.0606061    0.4318750000E+001    0.2237500000E+001
 0.0707071    0.4512500000E+001    0.2306250000E+001
 0.0808081    0.4443750000E+001    0.1975000000E+001
 0.0909091    0.4593750000E+001    0.2243750000E+001
 0.1010101    0.4731250000E+001    0.2331250000E+001
 0.1111111    0.4675000000E+001    0.2193750000E+001
 0.1212121    0.5256250000E+001    0.2425000000E+001
 0.1313131    0.4937500000E+001    0.2281250000E+001
 0.1414141    0.4925000000E+001    0.2181250000E+001
 0.1515152    0.4856250000E+001    0.2293750000E+001
 0.1616162    0.4837500000E+001    0.2068750000E+001
 0.1717172    0.4918750000E+001    0.2218750000E+001
 0.1818182    0.4850000000E+001    0.2281250000E+001
 0.1919192    0.4806250000E+001    0.2393750000E+001
 0.2020202    0.4743750000E+001    0.2300000000E+001
 0.2121212    0.5012500000E+001    0.2331250000E+001
 0.2222222    0.4593750000E+001    0.2106250000E+001
 0.2323232    0.4193750000E+001    0.2225000000E+001
 0.2424242    0.4318750000E+001    0.2206250000E+001
 0.2525253    0.4181250000E+001    0.2168750000E+001
 0.2626263    0.3906250000E+001    0.2068750000E+001
 0.2727273    0.3968750000E+001    0.1981250000E+001
 0.2828283    0.3718750000E+001    0.2100000000E+001
 0.2929293    0.3662500000E+001    0.1962500000E+001
 0.3030303    0.3418750000E+001    0.2087500000E+001
 0.3131313    0.3600000000E+001    0.2037500000E+001
 0.3232323    0.3212500000E+001    0.2125000000E+001
 0.3333333    0.3012500000E+001    0.2000000000E+001
 0.3434343    0.2925000000E+001    0.2093750000E+001
 0.3535354    0.2943750000E+001    0.2212500000E+001
 0.3636364    0.2506250000E+001    0.2168750000E+001
 0.3737374    0.2331250000E+001    0.2118750000E+001
 0.3838384    0.2237500000E+001    0.2000000000E+001
 0.3939394    0.2018750000E+001    0.2175000000E+001
 0.4040404    0.1956250000E+001    0.1937500000E+001
 0.4141414    0.1962500000E+001    0.2087500000E+001
 0.4242424    0.1656250000E+001    0.2118750000E+001
 0.4343434    0.1631250000E+001    0.2168750000E+001
 0.4444444    0.1531250000E+001    0.2050000000E+001
 0.4545455    0.1281250000E+001    0.2275000000E+001
 0.4646465    0.9375000000E+000    0.1887500000E+001
 0.4747475    0.1062500000E+001    0.1981250000E+001
 0.4848485    0.9437500000E+000    0.1868750000E+001
 0.4949495    0.4812500000E+000    0.1943750000E+001
 0.5050505    0.4687500000E+000    0.1943750000E+001
 0.5151515    0.3750000000E+000    0.2025000000E+001
 0.5252525    0.3937500000E+000    0.1900000000E+001
 0.5353535    0.4125000000E+000    0.1887500000E+001
 0.5454545    0.7500000000E+000    0.2075000000E+001
 0.5555556    0.4437500000E+000    0.2050000000E+001
 0.5656566    0.5625000000E+000    0.2100000000E+001
 0.5757576    0.5500000000E+000    0.1975000000E+001
 0.5858586    0.4250000000E+000    0.1818750000E+001
 0.5959596    0.3750000000E+000    0.1762500000E+001
 0.6060606    0.3625000000E+000    0.1975000000E+001
 0.6161616    0.4687500000E+000    0.2062500000E+001
 0.6262626    0.4562500000E+000    0.2081250000E+001
 0.6363636    0.2625000000E+000    0.1987500000E+001
 0.6464646    0.5500000000E+000    0.1937500000E+001
 0.6565657    0.6500000000E+000    0.2168750000E+001
 0.6666667    0.5125000000E+000    0.2043750000E+001
 0.6767677    0.4875000000E+000    0.1837500000E+001
 0.6868687    0.2937500000E+000    0.2037500000E+001
 0.6969697    0.2875000000E+000    0.2037500000E+001
 0.7070707    0.4250000000E+000    0.2206250000E+001
 0.7171717    0.4062500000E+000    0.2062500000E+001
 0.7272727    0.2687500000E+000    0.2006250000E+001
 0.7373737    0.3562500000E+000    0.2181250000E+001
 0.7474747    0.3062500000E+000    0.2075000000E+001
 0.7575758    0.2687500000E+000    0.1881250000E+001
 0.7676768    0.1812500000E+000    0.1987500000E+001
 0.7777778    0.3437500000E+000    0.2025000000E+001
 0.7878788    0.3625000000E+000    0.2006250000E+001
 0.7979798    0.3125000000E+000    0.2043750000E+001
 0.8080808    0.2562500000E+000    0.1912500000E+001
 0.8181818    0.2375000000E+000    0.1975000000E+001
 0.8282828    0.4437500000E+000    0.2118750000E+001
 0.8383838    0.2250000000E+000    0.2012500000E+001
 0.8484848    0.1687500000E+000    0.2031250000E+001
 0.8585859    0.3250000000E+000    0.2050000000E+001
 0.8686869    0.3375000000E+000    0.2012500000E+001
 0.8787879    0.3687500000E+000    0.2150000000E+001
 0.8888889    0.1250000000E+000    0.2018750000E+001
 0.8989899    0.2375000000E+000    0.2006250000E+001
 0.9090909    0.1500000000E+000    0.1993750000E+001
 0.9191919    0.3937500000E+000    0.2250000000E+001
 0.9292929    0.2625000000E+000    0.2025000000E+001
 0.9393939    0.0000000000E+000    0.1787500000E+001
 0.9494949    0.2062500000E+000    0.1912500000E+001
 0.9595960    0.1062500000E+000    0.1981250000E+001
 0.9696970    0.1125000000E+000    0.1868750000E+001
 0.9797980    0.6250000000E-001    0.1881250000E+001
 0.9898990    0.3562500000E+000    0.2193750000E+001
 1.0000000    0.4125000000E+000    0.2256250000E+001


# Weightfunction after cycle       9921
 0.0000000    0.4121875000E+001    0.2310937500E+001
 0.0101010    0.4051562500E+001    0.2337500000E+001
 0.0202020    0.4117187500E+001    0.2339062500E+001
 0.0303030    0.4179687500E+001    0.2340625000E+001
 0.0404040    0.4215625000E+001    0.2328125000E+001
 0.0505051    0.4235937500E+001    0.2326562500E+001
 0.0606061    0.4471875000E+001    0.2285937500E+001
 0.0707071    0.4596875000E+001    0.2398437500E+001
 0.0808081    0.4796875000E+001    0.2403125000E+001
 0.0909091    0.4800000000E+001    0.2487500000E+001
 0.1010101    0.4875000000E+001    0.2404687500E+001
 0.1111111    0.4982812500E+001    0.2373437500E+001
 0.1212121    0.4893750000E+001    0.2362500000E+001
 0.1313131    0.4915625000E+001    0.2353125000E+001
 0.1414141    0.5096875000E+001    0.2284375000E+001
 0.1515152    0.4803125000E+001    0.2250000000E+001
 0.1616162    0.4776562500E+001    0.2343750000E+001
 0.1717172    0.4821875000E+001    0.2320312500E+001
 0.1818182    0.4731250000E+001    0.2279687500E+001
 0.1919192    0.4673437500E+001    0.2367187500E+001
 0.2020202    0.4478125000E+001    0.2259375000E+001
 0.2121212    0.4414062500E+001    0.2242187500E+001
 0.2222222    0.4339062500E+001    0.2240625000E+001
 0.2323232    0.4282812500E+001    0.2348437500E+001
 0.2424242    0.4167187500E+001    0.2248437500E+001
 0.2525253    0.4001562500E+001    0.2214062500E+001
 0.2626263    0.3884375000E+001    0.2360937500E+001
 0.2727273    0.3771875000E+001    0.2362500000E+001
 0.2828283    0.3654687500E+001    0.2279687500E+001
 0.2929293    0.3553125000E+001    0.2285937500E+001
 0.3030303    0.3489062500E+001    0.2279687500E+001
 0.3131313    0.3137500000E+001    0.2331250000E+001
 0.3232323    0.3175000000E+001    0.2285937500E+001
 0.3333333    0.2992187500E+001    0.2284375000E+001
 0.3434343    0.2765625000E+001    0.2234375000E+001
 0.3535354    0.2614062500E+001    0.2265625000E+001
 0.3636364    0.2464062500E+001    0.2287500000E+001
 0.3737374    0.2337500000E+001    0.2168750000E+001
 0.3838384    0.2129687500E+001    0.2193750000E+001
 0.3939394    0.1996875000E+001    0.2195312500E+001
 0.4040404    0.1925000000E+001    0.2126562500E+001
 0.4141414    0.1726562500E+001    0.2290625000E+001
 0.4242424    0.1637500000E+001    0.2250000000E+001
 0.4343434    0.1395312500E+001    0.2142187500E+001
 0.4444444    0.1260937500E+001    0.2214062500E+001
 0.4545455    0.1121875000E+001    0.2171875000E+001
 0.4646465    0.8484375000E+000    0.2185937500E+001
 0.4747475    0.7078125000E+000    0.2195312500E+001
 0.4848485    0.5828125000E+000    0.2146875000E+001
 0.4949495    0.3843750000E+000    0.2193750000E+001
 0.5050505    0.3500000000E+000    0.2121875000E+001
 0.5151515    0.2703125000E+000    0.2134375000E+001
 0.5252525    0.3671875000E+000    0.2142187500E+001
 0.5353535    0.3406250000E+000    0.2234375000E+001
 0.5454545    0.1671875000E+000    0.2043750000E+001
 0.5555556    0.3031250000E+000    0.2153125000E+001
 0.5656566    0.3078125000E+000    0.2103125000E+001
 0.5757576    0.4000000000E+000    0.2164062500E+001
 0.5858586    0.3359375000E+000    0.2170312500E+001
 0.5959596    0.3406250000E+000    0.2075000000E+001
 0.6060606    0.3515625000E+000    0.2189062500E+001
 0.6161616    0.2171875000E+000    0.2045312500E+001
 0.6262626    0.2515625000E+000    0.2139062500E+001
 0.6363636    0.2515625000E+000    0.2273437500E+001
 0.6464646    0.2453125000E+000    0.2159375000E+001
 0.6565657    0.2515625000E+000    0.2212500000E+001
 0.6666667    0.2156250000E+000    0.2176562500E+001
 0.6767677    0.1718750000E+000    0.2112500000E+001
 0.6868687    0.2609375000E+000    0.2234375000E+001
 0.6969697    0.1187500000E+000    0.2181250000E+001
 0.7070707    0.2281250000E+000    0.2200000000E+001
 0.7171717    0.2390625000E+000    0.2184375000E+001
 0.7272727    0.2984375000E+000    0.2215625000E+001
 0.7373737    0.1781250000E+000    0.2101562500E+001
 0.7474747    0.1390625000E+000    0.2128125000E+001
 0.7575758    0.2703125000E+000    0.2170312500E+001
 0.7676768    0.2734375000E+000    0.2159375000E+001
 0.7777778    0.1953125000E+000    0.2140625000E+001
 0.7878788    0.1328125000E+000    0.2134375000E+001
 0.7979798    0.2250000000E+000    0.2192187500E+001
 0.8080808    0.1500000000E+000    0.2140625000E+001
 0.8181818    0.1453125000E+000    0.2128125000E+001
 0.8282828    0.1312500000E+000    0.2134375000E+001
 0.8383838    0.1453125000E+000    0.2165625000E+001
 0.8484848    0.1312500000E+000    0.2151562500E+001
 0.8585859    0.1828125000E+000    0.2160937500E+001
 0.8686869    0.1468750000E+000    0.2159375000E+001
 0.8787879    0.1109375000E+000    0.2134375000E+001
 0.8888889    0.6562500000E-001    0.2101562500E+001
 0.8989899    0.1281250000E+000    0.2121875000E+001
 0.9090909    0.9531250000E-001    0.2137500000E+001
 0.9191919    0.4843750000E-001    0.2109375000E+001
 0.9292929    0.9218750000E-001    0.2131250000E+001
 0.9393939    0.2343750000E-001    0.2035937500E+001
 0.9494949    0.1609375000E+000    0.2159375000E+001
 0.9595960    0.7500000000E-001    0.2132812500E+001
 0.9696970    0.1562500000E-001    0.2071875000E+001
 0.9797980    0.0000000000E+000    0.2110937500E+001
 0.9898990    0.9375000000E-001    0.2165625000E+001
 1.0000000    0.7656250000E-001    0.2160937500E+001


# Weightfunction after cycle      18683
 0.0000000    0.3971484375E+001    0.2189453125E+001
 0.0101010    0.4002343750E+001    0.2194531250E+001
 0.0202020    0.4062109375E+001    0.2248437500E+001
 0.0303030    0.4069531250E+001    0.2180859375E+001
 0.0404040    0.4105859375E+001    0.2183203125E+001
 0.0505051    0.4106250000E+001    0.2185937500E+001
 0.0606061    0.4296875000E+001    0.2179687500E+001
 0.0707071    0.4405859375E+001    0.2187109375E+001
 0.0808081    0.4512500000E+001    0.2187109375E+001
 0.0909091    0.4614453125E+001    0.2250390625E+001
 0.1010101    0.4761328125E+001    0.2219531250E+001
 0.1111111    0.4757421875E+001    0.2205468750E+001
 0.1212121    0.4805468750E+001    0.2203515625E+001
 0.1313131    0.4846484375E+001    0.2137500000E+001
 0.1414141    0.4916015625E+001    0.2184765625E+001
 0.1515152    0.4778125000E+001    0.2172265625E+001
 0.1616162    0.4814062500E+001    0.2103515625E+001
 0.1717172    0.4736718750E+001    0.2181640625E+001
 0.1818182    0.4709765625E+001    0.2168750000E+001
 0.1919192    0.4620312500E+001    0.2199218750E+001
 0.2020202    0.4572265625E+001    0.2124218750E+001
 0.2121212    0.4400781250E+001    0.2130859375E+001
 0.2222222    0.4314062500E+001    0.2097656250E+001
 0.2323232    0.4242968750E+001    0.2150781250E+001
 0.2424242    0.4149218750E+001    0.2109375000E+001
 0.2525253    0.4048828125E+001    0.2150390625E+001
 0.2626263    0.3905859375E+001    0.2116015625E+001
 0.2727273    0.3807421875E+001    0.2120703125E+001
 0.2828283    0.3615234375E+001    0.2165625000E+001
 0.2929293    0.3511718750E+001    0.2124218750E+001
 0.3030303    0.3414062500E+001    0.2122656250E+001
 0.3131313    0.3160156250E+001    0.2116796875E+001
 0.3232323    0.3137500000E+001    0.2050390625E+001
 0.3333333    0.2916796875E+001    0.2079687500E+001
 0.3434343    0.2823046875E+001    0.2071875000E+001
 0.3535354    0.2663671875E+001    0.2086328125E+001
 0.3636364    0.2539453125E+001    0.2062890625E+001
 0.3737374    0.2379687500E+001    0.2065234375E+001
 0.3838384    0.2178515625E+001    0.2087500000E+001
 0.3939394    0.2034765625E+001    0.2031640625E+001
 0.4040404    0.1873437500E+001    0.2010937500E+001
 0.4141414    0.1680468750E+001    0.2026171875E+001
 0.4242424    0.1537500000E+001    0.2033203125E+001
 0.4343434    0.1289843750E+001    0.2030859375E+001
 0.4444444    0.1146875000E+001    0.2032031250E+001
 0.4545455    0.1006250000E+001    0.2049609375E+001
 0.4646465    0.8410156250E+000    0.2019531250E+001
 0.4747475    0.6328125000E+000    0.2030468750E+001
 0.4848485    0.4839843750E+000    0.2005468750E+001
 0.4949495    0.3382812500E+000    0.2017187500E+001
 0.5050505    0.1941406250E+000    0.2009765625E+001
 0.5151515    0.2519531250E+000    0.2027343750E+001
 0.5252525    0.2039062500E+000    0.2009375000E+001
 0.5353535    0.2109375000E+000    0.1986718750E+001
 0.5454545    0.1691406250E+000    0.1987890625E+001
 0.5555556    0.2714843750E+000    0.1993750000E+001
 0.5656566    0.2074218750E+000    0.2032031250E+001
 0.5757576    0.2355468750E+000    0.2016796875E+001
 0.5858586    0.2214843750E+000    0.2010546875E+001
 0.5959596    0.2226562500E+000    0.1992968750E+001
 0.6060606    0.1730468750E+000    0.1983593750E+001
 0.6161616    0.1992187500E+000    0.2002734375E+001
 0.6262626    0.1816406250E+000    0.1987109375E+001
 0.6363636    0.1777343750E+000    0.2057421875E+001
 0.6464646    0.1968750000E+000    0.2020312500E+001
 0.6565657    0.1769531250E+000    0.2009765625E+001
 0.6666667    0.1734375000E+000    0.2031250000E+001
 0.6767677    0.1921875000E+000    0.1982812500E+001
 0.6868687    0.2066406250E+000    0.1994531250E+001
 0.6969697    0.1632812500E+000    0.1993359375E+001
 0.7070707    0.1996093750E+000    0.2008984375E+001
 0.7171717    0.1824218750E+000    0.2013671875E+001
 0.7272727    0.1902343750E+000    0.2004687500E+001
 0.7373737    0.1925781250E+000    0.2011718750E+001
 0.7474747    0.1500000000E+000    0.1999218750E+001
 0.7575758    0.1695312500E+000    0.2019531250E+001
 0.7676768    0.1320312500E+000    0.1966796875E+001
 0.7777778    0.1847656250E+000    0.2027343750E+001
 0.7878788    0.1589843750E+000    0.2020312500E+001
 0.7979798    0.1238281250E+000    0.1976953125E+001
 0.8080808    0.1117187500E+000    0.1970312500E+001
 0.8181818    0.1546875000E+000    0.2025781250E+001
 0.8282828    0.1074218750E+000    0.1980468750E+001
 0.8383838    0.1085937500E+000    0.1968750000E+001
 0.8484848    0.1031250000E+000    0.1967968750E+001
 0.8585859    0.9296875000E-001    0.1979296875E+001
 0.8686869    0.1296875000E+000    0.2003125000E+001
 0.8787879    0.1160156250E+000    0.2007421875E+001
 0.8888889    0.8359375000E-001    0.1948828125E+001
 0.8989899    0.1105468750E+000    0.2007812500E+001
 0.9090909    0.9765625000E-001    0.2019921875E+001
 0.9191919    0.6054687500E-001    0.1980468750E+001
 0.9292929    0.3320312500E-001    0.1952343750E+001
 0.9393939    0.5195312500E-001    0.1980468750E+001
 0.9494949    0.8320312500E-001    0.2028515625E+001
 0.9595960    0.7968750000E-001    0.2012109375E+001
 0.9696970    0.3632812500E-001    0.1968750000E+001
 0.9797980    0.3320312500E-001    0.1989453125E+001
 0.9898990    0.0000000000E+000    0.1982031250E+001
 1.0000000    0.2460937500E-001    0.1976953125E+001


# Weightfunction after cycle      28320
 0.0000000    0.3958496094E+001    0.2166113281E+001
 0.0101010    0.3971386719E+001    0.2153808594E+001
 0.0202020    0.4008398438E+001    0.2195214844E+001
 0.0303030    0.4027539063E+001    0.2142089844E+001
 0.0404040    0.4087792969E+001    0.2150878906E+001
 0.0505051    0.4111035156E+001    0.2149804688E+001
 0.0606061    0.4249023437E+001    0.2123339844E+001
 0.0707071    0.4334570312E+001    0.2128417969E+001
 0.0808081    0.4497851562E+001    0.2155371094E+001
 0.0909091    0.4590722656E+001    0.2179199219E+001
 0.1010101    0.4728222656E+001    0.2173437500E+001
 0.1111111    0.4714355469E+001    0.2171191406E+001
 0.1212121    0.4778222656E+001    0.2153320313E+001
 0.1313131    0.4802441406E+001    0.2113281250E+001
 0.1414141    0.4869140625E+001    0.2133105469E+001
 0.1515152    0.4783496094E+001    0.2110644531E+001
 0.1616162    0.4808593750E+001    0.2084375000E+001
 0.1717172    0.4694140625E+001    0.2119921875E+001
 0.1818182    0.4672363281E+001    0.2116992188E+001
 0.1919192    0.4573828125E+001    0.2142089844E+001
 0.2020202    0.4535253906E+001    0.2087500000E+001
 0.2121212    0.4367871094E+001    0.2078906250E+001
 0.2222222    0.4275000000E+001    0.2079101563E+001
 0.2323232    0.4204101562E+001    0.2104003906E+001
 0.2424242    0.4091796875E+001    0.2084277344E+001
 0.2525253    0.3981835938E+001    0.2089355469E+001
 0.2626263    0.3875878906E+001    0.2055078125E+001
 0.2727273    0.3734960938E+001    0.2062792969E+001
 0.2828283    0.3608203125E+001    0.2110742188E+001
 0.2929293    0.3460253906E+001    0.2066210938E+001
 0.3030303    0.3364941406E+001    0.2071191406E+001
 0.3131313    0.3180761719E+001    0.2042675781E+001
 0.3232323    0.3080175781E+001    0.2020703125E+001
 0.3333333    0.2909277344E+001    0.2038867188E+001
 0.3434343    0.2752148438E+001    0.2012207031E+001
 0.3535354    0.2609960938E+001    0.2044140625E+001
 0.3636364    0.2484277344E+001    0.1996875000E+001
 0.3737374    0.2314160156E+001    0.2023046875E+001
 0.3838384    0.2178906250E+001    0.2021972656E+001
 0.3939394    0.1993750000E+001    0.1987890625E+001
 0.4040404    0.1845312500E+001    0.1963183594E+001
 0.4141414    0.1673632813E+001    0.1980566406E+001
 0.4242424    0.1503710938E+001    0.1979296875E+001
 0.4343434    0.1300878906E+001    0.1978906250E+001
 0.4444444    0.1121679688E+001    0.1959277344E+001
 0.4545455    0.9979492188E+000    0.1992578125E+001
 0.4646465    0.8209960938E+000    0.1966406250E+001
 0.4747475    0.6077148438E+000    0.1956445313E+001
 0.4848485    0.4692382813E+000    0.1930273438E+001
 0.4949495    0.2833007813E+000    0.1957714844E+001
 0.5050505    0.1588867188E+000    0.1935156250E+001
 0.5151515    0.2159179688E+000    0.1948730469E+001
 0.5252525    0.1929687500E+000    0.1955761719E+001
 0.5353535    0.1723632813E+000    0.1922753906E+001
 0.5454545    0.1690429688E+000    0.1933984375E+001
 0.5555556    0.2077148438E+000    0.1936621094E+001
 0.5656566    0.1857421875E+000    0.1951562500E+001
 0.5757576    0.2358398438E+000    0.1973242188E+001
 0.5858586    0.2146484375E+000    0.1934375000E+001
 0.5959596    0.1766601563E+000    0.1932226563E+001
 0.6060606    0.1631835938E+000    0.1922851563E+001
 0.6161616    0.1820312500E+000    0.1948144531E+001
 0.6262626    0.1565429688E+000    0.1945312500E+001
 0.6363636    0.1647460938E+000    0.1997265625E+001
 0.6464646    0.1789062500E+000    0.1977050781E+001
 0.6565657    0.1487304688E+000    0.1948242188E+001
 0.6666667    0.1783203125E+000    0.1957617188E+001
 0.6767677    0.1721679688E+000    0.1921484375E+001
 0.6868687    0.1725585938E+000    0.1944238281E+001
 0.6969697    0.1310546875E+000    0.1932812500E+001
 0.7070707    0.1734375000E+000    0.1949511719E+001
 0.7171717    0.1700195313E+000    0.1964062500E+001
 0.7272727    0.1619140625E+000    0.1940527344E+001
 0.7373737    0.1639648438E+000    0.1963183594E+001
 0.7474747    0.1302734375E+000    0.1937304688E+001
 0.7575758    0.1322265625E+000    0.1953417969E+001
 0.7676768    0.1111328125E+000    0.1918554688E+001
 0.7777778    0.1359375000E+000    0.1946191406E+001
 0.7878788    0.1220703125E+000    0.1943066406E+001
 0.7979798    0.1054687500E+000    0.1932421875E+001
 0.8080808    0.8837890625E-001    0.1921875000E+001
 0.8181818    0.1087890625E+000    0.1950683594E+001
 0.8282828    0.9140625000E-001    0.1927734375E+001
 0.8383838    0.8427734375E-001    0.1917578125E+001
 0.8484848    0.7617187500E-001    0.1914648438E+001
 0.8585859    0.6054687500E-001    0.1914355469E+001
 0.8686869    0.5576171875E-001    0.1918359375E+001
 0.8787879    0.8447265625E-001    0.1946093750E+001
 0.8888889    0.6376953125E-001    0.1917968750E+001
 0.8989899    0.6982421875E-001    0.1941699219E+001
 0.9090909    0.5810546875E-001    0.1953808594E+001
 0.9191919    0.1455078125E-001    0.1910156250E+001
 0.9292929    0.2207031250E-001    0.1904687500E+001
 0.9393939    0.1513671875E-001    0.1921484375E+001
 0.9494949    0.5058593750E-001    0.1960351563E+001
 0.9595960    0.4287109375E-001    0.1950000000E+001
 0.9696970    0.7128906250E-002    0.1912890625E+001
 0.9797980    0.4785156250E-002    0.1924511719E+001
 0.9898990    0.0000000000E+000    0.1956347656E+001
 1.0000000    0.1083984375E-001    0.1922460938E+001


