# Lambda, (Probability, Probability_biased(/observed)) per Fractional
 0.0000000   0.5830706221E-002   0.1010708980E+001   0.9805876403E+000   0.1036751040E+001
 0.0101010   0.5822695131E-002   0.1025515200E+001   0.9764444823E+000   0.1054069592E+001
 0.0202020   0.5590286543E-002   0.1010099023E+001   0.9789126210E+000   0.1039436831E+001
 0.0303030   0.5188696577E-002   0.9618336967E+000   0.9750429983E+000   0.1000050276E+001
 0.0404040   0.4634638454E-002   0.9952436125E+000   0.9576365017E+000   0.1003919637E+001
 0.0505051   0.4093828202E-002   0.9665510273E+000   0.9820961345E+000   0.9950630999E+000
 0.0606061   0.3496798141E-002   0.9890702550E+000   0.9811553379E+000   0.1014905588E+001
 0.0707071   0.2909810602E-002   0.1012258468E+001   0.9784593756E+000   0.1036624590E+001
 0.0808081   0.2387017351E-002   0.9677955368E+000   0.9735172722E+000   0.9845424842E+000
 0.0909091   0.1995425321E-002   0.9750166435E+000   0.9822277300E+000   0.1018299498E+001
 0.1010101   0.1713718145E-002   0.9905213629E+000   0.9726603207E+000   0.1016190317E+001
 0.1111111   0.1484023836E-002   0.9712093297E+000   0.9638421901E+000   0.9983609083E+000
 0.1212121   0.1416316269E-002   0.9955830242E+000   0.9846787172E+000   0.1017555974E+001
 0.1313131   0.1349721990E-002   0.1035023646E+001   0.9744424853E+000   0.1016165027E+001
 0.1414141   0.1307587710E-002   0.9583854707E+000   0.9880058109E+000   0.1023989735E+001
 0.1515152   0.1347931290E-002   0.9455714498E+000   0.9854472740E+000   0.1038435350E+001
 0.1616162   0.1450551584E-002   0.9826952180E+000   0.9712712538E+000   0.1034651974E+001
 0.1717172   0.1514703002E-002   0.9366090136E+000   0.9800853480E+000   0.1015284937E+001
 0.1818182   0.1682058195E-002   0.9365303094E+000   0.9829112145E+000   0.1021698466E+001
 0.1919192   0.1860073388E-002   0.9448090032E+000   0.9771978352E+000   0.1024126301E+001
 0.2020202   0.2130420164E-002   0.9843283294E+000   0.9831496456E+000   0.1042102391E+001
 0.2121212   0.2401391838E-002   0.9578738937E+000   0.9895583494E+000   0.9947242147E+000
 0.2222222   0.2812791333E-002   0.9857007331E+000   0.9850419034E+000   0.1006858329E+001
 0.2323232   0.3275877173E-002   0.9540370659E+000   0.9884000739E+000   0.9853467044E+000
 0.2424242   0.3870725942E-002   0.9991984965E+000   0.9767248717E+000   0.9846082381E+000
 0.2525253   0.4582463940E-002   0.1004820925E+001   0.9885137783E+000   0.1013767541E+001
 0.2626263   0.5550879510E-002   0.1035018727E+001   0.9801966019E+000   0.9966361343E+000
 0.2727273   0.6799584924E-002   0.1073598522E+001   0.9799538287E+000   0.1009316511E+001
 0.2828283   0.8196662749E-002   0.1050420147E+001   0.9867674539E+000   0.9954121011E+000
 0.2929293   0.9932309185E-002   0.1017084017E+001   0.9977393398E+000   0.1038834931E+001
 0.3030303   0.1230950148E-001   0.1003300951E+001   0.9947597526E+000   0.1011344764E+001
 0.3131313   0.1508054103E-001   0.1027300801E+001   0.9883936272E+000   0.1017611612E+001
 0.3232323   0.1908699130E-001   0.1004048640E+001   0.9958327666E+000   0.9900455755E+000
 0.3333333   0.2396683909E-001   0.1047955723E+001   0.9825603762E+000   0.1000894960E+001
 0.3434343   0.3041298841E-001   0.1053101008E+001   0.9829523465E+000   0.9739055348E+000
 0.3535354   0.3786725784E-001   0.1041521658E+001   0.9884722721E+000   0.1019483068E+001
 0.3636364   0.4864889868E-001   0.1048108213E+001   0.9946237077E+000   0.1027732646E+001
 0.3737374   0.6236886302E-001   0.1040459152E+001   0.9908453287E+000   0.9767531822E+000
 0.3838384   0.7861307075E-001   0.1030375182E+001   0.9927389591E+000   0.9810120084E+000
 0.3939394   0.1019402584E+000   0.1030360425E+001   0.9781466996E+000   0.9683872695E+000
 0.4040404   0.1341649815E+000   0.1042175887E+001   0.9899307157E+000   0.9714777004E+000
 0.4141414   0.1708577479E+000   0.1047955723E+001   0.1001008119E+001   0.9834044368E+000
 0.4242424   0.2187883249E+000   0.1002026927E+001   0.1003319333E+001   0.1020545245E+001
 0.4343434   0.2847290296E+000   0.9941860253E+000   0.1019074197E+001   0.1023094471E+001
 0.4444444   0.3721511665E+000   0.1059844971E+001   0.1005218199E+001   0.1002994026E+001
 0.4545455   0.4800097749E+000   0.1015283659E+001   0.1014292551E+001   0.9963579449E+000
 0.4646465   0.6323288892E+000   0.1034113629E+001   0.1011836695E+001   0.1011966897E+001
 0.4747475   0.8282137978E+000   0.1007044317E+001   0.1003021726E+001   0.1003934811E+001
 0.4848485   0.1052066881E+001   0.9812047580E+000   0.1006770714E+001   0.9826153907E+000
 0.4949495   0.1432709926E+001   0.1021211066E+001   0.9980826146E+000   0.9818718664E+000
 0.5050505   0.1621253875E+001   0.1008721700E+001   0.1008736645E+001   0.1002776532E+001
 0.5151515   0.1610092130E+001   0.1020837221E+001   0.1009214610E+001   0.1013195988E+001
 0.5252525   0.1622165384E+001   0.1024182148E+001   0.1006334387E+001   0.9915376821E+000
 0.5353535   0.1607481647E+001   0.9973243537E+000   0.9960111488E+000   0.9780176793E+000
 0.5454545   0.1625486630E+001   0.1025377468E+001   0.1015669104E+001   0.9707038282E+000
 0.5555556   0.1641583594E+001   0.1022268653E+001   0.1013042162E+001   0.1014657747E+001
 0.5656566   0.1622394295E+001   0.1010812279E+001   0.1008651056E+001   0.9776484461E+000
 0.5757576   0.1634099385E+001   0.1013640710E+001   0.1011676705E+001   0.9994332018E+000
 0.5858586   0.1639156612E+001   0.1008175690E+001   0.1009634544E+001   0.1004061261E+001
 0.5959596   0.1653569607E+001   0.9990263312E+000   0.1006973503E+001   0.9785993479E+000
 0.6060606   0.1685675082E+001   0.1025008542E+001   0.1008858792E+001   0.9714726424E+000
 0.6161616   0.1649282949E+001   0.9742099258E+000   0.1023067706E+001   0.9844817884E+000
 0.6262626   0.1690246268E+001   0.1012150250E+001   0.1026997599E+001   0.9971823970E+000
 0.6363636   0.1703921201E+001   0.1033980816E+001   0.1005452401E+001   0.9828632321E+000
 0.6464646   0.1694378129E+001   0.1017998953E+001   0.1013221549E+001   0.9738650709E+000
 0.6565657   0.1675113392E+001   0.9759364983E+000   0.9905900385E+000   0.9760248319E+000
 0.6666667   0.1707334098E+001   0.9837921573E+000   0.1005031238E+001   0.9772842710E+000
 0.6767677   0.1694677054E+001   0.9830051157E+000   0.1019685382E+001   0.1025709451E+001
 0.6868687   0.1719936281E+001   0.1001072639E+001   0.1015994511E+001   0.1016422985E+001
 0.6969697   0.1729575372E+001   0.1016065782E+001   0.1020102350E+001   0.1005103207E+001
 0.7070707   0.1730470612E+001   0.9825279717E+000   0.1010941786E+001   0.9902580110E+000
 0.7171717   0.1756680020E+001   0.9927447554E+000   0.1006928475E+001   0.9909610714E+000
 0.7272727   0.1766214596E+001   0.9994985561E+000   0.1014129178E+001   0.1007743477E+001
 0.7373737   0.1804487637E+001   0.1004540541E+001   0.1011117423E+001   0.9924632939E+000
 0.7474747   0.1827726514E+001   0.9899360007E+000   0.1011006195E+001   0.9820387800E+000
 0.7575758   0.1836331243E+001   0.9955682672E+000   0.1011426522E+001   0.9961657414E+000
 0.7676768   0.1805434855E+001   0.9865910739E+000   0.1002519918E+001   0.9914516963E+000
 0.7777778   0.1853254626E+001   0.9925529140E+000   0.1011883073E+001   0.9916641318E+000
 0.7878788   0.1860334231E+001   0.9877224462E+000   0.1017782454E+001   0.9867882310E+000
 0.7979798   0.1903598477E+001   0.9880520199E+000   0.1022559646E+001   0.1006934199E+001
 0.8080808   0.1907999909E+001   0.9890800930E+000   0.1021375530E+001   0.9831414215E+000
 0.8181818   0.1935770327E+001   0.9871469221E+000   0.1012203562E+001   0.9785083042E+000
 0.8282828   0.1949896745E+001   0.1012774964E+001   0.1016610238E+001   0.1005386454E+001
 0.8383838   0.1968175250E+001   0.9673921780E+000   0.1024859432E+001   0.9816897788E+000
 0.8484848   0.1990737869E+001   0.9971964595E+000   0.1003298647E+001   0.9976629059E+000
 0.8585859   0.2028549752E+001   0.1006262195E+001   0.1019845329E+001   0.1016099273E+001
 0.8686869   0.2029248489E+001   0.9845398468E+000   0.1018493237E+001   0.9870917103E+000
 0.8787879   0.2027781459E+001   0.9706584006E+000   0.1021827185E+001   0.9936165153E+000
 0.8888889   0.2116272387E+001   0.1003074676E+001   0.1031233865E+001   0.1008557813E+001
 0.8989899   0.2081598741E+001   0.9814507085E+000   0.1015692732E+001   0.9891958335E+000
 0.9090909   0.2143726280E+001   0.9854990537E+000   0.1026757816E+001   0.1016215607E+001
 0.9191919   0.2150788571E+001   0.9909689928E+000   0.1019257958E+001   0.9949973461E+000
 0.9292929   0.2202356418E+001   0.9893850716E+000   0.1023478631E+001   0.1007642317E+001
 0.9393939   0.2186577911E+001   0.9824886196E+000   0.9951065957E+000   0.9676336293E+000
 0.9494949   0.2198114320E+001   0.9838216713E+000   0.1003179837E+001   0.9803544699E+000
 0.9595960   0.2257929266E+001   0.9808407513E+000   0.1021396533E+001   0.1002063356E+001
 0.9696970   0.2311635769E+001   0.9649474300E+000   0.1012904534E+001   0.9545435555E+000
 0.9797980   0.2300775457E+001   0.9777319370E+000   0.1021763436E+001   0.9855338499E+000
 0.9898990   0.2332772841E+001   0.9926857273E+000   0.1008970912E+001   0.9948152585E+000
 1.0000000   0.2364391018E+001   0.9740426795E+000   0.1001954800E+001   0.9745782472E+000


 0.0000000   0.4924371391E-002   0.8879096478E+000   0.9809979054E+000   0.1037135362E+001
 0.0101010   0.4895421818E-002   0.8968528251E+000   0.9769234201E+000   0.1054536333E+001
 0.0202020   0.4727364965E-002   0.8885093966E+000   0.9828339077E+000   0.1043550816E+001
 0.0303030   0.4389045563E-002   0.8463009212E+000   0.9765403343E+000   0.1001538271E+001
 0.0404040   0.3932468848E-002   0.8783990158E+000   0.9704696510E+000   0.1017324524E+001
 0.0505051   0.3468975774E-002   0.8519408667E+000   0.9822393926E+000   0.9951608093E+000
 0.0606061   0.2953022318E-002   0.8688330224E+000   0.9837086330E+000   0.1017498208E+001
 0.0707071   0.2453991575E-002   0.8879996101E+000   0.9782657658E+000   0.1036370066E+001
 0.0808081   0.2031373929E-002   0.8567042562E+000   0.9848391453E+000   0.9959451014E+000
 0.0909091   0.1684178317E-002   0.8560076249E+000   0.9739806560E+000   0.1009701422E+001
 0.1010101   0.1447286265E-002   0.8701455496E+000   0.9839908806E+000   0.1027978955E+001
 0.1111111   0.1266133601E-002   0.8619151506E+000   0.9687898626E+000   0.1003437940E+001
 0.1212121   0.1205293503E-002   0.8812985706E+000   0.9868968196E+000   0.1019799521E+001
 0.1313131   0.1139655521E-002   0.9090600199E+000   0.9703490115E+000   0.1011848048E+001
 0.1414141   0.1135222784E-002   0.8654928829E+000   0.9890609777E+000   0.1025034467E+001
 0.1515152   0.1165182870E-002   0.8502246624E+000   0.9784116714E+000   0.1030972291E+001
 0.1616162   0.1261255685E-002   0.8887954306E+000   0.9839696265E+000   0.1048129020E+001
 0.1717172   0.1347149896E-002   0.8664824684E+000   0.9765417135E+000   0.1011565811E+001
 0.1818182   0.1495807679E-002   0.8663025438E+000   0.9816272025E+000   0.1020315146E+001
 0.1919192   0.1684267415E-002   0.8898934323E+000   0.9849811733E+000   0.1032234214E+001
 0.2020202   0.1918587329E-002   0.9220814891E+000   0.9879888966E+000   0.1047181899E+001
 0.2121212   0.2166408083E-002   0.8988735172E+000   0.9899075779E+000   0.9950278325E+000
 0.2222222   0.2539738451E-002   0.9257837846E+000   0.9936905448E+000   0.1015650101E+001
 0.2323232   0.3017486628E-002   0.9141048300E+000   0.9886577716E+000   0.9855566236E+000
 0.2424242   0.3550453529E-002   0.9533583891E+000   0.9833901481E+000   0.9912800561E+000
 0.2525253   0.4307451833E-002   0.9824785002E+000   0.9869828792E+000   0.1012149281E+001
 0.2626263   0.5152953747E-002   0.9994375510E+000   0.9814934766E+000   0.9979071885E+000
 0.2727273   0.6401035040E-002   0.1051290448E+001   0.9853912952E+000   0.1014868522E+001
 0.2828283   0.7833382258E-002   0.1044211106E+001   0.9898045825E+000   0.9984282407E+000
 0.2929293   0.9395156530E-002   0.1000745465E+001   0.9931986266E+000   0.1034057897E+001
 0.3030303   0.1178919000E-001   0.9995113662E+000   0.9953929886E+000   0.1011940318E+001
 0.3131313   0.1472778386E-001   0.1043592903E+001   0.9853176215E+000   0.1014396319E+001
 0.3232323   0.1845692579E-001   0.1009926235E+001   0.9898033826E+000   0.9840043223E+000
 0.3333333   0.2344028804E-001   0.1066125004E+001   0.9765835298E+000   0.9947591649E+000
 0.3434343   0.2958885597E-001   0.1065742088E+001   0.9860321415E+000   0.9769104141E+000
 0.3535354   0.3751767359E-001   0.1073379658E+001   0.9913628957E+000   0.1022415638E+001
 0.3636364   0.4766219686E-001   0.1068120322E+001   0.9946652417E+000   0.1027726570E+001
 0.3737374   0.6112147760E-001   0.1060630383E+001   0.9846786485E+000   0.9706279360E+000
 0.3838384   0.7690871030E-001   0.1048550058E+001   0.9926314519E+000   0.9808590126E+000
 0.3939394   0.1010006025E+000   0.1061892162E+001   0.9869699991E+000   0.9770759567E+000
 0.4040404   0.1317586810E+000   0.1064618712E+001   0.9929089825E+000   0.9743540018E+000
 0.4141414   0.1692885234E+000   0.1080062244E+001   0.1006553396E+001   0.9888050583E+000
 0.4242424   0.2164669768E+000   0.1031240385E+001   0.1000091259E+001   0.1017213257E+001
 0.4343434   0.2825020906E+000   0.1026054864E+001   0.1009950175E+001   0.1013886122E+001
 0.4444444   0.3657570042E+000   0.1083499266E+001   0.1006021115E+001   0.1003747315E+001
 0.4545455   0.4782629336E+000   0.1052245433E+001   0.1007897717E+001   0.9900289881E+000
 0.4646465   0.6251308965E+000   0.1063430748E+001   0.1018615201E+001   0.1018697713E+001
 0.4747475   0.8238609515E+000   0.1042012796E+001   0.1007269372E+001   0.1008138265E+001
 0.4848485   0.1062943557E+001   0.1031191943E+001   0.1008731247E+001   0.9844819535E+000
 0.4949495   0.1413538745E+001   0.1048040271E+001   0.1011804707E+001   0.9953236381E+000
 0.5050505   0.1615967845E+001   0.1045841961E+001   0.1006356930E+001   0.1000363190E+001
 0.5151515   0.1612843252E+001   0.1063679875E+001   0.1008484999E+001   0.1012415235E+001
 0.5252525   0.1618179562E+001   0.1062727197E+001   0.1001901070E+001   0.9871224940E+000
 0.5353535   0.1620768836E+001   0.1045982671E+001   0.1002205455E+001   0.9840531710E+000
 0.5454545   0.1614638580E+001   0.1059470099E+001   0.1010540922E+001   0.9657566409E+000
 0.5555556   0.1622902464E+001   0.1051253541E+001   0.1013883474E+001   0.1015451992E+001
 0.5656566   0.1633692303E+001   0.1058759628E+001   0.1008340868E+001   0.9773012032E+000
 0.5757576   0.1627681320E+001   0.1050238581E+001   0.1012919099E+001   0.1000612860E+001
 0.5858586   0.1635054001E+001   0.1046070327E+001   0.1008387257E+001   0.1002773056E+001
 0.5959596   0.1652060739E+001   0.1038229765E+001   0.1009955594E+001   0.9814506239E+000
 0.6060606   0.1655783080E+001   0.1047297505E+001   0.1012953350E+001   0.9753689680E+000
 0.6161616   0.1649915871E+001   0.1013753094E+001   0.1020067889E+001   0.9815483212E+000
 0.6262626   0.1676932369E+001   0.1044536354E+001   0.1018144411E+001   0.9885391046E+000
 0.6363636   0.1694385371E+001   0.1069518198E+001   0.1011132021E+001   0.9883681343E+000
 0.6464646   0.1679641541E+001   0.1049703421E+001   0.1012044861E+001   0.9726877204E+000
 0.6565657   0.1694910117E+001   0.1027157479E+001   0.9960313523E+000   0.9813393576E+000
 0.6666667   0.1720271391E+001   0.1031085834E+001   0.1005406363E+001   0.9776024365E+000
 0.6767677   0.1716130310E+001   0.1035457080E+001   0.1028352167E+001   0.1034378127E+001
 0.6868687   0.1720474126E+001   0.1041632186E+001   0.1020793608E+001   0.1021175425E+001
 0.6969697   0.1731640920E+001   0.1058164492E+001   0.1015835797E+001   0.1000851676E+001
 0.7070707   0.1748736400E+001   0.1032804345E+001   0.1014937041E+001   0.9941241326E+000
 0.7171717   0.1751796601E+001   0.1029773307E+001   0.1006928330E+001   0.9909136913E+000
 0.7272727   0.1764600002E+001   0.1038718791E+001   0.1010885061E+001   0.1004471903E+001
 0.7373737   0.1806182061E+001   0.1045895016E+001   0.1009650414E+001   0.9909761090E+000
 0.7474747   0.1814219597E+001   0.1022112669E+001   0.1005349813E+001   0.9764979144E+000
 0.7575758   0.1827255916E+001   0.1030463018E+001   0.1009969390E+001   0.9946831782E+000
 0.7676768   0.1826750086E+001   0.1038358941E+001   0.1006507760E+001   0.9953480624E+000
 0.7777778   0.1852124381E+001   0.1031814759E+001   0.1007789784E+001   0.9876055528E+000
 0.7878788   0.1861066318E+001   0.1027824123E+001   0.1013425533E+001   0.9825171526E+000
 0.7979798   0.1911163557E+001   0.1031847054E+001   0.1020466056E+001   0.1004824699E+001
 0.8080808   0.1912675910E+001   0.1031353414E+001   0.1016027626E+001   0.9779470908E+000
 0.8181818   0.1935186747E+001   0.1026511596E+001   0.1007783001E+001   0.9741884592E+000
 0.8282828   0.1949602747E+001   0.1053320367E+001   0.1014120283E+001   0.1002876181E+001
 0.8383838   0.1963045263E+001   0.1003649633E+001   0.1016260739E+001   0.9734068809E+000
 0.8484848   0.1999760602E+001   0.1041975888E+001   0.1002020088E+001   0.9963440320E+000
 0.8585859   0.2015652302E+001   0.1040049772E+001   0.1009446205E+001   0.1005690405E+001
 0.8686869   0.2038944968E+001   0.1029002860E+001   0.1015078805E+001   0.9837356548E+000
 0.8787879   0.2052358624E+001   0.1021907371E+001   0.1016054016E+001   0.9879556347E+000
 0.8888889   0.2114950059E+001   0.1042737108E+001   0.1023023081E+001   0.1000479884E+001
 0.8989899   0.2102686146E+001   0.1031238078E+001   0.1014776988E+001   0.9882568680E+000
 0.9090909   0.2141048493E+001   0.1023826567E+001   0.1017367420E+001   0.1006873628E+001
 0.9191919   0.2164887375E+001   0.1037553894E+001   0.1019499025E+001   0.9951852336E+000
 0.9292929   0.2197452336E+001   0.1026857605E+001   0.1023535001E+001   0.1007649779E+001
 0.9393939   0.2172173557E+001   0.1015243239E+001   0.9955987999E+000   0.9680660961E+000
 0.9494949   0.2208847600E+001   0.1028359284E+001   0.1002844183E+001   0.9799797370E+000
 0.9595960   0.2263925051E+001   0.1022970771E+001   0.1020295863E+001   0.1000935804E+001
 0.9696970   0.2309332269E+001   0.1002729249E+001   0.1007690876E+001   0.9495850267E+000
 0.9797980   0.2298549173E+001   0.1016043673E+001   0.1014038963E+001   0.9780366466E+000
 0.9898990   0.2331403025E+001   0.1031976230E+001   0.1001739397E+001   0.9876381185E+000
 1.0000000   0.2383134649E+001   0.1021222273E+001   0.1003948348E+001   0.9764707763E+000


 0.0000000   0.4869424940E-002   0.8779381164E+000   0.9814746535E+000   0.1037634990E+001
 0.0101010   0.4860477079E-002   0.8903857777E+000   0.9783199591E+000   0.1056039343E+001
 0.0202020   0.4647309860E-002   0.8733991732E+000   0.9817515019E+000   0.1042397121E+001
 0.0303030   0.4324683336E-002   0.8338295666E+000   0.9715352107E+000   0.9964007972E+000
 0.0404040   0.3898709753E-002   0.8707945605E+000   0.9689539854E+000   0.1015731372E+001
 0.0505051   0.3461645752E-002   0.8500785546E+000   0.9837422507E+000   0.9966792099E+000
 0.0606061   0.2933460155E-002   0.8630143896E+000   0.9831851066E+000   0.1016952385E+001
 0.0707071   0.2414496331E-002   0.8736440252E+000   0.9830882240E+000   0.1041474538E+001
 0.0808081   0.2010679491E-002   0.8479146755E+000   0.9829781024E+000   0.9940588552E+000
 0.0909091   0.1679621012E-002   0.8536289080E+000   0.9727292454E+000   0.1008399838E+001
 0.1010101   0.1434028297E-002   0.8621114980E+000   0.9801027833E+000   0.1023912702E+001
 0.1111111   0.1263515541E-002   0.8600700448E+000   0.9740747245E+000   0.1008907532E+001
 0.1212121   0.1199655145E-002   0.8771117410E+000   0.9887049150E+000   0.1021663564E+001
 0.1313131   0.1132135600E-002   0.9029956535E+000   0.9722815264E+000   0.1013858910E+001
 0.1414141   0.1132534387E-002   0.8633801372E+000   0.9886078489E+000   0.1024560512E+001
 0.1515152   0.1171070483E-002   0.8544583440E+000   0.9803507498E+000   0.1033011156E+001
 0.1616162   0.1248461000E-002   0.8797148234E+000   0.9815652042E+000   0.1045563383E+001
 0.1717172   0.1343945173E-002   0.8643580147E+000   0.9772048946E+000   0.1012248484E+001
 0.1818182   0.1498763927E-002   0.8679512172E+000   0.9798806929E+000   0.1018495483E+001
 0.1919192   0.1687888836E-002   0.8917416454E+000   0.9856242820E+000   0.1032903794E+001
 0.2020202   0.1929966108E-002   0.9274823795E+000   0.9872781176E+000   0.1046424097E+001
 0.2121212   0.2186276777E-002   0.9070510140E+000   0.9890093331E+000   0.9941207247E+000
 0.2222222   0.2579692179E-002   0.9402789549E+000   0.9908366897E+000   0.1012728883E+001
 0.2323232   0.3048123585E-002   0.9233183659E+000   0.9859262925E+000   0.9828295435E+000
 0.2424242   0.3580346134E-002   0.9613147987E+000   0.9823943605E+000   0.9902720787E+000
 0.2525253   0.4354081113E-002   0.9930414910E+000   0.9879834500E+000   0.1013171067E+001
 0.2626263   0.5209721026E-002   0.1010373949E+001   0.9828599607E+000   0.9992922859E+000
 0.2727273   0.6455297012E-002   0.1060124806E+001   0.9885496000E+000   0.1018116987E+001
 0.2828283   0.7816100974E-002   0.1041831304E+001   0.9953196386E+000   0.1003987088E+001
 0.2929293   0.9505798493E-002   0.1012456721E+001   0.9954623370E+000   0.1036410338E+001
 0.3030303   0.1188552980E-001   0.1007605591E+001   0.9924945521E+000   0.1008989418E+001
 0.3131313   0.1488564053E-001   0.1054701335E+001   0.9900458396E+000   0.1019259753E+001
 0.3232323   0.1856345613E-001   0.1015681115E+001   0.9868265684E+000   0.9810407874E+000
 0.3333333   0.2346162335E-001   0.1067017389E+001   0.9803109004E+000   0.9985516717E+000
 0.3434343   0.2972075734E-001   0.1070414709E+001   0.9908444497E+000   0.9816740398E+000
 0.3535354   0.3759110929E-001   0.1075402038E+001   0.9897538865E+000   0.1020751899E+001
 0.3636364   0.4759214986E-001   0.1066472593E+001   0.9963973556E+000   0.1029511891E+001
 0.3737374   0.6094264316E-001   0.1057449798E+001   0.9893668187E+000   0.9752450723E+000
 0.3838384   0.7704203141E-001   0.1050290939E+001   0.9869672092E+000   0.9752578101E+000
 0.3939394   0.1010749621E+000   0.1062596280E+001   0.9894278043E+000   0.9795049684E+000
 0.4040404   0.1309478746E+000   0.1057990003E+001   0.9949802073E+000   0.9763823790E+000
 0.4141414   0.1691943344E+000   0.1079382412E+001   0.1004001764E+001   0.9862942347E+000
 0.4242424   0.2160907762E+000   0.1029372930E+001   0.1002987780E+001   0.1020155041E+001
 0.4343434   0.2827646987E+000   0.1026933593E+001   0.1005569780E+001   0.1009484374E+001
 0.4444444   0.3664986627E+000   0.1085616955E+001   0.1005879049E+001   0.1003601314E+001
 0.4545455   0.4800875743E+000   0.1056182689E+001   0.1002728935E+001   0.9849476635E+000
 0.4646465   0.6288838231E+000   0.1069736776E+001   0.1019625489E+001   0.1019703757E+001
 0.4747475   0.8232755089E+000   0.1041196219E+001   0.1009494937E+001   0.1010361465E+001
 0.4848485   0.1066505074E+001   0.1034571444E+001   0.1004510388E+001   0.9803584034E+000
 0.4949495   0.1407909289E+001   0.1043790120E+001   0.1016196696E+001   0.9996398468E+000
 0.5050505   0.1615090923E+001   0.1045198019E+001   0.1007167563E+001   0.1001164748E+001
 0.5151515   0.1612065221E+001   0.1063089045E+001   0.1009789593E+001   0.1013720614E+001
 0.5252525   0.1608371636E+001   0.1056208705E+001   0.1001458056E+001   0.9866818288E+000
 0.5353535   0.1620496655E+001   0.1045730572E+001   0.1004797908E+001   0.9865944837E+000
 0.5454545   0.1619302034E+001   0.1062452430E+001   0.1013047762E+001   0.9681482783E+000
 0.5555556   0.1631063536E+001   0.1056462739E+001   0.1011085283E+001   0.1012645177E+001
 0.5656566   0.1633757612E+001   0.1058724559E+001   0.1006479040E+001   0.9754925503E+000
 0.5757576   0.1630855823E+001   0.1052209966E+001   0.1013529967E+001   0.1001212060E+001
 0.5858586   0.1630472934E+001   0.1043063216E+001   0.1011032361E+001   0.1005399168E+001
 0.5959596   0.1648792696E+001   0.1036100238E+001   0.1012103529E+001   0.9835337638E+000
 0.6060606   0.1653344341E+001   0.1045678540E+001   0.1010566865E+001   0.9730669025E+000
 0.6161616   0.1652128479E+001   0.1015038379E+001   0.1016237211E+001   0.9778581483E+000
 0.6262626   0.1671706945E+001   0.1041205401E+001   0.1015990303E+001   0.9864434493E+000
 0.6363636   0.1693888126E+001   0.1069126176E+001   0.1008865707E+001   0.9861486594E+000
 0.6464646   0.1682443185E+001   0.1051377470E+001   0.1013235091E+001   0.9738275332E+000
 0.6565657   0.1694497882E+001   0.1026832591E+001   0.1002763843E+001   0.9879683502E+000
 0.6666667   0.1716867573E+001   0.1028970455E+001   0.1007773383E+001   0.9798998413E+000
 0.6767677   0.1715467612E+001   0.1034981571E+001   0.1021617259E+001   0.1027599396E+001
 0.6868687   0.1717705813E+001   0.1039880140E+001   0.1016880235E+001   0.1017256273E+001
 0.6969697   0.1735549239E+001   0.1060475250E+001   0.1011220990E+001   0.9963007142E+000
 0.7070707   0.1748122396E+001   0.1032366246E+001   0.1014072134E+001   0.9932727488E+000
 0.7171717   0.1756015724E+001   0.1032178016E+001   0.1010478090E+001   0.9944027768E+000
 0.7272727   0.1771335166E+001   0.1042607179E+001   0.1009200093E+001   0.1002793371E+001
 0.7373737   0.1803257638E+001   0.1044125261E+001   0.1011627535E+001   0.9929124500E+000
 0.7474747   0.1806466991E+001   0.1017670537E+001   0.1002822106E+001   0.9740386173E+000
 0.7575758   0.1823144185E+001   0.1028069094E+001   0.1010208156E+001   0.9949141099E+000
 0.7676768   0.1825701739E+001   0.1037687185E+001   0.1004251510E+001   0.9931126160E+000
 0.7777778   0.1853562950E+001   0.1032540703E+001   0.1011441681E+001   0.9911801044E+000
 0.7878788   0.1872012795E+001   0.1033794039E+001   0.1015274252E+001   0.9843053127E+000
 0.7979798   0.1901374286E+001   0.1026486738E+001   0.1016901287E+001   0.1001310323E+001
 0.8080808   0.1907076356E+001   0.1028258854E+001   0.1014249372E+001   0.9762313447E+000
 0.8181818   0.1936308474E+001   0.1027031534E+001   0.1010994322E+001   0.9772885851E+000
 0.8282828   0.1949791727E+001   0.1053345467E+001   0.1011865847E+001   0.1000642496E+001
 0.8383838   0.1965020856E+001   0.1004586261E+001   0.1014568836E+001   0.9717822008E+000
 0.8484848   0.1999746771E+001   0.1041892517E+001   0.1006572407E+001   0.1000866318E+001
 0.8585859   0.2019489856E+001   0.1041953730E+001   0.1009459533E+001   0.1005699417E+001
 0.8686869   0.2037577225E+001   0.1028237430E+001   0.1013956603E+001   0.9826439350E+000
 0.8787879   0.2049325611E+001   0.1020322590E+001   0.1013378383E+001   0.9853498152E+000
 0.8888889   0.2103272003E+001   0.1036903658E+001   0.1020224020E+001   0.9977382699E+000
 0.8989899   0.2110395351E+001   0.1034943312E+001   0.1017685824E+001   0.9910854805E+000
 0.9090909   0.2140553086E+001   0.1023514847E+001   0.1015470041E+001   0.1004991557E+001
 0.9191919   0.2162622234E+001   0.1036392530E+001   0.1013752437E+001   0.9895714978E+000
 0.9292929   0.2196314903E+001   0.1026251068E+001   0.1020573036E+001   0.1004729522E+001
 0.9393939   0.2182784861E+001   0.1020128239E+001   0.9971566330E+000   0.9695767356E+000
 0.9494949   0.2221791229E+001   0.1034309758E+001   0.1010038392E+001   0.9870057338E+000
 0.9595960   0.2252708663E+001   0.1017828161E+001   0.1014991137E+001   0.9957275116E+000
 0.9696970   0.2321514826E+001   0.1007945324E+001   0.1014720922E+001   0.9562056478E+000
 0.9797980   0.2319397434E+001   0.1025184432E+001   0.1014446839E+001   0.9784258918E+000
 0.9898990   0.2335334731E+001   0.1033641006E+001   0.1002905459E+001   0.9887835717E+000
 1.0000000   0.2354316237E+001   0.1008799245E+001   0.1000885113E+001   0.9734872510E+000


 0.0000000   0.4759151417E-002   0.8624608512E+000   0.9800845819E+000   0.1036192184E+001
 0.0101010   0.4746901497E-002   0.8740437547E+000   0.9783304542E+000   0.1056077992E+001
 0.0202020   0.4548260141E-002   0.8591719348E+000   0.9815827677E+000   0.1042244926E+001
 0.0303030   0.4246073567E-002   0.8228754991E+000   0.9739531537E+000   0.9989064667E+000
 0.0404040   0.3800703821E-002   0.8532621276E+000   0.9695708092E+000   0.1016404268E+001
 0.0505051   0.3380702728E-002   0.8344629547E+000   0.9818353379E+000   0.9947729541E+000
 0.0606061   0.2856015896E-002   0.8445436541E+000   0.9814767743E+000   0.1015211643E+001
 0.0707071   0.2368549961E-002   0.8614184127E+000   0.9811467717E+000   0.1039444671E+001
 0.0808081   0.1964194381E-002   0.8325635771E+000   0.9818823456E+000   0.9929764342E+000
 0.0909091   0.1639601730E-002   0.8375675097E+000   0.9725531876E+000   0.1008243407E+001
 0.1010101   0.1398579029E-002   0.8451160849E+000   0.9739264300E+000   0.1017486592E+001
 0.1111111   0.1238433147E-002   0.8473238696E+000   0.9769118550E+000   0.1011872295E+001
 0.1212121   0.1162845165E-002   0.8545628998E+000   0.9835271273E+000   0.1016339466E+001
 0.1313131   0.1104729655E-002   0.8856596611E+000   0.9755381926E+000   0.1017281157E+001
 0.1414141   0.1103524000E-002   0.8455826786E+000   0.9830099411E+000   0.1018785381E+001
 0.1515152   0.1145042453E-002   0.8397559478E+000   0.9842574666E+000   0.1037154556E+001
 0.1616162   0.1218305542E-002   0.8628728193E+000   0.9755278438E+000   0.1039159268E+001
 0.1717172   0.1309854664E-002   0.8467571290E+000   0.9788715072E+000   0.1014001095E+001
 0.1818182   0.1466505848E-002   0.8536297124E+000   0.9778660162E+000   0.1016427707E+001
 0.1919192   0.1648643647E-002   0.8754788147E+000   0.9809613037E+000   0.1028043732E+001
 0.2020202   0.1888442720E-002   0.9121860805E+000   0.9821468146E+000   0.1041012317E+001
 0.2121212   0.2150024243E-002   0.8965893334E+000   0.9884818076E+000   0.9936161773E+000
 0.2222222   0.2546402930E-002   0.9329096678E+000   0.9903614960E+000   0.1012269377E+001
 0.2323232   0.3012069863E-002   0.9170807619E+000   0.9872623453E+000   0.9841868602E+000
 0.2424242   0.3534449762E-002   0.9538631379E+000   0.9829686310E+000   0.9908765877E+000
 0.2525253   0.4313549309E-002   0.9888474211E+000   0.9868137836E+000   0.1011997762E+001
 0.2626263   0.5175206946E-002   0.1008832425E+001   0.9861299634E+000   0.1002642897E+001
 0.2727273   0.6379853289E-002   0.1053113302E+001   0.9848771646E+000   0.1014360950E+001
 0.2828283   0.7755361059E-002   0.1039041520E+001   0.9896544933E+000   0.9982984350E+000
 0.2929293   0.9515998004E-002   0.1018745833E+001   0.9951714367E+000   0.1036134276E+001
 0.3030303   0.1186981163E-001   0.1011438521E+001   0.9933855537E+000   0.1009921354E+001
 0.3131313   0.1478096073E-001   0.1052660365E+001   0.9895366974E+000   0.1018761942E+001
 0.3232323   0.1845998129E-001   0.1015204274E+001   0.9904676254E+000   0.9846859702E+000
 0.3333333   0.2348750040E-001   0.1073677565E+001   0.9828455222E+000   0.1001159355E+001
 0.3434343   0.2974624804E-001   0.1076832194E+001   0.9914165461E+000   0.9822662522E+000
 0.3535354   0.3743612273E-001   0.1076465747E+001   0.9865715749E+000   0.1017496243E+001
 0.3636364   0.4765114472E-001   0.1073275839E+001   0.9924447266E+000   0.1025454427E+001
 0.3737374   0.6102268869E-001   0.1064273996E+001   0.9926049155E+000   0.9784622625E+000
 0.3838384   0.7760417306E-001   0.1063385192E+001   0.9874721056E+000   0.9757819594E+000
 0.3939394   0.1011991638E+000   0.1069363281E+001   0.9871178301E+000   0.9772434415E+000
 0.4040404   0.1306662859E+000   0.1061134162E+001   0.9950633832E+000   0.9764892616E+000
 0.4141414   0.1684729625E+000   0.1080297505E+001   0.1006164565E+001   0.9884444609E+000
 0.4242424   0.2161132974E+000   0.1034764791E+001   0.1001533926E+001   0.1018702655E+001
 0.4343434   0.2834160259E+000   0.1034582705E+001   0.1000937383E+001   0.1004859938E+001
 0.4444444   0.3676632986E+000   0.1094657210E+001   0.1005525348E+001   0.1003274368E+001
 0.4545455   0.4796582791E+000   0.1060655049E+001   0.1003166462E+001   0.9854029237E+000
 0.4646465   0.6293927667E+000   0.1076098162E+001   0.1013690242E+001   0.1013794281E+001
 0.4747475   0.8247564252E+000   0.1048423467E+001   0.1008661297E+001   0.1009553226E+001
 0.4848485   0.1072014492E+001   0.1045254044E+001   0.1003873762E+001   0.9797624300E+000
 0.4949495   0.1410000333E+001   0.1050706362E+001   0.1015867792E+001   0.9993421538E+000
 0.5050505   0.1614341633E+001   0.1050075891E+001   0.1008778277E+001   0.1002791803E+001
 0.5151515   0.1609931158E+001   0.1067131597E+001   0.1007557048E+001   0.1011505545E+001
 0.5252525   0.1614490329E+001   0.1065669224E+001   0.1003617152E+001   0.9888346491E+000
 0.5353535   0.1621925481E+001   0.1052025343E+001   0.1008916673E+001   0.9906642592E+000
 0.5454545   0.1621064419E+001   0.1069068530E+001   0.1012355971E+001   0.9675121768E+000
 0.5555556   0.1634689829E+001   0.1064246683E+001   0.1012085291E+001   0.1013672951E+001
 0.5656566   0.1639026778E+001   0.1067591363E+001   0.1005280716E+001   0.9743563250E+000
 0.5757576   0.1634761524E+001   0.1060144073E+001   0.1012382698E+001   0.1000104606E+001
 0.5858586   0.1634336900E+001   0.1050902104E+001   0.1013812235E+001   0.1008189636E+001
 0.5959596   0.1653174679E+001   0.1044186569E+001   0.1010778725E+001   0.9822717672E+000
 0.6060606   0.1659540725E+001   0.1054985367E+001   0.1010758660E+001   0.9732767585E+000
 0.6161616   0.1651253690E+001   0.1019708610E+001   0.1014798375E+001   0.9764989129E+000
 0.6262626   0.1666289943E+001   0.1043158925E+001   0.1017880072E+001   0.9883038277E+000
 0.6363636   0.1696026242E+001   0.1075970702E+001   0.1013096617E+001   0.9903099187E+000
 0.6464646   0.1680292411E+001   0.1055423510E+001   0.1013341612E+001   0.9739551068E+000
 0.6565657   0.1695090973E+001   0.1032464825E+001   0.1004780027E+001   0.9899803959E+000
 0.6666667   0.1715993330E+001   0.1033725766E+001   0.1007849881E+001   0.9799995762E+000
 0.6767677   0.1716058929E+001   0.1040652975E+001   0.1022457484E+001   0.1028471146E+001
 0.6868687   0.1717583464E+001   0.1045143655E+001   0.1019096345E+001   0.1019499577E+001
 0.6969697   0.1731173602E+001   0.1063231557E+001   0.1012929948E+001   0.9980102749E+000
 0.7070707   0.1748482830E+001   0.1037879588E+001   0.1014244492E+001   0.9934672715E+000
 0.7171717   0.1754558055E+001   0.1036615233E+001   0.1011270820E+001   0.9952086413E+000
 0.7272727   0.1771414047E+001   0.1048005809E+001   0.1006637391E+001   0.1000272815E+001
 0.7373737   0.1802307718E+001   0.1048932168E+001   0.1013982917E+001   0.9952500040E+000
 0.7474747   0.1804108555E+001   0.1021559052E+001   0.1006700299E+001   0.9778307919E+000
 0.7575758   0.1821586756E+001   0.1032463687E+001   0.1011971983E+001   0.9966770171E+000
 0.7676768   0.1830312165E+001   0.1045647804E+001   0.1005870987E+001   0.9947398640E+000
 0.7777778   0.1850885970E+001   0.1036342105E+001   0.1014361379E+001   0.9940670307E+000
 0.7878788   0.1867684611E+001   0.1036698309E+001   0.1017379839E+001   0.9863721896E+000
 0.7979798   0.1902902946E+001   0.1032585457E+001   0.1016158790E+001   0.1000605095E+001
 0.8080808   0.1907268974E+001   0.1033641552E+001   0.1014816246E+001   0.9768022394E+000
 0.8181818   0.1929936015E+001   0.1028906195E+001   0.1010756021E+001   0.9770835058E+000
 0.8282828   0.1951840873E+001   0.1059865254E+001   0.1014594403E+001   0.1003366745E+001
 0.8383838   0.1967427824E+001   0.1010979894E+001   0.1013651571E+001   0.9709287359E+000
 0.8484848   0.1990659246E+001   0.1042481795E+001   0.1008529923E+001   0.1002838681E+001
 0.8585859   0.2019384843E+001   0.1047247879E+001   0.1012122474E+001   0.1008378525E+001
 0.8686869   0.2034796578E+001   0.1032105207E+001   0.1014769838E+001   0.9834574980E+000
 0.8787879   0.2057053353E+001   0.1029427414E+001   0.1014753827E+001   0.9867127425E+000
 0.8888889   0.2093018687E+001   0.1037145557E+001   0.1017543386E+001   0.9951424609E+000
 0.8989899   0.2106091556E+001   0.1038134508E+001   0.1017593654E+001   0.9910213572E+000
 0.9090909   0.2132485006E+001   0.1024891213E+001   0.1013953908E+001   0.1003517029E+001
 0.9191919   0.2164051378E+001   0.1042400995E+001   0.1016269357E+001   0.9920540459E+000
 0.9292929   0.2195813425E+001   0.1031283547E+001   0.1021076835E+001   0.1005251505E+001
 0.9393939   0.2184574812E+001   0.1026205642E+001   0.1000031365E+001   0.9723971118E+000
 0.9494949   0.2228558469E+001   0.1042785650E+001   0.1014983544E+001   0.9918637775E+000
 0.9595960   0.2257367912E+001   0.1025168894E+001   0.1015369166E+001   0.9961241357E+000
 0.9696970   0.2320518755E+001   0.1012684668E+001   0.1014932461E+001   0.9564297305E+000
 0.9797980   0.2311518377E+001   0.1026946502E+001   0.1011926697E+001   0.9760204844E+000
 0.9898990   0.2333204138E+001   0.1037999082E+001   0.1002855806E+001   0.9887601962E+000
 1.0000000   0.2354350149E+001   0.1013992268E+001   0.1003307755E+001   0.9758688211E+000


 0.0000000   0.4719517973E-002   0.8561902282E+000   0.9783836861E+000   0.1034376992E+001
 0.0101010   0.4711347796E-002   0.8684221139E+000   0.9807994210E+000   0.1058725844E+001
 0.0202020   0.4516690425E-002   0.8541179815E+000   0.9788822472E+000   0.1039360507E+001
 0.0303030   0.4236275749E-002   0.8218519560E+000   0.9791427210E+000   0.1004212564E+001
 0.0404040   0.3789898258E-002   0.8517433429E+000   0.9726480236E+000   0.1019613440E+001
 0.0505051   0.3354682821E-002   0.8289232028E+000   0.9837913157E+000   0.9967383979E+000
 0.0606061   0.2839904572E-002   0.8406747123E+000   0.9818963871E+000   0.1015629062E+001
 0.0707071   0.2356014864E-002   0.8577730178E+000   0.9827001488E+000   0.1041073314E+001
 0.0808081   0.1952335570E-002   0.8284192164E+000   0.9823655852E+000   0.9934488797E+000
 0.0909091   0.1633946682E-002   0.8355685583E+000   0.9784051820E+000   0.1014293560E+001
 0.1010101   0.1391059446E-002   0.8414683773E+000   0.9768519596E+000   0.1020526273E+001
 0.1111111   0.1233527657E-002   0.8448673341E+000   0.9779056002E+000   0.1012885031E+001
 0.1212121   0.1151667789E-002   0.8472510535E+000   0.9831566222E+000   0.1015939978E+001
 0.1313131   0.1099893527E-002   0.8827226140E+000   0.9751943096E+000   0.1016905922E+001
 0.1414141   0.1094527527E-002   0.8395831958E+000   0.9813758813E+000   0.1017075211E+001
 0.1515152   0.1142421332E-002   0.8387268730E+000   0.9833628559E+000   0.1036194913E+001
 0.1616162   0.1210317321E-002   0.8581289866E+000   0.9777540895E+000   0.1041513686E+001
 0.1717172   0.1299303561E-002   0.8408318107E+000   0.9829543109E+000   0.1018213762E+001
 0.1818182   0.1458050814E-002   0.8496129789E+000   0.9798930775E+000   0.1018518040E+001
 0.1919192   0.1640734918E-002   0.8722079143E+000   0.9807871734E+000   0.1027844427E+001
 0.2020202   0.1880647959E-002   0.9093893962E+000   0.9816963867E+000   0.1040517869E+001
 0.2121212   0.2136276728E-002   0.8918061740E+000   0.9896326485E+000   0.9947567204E+000
 0.2222222   0.2532425307E-002   0.9287778885E+000   0.9915559481E+000   0.1013473670E+001
 0.2323232   0.3002716068E-002   0.9152074876E+000   0.9869375532E+000   0.9838469830E+000
 0.2424242   0.3536062385E-002   0.9553157228E+000   0.9838219864E+000   0.9917205825E+000
 0.2525253   0.4284984743E-002   0.9833464465E+000   0.9863755800E+000   0.1011531825E+001
 0.2626263   0.5158789447E-002   0.1006704172E+001   0.9872165452E+000   0.1003731252E+001
 0.2727273   0.6376918537E-002   0.1053751074E+001   0.9856797817E+000   0.1015170986E+001
 0.2828283   0.7754972511E-002   0.1040097129E+001   0.9889117061E+000   0.9975328392E+000
 0.2929293   0.9545344882E-002   0.1022977030E+001   0.9934765000E+000   0.1034352650E+001
 0.3030303   0.1188788775E-001   0.1014058741E+001   0.9921703331E+000   0.1008669402E+001
 0.3131313   0.1482489521E-001   0.1056914837E+001   0.9902982916E+000   0.1019529348E+001
 0.3232323   0.1848221029E-001   0.1017510367E+001   0.9910489351E+000   0.9852477667E+000
 0.3333333   0.2349327569E-001   0.1075086497E+001   0.9829793821E+000   0.1001279327E+001
 0.3434343   0.2984899587E-001   0.1081703702E+001   0.9916735831E+000   0.9825048419E+000
 0.3535354   0.3758128041E-001   0.1081791787E+001   0.9888937921E+000   0.1019874565E+001
 0.3636364   0.4771851900E-001   0.1075939188E+001   0.9929364644E+000   0.1025945735E+001
 0.3737374   0.6125213708E-001   0.1069414607E+001   0.9920516133E+000   0.9779008441E+000
 0.3838384   0.7800615823E-001   0.1070033012E+001   0.9877961956E+000   0.9760862428E+000
 0.3939394   0.1014092331E+000   0.1072725480E+001   0.9909341979E+000   0.9810055828E+000
 0.4040404   0.1303781885E+000   0.1059923318E+001   0.9969849169E+000   0.9783589203E+000
 0.4141414   0.1679027516E+000   0.1077788954E+001   0.1008423406E+001   0.9906473122E+000
 0.4242424   0.2154879593E+000   0.1032870600E+001   0.1002098742E+001   0.1019260478E+001
 0.4343434   0.2832915248E+000   0.1035230709E+001   0.1003659478E+001   0.1007576215E+001
 0.4444444   0.3680652234E+000   0.1097022164E+001   0.1008207666E+001   0.1005934222E+001
 0.4545455   0.4801718722E+000   0.1062922718E+001   0.1005525590E+001   0.9877041173E+000
 0.4646465   0.6280608454E+000   0.1074965722E+001   0.1011773157E+001   0.1011860445E+001
 0.4747475   0.8252745017E+000   0.1050200467E+001   0.1005823627E+001   0.1006696576E+001
 0.4848485   0.1067653951E+001   0.1042112167E+001   0.1005148081E+001   0.9809900923E+000
 0.4949495   0.1410998963E+001   0.1052571473E+001   0.1016592774E+001   0.1000038981E+001
 0.5050505   0.1610348145E+001   0.1048594975E+001   0.1010985399E+001   0.1004969385E+001
 0.5151515   0.1610860761E+001   0.1068886103E+001   0.1007844391E+001   0.1011777460E+001
 0.5252525   0.1616355760E+001   0.1068037953E+001   0.1004796181E+001   0.9899801143E+000
 0.5353535   0.1620902217E+001   0.1052482481E+001   0.1009323847E+001   0.9910478523E+000
 0.5454545   0.1618031475E+001   0.1068205948E+001   0.1013650787E+001   0.9687337879E+000
 0.5555556   0.1632267634E+001   0.1063802651E+001   0.1009986137E+001   0.1011553954E+001
 0.5656566   0.1639209816E+001   0.1068848871E+001   0.1004820505E+001   0.9738943371E+000
 0.5757576   0.1635908925E+001   0.1062019175E+001   0.1014093574E+001   0.1001778343E+001
 0.5858586   0.1637576734E+001   0.1054107951E+001   0.1015737694E+001   0.1010087889E+001
 0.5959596   0.1655565519E+001   0.1046811499E+001   0.1009484340E+001   0.9809978376E+000
 0.6060606   0.1660746783E+001   0.1056877606E+001   0.1012173823E+001   0.9746234970E+000
 0.6161616   0.1649856889E+001   0.1019932226E+001   0.1012548608E+001   0.9743181129E+000
 0.6262626   0.1668312157E+001   0.1045538366E+001   0.1018713809E+001   0.9890971558E+000
 0.6363636   0.1688186425E+001   0.1072138858E+001   0.1010878659E+001   0.9881256802E+000
 0.6464646   0.1680959913E+001   0.1056968414E+001   0.1013393969E+001   0.9739894930E+000
 0.6565657   0.1695884356E+001   0.1034049293E+001   0.1004480611E+001   0.9896691978E+000
 0.6666667   0.1712031017E+001   0.1032438352E+001   0.1006300820E+001   0.9784773120E+000
 0.6767677   0.1716699385E+001   0.1042151214E+001   0.1018744713E+001   0.1024719772E+001
 0.6868687   0.1716373951E+001   0.1045521113E+001   0.1018106415E+001   0.1018492591E+001
 0.6969697   0.1733542176E+001   0.1065821321E+001   0.1013243564E+001   0.9983029383E+000
 0.7070707   0.1748777037E+001   0.1039160895E+001   0.1011962730E+001   0.9912160349E+000
 0.7171717   0.1759112484E+001   0.1040414051E+001   0.1012025567E+001   0.9959351049E+000
 0.7272727   0.1775546881E+001   0.1051570765E+001   0.1006457509E+001   0.1000077707E+001
 0.7373737   0.1796380570E+001   0.1046597192E+001   0.1010703459E+001   0.9920149020E+000
 0.7474747   0.1799889186E+001   0.1020256411E+001   0.1006885719E+001   0.9779948936E+000
 0.7575758   0.1821865196E+001   0.1033722383E+001   0.1011923913E+001   0.9966133674E+000
 0.7676768   0.1827755582E+001   0.1045300448E+001   0.1004970239E+001   0.9938328228E+000
 0.7777778   0.1852237827E+001   0.1038204683E+001   0.1013179271E+001   0.9928923282E+000
 0.7878788   0.1868875567E+001   0.1038465303E+001   0.1014981303E+001   0.9840306561E+000
 0.7979798   0.1902752060E+001   0.1033604332E+001   0.1015138659E+001   0.9995842239E+000
 0.8080808   0.1909693494E+001   0.1036058882E+001   0.1014726973E+001   0.9767003304E+000
 0.8181818   0.1930793120E+001   0.1030460546E+001   0.1012753536E+001   0.9789984567E+000
 0.8282828   0.1952065808E+001   0.1061117448E+001   0.1012736273E+001   0.1001512791E+001
 0.8383838   0.1970041512E+001   0.1013402197E+001   0.1014106254E+001   0.9713483629E+000
 0.8484848   0.1987352654E+001   0.1041859720E+001   0.1005858757E+001   0.1000166224E+001
 0.8585859   0.2015485886E+001   0.1046340204E+001   0.1010531885E+001   0.1006777348E+001
 0.8686869   0.2036224001E+001   0.1033930334E+001   0.1013049907E+001   0.9817745755E+000
 0.8787879   0.2054233144E+001   0.1029112042E+001   0.1012716453E+001   0.9847155574E+000
 0.8888889   0.2093404420E+001   0.1038442601E+001   0.1015947097E+001   0.9935650584E+000
 0.8989899   0.2112270333E+001   0.1042290151E+001   0.1017339837E+001   0.9907579587E+000
 0.9090909   0.2136206700E+001   0.1027774435E+001   0.1012101900E+001   0.1001667696E+001
 0.9191919   0.2164258808E+001   0.1043612321E+001   0.1013036972E+001   0.9888825018E+000
 0.9292929   0.2193995863E+001   0.1031528453E+001   0.1016270910E+001   0.1000503696E+001
 0.9393939   0.2189336439E+001   0.1029538842E+001   0.1001065218E+001   0.9733864700E+000
 0.9494949   0.2230696969E+001   0.1044899075E+001   0.1012518867E+001   0.9894390533E+000
 0.9595960   0.2253791959E+001   0.1024636098E+001   0.1013574615E+001   0.9943473287E+000
 0.9696970   0.2317956354E+001   0.1012644855E+001   0.1012859241E+001   0.9544603991E+000
 0.9797980   0.2313931968E+001   0.1029114767E+001   0.1009969438E+001   0.9741167364E+000
 0.9898990   0.2330561158E+001   0.1037928626E+001   0.1000063809E+001   0.9859913107E+000
 1.0000000   0.2360055347E+001   0.1017533069E+001   0.1002660385E+001   0.9752232007E+000


 0.0000000   0.4747280046E-002   0.8600332457E+000   0.9747838050E+000   0.1030590952E+001
 0.0101010   0.4752977728E-002   0.8748815402E+000   0.9776356818E+000   0.1055331081E+001
 0.0202020   0.4548460051E-002   0.8589337941E+000   0.9770782455E+000   0.1037465045E+001
 0.0303030   0.4261112127E-002   0.8255247516E+000   0.9762562232E+000   0.1001271459E+001
 0.0404040   0.3808078038E-002   0.8546431218E+000   0.9697026975E+000   0.1016545488E+001
 0.0505051   0.3368200904E-002   0.8311101478E+000   0.9790212137E+000   0.9919246382E+000
 0.0606061   0.2865189179E-002   0.8469841919E+000   0.9805289971E+000   0.1014234244E+001
 0.0707071   0.2378648166E-002   0.8648132386E+000   0.9798200743E+000   0.1038042168E+001
 0.0808081   0.1969190042E-002   0.8344130614E+000   0.9794014193E+000   0.9904703620E+000
 0.0909091   0.1648020661E-002   0.8415978670E+000   0.9768767531E+000   0.1012728587E+001
 0.1010101   0.1401269249E-002   0.8464697975E+000   0.9763407771E+000   0.1020011896E+001
 0.1111111   0.1246773741E-002   0.8527565024E+000   0.9776745919E+000   0.1012665278E+001
 0.1212121   0.1160535416E-002   0.8525916227E+000   0.9826102058E+000   0.1015394913E+001
 0.1313131   0.1107557813E-002   0.8876418645E+000   0.9722500855E+000   0.1013855307E+001
 0.1414141   0.1101598609E-002   0.8438362805E+000   0.9811238317E+000   0.1016833591E+001
 0.1515152   0.1147640708E-002   0.8413911975E+000   0.9875846031E+000   0.1040663535E+001
 0.1616162   0.1215266918E-002   0.8604443053E+000   0.9777046056E+000   0.1041481050E+001
 0.1717172   0.1303172578E-002   0.8421669681E+000   0.9825011479E+000   0.1017763961E+001
 0.1818182   0.1461980785E-002   0.8507224791E+000   0.9778520177E+000   0.1016416118E+001
 0.1919192   0.1643765685E-002   0.8726081753E+000   0.9791401948E+000   0.1026138206E+001
 0.2020202   0.1887689961E-002   0.9115296718E+000   0.9836933315E+000   0.1042654563E+001
 0.2121212   0.2148057738E-002   0.8954816303E+000   0.9897225089E+000   0.9948662215E+000
 0.2222222   0.2537902927E-002   0.9294970047E+000   0.9911920816E+000   0.1013121287E+001
 0.2323232   0.3009640242E-002   0.9160467689E+000   0.9831888842E+000   0.9801289443E+000
 0.2424242   0.3526486864E-002   0.9514085346E+000   0.9832636380E+000   0.9911768558E+000
 0.2525253   0.4267842077E-002   0.9780552283E+000   0.9879011037E+000   0.1013115782E+001
 0.2626263   0.5159127981E-002   0.1005375118E+001   0.9859558892E+000   0.1002468829E+001
 0.2727273   0.6366547797E-002   0.1050579520E+001   0.9836341431E+000   0.1013083669E+001
 0.2828283   0.7743132283E-002   0.1037070019E+001   0.9875279904E+000   0.9961562608E+000
 0.2929293   0.9562814371E-002   0.1023429069E+001   0.9918571511E+000   0.1032686578E+001
 0.3030303   0.1187009122E-001   0.1011137551E+001   0.9933958116E+000   0.1009934725E+001
 0.3131313   0.1481493364E-001   0.1054741024E+001   0.9909350595E+000   0.1020204576E+001
 0.3232323   0.1848580895E-001   0.1016298210E+001   0.9915900856E+000   0.9858047503E+000
 0.3333333   0.2346168179E-001   0.1072152932E+001   0.9835021622E+000   0.1001831149E+001
 0.3434343   0.2986337627E-001   0.1080725159E+001   0.9937969618E+000   0.9846275665E+000
 0.3535354   0.3767403596E-001   0.1082959014E+001   0.9872134930E+000   0.1018161249E+001
 0.3636364   0.4798797752E-001   0.1080515451E+001   0.9922378148E+000   0.1025243620E+001
 0.3737374   0.6139212914E-001   0.1070373447E+001   0.9922264511E+000   0.9780920401E+000
 0.3838384   0.7847217466E-001   0.1074933853E+001   0.9890502391E+000   0.9773442577E+000
 0.3939394   0.1012274622E+000   0.1069318824E+001   0.9941890501E+000   0.9842467939E+000
 0.4040404   0.1304584529E+000   0.1059106158E+001   0.9989348780E+000   0.9802913461E+000
 0.4141414   0.1683793696E+000   0.1079350655E+001   0.1006280255E+001   0.9885609937E+000
 0.4242424   0.2163277949E+000   0.1035459212E+001   0.1003657094E+001   0.1020865193E+001
 0.4343434   0.2834443045E+000   0.1034353682E+001   0.1003810596E+001   0.1007747347E+001
 0.4444444   0.3691259343E+000   0.1098659060E+001   0.1005624540E+001   0.1003376260E+001
 0.4545455   0.4808821776E+000   0.1063019962E+001   0.1005011063E+001   0.9872177379E+000
 0.4646465   0.6293800627E+000   0.1075730899E+001   0.1012087764E+001   0.1012194588E+001
 0.4747475   0.8261051256E+000   0.1049800710E+001   0.1008538995E+001   0.1009433757E+001
 0.4848485   0.1066655046E+001   0.1039694418E+001   0.1007329903E+001   0.9831384244E+000
 0.4949495   0.1410591007E+001   0.1050808984E+001   0.1015908416E+001   0.9993850293E+000
 0.5050505   0.1613560638E+001   0.1049230849E+001   0.1010036149E+001   0.1004045136E+001
 0.5151515   0.1617155862E+001   0.1071576233E+001   0.1007781666E+001   0.1011733990E+001
 0.5252525   0.1614875677E+001   0.1065581297E+001   0.1005706484E+001   0.9908960933E+000
 0.5353535   0.1625016379E+001   0.1053691720E+001   0.1010656134E+001   0.9923751427E+000
 0.5454545   0.1617572598E+001   0.1066423171E+001   0.1013754576E+001   0.9688516517E+000
 0.5555556   0.1633970996E+001   0.1063437101E+001   0.1012142573E+001   0.1013733276E+001
 0.5656566   0.1637433650E+001   0.1066211183E+001   0.1005414592E+001   0.9744889217E+000
 0.5757576   0.1636780956E+001   0.1061112828E+001   0.1014994969E+001   0.1002688117E+001
 0.5858586   0.1639884822E+001   0.1054130893E+001   0.1014349906E+001   0.1008727263E+001
 0.5959596   0.1653043668E+001   0.1043768543E+001   0.1010473237E+001   0.9819777560E+000
 0.6060606   0.1660617102E+001   0.1055330640E+001   0.1012915005E+001   0.9753559823E+000
 0.6161616   0.1650534276E+001   0.1018937046E+001   0.1013058444E+001   0.9748274882E+000
 0.6262626   0.1669755152E+001   0.1044992604E+001   0.1018510510E+001   0.9889188282E+000
 0.6363636   0.1688291699E+001   0.1070719922E+001   0.1010545149E+001   0.9878187164E+000
 0.6464646   0.1678619893E+001   0.1054034396E+001   0.1012690277E+001   0.9733319234E+000
 0.6565657   0.1692115191E+001   0.1030321346E+001   0.1007408787E+001   0.9925733280E+000
 0.6666667   0.1709639745E+001   0.1029567610E+001   0.1007539329E+001   0.9797004604E+000
 0.6767677   0.1715176862E+001   0.1039784076E+001   0.1020016633E+001   0.1026018928E+001
 0.6868687   0.1715153887E+001   0.1043330130E+001   0.1016352328E+001   0.1016757437E+001
 0.6969697   0.1735475126E+001   0.1065531149E+001   0.1011758600E+001   0.9968590845E+000
 0.7070707   0.1746961847E+001   0.1036643763E+001   0.1012703177E+001   0.9919604217E+000
 0.7171717   0.1758119812E+001   0.1038386017E+001   0.1011858785E+001   0.9957901686E+000
 0.7272727   0.1775134808E+001   0.1049869853E+001   0.1008555428E+001   0.1002181644E+001
 0.7373737   0.1797540193E+001   0.1045821562E+001   0.1011066890E+001   0.9923907406E+000
 0.7474747   0.1798304337E+001   0.1017945488E+001   0.1008116862E+001   0.9792095848E+000
 0.7575758   0.1820899883E+001   0.1031742959E+001   0.1013791652E+001   0.9984720925E+000
 0.7676768   0.1828041944E+001   0.1044015483E+001   0.1006967223E+001   0.9958268696E+000
 0.7777778   0.1852794537E+001   0.1037077617E+001   0.1012680686E+001   0.9924228540E+000
 0.7878788   0.1869344668E+001   0.1037286566E+001   0.1015911480E+001   0.9849514526E+000
 0.7979798   0.1902669834E+001   0.1032127425E+001   0.1016214778E+001   0.1000663141E+001
 0.8080808   0.1908083914E+001   0.1033751149E+001   0.1014657665E+001   0.9766524443E+000
 0.8181818   0.1932719367E+001   0.1030059210E+001   0.1015712523E+001   0.9818777458E+000
 0.8282828   0.1949543748E+001   0.1058277960E+001   0.1012292731E+001   0.1001093460E+001
 0.8383838   0.1966486742E+001   0.1010171826E+001   0.1011645859E+001   0.9690103834E+000
 0.8484848   0.1987213828E+001   0.1040343299E+001   0.1008525972E+001   0.1002837674E+001
 0.8585859   0.2014302712E+001   0.1044276859E+001   0.1010961997E+001   0.1007225275E+001
 0.8686869   0.2038101321E+001   0.1033449503E+001   0.1014141322E+001   0.9828512392E+000
 0.8787879   0.2057298745E+001   0.1029219615E+001   0.1012708351E+001   0.9847266592E+000
 0.8888889   0.2092489364E+001   0.1036550306E+001   0.1013981856E+001   0.9916622262E+000
 0.8989899   0.2108579883E+001   0.1039027301E+001   0.1018690596E+001   0.9920925452E+000
 0.9090909   0.2137407737E+001   0.1026927255E+001   0.1014841471E+001   0.1004398383E+001
 0.9191919   0.2164990838E+001   0.1042518648E+001   0.1012791483E+001   0.9886619214E+000
 0.9292929   0.2187397320E+001   0.1027000957E+001   0.1015659316E+001   0.9999208635E+000
 0.9393939   0.2196168488E+001   0.1031320502E+001   0.1003737579E+001   0.9760037545E+000
 0.9494949   0.2234773667E+001   0.1045358075E+001   0.1015606212E+001   0.9924751529E+000
 0.9595960   0.2252712696E+001   0.1022726241E+001   0.1013621982E+001   0.9944129644E+000
 0.9696970   0.2318139337E+001   0.1011321426E+001   0.1013848289E+001   0.9554108365E+000
 0.9797980   0.2310428054E+001   0.1026132489E+001   0.1009353180E+001   0.9735411190E+000
 0.9898990   0.2327762599E+001   0.1035245704E+001   0.1001074403E+001   0.9870067073E+000
 1.0000000   0.2360968690E+001   0.1016516277E+001   0.1003030384E+001   0.9756018788E+000


 0.0000000   0.4699706095E-002   0.8532614606E+000   0.9734733689E+000   0.1029220668E+001
 0.0101010   0.4711875713E-002   0.8691972492E+000   0.9754877836E+000   0.1053028010E+001
 0.0202020   0.4517530008E-002   0.8549434598E+000   0.9762772197E+000   0.1036629798E+001
 0.0303030   0.4214129191E-002   0.8181935005E+000   0.9744621088E+000   0.9994461098E+000
 0.0404040   0.3778169647E-002   0.8497701268E+000   0.9690165427E+000   0.1015841166E+001
 0.0505051   0.3327821458E-002   0.8229276556E+000   0.9774352748E+000   0.9903323988E+000
 0.0606061   0.2836749200E-002   0.8403960189E+000   0.9799442846E+000   0.1013644378E+001
 0.0707071   0.2363375606E-002   0.8611244330E+000   0.9785499265E+000   0.1036711832E+001
 0.0808081   0.1958889612E-002   0.8318489426E+000   0.9764871391E+000   0.9875377063E+000
 0.0909091   0.1640459985E-002   0.8395540448E+000   0.9752622698E+000   0.1011069759E+001
 0.1010101   0.1397136236E-002   0.8458038832E+000   0.9766151841E+000   0.1020313621E+001
 0.1111111   0.1240328715E-002   0.8501885151E+000   0.9779269125E+000   0.1012941564E+001
 0.1212121   0.1152113114E-002   0.8482401508E+000   0.9807147171E+000   0.1013451124E+001
 0.1313131   0.1105231146E-002   0.8876985899E+000   0.9716409026E+000   0.1013234995E+001
 0.1414141   0.1093513295E-002   0.8394598424E+000   0.9803435993E+000   0.1016039942E+001
 0.1515152   0.1137785953E-002   0.8359756550E+000   0.9858320508E+000   0.1038832107E+001
 0.1616162   0.1206571504E-002   0.8561408041E+000   0.9785823013E+000   0.1042431368E+001
 0.1717172   0.1296469859E-002   0.8396527948E+000   0.9815244583E+000   0.1016767209E+001
 0.1818182   0.1449070713E-002   0.8450392200E+000   0.9769088383E+000   0.1015450714E+001
 0.1919192   0.1634316607E-002   0.8694740092E+000   0.9804457796E+000   0.1027521609E+001
 0.2020202   0.1871978416E-002   0.9059036805E+000   0.9825335717E+000   0.1041440645E+001
 0.2121212   0.2131030223E-002   0.8903102687E+000   0.9888315597E+000   0.9939852979E+000
 0.2222222   0.2528645210E-002   0.9281152943E+000   0.9918782965E+000   0.1013837633E+001
 0.2323232   0.2990166520E-002   0.9120937491E+000   0.9832626377E+000   0.9802169211E+000
 0.2424242   0.3512796515E-002   0.9497707895E+000   0.9834317962E+000   0.9913609845E+000
 0.2525253   0.4257932466E-002   0.9779009093E+000   0.9883442841E+000   0.1013585219E+001
 0.2626263   0.5138718509E-002   0.1003570074E+001   0.9848544082E+000   0.1001363665E+001
 0.2727273   0.6340664506E-002   0.1048578006E+001   0.9825863872E+000   0.1012019466E+001
 0.2828283   0.7726859074E-002   0.1037135344E+001   0.9876516310E+000   0.9962956717E+000
 0.2929293   0.9504555823E-002   0.1019400616E+001   0.9920084833E+000   0.1032859369E+001
 0.3030303   0.1182873554E-001   0.1009800422E+001   0.9936868168E+000   0.1010245471E+001
 0.3131313   0.1471728540E-001   0.1050061855E+001   0.9894932952E+000   0.1018735247E+001
 0.3232323   0.1840681798E-001   0.1014150622E+001   0.9906535006E+000   0.9848881516E+000
 0.3333333   0.2334138210E-001   0.1068969241E+001   0.9840772057E+000   0.1002431690E+001
 0.3434343   0.2961754090E-001   0.1074153618E+001   0.9912732036E+000   0.9821415754E+000
 0.3535354   0.3747901864E-001   0.1079690117E+001   0.9866052119E+000   0.1017548902E+001
 0.3636364   0.4774002782E-001   0.1077264244E+001   0.9938636617E+000   0.1026938691E+001
 0.3737374   0.6125153488E-001   0.1070238698E+001   0.9930958914E+000   0.9789635295E+000
 0.3838384   0.7847122559E-001   0.1077252550E+001   0.9914613515E+000   0.9797412791E+000
 0.3939394   0.1009577222E+000   0.1068782785E+001   0.9943362011E+000   0.9844069880E+000
 0.4040404   0.1301885064E+000   0.1059207279E+001   0.9998048298E+000   0.9811595284E+000
 0.4141414   0.1682595997E+000   0.1080922544E+001   0.1005508840E+001   0.9878177277E+000
 0.4242424   0.2164176814E+000   0.1038136488E+001   0.1002727795E+001   0.1019935000E+001
 0.4343434   0.2827779701E+000   0.1034160499E+001   0.1002251127E+001   0.1006196598E+001
 0.4444444   0.3690366234E+000   0.1100775851E+001   0.1005489953E+001   0.1003256767E+001
 0.4545455   0.4798719211E+000   0.1063087766E+001   0.1003498367E+001   0.9857463580E+000
 0.4646465   0.6295034962E+000   0.1078275783E+001   0.1013443588E+001   0.1013565499E+001
 0.4747475   0.8260162591E+000   0.1051964743E+001   0.1006257647E+001   0.1007165235E+001
 0.4848485   0.1066858258E+001   0.1042148208E+001   0.1008160606E+001   0.9839636865E+000
 0.4949495   0.1410687127E+001   0.1053160138E+001   0.1013506761E+001   0.9970371368E+000
 0.5050505   0.1619941872E+001   0.1055665271E+001   0.1010950064E+001   0.1004968448E+001
 0.5151515   0.1615028345E+001   0.1072487861E+001   0.1005949415E+001   0.1009909445E+001
 0.5252525   0.1613438370E+001   0.1066942266E+001   0.1006153881E+001   0.9913515190E+000
 0.5353535   0.1624801037E+001   0.1055837434E+001   0.1010157069E+001   0.9918997299E+000
 0.5454545   0.1621859147E+001   0.1071568576E+001   0.1012676128E+001   0.9678352420E+000
 0.5555556   0.1635014459E+001   0.1066424478E+001   0.1013392679E+001   0.1015000313E+001
 0.5656566   0.1637196057E+001   0.1068368944E+001   0.1008324392E+001   0.9773236295E+000
 0.5757576   0.1639302814E+001   0.1065053022E+001   0.1014356334E+001   0.1002072001E+001
 0.5858586   0.1641988682E+001   0.1057772804E+001   0.1015577640E+001   0.1009963083E+001
 0.5959596   0.1649129871E+001   0.1043556046E+001   0.1012462095E+001   0.9839250357E+000
 0.6060606   0.1660425781E+001   0.1057497993E+001   0.1012255808E+001   0.9747356006E+000
 0.6161616   0.1650476969E+001   0.1021111850E+001   0.1013741502E+001   0.9754991520E+000
 0.6262626   0.1669280405E+001   0.1046961624E+001   0.1018614156E+001   0.9890340460E+000
 0.6363636   0.1687505920E+001   0.1072543083E+001   0.1009320459E+001   0.9866361162E+000
 0.6464646   0.1678596150E+001   0.1056305847E+001   0.1013630224E+001   0.9742497043E+000
 0.6565657   0.1694010545E+001   0.1033712876E+001   0.1007332320E+001   0.9925126219E+000
 0.6666667   0.1709118674E+001   0.1031486452E+001   0.1007491822E+001   0.9796687102E+000
 0.6767677   0.1713483277E+001   0.1041010634E+001   0.1019182953E+001   0.1025195459E+001
 0.6868687   0.1718555781E+001   0.1047667167E+001   0.1015420662E+001   0.1015840377E+001
 0.6969697   0.1737589327E+001   0.1069143352E+001   0.1011796302E+001   0.9969109300E+000
 0.7070707   0.1748062419E+001   0.1039546924E+001   0.1013845472E+001   0.9930939621E+000
 0.7171717   0.1757689400E+001   0.1040383701E+001   0.1012937010E+001   0.9968659688E+000
 0.7272727   0.1777202196E+001   0.1053372580E+001   0.1009292282E+001   0.1002928630E+001
 0.7373737   0.1797218121E+001   0.1047902348E+001   0.1011246071E+001   0.9925812468E+000
 0.7474747   0.1799738141E+001   0.1020966973E+001   0.1009627108E+001   0.9806909856E+000
 0.7575758   0.1822431042E+001   0.1034850450E+001   0.1016847147E+001   0.1001496182E+001
 0.7676768   0.1832106676E+001   0.1048606591E+001   0.1009733089E+001   0.9985768602E+000
 0.7777778   0.1847530894E+001   0.1036374579E+001   0.1011013978E+001   0.9908040969E+000
 0.7878788   0.1871850431E+001   0.1040930075E+001   0.1015979281E+001   0.9850317118E+000
 0.7979798   0.1900495133E+001   0.1033184043E+001   0.1017072204E+001   0.1001522212E+001
 0.8080808   0.1909087238E+001   0.1036538296E+001   0.1015838238E+001   0.9778032155E+000
 0.8181818   0.1931137639E+001   0.1031448771E+001   0.1015209171E+001   0.9814056318E+000
 0.8282828   0.1950235169E+001   0.1060949697E+001   0.1012707359E+001   0.1001518268E+001
 0.8383838   0.1967384593E+001   0.1012825292E+001   0.1012881163E+001   0.9702079305E+000
 0.8484848   0.1986210318E+001   0.1042073496E+001   0.1008472478E+001   0.1002799268E+001
 0.8585859   0.2011971612E+001   0.1045330948E+001   0.1011224887E+001   0.1007502050E+001
 0.8686869   0.2037602490E+001   0.1035437753E+001   0.1012990432E+001   0.9817503342E+000
 0.8787879   0.2056590914E+001   0.1031097299E+001   0.1012915470E+001   0.9849425783E+000
 0.8888889   0.2091150070E+001   0.1038133889E+001   0.1014632375E+001   0.9923130573E+000
 0.8989899   0.2110290958E+001   0.1042126120E+001   0.1020417372E+001   0.9937888885E+000
 0.9090909   0.2129680307E+001   0.1025434114E+001   0.1014214191E+001   0.1003792358E+001
 0.9191919   0.2164515546E+001   0.1044550693E+001   0.1013913261E+001   0.9897715672E+000
 0.9292929   0.2183131147E+001   0.1027221360E+001   0.1015036334E+001   0.9993222693E+000
 0.9393939   0.2199075703E+001   0.1034925812E+001   0.1007695432E+001   0.9798666972E+000
 0.9494949   0.2239964997E+001   0.1050059257E+001   0.1016280961E+001   0.9931491776E+000
 0.9595960   0.2252974425E+001   0.1025063801E+001   0.1014545986E+001   0.9953341334E+000
 0.9696970   0.2312316094E+001   0.1010969181E+001   0.1013886213E+001   0.9554606620E+000
 0.9797980   0.2309254354E+001   0.1027835949E+001   0.1010534992E+001   0.9746953722E+000
 0.9898990   0.2330475309E+001   0.1038700403E+001   0.1003797466E+001   0.9897060974E+000
 1.0000000   0.2359689858E+001   0.1018169489E+001   0.1004917101E+001   0.9774514139E+000


 0.0000000   0.4719391391E-002   0.8558638384E+000   0.9759136766E+000   0.1031784986E+001
 0.0101010   0.4720473872E-002   0.8697959183E+000   0.9757949665E+000   0.1053343543E+001
 0.0202020   0.4537463789E-002   0.8577421869E+000   0.9780913453E+000   0.1038540230E+001
 0.0303030   0.4225627592E-002   0.8194956447E+000   0.9750645265E+000   0.1000048719E+001
 0.0404040   0.3791868936E-002   0.8518842190E+000   0.9697770711E+000   0.1016622938E+001
 0.0505051   0.3340764608E-002   0.8251915389E+000   0.9787460714E+000   0.9916453655E+000
 0.0606061   0.2845678230E-002   0.8420853019E+000   0.9805345028E+000   0.1014239424E+001
 0.0707071   0.2366451517E-002   0.8612674313E+000   0.9773825281E+000   0.1035459254E+001
 0.0808081   0.1961694242E-002   0.8320953085E+000   0.9756760810E+000   0.9867024194E+000
 0.0909091   0.1649656760E-002   0.8433034135E+000   0.9768253572E+000   0.1012674790E+001
 0.1010101   0.1402413560E-002   0.8480359646E+000   0.9771142442E+000   0.1020819441E+001
 0.1111111   0.1243838013E-002   0.8516271758E+000   0.9786700072E+000   0.1013695803E+001
 0.1212121   0.1155661965E-002   0.8498881538E+000   0.9824244930E+000   0.1015202488E+001
 0.1313131   0.1106436144E-002   0.8876587112E+000   0.9728690053E+000   0.1014500196E+001
 0.1414141   0.1098604300E-002   0.8424117240E+000   0.9844283680E+000   0.1020257883E+001
 0.1515152   0.1141860603E-002   0.8380181059E+000   0.9849455262E+000   0.1037882091E+001
 0.1616162   0.1211334401E-002   0.8585457311E+000   0.9807231590E+000   0.1044695975E+001
 0.1717172   0.1299084865E-002   0.8403923429E+000   0.9805537071E+000   0.1015746108E+001
 0.1818182   0.1453953733E-002   0.8469253334E+000   0.9768920053E+000   0.1015417728E+001
 0.1919192   0.1637851068E-002   0.8703663039E+000   0.9807779827E+000   0.1027854084E+001
 0.2020202   0.1872390582E-002   0.9050756593E+000   0.9838670313E+000   0.1042838144E+001
 0.2121212   0.2135059305E-002   0.8909820744E+000   0.9884706652E+000   0.9936073668E+000
 0.2222222   0.2540135011E-002   0.9312752942E+000   0.9904749767E+000   0.1012387803E+001
 0.2323232   0.3006307015E-002   0.9159772460E+000   0.9844443889E+000   0.9813800427E+000
 0.2424242   0.3539579370E-002   0.9559269834E+000   0.9841757986E+000   0.9920958532E+000
 0.2525253   0.4261860792E-002   0.9776931926E+000   0.9883447593E+000   0.1013570246E+001
 0.2626263   0.5155106801E-002   0.1005629006E+001   0.9855526446E+000   0.1002058321E+001
 0.2727273   0.6359288608E-002   0.1050465407E+001   0.9837413546E+000   0.1013193575E+001
 0.2828283   0.7749120758E-002   0.1038943959E+001   0.9888198814E+000   0.9974589325E+000
 0.2929293   0.9552212201E-002   0.1023350198E+001   0.9940158086E+000   0.1034933570E+001
 0.3030303   0.1187069238E-001   0.1012233082E+001   0.9932272389E+000   0.1009762833E+001
 0.3131313   0.1476114420E-001   0.1051996861E+001   0.9890789483E+000   0.1018293123E+001
 0.3232323   0.1850088472E-001   0.1018177489E+001   0.9915032993E+000   0.9857179694E+000
 0.3333333   0.2343132728E-001   0.1071871642E+001   0.9851939616E+000   0.1003553968E+001
 0.3434343   0.2958128043E-001   0.1071621992E+001   0.9937136208E+000   0.9845444940E+000
 0.3535354   0.3751685349E-001   0.1079554502E+001   0.9884355198E+000   0.1019421066E+001
 0.3636364   0.4790620419E-001   0.1079788230E+001   0.9937445537E+000   0.1026799957E+001
 0.3737374   0.6132180218E-001   0.1070251474E+001   0.9916944392E+000   0.9775671099E+000
 0.3838384   0.7842506519E-001   0.1075398024E+001   0.9924102005E+000   0.9806639536E+000
 0.3939394   0.1008683311E+000   0.1066625573E+001   0.9943704059E+000   0.9844258357E+000
 0.4040404   0.1306146522E+000   0.1061469356E+001   0.9990648138E+000   0.9804183585E+000
 0.4141414   0.1683642393E+000   0.1080368283E+001   0.1003289872E+001   0.9856227669E+000
 0.4242424   0.2166663238E+000   0.1038150651E+001   0.1002727512E+001   0.1019919155E+001
 0.4343434   0.2827937946E+000   0.1033045615E+001   0.1001916229E+001   0.1005845039E+001
 0.4444444   0.3686793352E+000   0.1098463097E+001   0.1006578238E+001   0.1004327316E+001
 0.4545455   0.4803414172E+000   0.1062921195E+001   0.1004092270E+001   0.9863147103E+000
 0.4646465   0.6302266362E+000   0.1078290328E+001   0.1012457372E+001   0.1012563720E+001
 0.4747475   0.8257042736E+000   0.1050374987E+001   0.1007312626E+001   0.1008205787E+001
 0.4848485   0.1067609236E+001   0.1041699212E+001   0.1008731500E+001   0.9845058611E+000
 0.4949495   0.1412449831E+001   0.1053280370E+001   0.1010485964E+001   0.9940502658E+000
 0.5050505   0.1620215549E+001   0.1054646339E+001   0.1009329508E+001   0.1003342177E+001
 0.5151515   0.1614157262E+001   0.1070693907E+001   0.1006416565E+001   0.1010363023E+001
 0.5252525   0.1615636005E+001   0.1067184016E+001   0.1006857469E+001   0.9920296253E+000
 0.5353535   0.1623807397E+001   0.1053995201E+001   0.1010034271E+001   0.9917640238E+000
 0.5454545   0.1624572324E+001   0.1072144039E+001   0.1011416601E+001   0.9666167423E+000
 0.5555556   0.1633875430E+001   0.1064473121E+001   0.1014770608E+001   0.1016364925E+001
 0.5656566   0.1638548086E+001   0.1068038742E+001   0.1007958218E+001   0.9769538121E+000
 0.5757576   0.1636155175E+001   0.1061802602E+001   0.1012166563E+001   0.9998934973E+000
 0.5858586   0.1642712001E+001   0.1057038774E+001   0.1017412569E+001   0.1011772435E+001
 0.5959596   0.1645596462E+001   0.1040139324E+001   0.1012726661E+001   0.9841671330E+000
 0.6060606   0.1662921745E+001   0.1057886675E+001   0.1012759421E+001   0.9752056717E+000
 0.6161616   0.1651737827E+001   0.1020733135E+001   0.1013711503E+001   0.9754554061E+000
 0.6262626   0.1668980777E+001   0.1045586705E+001   0.1016398109E+001   0.9868672993E+000
 0.6363636   0.1687775511E+001   0.1071498019E+001   0.1008592780E+001   0.9859097544E+000
 0.6464646   0.1681527561E+001   0.1056950628E+001   0.1012530782E+001   0.9731781325E+000
 0.6565657   0.1694488130E+001   0.1032831792E+001   0.1006987704E+001   0.9921579418E+000
 0.6666667   0.1707900370E+001   0.1029582357E+001   0.1007372846E+001   0.9795380795E+000
 0.6767677   0.1713825904E+001   0.1040038099E+001   0.1017419287E+001   0.1023405778E+001
 0.6868687   0.1719379159E+001   0.1046980539E+001   0.1014325449E+001   0.1014729234E+001
 0.6969697   0.1738533547E+001   0.1068511314E+001   0.1010999766E+001   0.9961109190E+000
 0.7070707   0.1749981516E+001   0.1039508089E+001   0.1013523718E+001   0.9927636511E+000
 0.7171717   0.1758938666E+001   0.1039942561E+001   0.1012221678E+001   0.9961467924E+000
 0.7272727   0.1777179423E+001   0.1052164621E+001   0.1009369781E+001   0.1002990341E+001
 0.7373737   0.1798031064E+001   0.1047187538E+001   0.1011739018E+001   0.9930499487E+000
 0.7474747   0.1799074390E+001   0.1019433133E+001   0.1010740409E+001   0.9817574037E+000
 0.7575758   0.1822001698E+001   0.1033433455E+001   0.1016208319E+001   0.1000851732E+001
 0.7676768   0.1832812513E+001   0.1047821047E+001   0.1010206473E+001   0.9990297752E+000
 0.7777778   0.1850498236E+001   0.1036862024E+001   0.1010410237E+001   0.9901973203E+000
 0.7878788   0.1872710540E+001   0.1040227469E+001   0.1016911094E+001   0.9859201025E+000
 0.7979798   0.1899530370E+001   0.1031488571E+001   0.1015603233E+001   0.1000060447E+001
 0.8080808   0.1909873810E+001   0.1035789494E+001   0.1014726874E+001   0.9767185651E+000
 0.8181818   0.1928796562E+001   0.1029030169E+001   0.1013984272E+001   0.9802065673E+000
 0.8282828   0.1950743100E+001   0.1060022635E+001   0.1012143686E+001   0.1000945555E+001
 0.8383838   0.1971034287E+001   0.1013553555E+001   0.1013850502E+001   0.9711216186E+000
 0.8484848   0.1986963130E+001   0.1041286350E+001   0.1007413162E+001   0.1001730631E+001
 0.8585859   0.2009874420E+001   0.1043057218E+001   0.1010394224E+001   0.1006659090E+001
 0.8686869   0.2036913694E+001   0.1033913989E+001   0.1011874239E+001   0.9806536055E+000
 0.8787879   0.2054754785E+001   0.1029008559E+001   0.1012166786E+001   0.9841995571E+000
 0.8888889   0.2089488946E+001   0.1036132976E+001   0.1013151803E+001   0.9908499410E+000
 0.8989899   0.2108689975E+001   0.1040154678E+001   0.1017739628E+001   0.9911659032E+000
 0.9090909   0.2129016087E+001   0.1023951861E+001   0.1014355439E+001   0.1003916842E+001
 0.9191919   0.2163511142E+001   0.1042882065E+001   0.1013033426E+001   0.9888975980E+000
 0.9292929   0.2182089373E+001   0.1025566911E+001   0.1013946773E+001   0.9982343507E+000
 0.9393939   0.2199578235E+001   0.1033988486E+001   0.1008056073E+001   0.9802024280E+000
 0.9494949   0.2237479009E+001   0.1047704468E+001   0.1014379210E+001   0.9912755932E+000
 0.9595960   0.2250826784E+001   0.1022925394E+001   0.1013451095E+001   0.9942448102E+000
 0.9696970   0.2307953029E+001   0.1007917373E+001   0.1013747349E+001   0.9553152290E+000
 0.9797980   0.2305056959E+001   0.1024804311E+001   0.1009144722E+001   0.9733395630E+000
 0.9898990   0.2330431198E+001   0.1037502925E+001   0.1003523831E+001   0.9894212123E+000
 1.0000000   0.2363106343E+001   0.1018487419E+001   0.1006655745E+001   0.9791276046E+000


 0.0000000   0.4730955272E-002   0.8585269723E+000   0.9766690198E+000   0.1032588315E+001
 0.0101010   0.4734336446E-002   0.8729257518E+000   0.9760144095E+000   0.1053585265E+001
 0.0202020   0.4557407267E-002   0.8620805757E+000   0.9769066996E+000   0.1037287134E+001
 0.0303030   0.4240135098E-002   0.8228516511E+000   0.9740558311E+000   0.9990187659E+000
 0.0404040   0.3802961515E-002   0.8549399400E+000   0.9697522268E+000   0.1016601563E+001
 0.0505051   0.3354614020E-002   0.8291590945E+000   0.9786329230E+000   0.9915352799E+000
 0.0606061   0.2852418479E-002   0.8446367188E+000   0.9805603436E+000   0.1014270811E+001
 0.0707071   0.2371555057E-002   0.8636942844E+000   0.9761330816E+000   0.1034140314E+001
 0.0808081   0.1968059462E-002   0.8353459909E+000   0.9754157924E+000   0.9864437199E+000
 0.0909091   0.1654448086E-002   0.8463107010E+000   0.9772775754E+000   0.1013148258E+001
 0.1010101   0.1407327225E-002   0.8515686766E+000   0.9783295655E+000   0.1022093816E+001
 0.1111111   0.1247464347E-002   0.8546735210E+000   0.9768038913E+000   0.1011767548E+001
 0.1212121   0.1157091456E-002   0.8515008056E+000   0.9815053659E+000   0.1014257353E+001
 0.1313131   0.1104556022E-002   0.8867349654E+000   0.9748503303E+000   0.1016570975E+001
 0.1414141   0.1099283296E-002   0.8434884835E+000   0.9827841860E+000   0.1018558537E+001
 0.1515152   0.1144310250E-002   0.8403699635E+000   0.9837859834E+000   0.1036664989E+001
 0.1616162   0.1204121198E-002   0.8539963306E+000   0.9791244585E+000   0.1042997781E+001
 0.1717172   0.1297000605E-002   0.8395975512E+000   0.9809645844E+000   0.1016176399E+001
 0.1818182   0.1451531405E-002   0.8460721395E+000   0.9760983980E+000   0.1014597484E+001
 0.1919192   0.1630150612E-002   0.8668457269E+000   0.9805124863E+000   0.1027580564E+001
 0.2020202   0.1864590929E-002   0.9019000792E+000   0.9840056181E+000   0.1042989828E+001
 0.2121212   0.2128138680E-002   0.8886799250E+000   0.9871715713E+000   0.9923060796E+000
 0.2222222   0.2524910326E-002   0.9263042579E+000   0.9889095885E+000   0.1010792425E+001
 0.2323232   0.2986276842E-002   0.9104746162E+000   0.9858214589E+000   0.9827573399E+000
 0.2424242   0.3527493918E-002   0.9532915862E+000   0.9851511438E+000   0.9930836085E+000
 0.2525253   0.4236728736E-002   0.9725689728E+000   0.9876370384E+000   0.1012849114E+001
 0.2626263   0.5137741808E-002   0.1002902746E+001   0.9857234088E+000   0.1002236549E+001
 0.2727273   0.6338394225E-002   0.1047704689E+001   0.9844085588E+000   0.1013885412E+001
 0.2828283   0.7712527994E-002   0.1034720057E+001   0.9886702824E+000   0.9973126070E+000
 0.2929293   0.9490432100E-002   0.1017402319E+001   0.9931800217E+000   0.1034068128E+001
 0.3030303   0.1181960394E-001   0.1008541609E+001   0.9935265723E+000   0.1010071788E+001
 0.3131313   0.1472734847E-001   0.1050280748E+001   0.9887106793E+000   0.1017918651E+001
 0.3232323   0.1844724919E-001   0.1015895482E+001   0.9910208527E+000   0.9852428630E+000
 0.3333333   0.2330324268E-001   0.1066715657E+001   0.9883384023E+000   0.1006761632E+001
 0.3434343   0.2945269951E-001   0.1067667877E+001   0.9934513372E+000   0.9842891513E+000
 0.3535354   0.3741740973E-001   0.1077403311E+001   0.9894447031E+000   0.1020466573E+001
 0.3636364   0.4774363851E-001   0.1076834005E+001   0.9930342854E+000   0.1026070775E+001
 0.3737374   0.6117923301E-001   0.1068467640E+001   0.9908715162E+000   0.9767603962E+000
 0.3838384   0.7828935042E-001   0.1074245284E+001   0.9920923851E+000   0.9803544026E+000
 0.3939394   0.1005760342E+000   0.1064236340E+001   0.9945935846E+000   0.9846513048E+000
 0.4040404   0.1307469043E+000   0.1063245119E+001   0.9997356258E+000   0.9810811565E+000
 0.4141414   0.1677857245E+000   0.1077366337E+001   0.1003170053E+001   0.9855095841E+000
 0.4242424   0.2163775758E+000   0.1037451105E+001   0.1003601504E+001   0.1020812821E+001
 0.4343434   0.2824075326E+000   0.1032315196E+001   0.1001455418E+001   0.1005387039E+001
 0.4444444   0.3676862153E+000   0.1096226874E+001   0.1006580539E+001   0.1004334225E+001
 0.4545455   0.4802188266E+000   0.1063350978E+001   0.1004724681E+001   0.9869404575E+000
 0.4646465   0.6296344396E+000   0.1077987812E+001   0.1011875617E+001   0.1011986553E+001
 0.4747475   0.8256994223E+000   0.1051061770E+001   0.1007734794E+001   0.1008632962E+001
 0.4848485   0.1069507356E+001   0.1044239723E+001   0.1008769960E+001   0.9845479198E+000
 0.4949495   0.1411343997E+001   0.1053150070E+001   0.1010720016E+001   0.9942850772E+000
 0.5050505   0.1620697018E+001   0.1055655725E+001   0.1010092064E+001   0.1004104820E+001
 0.5151515   0.1615311817E+001   0.1072166609E+001   0.1006709264E+001   0.1010661511E+001
 0.5252525   0.1615007085E+001   0.1067472368E+001   0.1007276234E+001   0.9924467811E+000
 0.5353535   0.1621719518E+001   0.1053334436E+001   0.1008708272E+001   0.9904665601E+000
 0.5454545   0.1623751721E+001   0.1072309442E+001   0.1010657594E+001   0.9658957913E+000
 0.5555556   0.1633621391E+001   0.1065009765E+001   0.1013367756E+001   0.1014964531E+001
 0.5656566   0.1636058218E+001   0.1067119337E+001   0.1009709360E+001   0.9786555846E+000
 0.5757576   0.1634744219E+001   0.1061586839E+001   0.1012617130E+001   0.1000343195E+001
 0.5858586   0.1645149403E+001   0.1059305563E+001   0.1017679185E+001   0.1012042222E+001
 0.5959596   0.1644745016E+001   0.1040286998E+001   0.1012823018E+001   0.9842652932E+000
 0.6060606   0.1663060541E+001   0.1058672945E+001   0.1012555575E+001   0.9750138620E+000
 0.6161616   0.1653929117E+001   0.1022761594E+001   0.1013352884E+001   0.9751148001E+000
 0.6262626   0.1669755368E+001   0.1046762093E+001   0.1016570226E+001   0.9870389485E+000
 0.6363636   0.1685721192E+001   0.1070899852E+001   0.1010906711E+001   0.9881761839E+000
 0.6464646   0.1681800331E+001   0.1057819492E+001   0.1014924264E+001   0.9754830710E+000
 0.6565657   0.1694057790E+001   0.1033250701E+001   0.1008650256E+001   0.9938005745E+000
 0.6666667   0.1710047745E+001   0.1031556965E+001   0.1007679269E+001   0.9798405361E+000
 0.6767677   0.1713122554E+001   0.1040297128E+001   0.1016459419E+001   0.1022444958E+001
 0.6868687   0.1720256950E+001   0.1048206124E+001   0.1013965284E+001   0.1014373585E+001
 0.6969697   0.1736080165E+001   0.1067707384E+001   0.1012452566E+001   0.9975469056E+000
 0.7070707   0.1748604366E+001   0.1039375298E+001   0.1012503583E+001   0.9917689668E+000
 0.7171717   0.1759083769E+001   0.1040714484E+001   0.1012453689E+001   0.9963796947E+000
 0.7272727   0.1777294961E+001   0.1052927210E+001   0.1009036890E+001   0.1002664159E+001
 0.7373737   0.1796168642E+001   0.1046792989E+001   0.1012949111E+001   0.9942422550E+000
 0.7474747   0.1801620806E+001   0.1021549540E+001   0.1010860821E+001   0.9818788730E+000
 0.7575758   0.1820538268E+001   0.1033284637E+001   0.1015181715E+001   0.9998452344E+000
 0.7676768   0.1835901089E+001   0.1050279228E+001   0.1011547880E+001   0.1000360936E+001
 0.7777778   0.1849058742E+001   0.1036738966E+001   0.1010033004E+001   0.9898321797E+000
 0.7878788   0.1873608677E+001   0.1041412947E+001   0.1015600904E+001   0.9846543635E+000
 0.7979798   0.1898132648E+001   0.1031409574E+001   0.1013457863E+001   0.9979524930E+000
 0.8080808   0.1912074034E+001   0.1037666874E+001   0.1016498178E+001   0.9784280151E+000
 0.8181818   0.1930045503E+001   0.1030375808E+001   0.1013509213E+001   0.9797518330E+000
 0.8282828   0.1947782418E+001   0.1059112080E+001   0.1011357974E+001   0.1000173130E+001
 0.8383838   0.1974075444E+001   0.1015787091E+001   0.1014766485E+001   0.9720034611E+000
 0.8484848   0.1989699063E+001   0.1043408050E+001   0.1009910611E+001   0.1004218605E+001
 0.8585859   0.2009231731E+001   0.1043411596E+001   0.1008969140E+001   0.1005243891E+001
 0.8686869   0.2037529719E+001   0.1034908982E+001   0.1012294971E+001   0.9810658629E+000
 0.8787879   0.2054906498E+001   0.1029763449E+001   0.1013121842E+001   0.9851327487E+000
 0.8888889   0.2089737848E+001   0.1036940046E+001   0.1013308720E+001   0.9910079551E+000
 0.8989899   0.2107862312E+001   0.1040432363E+001   0.1016778797E+001   0.9902347084E+000
 0.9090909   0.2127820845E+001   0.1024052156E+001   0.1013991218E+001   0.1003560978E+001
 0.9191919   0.2161889941E+001   0.1042788094E+001   0.1012414463E+001   0.9882979213E+000
 0.9292929   0.2184247125E+001   0.1027258301E+001   0.1012367098E+001   0.9966837323E+000
 0.9393939   0.2200894650E+001   0.1035289870E+001   0.1007546524E+001   0.9797114578E+000
 0.9494949   0.2240656822E+001   0.1049884665E+001   0.1016285419E+001   0.9931429478E+000
 0.9595960   0.2253459961E+001   0.1024797724E+001   0.1012490412E+001   0.9933068957E+000
 0.9696970   0.2302522531E+001   0.1006209177E+001   0.1012834314E+001   0.9544592042E+000
 0.9797980   0.2303883355E+001   0.1024958285E+001   0.1007491630E+001   0.9717495866E+000
 0.9898990   0.2334183487E+001   0.1039859005E+001   0.1005191241E+001   0.9910697414E+000
 1.0000000   0.2361526818E+001   0.1018478125E+001   0.1007781586E+001   0.9802271594E+000


 0.0000000   0.4684181455E-002   0.8516539390E+000   0.9774008413E+000   0.1033347537E+001
 0.0101010   0.4682724944E-002   0.8650499469E+000   0.9746073291E+000   0.1052051591E+001
 0.0202020   0.4506463930E-002   0.8540637044E+000   0.9756838467E+000   0.1035974163E+001
 0.0303030   0.4197043757E-002   0.8160367077E+000   0.9741731074E+000   0.9991250281E+000
 0.0404040   0.3764037322E-002   0.8477971342E+000   0.9705529870E+000   0.1017426732E+001
 0.0505051   0.3324878902E-002   0.8233708553E+000   0.9795281712E+000   0.9924284055E+000
 0.0606061   0.2824497126E-002   0.8379579019E+000   0.9817005889E+000   0.1015436008E+001
 0.0707071   0.2348804605E-002   0.8570340387E+000   0.9768256663E+000   0.1034859535E+001
 0.0808081   0.1951216340E-002   0.8297704187E+000   0.9772866702E+000   0.9883218815E+000
 0.0909091   0.1636555630E-002   0.8387485991E+000   0.9787885815E+000   0.1014700487E+001
 0.1010101   0.1395767431E-002   0.8461785199E+000   0.9785759245E+000   0.1022336850E+001
 0.1111111   0.1235251081E-002   0.8479137870E+000   0.9785351614E+000   0.1013546565E+001
 0.1212121   0.1146639387E-002   0.8454123334E+000   0.9830860676E+000   0.1015876547E+001
 0.1313131   0.1095989325E-002   0.8815293107E+000   0.9763204755E+000   0.1018089753E+001
 0.1414141   0.1091515495E-002   0.8391194370E+000   0.9826697937E+000   0.1018425691E+001
 0.1515152   0.1135304415E-002   0.8353402494E+000   0.9854467421E+000   0.1038400443E+001
 0.1616162   0.1194716934E-002   0.8489364281E+000   0.9812419555E+000   0.1045238746E+001
 0.1717172   0.1290030974E-002   0.8366724516E+000   0.9810051704E+000   0.1016204183E+001
 0.1818182   0.1440570648E-002   0.8412786485E+000   0.9770668330E+000   0.1015589865E+001
 0.1919192   0.1613827966E-002   0.8597964859E+000   0.9814014251E+000   0.1028497743E+001
 0.2020202   0.1847395189E-002   0.8952802700E+000   0.9853261167E+000   0.1044374827E+001
 0.2121212   0.2114532359E-002   0.8846757590E+000   0.9878731182E+000   0.9929973417E+000
 0.2222222   0.2502551515E-002   0.9198458968E+000   0.9887271308E+000   0.1010591749E+001
 0.2323232   0.2964582190E-002   0.9055774894E+000   0.9868148753E+000   0.9837338649E+000
 0.2424242   0.3513306358E-002   0.9512613579E+000   0.9850651138E+000   0.9929829523E+000
 0.2525253   0.4226448186E-002   0.9720523362E+000   0.9892381830E+000   0.1014476897E+001
 0.2626263   0.5112919963E-002   0.9999536884E+000   0.9869308735E+000   0.1003450161E+001
 0.2727273   0.6315912512E-002   0.1045972083E+001   0.9860472026E+000   0.1015558872E+001
 0.2828283   0.7679588335E-002   0.1032258343E+001   0.9888113489E+000   0.9974409106E+000
 0.2929293   0.9472475642E-002   0.1017406672E+001   0.9933938143E+000   0.1034276209E+001
 0.3030303   0.1180967139E-001   0.1009608637E+001   0.9932098051E+000   0.1009735578E+001
 0.3131313   0.1470428988E-001   0.1050628663E+001   0.9894041236E+000   0.1018618288E+001
 0.3232323   0.1844372837E-001   0.1017631353E+001   0.9912203714E+000   0.9854273909E+000
 0.3333333   0.2332281312E-001   0.1069639891E+001   0.9894120516E+000   0.1007841153E+001
 0.3434343   0.2947407745E-001   0.1070472801E+001   0.9948124310E+000   0.9856238621E+000
 0.3535354   0.3743713190E-001   0.1080019267E+001   0.9887246849E+000   0.1019709671E+001
 0.3636364   0.4769360549E-001   0.1077749303E+001   0.9932604580E+000   0.1026290072E+001
 0.3737374   0.6131623171E-001   0.1072894822E+001   0.9920022586E+000   0.9778613142E+000
 0.3838384   0.7836942378E-001   0.1077387090E+001   0.9926127734E+000   0.9808548706E+000
 0.3939394   0.1005639610E+000   0.1066130322E+001   0.9944875130E+000   0.9845324786E+000
 0.4040404   0.1308622211E+000   0.1066204762E+001   0.9999521919E+000   0.9812799124E+000
 0.4141414   0.1679930232E+000   0.1080746872E+001   0.1003975932E+001   0.9862874365E+000
 0.4242424   0.2165677060E+000   0.1040335528E+001   0.1003508255E+001   0.1020703649E+001
 0.4343434   0.2830739064E+000   0.1036717022E+001   0.9999602173E+000   0.1003871882E+001
 0.4444444   0.3684475322E+000   0.1100583748E+001   0.1006920043E+001   0.1004658874E+001
 0.4545455   0.4814509688E+000   0.1068104795E+001   0.1004233993E+001   0.9864446134E+000
 0.4646465   0.6302629818E+000   0.1081114079E+001   0.1011133754E+001   0.1011230419E+001
 0.4747475   0.8250727847E+000   0.1052259532E+001   0.1008113495E+001   0.1008997842E+001
 0.4848485   0.1071083873E+001   0.1047765903E+001   0.1009080746E+001   0.9848374240E+000
 0.4949495   0.1412702622E+001   0.1056166720E+001   0.1009756527E+001   0.9933233178E+000
 0.5050505   0.1621410665E+001   0.1058127123E+001   0.1009798416E+001   0.1003798828E+001
 0.5151515   0.1617034898E+001   0.1075349524E+001   0.1007499569E+001   0.1011440726E+001
 0.5252525   0.1616502059E+001   0.1070490504E+001   0.1007775017E+001   0.9929242876E+000
 0.5353535   0.1622506887E+001   0.1055848081E+001   0.1008375123E+001   0.9901255421E+000
 0.5454545   0.1623720311E+001   0.1074325975E+001   0.1010326215E+001   0.9655655403E+000
 0.5555556   0.1633046570E+001   0.1066657756E+001   0.1011578311E+001   0.1013158050E+001
 0.5656566   0.1638722188E+001   0.1070887668E+001   0.1009164995E+001   0.9781142363E+000
 0.5757576   0.1634809286E+001   0.1063646116E+001   0.1012060969E+001   0.9997797475E+000
 0.5858586   0.1646599325E+001   0.1062253545E+001   0.1017403607E+001   0.1011753973E+001
 0.5959596   0.1643458224E+001   0.1041448042E+001   0.1012252787E+001   0.9836973378E+000
 0.6060606   0.1659787617E+001   0.1058596911E+001   0.1012355977E+001   0.9748079864E+000
 0.6161616   0.1655954390E+001   0.1025959546E+001   0.1012487482E+001   0.9742683825E+000
 0.6262626   0.1669283462E+001   0.1048454472E+001   0.1014350127E+001   0.9848695235E+000
 0.6363636   0.1684639793E+001   0.1072246196E+001   0.1012418018E+001   0.9896396219E+000
 0.6464646   0.1681126834E+001   0.1059404857E+001   0.1014877009E+001   0.9754239650E+000
 0.6565657   0.1693846662E+001   0.1035084791E+001   0.1008584451E+001   0.9937217945E+000
 0.6666667   0.1708120135E+001   0.1032351847E+001   0.1008238552E+001   0.9803706107E+000
 0.6767677   0.1715560015E+001   0.1043756587E+001   0.1017558505E+001   0.1023536155E+001
 0.6868687   0.1721360003E+001   0.1050871046E+001   0.1013546709E+001   0.1013940614E+001
 0.6969697   0.1737085944E+001   0.1070355695E+001   0.1011825561E+001   0.9969151427E+000
 0.7070707   0.1748140130E+001   0.1041073573E+001   0.1011112888E+001   0.9903928536E+000
 0.7171717   0.1758634205E+001   0.1042425293E+001   0.1011516631E+001   0.9954435460E+000
 0.7272727   0.1777727566E+001   0.1055184476E+001   0.1009153091E+001   0.1002765556E+001
 0.7373737   0.1798227724E+001   0.1049984122E+001   0.1013422076E+001   0.9946925281E+000
 0.7474747   0.1801482412E+001   0.1023411795E+001   0.1011152347E+001   0.9821482596E+000
 0.7575758   0.1822796290E+001   0.1036531830E+001   0.1015848185E+001   0.1000487597E+001
 0.7676768   0.1835176172E+001   0.1051859191E+001   0.1010773469E+001   0.9995810626E+000
 0.7777778   0.1850037326E+001   0.1039258419E+001   0.1010013332E+001   0.9897990126E+000
 0.7878788   0.1871306270E+001   0.1042109377E+001   0.1013512612E+001   0.9826159163E+000
 0.7979798   0.1899749020E+001   0.1034249157E+001   0.1012867677E+001   0.9973573411E+000
 0.8080808   0.1912549806E+001   0.1039897059E+001   0.1016908051E+001   0.9788088033E+000
 0.8181818   0.1931284925E+001   0.1032996388E+001   0.1012821562E+001   0.9790733476E+000
 0.8282828   0.1948697089E+001   0.1061622621E+001   0.1010232859E+001   0.9990464397E+000
 0.8383838   0.1972880929E+001   0.1017101196E+001   0.1012637933E+001   0.9699509979E+000
 0.8484848   0.1990813855E+001   0.1045976168E+001   0.1009611154E+001   0.1003906749E+001
 0.8585859   0.2010378552E+001   0.1045990693E+001   0.1008708850E+001   0.1004970460E+001
 0.8686869   0.2034253978E+001   0.1035208252E+001   0.1010600985E+001   0.9794103925E+000
 0.8787879   0.2054558609E+001   0.1031545263E+001   0.1012641096E+001   0.9846514682E+000
 0.8888889   0.2085930822E+001   0.1037017505E+001   0.1012615326E+001   0.9903159255E+000
 0.8989899   0.2105543525E+001   0.1041262396E+001   0.1015612598E+001   0.9890850752E+000
 0.9090909   0.2126803014E+001   0.1025507006E+001   0.1013820780E+001   0.1003378214E+001
 0.9191919   0.2160207605E+001   0.1043956304E+001   0.1011949194E+001   0.9878298735E+000
 0.9292929   0.2183453190E+001   0.1028835923E+001   0.1010697157E+001   0.9950256989E+000
 0.9393939   0.2200465772E+001   0.1037054725E+001   0.1006586815E+001   0.9787645281E+000
 0.9494949   0.2238107681E+001   0.1050682677E+001   0.1013715965E+001   0.9906181036E+000
 0.9595960   0.2253634354E+001   0.1026824229E+001   0.1011571917E+001   0.9923918785E+000
 0.9696970   0.2301994483E+001   0.1007889710E+001   0.1011741370E+001   0.9534158744E+000
 0.9797980   0.2305829045E+001   0.1027772884E+001   0.1007542011E+001   0.9717845443E+000
 0.9898990   0.2333636592E+001   0.1041590567E+001   0.1005159846E+001   0.9910248820E+000
 1.0000000   0.2358161506E+001   0.1018959016E+001   0.1007068082E+001   0.9795194201E+000


