# Evolution of the weightfunction during equilibration phase for fractional: N2
# Weightfunction after cycle        673
 0.0000000    0.6800000000E+001    0.5300000000E+001
 0.0101010    0.5100000000E+001    0.3600000000E+001
 0.0202020    0.4900000000E+001    0.3400000000E+001
 0.0303030    0.6200000000E+001    0.3600000000E+001
 0.0404040    0.5800000000E+001    0.3200000000E+001
 0.0505051    0.5400000000E+001    0.3700000000E+001
 0.0606061    0.7500000000E+001    0.5000000000E+001
 0.0707071    0.5500000000E+001    0.3800000000E+001
 0.0808081    0.6900000000E+001    0.4000000000E+001
 0.0909091    0.6200000000E+001    0.4300000000E+001
 0.1010101    0.6500000000E+001    0.5000000000E+001
 0.1111111    0.6200000000E+001    0.2800000000E+001
 0.1212121    0.6700000000E+001    0.3500000000E+001
 0.1313131    0.5500000000E+001    0.2500000000E+001
 0.1414141    0.6300000000E+001    0.3000000000E+001
 0.1515152    0.6500000000E+001    0.4000000000E+001
 0.1616162    0.6700000000E+001    0.3600000000E+001
 0.1717172    0.6700000000E+001    0.3300000000E+001
 0.1818182    0.5700000000E+001    0.4200000000E+001
 0.1919192    0.5800000000E+001    0.3600000000E+001
 0.2020202    0.4900000000E+001    0.3900000000E+001
 0.2121212    0.5200000000E+001    0.3900000000E+001
 0.2222222    0.5700000000E+001    0.4000000000E+001
 0.2323232    0.6100000000E+001    0.3200000000E+001
 0.2424242    0.5800000000E+001    0.3700000000E+001
 0.2525253    0.6300000000E+001    0.3800000000E+001
 0.2626263    0.6800000000E+001    0.3300000000E+001
 0.2727273    0.5400000000E+001    0.3500000000E+001
 0.2828283    0.4600000000E+001    0.2900000000E+001
 0.2929293    0.4800000000E+001    0.3100000000E+001
 0.3030303    0.4600000000E+001    0.3100000000E+001
 0.3131313    0.4900000000E+001    0.3900000000E+001
 0.3232323    0.3800000000E+001    0.2800000000E+001
 0.3333333    0.5700000000E+001    0.2600000000E+001
 0.3434343    0.4700000000E+001    0.2800000000E+001
 0.3535354    0.4200000000E+001    0.2400000000E+001
 0.3636364    0.4600000000E+001    0.2600000000E+001
 0.3737374    0.4100000000E+001    0.3200000000E+001
 0.3838384    0.4300000000E+001    0.3500000000E+001
 0.3939394    0.2400000000E+001    0.2400000000E+001
 0.4040404    0.3400000000E+001    0.2900000000E+001
 0.4141414    0.1500000000E+001    0.2600000000E+001
 0.4242424    0.3500000000E+001    0.2800000000E+001
 0.4343434    0.2800000000E+001    0.1800000000E+001
 0.4444444    0.2500000000E+001    0.2200000000E+001
 0.4545455    0.1300000000E+001    0.2700000000E+001
 0.4646465    0.2100000000E+001    0.2100000000E+001
 0.4747475    0.1900000000E+001    0.2300000000E+001
 0.4848485    0.0000000000E+000    0.2400000000E+001
 0.4949495    0.1100000000E+001    0.2500000000E+001
 0.5050505    0.6000000000E+000    0.1600000000E+001
 0.5151515    0.9000000000E+000    0.2700000000E+001
 0.5252525    0.8000000000E+000    0.1700000000E+001
 0.5353535    0.1700000000E+001    0.3600000000E+001
 0.5454545    0.1500000000E+001    0.2200000000E+001
 0.5555556    0.7000000000E+000    0.2500000000E+001
 0.5656566    0.1200000000E+001    0.2700000000E+001
 0.5757576    0.1300000000E+001    0.3100000000E+001
 0.5858586    0.2000000000E+000    0.2800000000E+001
 0.5959596    0.4000000000E+000    0.3400000000E+001
 0.6060606    0.1500000000E+001    0.2600000000E+001
 0.6161616    0.1300000000E+001    0.3100000000E+001
 0.6262626    0.1400000000E+001    0.2500000000E+001
 0.6363636    0.1400000000E+001    0.2200000000E+001
 0.6464646    0.6000000000E+000    0.2800000000E+001
 0.6565657    0.1200000000E+001    0.2100000000E+001
 0.6666667    0.1300000000E+001    0.2800000000E+001
 0.6767677    0.2200000000E+001    0.2300000000E+001
 0.6868687    0.5000000000E+000    0.2800000000E+001
 0.6969697    0.1500000000E+001    0.3600000000E+001
 0.7070707    0.1200000000E+001    0.3300000000E+001
 0.7171717    0.5000000000E+000    0.2000000000E+001
 0.7272727    0.1200000000E+001    0.2700000000E+001
 0.7373737    0.6000000000E+000    0.2200000000E+001
 0.7474747    0.1000000000E+001    0.2800000000E+001
 0.7575758    0.1300000000E+001    0.2800000000E+001
 0.7676768    0.1000000000E+001    0.3000000000E+001
 0.7777778    0.5000000000E+000    0.2300000000E+001
 0.7878788    0.1300000000E+001    0.2800000000E+001
 0.7979798    0.1000000000E+001    0.2500000000E+001
 0.8080808    0.1600000000E+001    0.3000000000E+001
 0.8181818    0.5000000000E+000    0.2500000000E+001
 0.8282828    0.1700000000E+001    0.2800000000E+001
 0.8383838    0.1700000000E+001    0.3200000000E+001
 0.8484848    0.7000000000E+000    0.2200000000E+001
 0.8585859    0.4000000000E+000    0.2100000000E+001
 0.8686869    0.1600000000E+001    0.3300000000E+001
 0.8787879    0.1300000000E+001    0.2900000000E+001
 0.8888889    0.2000000000E+001    0.3500000000E+001
 0.8989899    0.1200000000E+001    0.2800000000E+001
 0.9090909    0.8000000000E+000    0.2200000000E+001
 0.9191919    0.1800000000E+001    0.3200000000E+001
 0.9292929    0.1000000000E+001    0.2900000000E+001
 0.9393939    0.1400000000E+001    0.3200000000E+001
 0.9494949    0.7000000000E+000    0.2400000000E+001
 0.9595960    0.7000000000E+000    0.2700000000E+001
 0.9696970    0.6000000000E+000    0.3000000000E+001
 0.9797980    0.1400000000E+001    0.3100000000E+001
 0.9898990    0.1800000000E+001    0.3400000000E+001
 1.0000000    0.7000000000E+000    0.2600000000E+001


# Weightfunction after cycle       2204
 0.0000000    0.4575000000E+001    0.2750000000E+001
 0.0101010    0.4525000000E+001    0.2675000000E+001
 0.0202020    0.4375000000E+001    0.2625000000E+001
 0.0303030    0.4325000000E+001    0.2500000000E+001
 0.0404040    0.4400000000E+001    0.2575000000E+001
 0.0505051    0.4900000000E+001    0.2425000000E+001
 0.0606061    0.4350000000E+001    0.2250000000E+001
 0.0707071    0.5675000000E+001    0.3200000000E+001
 0.0808081    0.5275000000E+001    0.2775000000E+001
 0.0909091    0.6000000000E+001    0.2725000000E+001
 0.1010101    0.5150000000E+001    0.2025000000E+001
 0.1111111    0.5225000000E+001    0.2350000000E+001
 0.1212121    0.6325000000E+001    0.3050000000E+001
 0.1313131    0.5475000000E+001    0.2425000000E+001
 0.1414141    0.6400000000E+001    0.2675000000E+001
 0.1515152    0.6325000000E+001    0.2775000000E+001
 0.1616162    0.6400000000E+001    0.2325000000E+001
 0.1717172    0.6550000000E+001    0.2400000000E+001
 0.1818182    0.6000000000E+001    0.2550000000E+001
 0.1919192    0.6150000000E+001    0.2550000000E+001
 0.2020202    0.6050000000E+001    0.2850000000E+001
 0.2121212    0.5300000000E+001    0.2450000000E+001
 0.2222222    0.6450000000E+001    0.2850000000E+001
 0.2323232    0.5750000000E+001    0.2400000000E+001
 0.2424242    0.5225000000E+001    0.2125000000E+001
 0.2525253    0.4875000000E+001    0.2425000000E+001
 0.2626263    0.4600000000E+001    0.1900000000E+001
 0.2727273    0.4900000000E+001    0.2050000000E+001
 0.2828283    0.4975000000E+001    0.2825000000E+001
 0.2929293    0.5100000000E+001    0.2775000000E+001
 0.3030303    0.4500000000E+001    0.2250000000E+001
 0.3131313    0.4075000000E+001    0.2475000000E+001
 0.3232323    0.3925000000E+001    0.2450000000E+001
 0.3333333    0.3900000000E+001    0.2175000000E+001
 0.3434343    0.4175000000E+001    0.2850000000E+001
 0.3535354    0.3800000000E+001    0.2650000000E+001
 0.3636364    0.3525000000E+001    0.2475000000E+001
 0.3737374    0.3275000000E+001    0.2575000000E+001
 0.3838384    0.3275000000E+001    0.2100000000E+001
 0.3939394    0.3025000000E+001    0.2100000000E+001
 0.4040404    0.3200000000E+001    0.2725000000E+001
 0.4141414    0.2575000000E+001    0.2275000000E+001
 0.4242424    0.1675000000E+001    0.2475000000E+001
 0.4343434    0.1850000000E+001    0.2500000000E+001
 0.4444444    0.2400000000E+001    0.2450000000E+001
 0.4545455    0.1925000000E+001    0.2200000000E+001
 0.4646465    0.2150000000E+001    0.2350000000E+001
 0.4747475    0.1500000000E+001    0.2250000000E+001
 0.4848485    0.8500000000E+000    0.2500000000E+001
 0.4949495    0.1175000000E+001    0.2125000000E+001
 0.5050505    0.1125000000E+001    0.2300000000E+001
 0.5151515    0.3000000000E+000    0.2225000000E+001
 0.5252525    0.7000000000E+000    0.2200000000E+001
 0.5353535    0.1000000000E+001    0.2200000000E+001
 0.5454545    0.5500000000E+000    0.2425000000E+001
 0.5555556    0.8500000000E+000    0.1975000000E+001
 0.5656566    0.8750000000E+000    0.2750000000E+001
 0.5757576    0.8750000000E+000    0.2525000000E+001
 0.5858586    0.6000000000E+000    0.2300000000E+001
 0.5959596    0.8250000000E+000    0.2125000000E+001
 0.6060606    0.4500000000E+000    0.2425000000E+001
 0.6161616    0.5750000000E+000    0.2325000000E+001
 0.6262626    0.7250000000E+000    0.2350000000E+001
 0.6363636    0.8250000000E+000    0.2050000000E+001
 0.6464646    0.6500000000E+000    0.2475000000E+001
 0.6565657    0.5500000000E+000    0.2575000000E+001
 0.6666667    0.2750000000E+000    0.2175000000E+001
 0.6767677    0.3000000000E+000    0.2225000000E+001
 0.6868687    0.5750000000E+000    0.2600000000E+001
 0.6969697    0.8750000000E+000    0.2450000000E+001
 0.7070707    0.6750000000E+000    0.2650000000E+001
 0.7171717    0.6250000000E+000    0.2400000000E+001
 0.7272727    0.7250000000E+000    0.2600000000E+001
 0.7373737    0.6000000000E+000    0.2475000000E+001
 0.7474747    0.6000000000E+000    0.2425000000E+001
 0.7575758    0.6500000000E+000    0.2400000000E+001
 0.7676768    0.5250000000E+000    0.2275000000E+001
 0.7777778    0.6250000000E+000    0.2500000000E+001
 0.7878788    0.6000000000E+000    0.2250000000E+001
 0.7979798    0.6000000000E+000    0.2225000000E+001
 0.8080808    0.5250000000E+000    0.2475000000E+001
 0.8181818    0.3500000000E+000    0.2550000000E+001
 0.8282828    0.5750000000E+000    0.2450000000E+001
 0.8383838    0.5000000000E+000    0.2300000000E+001
 0.8484848    0.5250000000E+000    0.2300000000E+001
 0.8585859    0.4750000000E+000    0.2475000000E+001
 0.8686869    0.4000000000E+000    0.2150000000E+001
 0.8787879    0.4500000000E+000    0.2575000000E+001
 0.8888889    0.2500000000E+000    0.2325000000E+001
 0.8989899    0.2750000000E+000    0.2175000000E+001
 0.9090909    0.5750000000E+000    0.2475000000E+001
 0.9191919    0.0000000000E+000    0.2150000000E+001
 0.9292929    0.6750000000E+000    0.2575000000E+001
 0.9393939    0.6500000000E+000    0.2425000000E+001
 0.9494949    0.5750000000E+000    0.2550000000E+001
 0.9595960    0.5500000000E+000    0.2600000000E+001
 0.9696970    0.1000000000E+000    0.2175000000E+001
 0.9797980    0.7000000000E+000    0.2525000000E+001
 0.9898990    0.5000000000E+000    0.2425000000E+001
 1.0000000    0.5750000000E+000    0.2375000000E+001


# Weightfunction after cycle       4445
 0.0000000    0.4475000000E+001    0.2581250000E+001
 0.0101010    0.4231250000E+001    0.2362500000E+001
 0.0202020    0.4431250000E+001    0.2600000000E+001
 0.0303030    0.4325000000E+001    0.2481250000E+001
 0.0404040    0.4356250000E+001    0.2362500000E+001
 0.0505051    0.4343750000E+001    0.2275000000E+001
 0.0606061    0.4556250000E+001    0.2431250000E+001
 0.0707071    0.4843750000E+001    0.2162500000E+001
 0.0808081    0.4868750000E+001    0.2381250000E+001
 0.0909091    0.5087500000E+001    0.2381250000E+001
 0.1010101    0.5162500000E+001    0.2225000000E+001
 0.1111111    0.5431250000E+001    0.2368750000E+001
 0.1212121    0.5556250000E+001    0.2375000000E+001
 0.1313131    0.5337500000E+001    0.2362500000E+001
 0.1414141    0.5656250000E+001    0.1993750000E+001
 0.1515152    0.5737500000E+001    0.2362500000E+001
 0.1616162    0.5700000000E+001    0.2387500000E+001
 0.1717172    0.5437500000E+001    0.2387500000E+001
 0.1818182    0.5531250000E+001    0.2256250000E+001
 0.1919192    0.5887500000E+001    0.2231250000E+001
 0.2020202    0.5950000000E+001    0.2306250000E+001
 0.2121212    0.5531250000E+001    0.2362500000E+001
 0.2222222    0.5550000000E+001    0.2256250000E+001
 0.2323232    0.5406250000E+001    0.2150000000E+001
 0.2424242    0.5093750000E+001    0.2337500000E+001
 0.2525253    0.5200000000E+001    0.2106250000E+001
 0.2626263    0.4868750000E+001    0.2281250000E+001
 0.2727273    0.4631250000E+001    0.2225000000E+001
 0.2828283    0.5043750000E+001    0.2075000000E+001
 0.2929293    0.4406250000E+001    0.2087500000E+001
 0.3030303    0.4600000000E+001    0.2125000000E+001
 0.3131313    0.4050000000E+001    0.2281250000E+001
 0.3232323    0.4175000000E+001    0.2068750000E+001
 0.3333333    0.3912500000E+001    0.2062500000E+001
 0.3434343    0.3668750000E+001    0.2237500000E+001
 0.3535354    0.3443750000E+001    0.2175000000E+001
 0.3636364    0.3368750000E+001    0.2225000000E+001
 0.3737374    0.3000000000E+001    0.2318750000E+001
 0.3838384    0.3143750000E+001    0.2143750000E+001
 0.3939394    0.2793750000E+001    0.2181250000E+001
 0.4040404    0.2612500000E+001    0.2175000000E+001
 0.4141414    0.2387500000E+001    0.1962500000E+001
 0.4242424    0.2118750000E+001    0.2050000000E+001
 0.4343434    0.1975000000E+001    0.2218750000E+001
 0.4444444    0.1762500000E+001    0.2312500000E+001
 0.4545455    0.1475000000E+001    0.2043750000E+001
 0.4646465    0.1093750000E+001    0.2175000000E+001
 0.4747475    0.8500000000E+000    0.2056250000E+001
 0.4848485    0.7875000000E+000    0.1943750000E+001
 0.4949495    0.5250000000E+000    0.2043750000E+001
 0.5050505    0.2000000000E+000    0.2093750000E+001
 0.5151515    0.2750000000E+000    0.2087500000E+001
 0.5252525    0.3500000000E+000    0.2018750000E+001
 0.5353535    0.2000000000E+000    0.2006250000E+001
 0.5454545    0.2375000000E+000    0.2050000000E+001
 0.5555556    0.3125000000E+000    0.2156250000E+001
 0.5656566    0.7500000000E-001    0.2106250000E+001
 0.5757576    0.8750000000E-001    0.2075000000E+001
 0.5858586    0.4562500000E+000    0.2112500000E+001
 0.5959596    0.3125000000E+000    0.2325000000E+001
 0.6060606    0.2625000000E+000    0.2025000000E+001
 0.6161616    0.1812500000E+000    0.2256250000E+001
 0.6262626    0.2875000000E+000    0.2081250000E+001
 0.6363636    0.2812500000E+000    0.2087500000E+001
 0.6464646    0.2625000000E+000    0.2175000000E+001
 0.6565657    0.3187500000E+000    0.2000000000E+001
 0.6666667    0.1375000000E+000    0.2143750000E+001
 0.6767677    0.1687500000E+000    0.2050000000E+001
 0.6868687    0.8125000000E-001    0.2087500000E+001
 0.6969697    0.1937500000E+000    0.2150000000E+001
 0.7070707    0.2125000000E+000    0.2206250000E+001
 0.7171717    0.1625000000E+000    0.2187500000E+001
 0.7272727    0.1125000000E+000    0.2006250000E+001
 0.7373737    0.2562500000E+000    0.2143750000E+001
 0.7474747    0.2437500000E+000    0.2281250000E+001
 0.7575758    0.1062500000E+000    0.2181250000E+001
 0.7676768    0.2562500000E+000    0.2175000000E+001
 0.7777778    0.1562500000E+000    0.2156250000E+001
 0.7878788    0.2750000000E+000    0.2181250000E+001
 0.7979798    0.1750000000E+000    0.2143750000E+001
 0.8080808    0.0000000000E+000    0.2043750000E+001
 0.8181818    0.2000000000E+000    0.2218750000E+001
 0.8282828    0.2750000000E+000    0.2156250000E+001
 0.8383838    0.1500000000E+000    0.2143750000E+001
 0.8484848    0.3125000000E-001    0.2025000000E+001
 0.8585859    0.7500000000E-001    0.2156250000E+001
 0.8686869    0.6250000000E-001    0.2137500000E+001
 0.8787879    0.1875000000E+000    0.2193750000E+001
 0.8888889    0.1125000000E+000    0.2156250000E+001
 0.8989899    0.3062500000E+000    0.2325000000E+001
 0.9090909    0.2437500000E+000    0.2275000000E+001
 0.9191919    0.8125000000E-001    0.2125000000E+001
 0.9292929    0.1812500000E+000    0.2237500000E+001
 0.9393939    0.1937500000E+000    0.2175000000E+001
 0.9494949    0.2687500000E+000    0.2162500000E+001
 0.9595960    0.2250000000E+000    0.2218750000E+001
 0.9696970    0.1562500000E+000    0.2125000000E+001
 0.9797980    0.1750000000E+000    0.2250000000E+001
 0.9898990    0.3125000000E+000    0.2268750000E+001
 1.0000000    0.3750000000E-001    0.2137500000E+001


# Weightfunction after cycle      14153
 0.0000000    0.4901562500E+001    0.3106250000E+001
 0.0101010    0.4948437500E+001    0.3181250000E+001
 0.0202020    0.5100000000E+001    0.3264062500E+001
 0.0303030    0.5037500000E+001    0.3250000000E+001
 0.0404040    0.5246875000E+001    0.3293750000E+001
 0.0505051    0.5250000000E+001    0.3162500000E+001
 0.0606061    0.5429687500E+001    0.3265625000E+001
 0.0707071    0.5556250000E+001    0.3190625000E+001
 0.0808081    0.5828125000E+001    0.3248437500E+001
 0.0909091    0.5876562500E+001    0.3203125000E+001
 0.1010101    0.6053125000E+001    0.3134375000E+001
 0.1111111    0.6034375000E+001    0.3071875000E+001
 0.1212121    0.6159375000E+001    0.3143750000E+001
 0.1313131    0.6162500000E+001    0.3143750000E+001
 0.1414141    0.6237500000E+001    0.3193750000E+001
 0.1515152    0.6132812500E+001    0.3162500000E+001
 0.1616162    0.6304687500E+001    0.3187500000E+001
 0.1717172    0.6201562500E+001    0.3214062500E+001
 0.1818182    0.5953125000E+001    0.3110937500E+001
 0.1919192    0.5821875000E+001    0.3145312500E+001
 0.2020202    0.5814062500E+001    0.3276562500E+001
 0.2121212    0.5860937500E+001    0.3210937500E+001
 0.2222222    0.5578125000E+001    0.3278125000E+001
 0.2323232    0.5429687500E+001    0.3235937500E+001
 0.2424242    0.5312500000E+001    0.3143750000E+001
 0.2525253    0.5053125000E+001    0.3171875000E+001
 0.2626263    0.4945312500E+001    0.3110937500E+001
 0.2727273    0.4778125000E+001    0.3192187500E+001
 0.2828283    0.4648437500E+001    0.3128125000E+001
 0.2929293    0.4489062500E+001    0.3096875000E+001
 0.3030303    0.4210937500E+001    0.3192187500E+001
 0.3131313    0.4100000000E+001    0.3057812500E+001
 0.3232323    0.3859375000E+001    0.3182812500E+001
 0.3333333    0.3751562500E+001    0.3162500000E+001
 0.3434343    0.3553125000E+001    0.3157812500E+001
 0.3535354    0.3432812500E+001    0.3220312500E+001
 0.3636364    0.3045312500E+001    0.3087500000E+001
 0.3737374    0.2934375000E+001    0.3187500000E+001
 0.3838384    0.2650000000E+001    0.3145312500E+001
 0.3939394    0.2446875000E+001    0.3257812500E+001
 0.4040404    0.2301562500E+001    0.3129687500E+001
 0.4141414    0.2078125000E+001    0.3165625000E+001
 0.4242424    0.1867187500E+001    0.3162500000E+001
 0.4343434    0.1659375000E+001    0.3101562500E+001
 0.4444444    0.1435937500E+001    0.3020312500E+001
 0.4545455    0.1226562500E+001    0.3204687500E+001
 0.4646465    0.9656250000E+000    0.3079687500E+001
 0.4747475    0.7843750000E+000    0.3131250000E+001
 0.4848485    0.5250000000E+000    0.3054687500E+001
 0.4949495    0.2562500000E+000    0.3121875000E+001
 0.5050505    0.1671875000E+000    0.3093750000E+001
 0.5151515    0.1937500000E+000    0.3062500000E+001
 0.5252525    0.1218750000E+000    0.3076562500E+001
 0.5353535    0.2078125000E+000    0.3159375000E+001
 0.5454545    0.1578125000E+000    0.3123437500E+001
 0.5555556    0.1609375000E+000    0.3170312500E+001
 0.5656566    0.1609375000E+000    0.3067187500E+001
 0.5757576    0.1875000000E+000    0.3157812500E+001
 0.5858586    0.2062500000E+000    0.3050000000E+001
 0.5959596    0.1562500000E+000    0.3164062500E+001
 0.6060606    0.1703125000E+000    0.3120312500E+001
 0.6161616    0.1078125000E+000    0.3054687500E+001
 0.6262626    0.1578125000E+000    0.3092187500E+001
 0.6363636    0.1156250000E+000    0.3068750000E+001
 0.6464646    0.2609375000E+000    0.3121875000E+001
 0.6565657    0.1375000000E+000    0.3096875000E+001
 0.6666667    0.2093750000E+000    0.3050000000E+001
 0.6767677    0.1171875000E+000    0.3092187500E+001
 0.6868687    0.1906250000E+000    0.3045312500E+001
 0.6969697    0.1531250000E+000    0.2987500000E+001
 0.7070707    0.1390625000E+000    0.3135937500E+001
 0.7171717    0.1703125000E+000    0.3126562500E+001
 0.7272727    0.2078125000E+000    0.3126562500E+001
 0.7373737    0.1281250000E+000    0.3082812500E+001
 0.7474747    0.7812500000E-001    0.3068750000E+001
 0.7575758    0.1062500000E+000    0.3085937500E+001
 0.7676768    0.5000000000E-001    0.3053125000E+001
 0.7777778    0.5937500000E-001    0.3067187500E+001
 0.7878788    0.1640625000E+000    0.3160937500E+001
 0.7979798    0.1406250000E+000    0.3148437500E+001
 0.8080808    0.1468750000E+000    0.3140625000E+001
 0.8181818    0.5625000000E-001    0.3034375000E+001
 0.8282828    0.1703125000E+000    0.3165625000E+001
 0.8383838    0.1109375000E+000    0.3143750000E+001
 0.8484848    0.5156250000E-001    0.3054687500E+001
 0.8585859    0.1343750000E+000    0.3121875000E+001
 0.8686869    0.7812500000E-001    0.3092187500E+001
 0.8787879    0.1718750000E-001    0.3037500000E+001
 0.8888889    0.1109375000E+000    0.3128125000E+001
 0.8989899    0.8437500000E-001    0.3139062500E+001
 0.9090909    0.0000000000E+000    0.3040625000E+001
 0.9191919    0.8281250000E-001    0.3128125000E+001
 0.9292929    0.4687500000E-002    0.3035937500E+001
 0.9393939    0.5781250000E-001    0.3090625000E+001
 0.9494949    0.5937500000E-001    0.3128125000E+001
 0.9595960    0.1031250000E+000    0.3156250000E+001
 0.9696970    0.1421875000E+000    0.3203125000E+001
 0.9797980    0.5781250000E-001    0.3154687500E+001
 0.9898990    0.3437500000E-001    0.3125000000E+001
 1.0000000    0.1234375000E+000    0.3145312500E+001


# Weightfunction after cycle      36974
 0.0000000    0.5586718750E+001    0.3850390625E+001
 0.0101010    0.5672265625E+001    0.3924609375E+001
 0.0202020    0.5716796875E+001    0.3927734375E+001
 0.0303030    0.5729687500E+001    0.3904687500E+001
 0.0404040    0.5884375000E+001    0.3973437500E+001
 0.0505051    0.5963671875E+001    0.3919531250E+001
 0.0606061    0.6191796875E+001    0.3981250000E+001
 0.0707071    0.6276562500E+001    0.3925000000E+001
 0.0808081    0.6389062500E+001    0.3966796875E+001
 0.0909091    0.6548828125E+001    0.3986328125E+001
 0.1010101    0.6629687500E+001    0.3929296875E+001
 0.1111111    0.6696875000E+001    0.3935546875E+001
 0.1212121    0.6785156250E+001    0.3891406250E+001
 0.1313131    0.6833984375E+001    0.3960937500E+001
 0.1414141    0.6764062500E+001    0.3922265625E+001
 0.1515152    0.6789843750E+001    0.3958593750E+001
 0.1616162    0.6606640625E+001    0.3931250000E+001
 0.1717172    0.6637500000E+001    0.3926562500E+001
 0.1818182    0.6524218750E+001    0.3896875000E+001
 0.1919192    0.6369921875E+001    0.3928906250E+001
 0.2020202    0.6307812500E+001    0.3892187500E+001
 0.2121212    0.6141015625E+001    0.3895312500E+001
 0.2222222    0.6028125000E+001    0.3937890625E+001
 0.2323232    0.5819531250E+001    0.3918750000E+001
 0.2424242    0.5680468750E+001    0.3947265625E+001
 0.2525253    0.5433203125E+001    0.3924218750E+001
 0.2626263    0.5307031250E+001    0.3948046875E+001
 0.2727273    0.5155859375E+001    0.3889062500E+001
 0.2828283    0.4976171875E+001    0.3925390625E+001
 0.2929293    0.4712109375E+001    0.3903906250E+001
 0.3030303    0.4514062500E+001    0.3918359375E+001
 0.3131313    0.4352343750E+001    0.3927734375E+001
 0.3232323    0.4180468750E+001    0.3955078125E+001
 0.3333333    0.3929687500E+001    0.3939062500E+001
 0.3434343    0.3694921875E+001    0.3907421875E+001
 0.3535354    0.3483593750E+001    0.3923828125E+001
 0.3636364    0.3276953125E+001    0.3912890625E+001
 0.3737374    0.3034765625E+001    0.3897656250E+001
 0.3838384    0.2858203125E+001    0.3964453125E+001
 0.3939394    0.2535156250E+001    0.3898046875E+001
 0.4040404    0.2343359375E+001    0.3909765625E+001
 0.4141414    0.2114062500E+001    0.3860937500E+001
 0.4242424    0.1933593750E+001    0.3882421875E+001
 0.4343434    0.1662890625E+001    0.3891406250E+001
 0.4444444    0.1423046875E+001    0.3897265625E+001
 0.4545455    0.1233203125E+001    0.3893359375E+001
 0.4646465    0.9976562500E+000    0.3885546875E+001
 0.4747475    0.7675781250E+000    0.3884765625E+001
 0.4848485    0.4898437500E+000    0.3885546875E+001
 0.4949495    0.2164062500E+000    0.3915625000E+001
 0.5050505    0.1574218750E+000    0.3858593750E+001
 0.5151515    0.1726562500E+000    0.3903125000E+001
 0.5252525    0.1292968750E+000    0.3908984375E+001
 0.5353535    0.1875000000E+000    0.3938671875E+001
 0.5454545    0.9726562500E-001    0.3895703125E+001
 0.5555556    0.1015625000E+000    0.3867187500E+001
 0.5656566    0.1550781250E+000    0.3862890625E+001
 0.5757576    0.1648437500E+000    0.3900390625E+001
 0.5858586    0.1429687500E+000    0.3892187500E+001
 0.5959596    0.1730468750E+000    0.3878906250E+001
 0.6060606    0.1859375000E+000    0.3885156250E+001
 0.6161616    0.1667968750E+000    0.3881640625E+001
 0.6262626    0.1332031250E+000    0.3869531250E+001
 0.6363636    0.1843750000E+000    0.3916796875E+001
 0.6464646    0.1660156250E+000    0.3882031250E+001
 0.6565657    0.1382812500E+000    0.3892578125E+001
 0.6666667    0.1304687500E+000    0.3903906250E+001
 0.6767677    0.1058593750E+000    0.3847656250E+001
 0.6868687    0.1796875000E+000    0.3916015625E+001
 0.6969697    0.1429687500E+000    0.3857421875E+001
 0.7070707    0.1085937500E+000    0.3882421875E+001
 0.7171717    0.1042968750E+000    0.3887500000E+001
 0.7272727    0.1242187500E+000    0.3890625000E+001
 0.7373737    0.1195312500E+000    0.3892187500E+001
 0.7474747    0.1281250000E+000    0.3895312500E+001
 0.7575758    0.1078125000E+000    0.3879687500E+001
 0.7676768    0.1031250000E+000    0.3901953125E+001
 0.7777778    0.9765625000E-001    0.3868750000E+001
 0.7878788    0.1339843750E+000    0.3924218750E+001
 0.7979798    0.9570312500E-001    0.3888281250E+001
 0.8080808    0.1101562500E+000    0.3912500000E+001
 0.8181818    0.1003906250E+000    0.3911718750E+001
 0.8282828    0.9257812500E-001    0.3891015625E+001
 0.8383838    0.1074218750E+000    0.3917578125E+001
 0.8484848    0.7812500000E-001    0.3917578125E+001
 0.8585859    0.6757812500E-001    0.3873437500E+001
 0.8686869    0.7890625000E-001    0.3897265625E+001
 0.8787879    0.8632812500E-001    0.3912109375E+001
 0.8888889    0.6796875000E-001    0.3890625000E+001
 0.8989899    0.2656250000E-001    0.3894531250E+001
 0.9090909    0.6679687500E-001    0.3917187500E+001
 0.9191919    0.6718750000E-001    0.3882421875E+001
 0.9292929    0.4921875000E-001    0.3907031250E+001
 0.9393939    0.5937500000E-001    0.3899609375E+001
 0.9494949    0.2343750000E-001    0.3909765625E+001
 0.9595960    0.3007812500E-001    0.3882031250E+001
 0.9696970    0.2500000000E-001    0.3857812500E+001
 0.9797980    0.7578125000E-001    0.3957421875E+001
 0.9898990    0.1367187500E-001    0.3871093750E+001
 1.0000000    0.0000000000E+000    0.3893359375E+001


# Weightfunction after cycle      72796
 0.0000000    0.5406250000E+001    0.3659960938E+001
 0.0101010    0.5421191406E+001    0.3655859375E+001
 0.0202020    0.5454003906E+001    0.3659472656E+001
 0.0303030    0.5478515625E+001    0.3629589844E+001
 0.0404040    0.5597753906E+001    0.3662890625E+001
 0.0505051    0.5682519531E+001    0.3645507813E+001
 0.0606061    0.5823730469E+001    0.3641992188E+001
 0.0707071    0.6012109375E+001    0.3680957031E+001
 0.0808081    0.6122851562E+001    0.3663085938E+001
 0.0909091    0.6253027344E+001    0.3630957031E+001
 0.1010101    0.6384765625E+001    0.3658593750E+001
 0.1111111    0.6485351562E+001    0.3637500000E+001
 0.1212121    0.6574707031E+001    0.3657910156E+001
 0.1313131    0.6620019531E+001    0.3676464844E+001
 0.1414141    0.6569238281E+001    0.3635058594E+001
 0.1515152    0.6611914062E+001    0.3666601563E+001
 0.1616162    0.6540136719E+001    0.3660839844E+001
 0.1717172    0.6481347656E+001    0.3670214844E+001
 0.1818182    0.6405859375E+001    0.3656445313E+001
 0.1919192    0.6265625000E+001    0.3664843750E+001
 0.2020202    0.6172460937E+001    0.3625878906E+001
 0.2121212    0.5988769531E+001    0.3626660156E+001
 0.2222222    0.5886425781E+001    0.3667089844E+001
 0.2323232    0.5716503906E+001    0.3647656250E+001
 0.2424242    0.5562695312E+001    0.3630175781E+001
 0.2525253    0.5376464844E+001    0.3649902344E+001
 0.2626263    0.5251464844E+001    0.3642480469E+001
 0.2727273    0.5036035156E+001    0.3633300781E+001
 0.2828283    0.4833105469E+001    0.3641796875E+001
 0.2929293    0.4657031250E+001    0.3632031250E+001
 0.3030303    0.4452929687E+001    0.3641699219E+001
 0.3131313    0.4265429687E+001    0.3635839844E+001
 0.3232323    0.4043457031E+001    0.3650195313E+001
 0.3333333    0.3848828125E+001    0.3655468750E+001
 0.3434343    0.3636230469E+001    0.3624218750E+001
 0.3535354    0.3444335938E+001    0.3632324219E+001
 0.3636364    0.3211816406E+001    0.3633203125E+001
 0.3737374    0.2991894531E+001    0.3641699219E+001
 0.3838384    0.2799218750E+001    0.3638867188E+001
 0.3939394    0.2528515625E+001    0.3624218750E+001
 0.4040404    0.2330859375E+001    0.3615332031E+001
 0.4141414    0.2081347656E+001    0.3631054688E+001
 0.4242424    0.1863085937E+001    0.3600292969E+001
 0.4343434    0.1666015625E+001    0.3612890625E+001
 0.4444444    0.1432128906E+001    0.3594433594E+001
 0.4545455    0.1197265625E+001    0.3619140625E+001
 0.4646465    0.9930664062E+000    0.3608691406E+001
 0.4747475    0.7631835937E+000    0.3609960938E+001
 0.4848485    0.4767578125E+000    0.3596191406E+001
 0.4949495    0.2301757812E+000    0.3615820313E+001
 0.5050505    0.1570312500E+000    0.3585351563E+001
 0.5151515    0.1419921875E+000    0.3602929688E+001
 0.5252525    0.1166015625E+000    0.3606542969E+001
 0.5353535    0.1589843750E+000    0.3601367188E+001
 0.5454545    0.1217773437E+000    0.3602734375E+001
 0.5555556    0.1259765625E+000    0.3584179688E+001
 0.5656566    0.1503906250E+000    0.3600683594E+001
 0.5757576    0.1451171875E+000    0.3613867188E+001
 0.5858586    0.1507812500E+000    0.3593554688E+001
 0.5959596    0.1602539062E+000    0.3576269531E+001
 0.6060606    0.1534179687E+000    0.3603808594E+001
 0.6161616    0.1460937500E+000    0.3587988281E+001
 0.6262626    0.1507812500E+000    0.3582714844E+001
 0.6363636    0.1407226562E+000    0.3584375000E+001
 0.6464646    0.1379882812E+000    0.3583300781E+001
 0.6565657    0.1355468750E+000    0.3595312500E+001
 0.6666667    0.1205078125E+000    0.3592480469E+001
 0.6767677    0.1134765625E+000    0.3587207031E+001
 0.6868687    0.1430664062E+000    0.3588183594E+001
 0.6969697    0.1347656250E+000    0.3583984375E+001
 0.7070707    0.1063476562E+000    0.3569921875E+001
 0.7171717    0.1242187500E+000    0.3597656250E+001
 0.7272727    0.1201171875E+000    0.3571679688E+001
 0.7373737    0.1160156250E+000    0.3591406250E+001
 0.7474747    0.1171875000E+000    0.3587695313E+001
 0.7575758    0.9169921875E-001    0.3566113281E+001
 0.7676768    0.1187500000E+000    0.3590039063E+001
 0.7777778    0.9111328125E-001    0.3566796875E+001
 0.7878788    0.9746093750E-001    0.3586523438E+001
 0.7979798    0.1004882812E+000    0.3590039063E+001
 0.8080808    0.9365234375E-001    0.3598828125E+001
 0.8181818    0.8886718750E-001    0.3594921875E+001
 0.8282828    0.7851562500E-001    0.3576171875E+001
 0.8383838    0.8857421875E-001    0.3600195313E+001
 0.8484848    0.8369140625E-001    0.3597460938E+001
 0.8585859    0.6279296875E-001    0.3569042969E+001
 0.8686869    0.7285156250E-001    0.3591210938E+001
 0.8787879    0.6855468750E-001    0.3583105469E+001
 0.8888889    0.5761718750E-001    0.3592578125E+001
 0.8989899    0.5029296875E-001    0.3595312500E+001
 0.9090909    0.3681640625E-001    0.3584667969E+001
 0.9191919    0.3994140625E-001    0.3580761719E+001
 0.9292929    0.3388671875E-001    0.3573632813E+001
 0.9393939    0.4794921875E-001    0.3602636719E+001
 0.9494949    0.2890625000E-001    0.3594824219E+001
 0.9595960    0.3808593750E-001    0.3585253906E+001
 0.9696970    0.1494140625E-001    0.3572753906E+001
 0.9797980    0.3417968750E-001    0.3615234375E+001
 0.9898990    0.2949218750E-001    0.3599707031E+001
 1.0000000    0.0000000000E+000    0.3574511719E+001


