# Evolution of the weightfunction during equilibration phase for fractional: N2
# Weightfunction after cycle        415
 0.0000000    0.3900000000E+001    0.2000000000E+001
 0.0101010    0.2800000000E+001    0.2100000000E+001
 0.0202020    0.3600000000E+001    0.1900000000E+001
 0.0303030    0.3200000000E+001    0.1300000000E+001
 0.0404040    0.3300000000E+001    0.2000000000E+001
 0.0505051    0.4000000000E+001    0.2000000000E+001
 0.0606061    0.3500000000E+001    0.1100000000E+001
 0.0707071    0.2100000000E+001    0.1100000000E+001
 0.0808081    0.3800000000E+001    0.1600000000E+001
 0.0909091    0.4200000000E+001    0.1400000000E+001
 0.1010101    0.3300000000E+001    0.1100000000E+001
 0.1111111    0.2400000000E+001    0.7000000000E+000
 0.1212121    0.4000000000E+001    0.1800000000E+001
 0.1313131    0.4100000000E+001    0.1900000000E+001
 0.1414141    0.3500000000E+001    0.5000000000E+000
 0.1515152    0.3500000000E+001    0.1500000000E+001
 0.1616162    0.2500000000E+001    0.1400000000E+001
 0.1717172    0.3900000000E+001    0.1400000000E+001
 0.1818182    0.3200000000E+001    0.1400000000E+001
 0.1919192    0.3300000000E+001    0.2000000000E+001
 0.2020202    0.3200000000E+001    0.1700000000E+001
 0.2121212    0.3200000000E+001    0.7000000000E+000
 0.2222222    0.3200000000E+001    0.1600000000E+001
 0.2323232    0.3800000000E+001    0.2900000000E+001
 0.2424242    0.3900000000E+001    0.7000000000E+000
 0.2525253    0.3000000000E+001    0.1000000000E+001
 0.2626263    0.3000000000E+001    0.1200000000E+001
 0.2727273    0.2600000000E+001    0.1800000000E+001
 0.2828283    0.2900000000E+001    0.3000000000E+000
 0.2929293    0.2300000000E+001    0.1300000000E+001
 0.3030303    0.3100000000E+001    0.2200000000E+001
 0.3131313    0.2300000000E+001    0.2300000000E+001
 0.3232323    0.2800000000E+001    0.2200000000E+001
 0.3333333    0.2800000000E+001    0.8000000000E+000
 0.3434343    0.3200000000E+001    0.8000000000E+000
 0.3535354    0.1800000000E+001    0.1700000000E+001
 0.3636364    0.2700000000E+001    0.1000000000E+001
 0.3737374    0.2400000000E+001    0.1300000000E+001
 0.3838384    0.1700000000E+001    0.1900000000E+001
 0.3939394    0.1500000000E+001    0.1900000000E+001
 0.4040404    0.1800000000E+001    0.1400000000E+001
 0.4141414    0.1400000000E+001    0.1400000000E+001
 0.4242424    0.1400000000E+001    0.1700000000E+001
 0.4343434    0.2000000000E+001    0.9000000000E+000
 0.4444444    0.2000000000E+001    0.5000000000E+000
 0.4545455    0.1500000000E+001    0.2800000000E+001
 0.4646465    0.8000000000E+000    0.1200000000E+001
 0.4747475    0.1100000000E+001    0.1600000000E+001
 0.4848485    0.2600000000E+001    0.1800000000E+001
 0.4949495    0.1500000000E+001    0.1700000000E+001
 0.5050505    0.1500000000E+001    0.9000000000E+000
 0.5151515    0.8000000000E+000    0.1500000000E+001
 0.5252525    0.8000000000E+000    0.1000000000E+001
 0.5353535    0.9000000000E+000    0.1600000000E+001
 0.5454545    0.4000000000E+000    0.1100000000E+001
 0.5555556    0.8000000000E+000    0.1900000000E+001
 0.5656566    0.4000000000E+000    0.1200000000E+001
 0.5757576    0.7000000000E+000    0.1300000000E+001
 0.5858586    0.7000000000E+000    0.2000000000E+000
 0.5959596    0.8000000000E+000    0.1400000000E+001
 0.6060606    0.1100000000E+001    0.1400000000E+001
 0.6161616    0.7000000000E+000    0.1500000000E+001
 0.6262626    0.0000000000E+000    0.1300000000E+001
 0.6363636    0.1000000000E+001    0.1500000000E+001
 0.6464646    0.5000000000E+000    0.1400000000E+001
 0.6565657    0.0000000000E+000    0.1600000000E+001
 0.6666667    0.1200000000E+001    0.1300000000E+001
 0.6767677    0.4000000000E+000    0.1900000000E+001
 0.6868687    0.1200000000E+001    0.7000000000E+000
 0.6969697    0.0000000000E+000    0.1700000000E+001
 0.7070707    0.8000000000E+000    0.1800000000E+001
 0.7171717    0.4000000000E+000    0.1200000000E+001
 0.7272727    0.5000000000E+000    0.1800000000E+001
 0.7373737    0.5000000000E+000    0.1100000000E+001
 0.7474747    0.1200000000E+001    0.1800000000E+001
 0.7575758    0.4000000000E+000    0.1400000000E+001
 0.7676768    0.5000000000E+000    0.1600000000E+001
 0.7777778    0.3000000000E+000    0.1300000000E+001
 0.7878788    0.1900000000E+001    0.3000000000E+001
 0.7979798    0.3000000000E+000    0.1200000000E+001
 0.8080808    0.8000000000E+000    0.1600000000E+001
 0.8181818    0.8000000000E+000    0.1600000000E+001
 0.8282828    0.8000000000E+000    0.1900000000E+001
 0.8383838    0.1100000000E+001    0.2000000000E+001
 0.8484848    0.5000000000E+000    0.1300000000E+001
 0.8585859    0.3000000000E+000    0.1200000000E+001
 0.8686869    0.8000000000E+000    0.1900000000E+001
 0.8787879    0.1700000000E+001    0.2500000000E+001
 0.8888889    0.1300000000E+001    0.2000000000E+001
 0.8989899    0.9000000000E+000    0.2100000000E+001
 0.9090909    0.9000000000E+000    0.2100000000E+001
 0.9191919    0.4000000000E+000    0.1300000000E+001
 0.9292929    0.1300000000E+001    0.2400000000E+001
 0.9393939    0.1100000000E+001    0.1900000000E+001
 0.9494949    0.5000000000E+000    0.1900000000E+001
 0.9595960    0.7000000000E+000    0.1600000000E+001
 0.9696970    0.2000000000E+001    0.2400000000E+001
 0.9797980    0.1400000000E+001    0.1700000000E+001
 0.9898990    0.8000000000E+000    0.1800000000E+001
 1.0000000    0.8000000000E+000    0.1800000000E+001


# Weightfunction after cycle       1553
 0.0000000    0.2750000000E+001    0.1125000000E+001
 0.0101010    0.3175000000E+001    0.1650000000E+001
 0.0202020    0.3225000000E+001    0.1500000000E+001
 0.0303030    0.3350000000E+001    0.1875000000E+001
 0.0404040    0.3475000000E+001    0.1700000000E+001
 0.0505051    0.2900000000E+001    0.1125000000E+001
 0.0606061    0.3100000000E+001    0.1350000000E+001
 0.0707071    0.3400000000E+001    0.1250000000E+001
 0.0808081    0.3275000000E+001    0.1600000000E+001
 0.0909091    0.3775000000E+001    0.1750000000E+001
 0.1010101    0.3600000000E+001    0.1400000000E+001
 0.1111111    0.3375000000E+001    0.1650000000E+001
 0.1212121    0.3600000000E+001    0.1525000000E+001
 0.1313131    0.4100000000E+001    0.1575000000E+001
 0.1414141    0.3850000000E+001    0.1775000000E+001
 0.1515152    0.3975000000E+001    0.1650000000E+001
 0.1616162    0.3475000000E+001    0.1300000000E+001
 0.1717172    0.3625000000E+001    0.1275000000E+001
 0.1818182    0.3300000000E+001    0.1575000000E+001
 0.1919192    0.3625000000E+001    0.1650000000E+001
 0.2020202    0.3850000000E+001    0.1425000000E+001
 0.2121212    0.3450000000E+001    0.1350000000E+001
 0.2222222    0.3150000000E+001    0.1700000000E+001
 0.2323232    0.3575000000E+001    0.1875000000E+001
 0.2424242    0.3075000000E+001    0.1150000000E+001
 0.2525253    0.3400000000E+001    0.1750000000E+001
 0.2626263    0.3250000000E+001    0.2075000000E+001
 0.2727273    0.2875000000E+001    0.1175000000E+001
 0.2828283    0.2625000000E+001    0.1500000000E+001
 0.2929293    0.2825000000E+001    0.1650000000E+001
 0.3030303    0.2925000000E+001    0.1575000000E+001
 0.3131313    0.2475000000E+001    0.1625000000E+001
 0.3232323    0.2950000000E+001    0.1325000000E+001
 0.3333333    0.2350000000E+001    0.1400000000E+001
 0.3434343    0.2125000000E+001    0.1525000000E+001
 0.3535354    0.2025000000E+001    0.1375000000E+001
 0.3636364    0.2725000000E+001    0.1475000000E+001
 0.3737374    0.2100000000E+001    0.1275000000E+001
 0.3838384    0.1625000000E+001    0.1175000000E+001
 0.3939394    0.2100000000E+001    0.9250000000E+000
 0.4040404    0.1550000000E+001    0.1475000000E+001
 0.4141414    0.1775000000E+001    0.1275000000E+001
 0.4242424    0.1400000000E+001    0.1575000000E+001
 0.4343434    0.1775000000E+001    0.1300000000E+001
 0.4444444    0.8750000000E+000    0.1425000000E+001
 0.4545455    0.1300000000E+001    0.1350000000E+001
 0.4646465    0.9250000000E+000    0.1700000000E+001
 0.4747475    0.1150000000E+001    0.1150000000E+001
 0.4848485    0.7750000000E+000    0.1375000000E+001
 0.4949495    0.7750000000E+000    0.1300000000E+001
 0.5050505    0.3250000000E+000    0.1400000000E+001
 0.5151515    0.6500000000E+000    0.1150000000E+001
 0.5252525    0.7000000000E+000    0.1625000000E+001
 0.5353535    0.3500000000E+000    0.1350000000E+001
 0.5454545    0.4250000000E+000    0.1475000000E+001
 0.5555556    0.3250000000E+000    0.1000000000E+001
 0.5656566    0.5000000000E+000    0.1100000000E+001
 0.5757576    0.5000000000E+000    0.7500000000E+000
 0.5858586    0.9500000000E+000    0.1250000000E+001
 0.5959596    0.1250000000E+000    0.1025000000E+001
 0.6060606    0.4750000000E+000    0.9500000000E+000
 0.6161616    0.7750000000E+000    0.1375000000E+001
 0.6262626    0.4000000000E+000    0.1275000000E+001
 0.6363636    0.1750000000E+000    0.1225000000E+001
 0.6464646    0.4750000000E+000    0.1100000000E+001
 0.6565657    0.2000000000E+000    0.1225000000E+001
 0.6666667    0.2000000000E+000    0.1000000000E+001
 0.6767677    0.6000000000E+000    0.1575000000E+001
 0.6868687    0.4750000000E+000    0.9000000000E+000
 0.6969697    0.9250000000E+000    0.8500000000E+000
 0.7070707    0.2250000000E+000    0.1050000000E+001
 0.7171717    0.4500000000E+000    0.1400000000E+001
 0.7272727    0.6500000000E+000    0.1375000000E+001
 0.7373737    0.2250000000E+000    0.1200000000E+001
 0.7474747    0.4500000000E+000    0.1375000000E+001
 0.7575758    0.1750000000E+000    0.1150000000E+001
 0.7676768    0.2500000000E+000    0.1175000000E+001
 0.7777778    0.1500000000E+000    0.1050000000E+001
 0.7878788    0.3750000000E+000    0.1350000000E+001
 0.7979798    0.3750000000E+000    0.1250000000E+001
 0.8080808    0.4000000000E+000    0.1325000000E+001
 0.8181818    0.4250000000E+000    0.1450000000E+001
 0.8282828    0.2500000000E+000    0.1425000000E+001
 0.8383838    0.1000000000E+000    0.9750000000E+000
 0.8484848    0.2750000000E+000    0.1150000000E+001
 0.8585859    0.3000000000E+000    0.1325000000E+001
 0.8686869    0.4500000000E+000    0.1425000000E+001
 0.8787879    0.5250000000E+000    0.1300000000E+001
 0.8888889    0.5500000000E+000    0.1525000000E+001
 0.8989899    0.2500000000E+000    0.1075000000E+001
 0.9090909    0.7000000000E+000    0.1225000000E+001
 0.9191919    0.4750000000E+000    0.1325000000E+001
 0.9292929    0.3500000000E+000    0.1200000000E+001
 0.9393939    0.2000000000E+000    0.1050000000E+001
 0.9494949    0.1500000000E+000    0.9500000000E+000
 0.9595960    0.3500000000E+000    0.1375000000E+001
 0.9696970    0.1500000000E+000    0.1075000000E+001
 0.9797980    0.7000000000E+000    0.1575000000E+001
 0.9898990    0.5500000000E+000    0.1375000000E+001
 1.0000000    0.0000000000E+000    0.9750000000E+000


# Weightfunction after cycle       3134
 0.0000000    0.3025000000E+001    0.1293750000E+001
 0.0101010    0.3156250000E+001    0.1256250000E+001
 0.0202020    0.3237500000E+001    0.1437500000E+001
 0.0303030    0.3050000000E+001    0.1237500000E+001
 0.0404040    0.3187500000E+001    0.1293750000E+001
 0.0505051    0.3068750000E+001    0.1093750000E+001
 0.0606061    0.3168750000E+001    0.1168750000E+001
 0.0707071    0.3162500000E+001    0.1056250000E+001
 0.0808081    0.3375000000E+001    0.1106250000E+001
 0.0909091    0.3300000000E+001    0.1181250000E+001
 0.1010101    0.3368750000E+001    0.1018750000E+001
 0.1111111    0.3331250000E+001    0.1025000000E+001
 0.1212121    0.3337500000E+001    0.1200000000E+001
 0.1313131    0.3387500000E+001    0.1256250000E+001
 0.1414141    0.3556250000E+001    0.1381250000E+001
 0.1515152    0.3468750000E+001    0.1343750000E+001
 0.1616162    0.3500000000E+001    0.1137500000E+001
 0.1717172    0.3400000000E+001    0.1300000000E+001
 0.1818182    0.3581250000E+001    0.1143750000E+001
 0.1919192    0.3037500000E+001    0.1193750000E+001
 0.2020202    0.3250000000E+001    0.1250000000E+001
 0.2121212    0.3306250000E+001    0.9812500000E+000
 0.2222222    0.2962500000E+001    0.1243750000E+001
 0.2323232    0.3081250000E+001    0.1181250000E+001
 0.2424242    0.3031250000E+001    0.1106250000E+001
 0.2525253    0.2800000000E+001    0.1025000000E+001
 0.2626263    0.2700000000E+001    0.1262500000E+001
 0.2727273    0.2700000000E+001    0.1137500000E+001
 0.2828283    0.2762500000E+001    0.1062500000E+001
 0.2929293    0.2637500000E+001    0.1218750000E+001
 0.3030303    0.2706250000E+001    0.1212500000E+001
 0.3131313    0.2287500000E+001    0.1006250000E+001
 0.3232323    0.2300000000E+001    0.1162500000E+001
 0.3333333    0.2275000000E+001    0.1075000000E+001
 0.3434343    0.2143750000E+001    0.1081250000E+001
 0.3535354    0.1918750000E+001    0.1006250000E+001
 0.3636364    0.1975000000E+001    0.9375000000E+000
 0.3737374    0.1881250000E+001    0.9812500000E+000
 0.3838384    0.1887500000E+001    0.1106250000E+001
 0.3939394    0.1562500000E+001    0.9250000000E+000
 0.4040404    0.1562500000E+001    0.9937500000E+000
 0.4141414    0.1306250000E+001    0.8937500000E+000
 0.4242424    0.1118750000E+001    0.1006250000E+001
 0.4343434    0.1175000000E+001    0.8250000000E+000
 0.4444444    0.9437500000E+000    0.9812500000E+000
 0.4545455    0.1075000000E+001    0.7750000000E+000
 0.4646465    0.7562500000E+000    0.1018750000E+001
 0.4747475    0.7437500000E+000    0.7937500000E+000
 0.4848485    0.4812500000E+000    0.9125000000E+000
 0.4949495    0.4000000000E+000    0.8312500000E+000
 0.5050505    0.4187500000E+000    0.8187500000E+000
 0.5151515    0.4812500000E+000    0.8062500000E+000
 0.5252525    0.1875000000E+000    0.8375000000E+000
 0.5353535    0.4062500000E+000    0.8312500000E+000
 0.5454545    0.3875000000E+000    0.8500000000E+000
 0.5555556    0.5500000000E+000    0.8062500000E+000
 0.5656566    0.4937500000E+000    0.8812500000E+000
 0.5757576    0.1125000000E+000    0.8250000000E+000
 0.5858586    0.3812500000E+000    0.8625000000E+000
 0.5959596    0.2250000000E+000    0.8437500000E+000
 0.6060606    0.4000000000E+000    0.9875000000E+000
 0.6161616    0.3875000000E+000    0.1012500000E+001
 0.6262626    0.4125000000E+000    0.7687500000E+000
 0.6363636    0.4500000000E+000    0.8500000000E+000
 0.6464646    0.3562500000E+000    0.9500000000E+000
 0.6565657    0.2625000000E+000    0.1037500000E+001
 0.6666667    0.2562500000E+000    0.9125000000E+000
 0.6767677    0.4187500000E+000    0.1000000000E+001
 0.6868687    0.3062500000E+000    0.8000000000E+000
 0.6969697    0.3125000000E+000    0.9750000000E+000
 0.7070707    0.4187500000E+000    0.1043750000E+001
 0.7171717    0.2062500000E+000    0.8750000000E+000
 0.7272727    0.4000000000E+000    0.1006250000E+001
 0.7373737    0.4062500000E+000    0.1081250000E+001
 0.7474747    0.3250000000E+000    0.1043750000E+001
 0.7575758    0.3687500000E+000    0.9750000000E+000
 0.7676768    0.3500000000E+000    0.1087500000E+001
 0.7777778    0.2687500000E+000    0.9937500000E+000
 0.7878788    0.1812500000E+000    0.7437500000E+000
 0.7979798    0.2250000000E+000    0.8062500000E+000
 0.8080808    0.1687500000E+000    0.8625000000E+000
 0.8181818    0.2187500000E+000    0.9312500000E+000
 0.8282828    0.4562500000E+000    0.1168750000E+001
 0.8383838    0.3250000000E+000    0.1025000000E+001
 0.8484848    0.2250000000E+000    0.9250000000E+000
 0.8585859    0.1937500000E+000    0.9625000000E+000
 0.8686869    0.1187500000E+000    0.9562500000E+000
 0.8787879    0.2750000000E+000    0.9375000000E+000
 0.8888889    0.1875000000E+000    0.9125000000E+000
 0.8989899    0.2562500000E+000    0.1012500000E+001
 0.9090909    0.3062500000E+000    0.9937500000E+000
 0.9191919    0.1687500000E+000    0.9187500000E+000
 0.9292929    0.1750000000E+000    0.8875000000E+000
 0.9393939    0.2312500000E+000    0.9312500000E+000
 0.9494949    0.1500000000E+000    0.8562500000E+000
 0.9595960    0.2750000000E+000    0.9937500000E+000
 0.9696970    0.1312500000E+000    0.8875000000E+000
 0.9797980    0.0000000000E+000    0.8812500000E+000
 0.9898990    0.1437500000E+000    0.7250000000E+000
 1.0000000    0.2312500000E+000    0.9937500000E+000


# Weightfunction after cycle       7732
 0.0000000    0.3010937500E+001    0.1148437500E+001
 0.0101010    0.3093750000E+001    0.1203125000E+001
 0.0202020    0.3114062500E+001    0.1203125000E+001
 0.0303030    0.3062500000E+001    0.1148437500E+001
 0.0404040    0.3143750000E+001    0.1128125000E+001
 0.0505051    0.3162500000E+001    0.1132812500E+001
 0.0606061    0.3210937500E+001    0.1170312500E+001
 0.0707071    0.3396875000E+001    0.1253125000E+001
 0.0808081    0.3314062500E+001    0.1195312500E+001
 0.0909091    0.3379687500E+001    0.1142187500E+001
 0.1010101    0.3412500000E+001    0.1184375000E+001
 0.1111111    0.3487500000E+001    0.1126562500E+001
 0.1212121    0.3589062500E+001    0.1170312500E+001
 0.1313131    0.3546875000E+001    0.1206250000E+001
 0.1414141    0.3487500000E+001    0.1165625000E+001
 0.1515152    0.3375000000E+001    0.1128125000E+001
 0.1616162    0.3460937500E+001    0.1128125000E+001
 0.1717172    0.3396875000E+001    0.1167187500E+001
 0.1818182    0.3309375000E+001    0.1178125000E+001
 0.1919192    0.3332812500E+001    0.1209375000E+001
 0.2020202    0.3292187500E+001    0.1118750000E+001
 0.2121212    0.3229687500E+001    0.1214062500E+001
 0.2222222    0.3073437500E+001    0.1146875000E+001
 0.2323232    0.3056250000E+001    0.1012500000E+001
 0.2424242    0.3050000000E+001    0.1064062500E+001
 0.2525253    0.2885937500E+001    0.1090625000E+001
 0.2626263    0.2787500000E+001    0.1025000000E+001
 0.2727273    0.2714062500E+001    0.9671875000E+000
 0.2828283    0.2621875000E+001    0.1009375000E+001
 0.2929293    0.2462500000E+001    0.1089062500E+001
 0.3030303    0.2403125000E+001    0.9968750000E+000
 0.3131313    0.2225000000E+001    0.1018750000E+001
 0.3232323    0.2273437500E+001    0.1039062500E+001
 0.3333333    0.2203125000E+001    0.9593750000E+000
 0.3434343    0.2039062500E+001    0.8687500000E+000
 0.3535354    0.1785937500E+001    0.9390625000E+000
 0.3636364    0.1823437500E+001    0.8921875000E+000
 0.3737374    0.1723437500E+001    0.9390625000E+000
 0.3838384    0.1607812500E+001    0.8843750000E+000
 0.3939394    0.1523437500E+001    0.8640625000E+000
 0.4040404    0.1304687500E+001    0.9484375000E+000
 0.4141414    0.1185937500E+001    0.8140625000E+000
 0.4242424    0.1053125000E+001    0.8468750000E+000
 0.4343434    0.9671875000E+000    0.8609375000E+000
 0.4444444    0.8656250000E+000    0.8718750000E+000
 0.4545455    0.7609375000E+000    0.8343750000E+000
 0.4646465    0.6906250000E+000    0.8765625000E+000
 0.4747475    0.3968750000E+000    0.8125000000E+000
 0.4848485    0.4140625000E+000    0.8546875000E+000
 0.4949495    0.2468750000E+000    0.8312500000E+000
 0.5050505    0.1953125000E+000    0.8546875000E+000
 0.5151515    0.8906250000E-001    0.6781250000E+000
 0.5252525    0.1375000000E+000    0.7359375000E+000
 0.5353535    0.1500000000E+000    0.7484375000E+000
 0.5454545    0.1343750000E+000    0.6734375000E+000
 0.5555556    0.5000000000E-001    0.7625000000E+000
 0.5656566    0.2562500000E+000    0.8093750000E+000
 0.5757576    0.1187500000E+000    0.7000000000E+000
 0.5858586    0.2390625000E+000    0.8671875000E+000
 0.5959596    0.7812500000E-001    0.7515625000E+000
 0.6060606    0.2000000000E+000    0.8328125000E+000
 0.6161616    0.1750000000E+000    0.8078125000E+000
 0.6262626    0.1625000000E+000    0.8453125000E+000
 0.6363636    0.2546875000E+000    0.7078125000E+000
 0.6464646    0.1390625000E+000    0.7703125000E+000
 0.6565657    0.1609375000E+000    0.7687500000E+000
 0.6666667    0.1109375000E+000    0.7796875000E+000
 0.6767677    0.1734375000E+000    0.7781250000E+000
 0.6868687    0.2046875000E+000    0.7718750000E+000
 0.6969697    0.2140625000E+000    0.8078125000E+000
 0.7070707    0.2281250000E+000    0.7765625000E+000
 0.7171717    0.2062500000E+000    0.8375000000E+000
 0.7272727    0.1234375000E+000    0.7453125000E+000
 0.7373737    0.1796875000E+000    0.7718750000E+000
 0.7474747    0.2125000000E+000    0.7953125000E+000
 0.7575758    0.1359375000E+000    0.7406250000E+000
 0.7676768    0.2015625000E+000    0.8156250000E+000
 0.7777778    0.1718750000E+000    0.8125000000E+000
 0.7878788    0.8281250000E-001    0.6984375000E+000
 0.7979798    0.1203125000E+000    0.7250000000E+000
 0.8080808    0.1656250000E+000    0.7812500000E+000
 0.8181818    0.1562500000E+000    0.7531250000E+000
 0.8282828    0.1031250000E+000    0.7390625000E+000
 0.8383838    0.1515625000E+000    0.7484375000E+000
 0.8484848    0.9843750000E-001    0.7234375000E+000
 0.8585859    0.1218750000E+000    0.7625000000E+000
 0.8686869    0.1140625000E+000    0.7000000000E+000
 0.8787879    0.7812500000E-001    0.7062500000E+000
 0.8888889    0.1406250000E+000    0.7390625000E+000
 0.8989899    0.1578125000E+000    0.7875000000E+000
 0.9090909    0.4218750000E-001    0.7140625000E+000
 0.9191919    0.5156250000E-001    0.7000000000E+000
 0.9292929    0.1593750000E+000    0.8093750000E+000
 0.9393939    0.8593750000E-001    0.6859375000E+000
 0.9494949    0.7656250000E-001    0.7546875000E+000
 0.9595960    0.9218750000E-001    0.6843750000E+000
 0.9696970    0.1125000000E+000    0.7468750000E+000
 0.9797980    0.5937500000E-001    0.6859375000E+000
 0.9898990    0.4687500000E-002    0.6296875000E+000
 1.0000000    0.0000000000E+000    0.7015625000E+000


# Weightfunction after cycle      19165
 0.0000000    0.2934765625E+001    0.9062500000E+000
 0.0101010    0.2963671875E+001    0.9316406250E+000
 0.0202020    0.2923437500E+001    0.8792968750E+000
 0.0303030    0.3032421875E+001    0.9457031250E+000
 0.0404040    0.3027734375E+001    0.9328125000E+000
 0.0505051    0.3054296875E+001    0.9406250000E+000
 0.0606061    0.3085156250E+001    0.8968750000E+000
 0.0707071    0.3160156250E+001    0.8964843750E+000
 0.0808081    0.3207812500E+001    0.8992187500E+000
 0.0909091    0.3243359375E+001    0.8816406250E+000
 0.1010101    0.3264062500E+001    0.8679687500E+000
 0.1111111    0.3319921875E+001    0.8917968750E+000
 0.1212121    0.3359375000E+001    0.8339843750E+000
 0.1313131    0.3417968750E+001    0.9082031250E+000
 0.1414141    0.3328515625E+001    0.8589843750E+000
 0.1515152    0.3368750000E+001    0.8394531250E+000
 0.1616162    0.3323437500E+001    0.8085937500E+000
 0.1717172    0.3309765625E+001    0.8316406250E+000
 0.1818182    0.3195312500E+001    0.8214843750E+000
 0.1919192    0.3198828125E+001    0.8093750000E+000
 0.2020202    0.3091015625E+001    0.7941406250E+000
 0.2121212    0.3033984375E+001    0.7769531250E+000
 0.2222222    0.2994140625E+001    0.7570312500E+000
 0.2323232    0.2857812500E+001    0.7523437500E+000
 0.2424242    0.2821875000E+001    0.7203125000E+000
 0.2525253    0.2731250000E+001    0.7546875000E+000
 0.2626263    0.2619531250E+001    0.7312500000E+000
 0.2727273    0.2554296875E+001    0.6976562500E+000
 0.2828283    0.2405859375E+001    0.7117187500E+000
 0.2929293    0.2416015625E+001    0.7125000000E+000
 0.3030303    0.2314453125E+001    0.6660156250E+000
 0.3131313    0.2170703125E+001    0.6472656250E+000
 0.3232323    0.2069531250E+001    0.6671875000E+000
 0.3333333    0.1977734375E+001    0.6511718750E+000
 0.3434343    0.1891015625E+001    0.6167968750E+000
 0.3535354    0.1686328125E+001    0.6312500000E+000
 0.3636364    0.1723828125E+001    0.5898437500E+000
 0.3737374    0.1529687500E+001    0.6140625000E+000
 0.3838384    0.1442968750E+001    0.5972656250E+000
 0.3939394    0.1319531250E+001    0.6332031250E+000
 0.4040404    0.1219921875E+001    0.5304687500E+000
 0.4141414    0.1102734375E+001    0.5378906250E+000
 0.4242424    0.9433593750E+000    0.5250000000E+000
 0.4343434    0.8929687500E+000    0.5062500000E+000
 0.4444444    0.7824218750E+000    0.4507812500E+000
 0.4545455    0.7074218750E+000    0.4843750000E+000
 0.4646465    0.5925781250E+000    0.4734375000E+000
 0.4747475    0.4437500000E+000    0.4593750000E+000
 0.4848485    0.3066406250E+000    0.4496093750E+000
 0.4949495    0.1722656250E+000    0.4281250000E+000
 0.5050505    0.9492187500E-001    0.4003906250E+000
 0.5151515    0.7851562500E-001    0.3980468750E+000
 0.5252525    0.7695312500E-001    0.4074218750E+000
 0.5353535    0.1410156250E+000    0.3796875000E+000
 0.5454545    0.1355468750E+000    0.4582031250E+000
 0.5555556    0.5546875000E-001    0.3972656250E+000
 0.5656566    0.1167968750E+000    0.4410156250E+000
 0.5757576    0.1460937500E+000    0.3953125000E+000
 0.5858586    0.8320312500E-001    0.4582031250E+000
 0.5959596    0.8554687500E-001    0.4144531250E+000
 0.6060606    0.1519531250E+000    0.4019531250E+000
 0.6161616    0.1265625000E+000    0.4207031250E+000
 0.6262626    0.9257812500E-001    0.4324218750E+000
 0.6363636    0.1398437500E+000    0.4183593750E+000
 0.6464646    0.1398437500E+000    0.4164062500E+000
 0.6565657    0.1027343750E+000    0.4554687500E+000
 0.6666667    0.1296875000E+000    0.4402343750E+000
 0.6767677    0.1105468750E+000    0.4128906250E+000
 0.6868687    0.9375000000E-001    0.3796875000E+000
 0.6969697    0.1359375000E+000    0.3953125000E+000
 0.7070707    0.1210937500E+000    0.4304687500E+000
 0.7171717    0.9765625000E-001    0.4175781250E+000
 0.7272727    0.1023437500E+000    0.4187500000E+000
 0.7373737    0.9843750000E-001    0.4179687500E+000
 0.7474747    0.1175781250E+000    0.4285156250E+000
 0.7575758    0.8476562500E-001    0.4246093750E+000
 0.7676768    0.8671875000E-001    0.4359375000E+000
 0.7777778    0.1261718750E+000    0.4472656250E+000
 0.7878788    0.8007812500E-001    0.4074218750E+000
 0.7979798    0.9882812500E-001    0.4378906250E+000
 0.8080808    0.6367187500E-001    0.3843750000E+000
 0.8181818    0.8867187500E-001    0.4187500000E+000
 0.8282828    0.6484375000E-001    0.4136718750E+000
 0.8383838    0.7812500000E-001    0.4097656250E+000
 0.8484848    0.9687500000E-001    0.4449218750E+000
 0.8585859    0.2265625000E-001    0.3734375000E+000
 0.8686869    0.4609375000E-001    0.3914062500E+000
 0.8787879    0.6796875000E-001    0.4082031250E+000
 0.8888889    0.4843750000E-001    0.3984375000E+000
 0.8989899    0.5781250000E-001    0.3980468750E+000
 0.9090909    0.8593750000E-002    0.3988281250E+000
 0.9191919    0.4179687500E-001    0.4019531250E+000
 0.9292929    0.5625000000E-001    0.4140625000E+000
 0.9393939    0.7187500000E-001    0.4386718750E+000
 0.9494949    0.5429687500E-001    0.4109375000E+000
 0.9595960    0.4921875000E-001    0.3996093750E+000
 0.9696970    0.1328125000E-001    0.4113281250E+000
 0.9797980    0.0000000000E+000    0.3945312500E+000
 0.9898990    0.1171875000E-001    0.4003906250E+000
 1.0000000    0.1015625000E-001    0.4101562500E+000


# Weightfunction after cycle      25568
 0.0000000    0.2937207031E+001    0.9053710938E+000
 0.0101010    0.2976464844E+001    0.9479492188E+000
 0.0202020    0.2932617188E+001    0.8904296875E+000
 0.0303030    0.3023242188E+001    0.9515625000E+000
 0.0404040    0.3019238281E+001    0.9248046875E+000
 0.0505051    0.3064843750E+001    0.9417968750E+000
 0.0606061    0.3114453125E+001    0.9095703125E+000
 0.0707071    0.3157421875E+001    0.8974609375E+000
 0.0808081    0.3208789063E+001    0.9082031250E+000
 0.0909091    0.3256250000E+001    0.8771484375E+000
 0.1010101    0.3279492187E+001    0.8738281250E+000
 0.1111111    0.3318750000E+001    0.8988281250E+000
 0.1212121    0.3379785156E+001    0.8512695313E+000
 0.1313131    0.3397460938E+001    0.9008789063E+000
 0.1414141    0.3345703125E+001    0.8724609375E+000
 0.1515152    0.3379785156E+001    0.8540039063E+000
 0.1616162    0.3343652344E+001    0.8336914063E+000
 0.1717172    0.3320019531E+001    0.8388671875E+000
 0.1818182    0.3233593750E+001    0.8337890625E+000
 0.1919192    0.3196386719E+001    0.7778320312E+000
 0.2020202    0.3089746094E+001    0.8001953125E+000
 0.2121212    0.3039062500E+001    0.7919921875E+000
 0.2222222    0.3001074219E+001    0.7756835937E+000
 0.2323232    0.2873339844E+001    0.7507812500E+000
 0.2424242    0.2823242188E+001    0.7333007812E+000
 0.2525253    0.2738867188E+001    0.7588867187E+000
 0.2626263    0.2651757813E+001    0.7446289063E+000
 0.2727273    0.2568652344E+001    0.7057617188E+000
 0.2828283    0.2403710938E+001    0.7248046875E+000
 0.2929293    0.2392382813E+001    0.7000976562E+000
 0.3030303    0.2303906250E+001    0.6724609375E+000
 0.3131313    0.2179785156E+001    0.6557617188E+000
 0.3232323    0.2091308594E+001    0.6779296875E+000
 0.3333333    0.1985644531E+001    0.6355468750E+000
 0.3434343    0.1906347656E+001    0.6310546875E+000
 0.3535354    0.1723730469E+001    0.6253906250E+000
 0.3636364    0.1706640625E+001    0.6034179687E+000
 0.3737374    0.1527734375E+001    0.6107421875E+000
 0.3838384    0.1456933594E+001    0.6092773438E+000
 0.3939394    0.1325292969E+001    0.6061523438E+000
 0.4040404    0.1238964844E+001    0.5395507813E+000
 0.4141414    0.1118554688E+001    0.5541015625E+000
 0.4242424    0.9794921875E+000    0.5245117188E+000
 0.4343434    0.8979492188E+000    0.4980468750E+000
 0.4444444    0.7892578125E+000    0.4759765625E+000
 0.4545455    0.6808593750E+000    0.4770507813E+000
 0.4646465    0.5881835938E+000    0.4667968750E+000
 0.4747475    0.4367187500E+000    0.4786132813E+000
 0.4848485    0.2998046875E+000    0.4566406250E+000
 0.4949495    0.1693359375E+000    0.4303710938E+000
 0.5050505    0.1165039063E+000    0.4227539063E+000
 0.5151515    0.9091796875E-001    0.4060546875E+000
 0.5252525    0.1127929688E+000    0.4169921875E+000
 0.5353535    0.1413085938E+000    0.4004882813E+000
 0.5454545    0.1356445313E+000    0.4310546875E+000
 0.5555556    0.8310546875E-001    0.4014648438E+000
 0.5656566    0.1378906250E+000    0.4341796875E+000
 0.5757576    0.1413085938E+000    0.4029296875E+000
 0.5858586    0.9882812500E-001    0.4417968750E+000
 0.5959596    0.1051757813E+000    0.4079101563E+000
 0.6060606    0.1440429688E+000    0.4102539063E+000
 0.6161616    0.1370117188E+000    0.4291992188E+000
 0.6262626    0.9619140625E-001    0.4238281250E+000
 0.6363636    0.1319335938E+000    0.4210937500E+000
 0.6464646    0.1371093750E+000    0.4113281250E+000
 0.6565657    0.1182617187E+000    0.4328125000E+000
 0.6666667    0.1436523438E+000    0.4492187500E+000
 0.6767677    0.1221679687E+000    0.4163085938E+000
 0.6868687    0.9375000000E-001    0.3928710938E+000
 0.6969697    0.1389648438E+000    0.3963867188E+000
 0.7070707    0.1178710937E+000    0.4277343750E+000
 0.7171717    0.9628906250E-001    0.4087890625E+000
 0.7272727    0.1055664063E+000    0.4236328125E+000
 0.7373737    0.9453125000E-001    0.4146484375E+000
 0.7474747    0.1145507813E+000    0.4300781250E+000
 0.7575758    0.7968750000E-001    0.4053710938E+000
 0.7676768    0.9296875000E-001    0.4340820313E+000
 0.7777778    0.1136718750E+000    0.4297851563E+000
 0.7878788    0.9140625000E-001    0.4082031250E+000
 0.7979798    0.1011718750E+000    0.4379882813E+000
 0.8080808    0.7285156250E-001    0.3995117188E+000
 0.8181818    0.1048828125E+000    0.4248046875E+000
 0.8282828    0.5859375000E-001    0.3975585938E+000
 0.8383838    0.7089843750E-001    0.4083984375E+000
 0.8484848    0.9052734375E-001    0.4332031250E+000
 0.8585859    0.5156250000E-001    0.3962890625E+000
 0.8686869    0.3808593750E-001    0.3895507813E+000
 0.8787879    0.6289062500E-001    0.4093750000E+000
 0.8888889    0.5341796875E-001    0.4066406250E+000
 0.8989899    0.6562500000E-001    0.4032226563E+000
 0.9090909    0.2451171875E-001    0.4039062500E+000
 0.9191919    0.4248046875E-001    0.4040039063E+000
 0.9292929    0.4824218750E-001    0.4080078125E+000
 0.9393939    0.6103515625E-001    0.4319335938E+000
 0.9494949    0.4228515625E-001    0.3992187500E+000
 0.9595960    0.4189453125E-001    0.3962890625E+000
 0.9696970    0.2646484375E-001    0.4115234375E+000
 0.9797980    0.0000000000E+000    0.3990234375E+000
 0.9898990    0.1767578125E-001    0.4034179688E+000
 1.0000000    0.2548828125E-001    0.4077148438E+000


# Weightfunction after cycle      31888
 0.0000000    0.2929296875E+001    0.8957275391E+000
 0.0101010    0.2966259766E+001    0.9365478516E+000
 0.0202020    0.2921728516E+001    0.8800537109E+000
 0.0303030    0.3012377930E+001    0.9406982422E+000
 0.0404040    0.3015649414E+001    0.9176025391E+000
 0.0505051    0.3058007812E+001    0.9302490234E+000
 0.0606061    0.3105688477E+001    0.8980224609E+000
 0.0707071    0.3153173828E+001    0.8915527344E+000
 0.0808081    0.3201293945E+001    0.8983642578E+000
 0.0909091    0.3251904297E+001    0.8743896484E+000
 0.1010101    0.3279882812E+001    0.8723632813E+000
 0.1111111    0.3320483398E+001    0.8952148438E+000
 0.1212121    0.3376831055E+001    0.8479736328E+000
 0.1313131    0.3397021484E+001    0.8917480469E+000
 0.1414141    0.3344140625E+001    0.8669677734E+000
 0.1515152    0.3370947266E+001    0.8494140625E+000
 0.1616162    0.3336206055E+001    0.8324218750E+000
 0.1717172    0.3309814453E+001    0.8333007813E+000
 0.1818182    0.3230053711E+001    0.8299560547E+000
 0.1919192    0.3189526367E+001    0.7784179688E+000
 0.2020202    0.3093847656E+001    0.7983154297E+000
 0.2121212    0.3036254883E+001    0.7914794922E+000
 0.2222222    0.2995214844E+001    0.7738769531E+000
 0.2323232    0.2872998047E+001    0.7494384766E+000
 0.2424242    0.2818652344E+001    0.7329345703E+000
 0.2525253    0.2737280273E+001    0.7547607422E+000
 0.2626263    0.2645629883E+001    0.7434814453E+000
 0.2727273    0.2563964844E+001    0.7069824219E+000
 0.2828283    0.2406347656E+001    0.7211425781E+000
 0.2929293    0.2391479492E+001    0.7003662109E+000
 0.3030303    0.2300219727E+001    0.6740234375E+000
 0.3131313    0.2174975586E+001    0.6560058594E+000
 0.3232323    0.2089746094E+001    0.6735107422E+000
 0.3333333    0.1981420898E+001    0.6306152344E+000
 0.3434343    0.1901855469E+001    0.6301513672E+000
 0.3535354    0.1725073242E+001    0.6199707031E+000
 0.3636364    0.1700781250E+001    0.6005615234E+000
 0.3737374    0.1531933594E+001    0.6077636719E+000
 0.3838384    0.1447412109E+001    0.6063232422E+000
 0.3939394    0.1331079102E+001    0.6025878906E+000
 0.4040404    0.1231933594E+001    0.5395019531E+000
 0.4141414    0.1115893555E+001    0.5494384766E+000
 0.4242424    0.9775878906E+000    0.5184814453E+000
 0.4343434    0.8971679688E+000    0.4978027344E+000
 0.4444444    0.7907714844E+000    0.4788818359E+000
 0.4545455    0.6737792969E+000    0.4775878906E+000
 0.4646465    0.5839355469E+000    0.4648437500E+000
 0.4747475    0.4358886719E+000    0.4727050781E+000
 0.4848485    0.2970703125E+000    0.4507324219E+000
 0.4949495    0.1748535156E+000    0.4277343750E+000
 0.5050505    0.1167480469E+000    0.4192871094E+000
 0.5151515    0.9208984375E-001    0.4024658203E+000
 0.5252525    0.1156738281E+000    0.4165771484E+000
 0.5353535    0.1331054687E+000    0.3996826172E+000
 0.5454545    0.1342529297E+000    0.4250000000E+000
 0.5555556    0.8879394531E-001    0.4013916016E+000
 0.5656566    0.1367187500E+000    0.4287109375E+000
 0.5757576    0.1385253906E+000    0.3971679688E+000
 0.5858586    0.9853515625E-001    0.4316650391E+000
 0.5959596    0.1054687500E+000    0.4078857422E+000
 0.6060606    0.1377441406E+000    0.4085937500E+000
 0.6161616    0.1327148437E+000    0.4284667969E+000
 0.6262626    0.9553222656E-001    0.4174072266E+000
 0.6363636    0.1310302734E+000    0.4156494141E+000
 0.6464646    0.1333496094E+000    0.4070068359E+000
 0.6565657    0.1136962891E+000    0.4267822266E+000
 0.6666667    0.1361572266E+000    0.4409667969E+000
 0.6767677    0.1165039062E+000    0.4140869141E+000
 0.6868687    0.8935546875E-001    0.3877197266E+000
 0.6969697    0.1274658203E+000    0.3933349609E+000
 0.7070707    0.1134521484E+000    0.4217041016E+000
 0.7171717    0.9472656250E-001    0.4053710938E+000
 0.7272727    0.1019531250E+000    0.4186279297E+000
 0.7373737    0.9003906250E-001    0.4077636719E+000
 0.7474747    0.1085937500E+000    0.4233398438E+000
 0.7575758    0.7580566406E-001    0.4017333984E+000
 0.7676768    0.8701171875E-001    0.4248535156E+000
 0.7777778    0.1092285156E+000    0.4222656250E+000
 0.7878788    0.8574218750E-001    0.4041992188E+000
 0.7979798    0.9628906250E-001    0.4301513672E+000
 0.8080808    0.6911621094E-001    0.3960693359E+000
 0.8181818    0.9885253906E-001    0.4169677734E+000
 0.8282828    0.5327148437E-001    0.3911621094E+000
 0.8383838    0.6579589844E-001    0.4037109375E+000
 0.8484848    0.8342285156E-001    0.4245117188E+000
 0.8585859    0.4497070312E-001    0.3899658203E+000
 0.8686869    0.3759765625E-001    0.3864501953E+000
 0.8787879    0.5925292969E-001    0.4044189453E+000
 0.8888889    0.4660644531E-001    0.4025146484E+000
 0.8989899    0.5690917969E-001    0.3960205078E+000
 0.9090909    0.2290039062E-001    0.3998779297E+000
 0.9191919    0.3957519531E-001    0.3988037109E+000
 0.9292929    0.4011230469E-001    0.3993896484E+000
 0.9393939    0.5610351563E-001    0.4233398438E+000
 0.9494949    0.3574218750E-001    0.3951904297E+000
 0.9595960    0.3708496094E-001    0.3906982422E+000
 0.9696970    0.2216796875E-001    0.4030761719E+000
 0.9797980    0.0000000000E+000    0.3936523438E+000
 0.9898990    0.1159667969E-001    0.3963867188E+000
 1.0000000    0.1748046875E-001    0.3996582031E+000


# Weightfunction after cycle      36406
 0.0000000    0.2929010010E+001    0.8955871582E+000
 0.0101010    0.2965692139E+001    0.9355285645E+000
 0.0202020    0.2921771240E+001    0.8800415039E+000
 0.0303030    0.3011016846E+001    0.9394042969E+000
 0.0404040    0.3014062500E+001    0.9164306641E+000
 0.0505051    0.3057885742E+001    0.9298156738E+000
 0.0606061    0.3105554199E+001    0.8974487305E+000
 0.0707071    0.3152557373E+001    0.8902160645E+000
 0.0808081    0.3201495361E+001    0.8978820801E+000
 0.0909091    0.3251721191E+001    0.8736083984E+000
 0.1010101    0.3279895020E+001    0.8716491699E+000
 0.1111111    0.3319824219E+001    0.8937500000E+000
 0.1212121    0.3377899170E+001    0.8489807129E+000
 0.1313131    0.3395123291E+001    0.8898376465E+000
 0.1414141    0.3343408203E+001    0.8656005859E+000
 0.1515152    0.3370104980E+001    0.8482604980E+000
 0.1616162    0.3334674072E+001    0.8312988281E+000
 0.1717172    0.3308447266E+001    0.8331115723E+000
 0.1818182    0.3229510498E+001    0.8295288086E+000
 0.1919192    0.3188952637E+001    0.7780944824E+000
 0.2020202    0.3094451904E+001    0.7981018066E+000
 0.2121212    0.3035357666E+001    0.7905517578E+000
 0.2222222    0.2995190430E+001    0.7724853516E+000
 0.2323232    0.2874084473E+001    0.7497741699E+000
 0.2424242    0.2819055176E+001    0.7324462891E+000
 0.2525253    0.2736749268E+001    0.7539184570E+000
 0.2626263    0.2646545410E+001    0.7432312012E+000
 0.2727273    0.2564208984E+001    0.7061401367E+000
 0.2828283    0.2406958008E+001    0.7207885742E+000
 0.2929293    0.2390417480E+001    0.7000183105E+000
 0.3030303    0.2299316406E+001    0.6736816406E+000
 0.3131313    0.2174981689E+001    0.6562866211E+000
 0.3232323    0.2089208984E+001    0.6723327637E+000
 0.3333333    0.1982238770E+001    0.6307922363E+000
 0.3434343    0.1901232910E+001    0.6286315918E+000
 0.3535354    0.1725073242E+001    0.6189636230E+000
 0.3636364    0.1699560547E+001    0.6002685547E+000
 0.3737374    0.1531451416E+001    0.6068481445E+000
 0.3838384    0.1445843506E+001    0.6043457031E+000
 0.3939394    0.1329931641E+001    0.6015808105E+000
 0.4040404    0.1230358887E+001    0.5382629395E+000
 0.4141414    0.1114263916E+001    0.5487060547E+000
 0.4242424    0.9777160645E+000    0.5169677734E+000
 0.4343434    0.8969787598E+000    0.4973632813E+000
 0.4444444    0.7895324707E+000    0.4787109375E+000
 0.4545455    0.6726074219E+000    0.4763549805E+000
 0.4646465    0.5833984375E+000    0.4642211914E+000
 0.4747475    0.4348693848E+000    0.4707153320E+000
 0.4848485    0.2965209961E+000    0.4495666504E+000
 0.4949495    0.1740844727E+000    0.4264099121E+000
 0.5050505    0.1159667969E+000    0.4176818848E+000
 0.5151515    0.9232788086E-001    0.4022399902E+000
 0.5252525    0.1147460938E+000    0.4169494629E+000
 0.5353535    0.1327758789E+000    0.3988098145E+000
 0.5454545    0.1343383789E+000    0.4244262695E+000
 0.5555556    0.8878173828E-001    0.4008972168E+000
 0.5656566    0.1363464355E+000    0.4273864746E+000
 0.5757576    0.1374633789E+000    0.3971374512E+000
 0.5858586    0.9830932617E-001    0.4298583984E+000
 0.5959596    0.1046875000E+000    0.4074401855E+000
 0.6060606    0.1367614746E+000    0.4082031250E+000
 0.6161616    0.1313049316E+000    0.4271179199E+000
 0.6262626    0.9509277344E-001    0.4163696289E+000
 0.6363636    0.1300537109E+000    0.4148803711E+000
 0.6464646    0.1327331543E+000    0.4055358887E+000
 0.6565657    0.1132629395E+000    0.4257934570E+000
 0.6666667    0.1342407227E+000    0.4392272949E+000
 0.6767677    0.1163085938E+000    0.4140319824E+000
 0.6868687    0.8969726563E-001    0.3871032715E+000
 0.6969697    0.1262268066E+000    0.3924621582E+000
 0.7070707    0.1118652344E+000    0.4202880859E+000
 0.7171717    0.9460449219E-001    0.4051757813E+000
 0.7272727    0.1011230469E+000    0.4174682617E+000
 0.7373737    0.9034423828E-001    0.4073852539E+000
 0.7474747    0.1084472656E+000    0.4225402832E+000
 0.7575758    0.7553710937E-001    0.4010925293E+000
 0.7676768    0.8621215820E-001    0.4234619141E+000
 0.7777778    0.1079772949E+000    0.4210144043E+000
 0.7878788    0.8504638672E-001    0.4035095215E+000
 0.7979798    0.9519653320E-001    0.4285888672E+000
 0.8080808    0.6835327148E-001    0.3951171875E+000
 0.8181818    0.9734497070E-001    0.4153564453E+000
 0.8282828    0.5297241211E-001    0.3908142090E+000
 0.8383838    0.6536865234E-001    0.4031616211E+000
 0.8484848    0.8325195313E-001    0.4237670898E+000
 0.8585859    0.4363403320E-001    0.3885375977E+000
 0.8686869    0.3701171875E-001    0.3855041504E+000
 0.8787879    0.5853271484E-001    0.4035095215E+000
 0.8888889    0.4627075195E-001    0.4014282227E+000
 0.8989899    0.5536499023E-001    0.3945068359E+000
 0.9090909    0.2281494141E-001    0.3995788574E+000
 0.9191919    0.3890380859E-001    0.3980346680E+000
 0.9292929    0.3971557617E-001    0.3983093262E+000
 0.9393939    0.5541992188E-001    0.4218017578E+000
 0.9494949    0.3446655273E-001    0.3939392090E+000
 0.9595960    0.3751831055E-001    0.3911193848E+000
 0.9696970    0.2137451172E-001    0.4013305664E+000
 0.9797980    0.0000000000E+000    0.3924560547E+000
 0.9898990    0.1010131836E-001    0.3953735352E+000
 1.0000000    0.1659545898E-001    0.3984313965E+000


