# Evolution of the weightfunction during equilibration phase for fractional: N2
# Weightfunction after cycle        560
 0.0000000    0.4800000000E+001    0.2500000000E+001
 0.0101010    0.4700000000E+001    0.2500000000E+001
 0.0202020    0.4700000000E+001    0.2800000000E+001
 0.0303030    0.4800000000E+001    0.3100000000E+001
 0.0404040    0.4400000000E+001    0.2400000000E+001
 0.0505051    0.4500000000E+001    0.3000000000E+001
 0.0606061    0.5200000000E+001    0.3900000000E+001
 0.0707071    0.5000000000E+001    0.2900000000E+001
 0.0808081    0.5000000000E+001    0.1700000000E+001
 0.0909091    0.5400000000E+001    0.2700000000E+001
 0.1010101    0.5700000000E+001    0.3300000000E+001
 0.1111111    0.5200000000E+001    0.2600000000E+001
 0.1212121    0.4500000000E+001    0.3200000000E+001
 0.1313131    0.5800000000E+001    0.2100000000E+001
 0.1414141    0.5200000000E+001    0.3300000000E+001
 0.1515152    0.3600000000E+001    0.1600000000E+001
 0.1616162    0.4100000000E+001    0.2800000000E+001
 0.1717172    0.4500000000E+001    0.2700000000E+001
 0.1818182    0.4500000000E+001    0.2100000000E+001
 0.1919192    0.5400000000E+001    0.2800000000E+001
 0.2020202    0.2900000000E+001    0.4000000000E+001
 0.2121212    0.2900000000E+001    0.3300000000E+001
 0.2222222    0.4100000000E+001    0.2200000000E+001
 0.2323232    0.3700000000E+001    0.2600000000E+001
 0.2424242    0.2700000000E+001    0.1900000000E+001
 0.2525253    0.4400000000E+001    0.3100000000E+001
 0.2626263    0.4000000000E+001    0.2100000000E+001
 0.2727273    0.3500000000E+001    0.2900000000E+001
 0.2828283    0.4700000000E+001    0.2200000000E+001
 0.2929293    0.4400000000E+001    0.2400000000E+001
 0.3030303    0.2300000000E+001    0.2300000000E+001
 0.3131313    0.4500000000E+001    0.3100000000E+001
 0.3232323    0.3200000000E+001    0.2800000000E+001
 0.3333333    0.2700000000E+001    0.3100000000E+001
 0.3434343    0.2400000000E+001    0.1700000000E+001
 0.3535354    0.5000000000E+001    0.2500000000E+001
 0.3636364    0.3200000000E+001    0.2000000000E+001
 0.3737374    0.3100000000E+001    0.2800000000E+001
 0.3838384    0.3200000000E+001    0.2200000000E+001
 0.3939394    0.3500000000E+001    0.3300000000E+001
 0.4040404    0.2600000000E+001    0.2100000000E+001
 0.4141414    0.2900000000E+001    0.2900000000E+001
 0.4242424    0.2500000000E+001    0.1900000000E+001
 0.4343434    0.1900000000E+001    0.2900000000E+001
 0.4444444    0.2300000000E+001    0.1400000000E+001
 0.4545455    0.2200000000E+001    0.1400000000E+001
 0.4646465    0.3500000000E+001    0.2100000000E+001
 0.4747475    0.1100000000E+001    0.2600000000E+001
 0.4848485    0.1600000000E+001    0.2600000000E+001
 0.4949495    0.1800000000E+001    0.2000000000E+001
 0.5050505    0.2800000000E+001    0.3100000000E+001
 0.5151515    0.2200000000E+001    0.3200000000E+001
 0.5252525    0.1200000000E+001    0.3100000000E+001
 0.5353535    0.1100000000E+001    0.2300000000E+001
 0.5454545    0.1300000000E+001    0.2200000000E+001
 0.5555556    0.6000000000E+000    0.2700000000E+001
 0.5656566    0.8000000000E+000    0.2900000000E+001
 0.5757576    0.8000000000E+000    0.2800000000E+001
 0.5858586    0.1600000000E+001    0.2500000000E+001
 0.5959596    0.1500000000E+001    0.3200000000E+001
 0.6060606    0.5000000000E+000    0.2500000000E+001
 0.6161616    0.6000000000E+000    0.2400000000E+001
 0.6262626    0.2700000000E+001    0.2400000000E+001
 0.6363636    0.1700000000E+001    0.2400000000E+001
 0.6464646    0.4000000000E+000    0.2300000000E+001
 0.6565657    0.8000000000E+000    0.3200000000E+001
 0.6666667    0.5000000000E+000    0.2600000000E+001
 0.6767677    0.1500000000E+001    0.3300000000E+001
 0.6868687    0.9000000000E+000    0.3100000000E+001
 0.6969697    0.2000000000E+001    0.2000000000E+001
 0.7070707    0.1500000000E+001    0.2600000000E+001
 0.7171717    0.1200000000E+001    0.2800000000E+001
 0.7272727    0.1000000000E+001    0.2800000000E+001
 0.7373737    0.6000000000E+000    0.2800000000E+001
 0.7474747    0.7000000000E+000    0.2700000000E+001
 0.7575758    0.1000000000E+001    0.2600000000E+001
 0.7676768    0.2000000000E+001    0.3300000000E+001
 0.7777778    0.1100000000E+001    0.2500000000E+001
 0.7878788    0.1400000000E+001    0.3000000000E+001
 0.7979798    0.6000000000E+000    0.2500000000E+001
 0.8080808    0.7000000000E+000    0.2500000000E+001
 0.8181818    0.9000000000E+000    0.2600000000E+001
 0.8282828    0.9000000000E+000    0.2800000000E+001
 0.8383838    0.1400000000E+001    0.3200000000E+001
 0.8484848    0.9000000000E+000    0.2600000000E+001
 0.8585859    0.1500000000E+001    0.3200000000E+001
 0.8686869    0.1100000000E+001    0.2900000000E+001
 0.8787879    0.1500000000E+001    0.2800000000E+001
 0.8888889    0.1300000000E+001    0.3100000000E+001
 0.8989899    0.1600000000E+001    0.3500000000E+001
 0.9090909    0.1500000000E+001    0.3100000000E+001
 0.9191919    0.3000000000E+000    0.2200000000E+001
 0.9292929    0.8000000000E+000    0.2500000000E+001
 0.9393939    0.1200000000E+001    0.2700000000E+001
 0.9494949    0.1300000000E+001    0.2700000000E+001
 0.9595960    0.1600000000E+001    0.3100000000E+001
 0.9696970    0.0000000000E+000    0.1700000000E+001
 0.9797980    0.9000000000E+000    0.2500000000E+001
 0.9898990    0.1500000000E+001    0.3400000000E+001
 1.0000000    0.1300000000E+001    0.3000000000E+001


# Weightfunction after cycle       1805
 0.0000000    0.4725000000E+001    0.2775000000E+001
 0.0101010    0.3925000000E+001    0.1925000000E+001
 0.0202020    0.3625000000E+001    0.1775000000E+001
 0.0303030    0.4925000000E+001    0.2500000000E+001
 0.0404040    0.4375000000E+001    0.2150000000E+001
 0.0505051    0.4475000000E+001    0.2425000000E+001
 0.0606061    0.4475000000E+001    0.2025000000E+001
 0.0707071    0.4775000000E+001    0.2075000000E+001
 0.0808081    0.5250000000E+001    0.2425000000E+001
 0.0909091    0.5475000000E+001    0.2225000000E+001
 0.1010101    0.5275000000E+001    0.2025000000E+001
 0.1111111    0.4925000000E+001    0.1625000000E+001
 0.1212121    0.5125000000E+001    0.1900000000E+001
 0.1313131    0.5625000000E+001    0.2175000000E+001
 0.1414141    0.5400000000E+001    0.2175000000E+001
 0.1515152    0.4900000000E+001    0.1875000000E+001
 0.1616162    0.4250000000E+001    0.2150000000E+001
 0.1717172    0.4450000000E+001    0.2150000000E+001
 0.1818182    0.4125000000E+001    0.2075000000E+001
 0.1919192    0.4675000000E+001    0.1925000000E+001
 0.2020202    0.3950000000E+001    0.2475000000E+001
 0.2121212    0.4100000000E+001    0.1875000000E+001
 0.2222222    0.3775000000E+001    0.2075000000E+001
 0.2323232    0.3500000000E+001    0.2000000000E+001
 0.2424242    0.3775000000E+001    0.2500000000E+001
 0.2525253    0.3975000000E+001    0.2025000000E+001
 0.2626263    0.3600000000E+001    0.2225000000E+001
 0.2727273    0.3675000000E+001    0.1925000000E+001
 0.2828283    0.3425000000E+001    0.1950000000E+001
 0.2929293    0.3725000000E+001    0.1875000000E+001
 0.3030303    0.3625000000E+001    0.1900000000E+001
 0.3131313    0.3325000000E+001    0.2375000000E+001
 0.3232323    0.3575000000E+001    0.2400000000E+001
 0.3333333    0.3675000000E+001    0.2250000000E+001
 0.3434343    0.3450000000E+001    0.2150000000E+001
 0.3535354    0.3475000000E+001    0.1775000000E+001
 0.3636364    0.3350000000E+001    0.2025000000E+001
 0.3737374    0.3200000000E+001    0.2050000000E+001
 0.3838384    0.3475000000E+001    0.2275000000E+001
 0.3939394    0.3150000000E+001    0.2150000000E+001
 0.4040404    0.2950000000E+001    0.2000000000E+001
 0.4141414    0.2800000000E+001    0.1800000000E+001
 0.4242424    0.2275000000E+001    0.1675000000E+001
 0.4343434    0.1850000000E+001    0.1900000000E+001
 0.4444444    0.1675000000E+001    0.2175000000E+001
 0.4545455    0.1525000000E+001    0.1925000000E+001
 0.4646465    0.1325000000E+001    0.2400000000E+001
 0.4747475    0.1175000000E+001    0.2100000000E+001
 0.4848485    0.1025000000E+001    0.1825000000E+001
 0.4949495    0.5500000000E+000    0.2275000000E+001
 0.5050505    0.6250000000E+000    0.2525000000E+001
 0.5151515    0.5250000000E+000    0.2525000000E+001
 0.5252525    0.4750000000E+000    0.2300000000E+001
 0.5353535    0.6500000000E+000    0.2250000000E+001
 0.5454545    0.5250000000E+000    0.1850000000E+001
 0.5555556    0.3750000000E+000    0.1575000000E+001
 0.5656566    0.6750000000E+000    0.1800000000E+001
 0.5757576    0.4750000000E+000    0.1325000000E+001
 0.5858586    0.4000000000E+000    0.1725000000E+001
 0.5959596    0.1025000000E+001    0.1825000000E+001
 0.6060606    0.6000000000E+000    0.2100000000E+001
 0.6161616    0.8000000000E+000    0.2175000000E+001
 0.6262626    0.5500000000E+000    0.1850000000E+001
 0.6363636    0.4000000000E+000    0.1600000000E+001
 0.6464646    0.7250000000E+000    0.2200000000E+001
 0.6565657    0.5250000000E+000    0.2250000000E+001
 0.6666667    0.7000000000E+000    0.1975000000E+001
 0.6767677    0.7250000000E+000    0.1650000000E+001
 0.6868687    0.8500000000E+000    0.1975000000E+001
 0.6969697    0.7750000000E+000    0.2075000000E+001
 0.7070707    0.6000000000E+000    0.2225000000E+001
 0.7171717    0.6500000000E+000    0.2275000000E+001
 0.7272727    0.5500000000E+000    0.2200000000E+001
 0.7373737    0.4500000000E+000    0.2000000000E+001
 0.7474747    0.7750000000E+000    0.2375000000E+001
 0.7575758    0.4750000000E+000    0.1925000000E+001
 0.7676768    0.6500000000E+000    0.2075000000E+001
 0.7777778    0.5750000000E+000    0.2175000000E+001
 0.7878788    0.5500000000E+000    0.2050000000E+001
 0.7979798    0.5250000000E+000    0.2250000000E+001
 0.8080808    0.2500000000E+000    0.1900000000E+001
 0.8181818    0.8000000000E+000    0.2450000000E+001
 0.8282828    0.3750000000E+000    0.2025000000E+001
 0.8383838    0.2750000000E+000    0.1950000000E+001
 0.8484848    0.3750000000E+000    0.2000000000E+001
 0.8585859    0.8500000000E+000    0.2475000000E+001
 0.8686869    0.4250000000E+000    0.2225000000E+001
 0.8787879    0.3750000000E+000    0.2225000000E+001
 0.8888889    0.6750000000E+000    0.2525000000E+001
 0.8989899    0.6000000000E+000    0.2500000000E+001
 0.9090909    0.3250000000E+000    0.2250000000E+001
 0.9191919    0.3000000000E+000    0.2100000000E+001
 0.9292929    0.3000000000E+000    0.2300000000E+001
 0.9393939    0.4500000000E+000    0.2075000000E+001
 0.9494949    0.1750000000E+000    0.2025000000E+001
 0.9595960    0.0000000000E+000    0.2000000000E+001
 0.9696970    0.2500000000E-001    0.1850000000E+001
 0.9797980    0.2500000000E+000    0.2050000000E+001
 0.9898990    0.4000000000E+000    0.2125000000E+001
 1.0000000    0.6000000000E+000    0.2475000000E+001


# Weightfunction after cycle       5278
 0.0000000    0.4650000000E+001    0.2731250000E+001
 0.0101010    0.4593750000E+001    0.2750000000E+001
 0.0202020    0.4581250000E+001    0.2550000000E+001
 0.0303030    0.4643750000E+001    0.2562500000E+001
 0.0404040    0.4737500000E+001    0.2643750000E+001
 0.0505051    0.5093750000E+001    0.2818750000E+001
 0.0606061    0.4956250000E+001    0.2737500000E+001
 0.0707071    0.5287500000E+001    0.2631250000E+001
 0.0808081    0.5325000000E+001    0.2850000000E+001
 0.0909091    0.5600000000E+001    0.2625000000E+001
 0.1010101    0.5762500000E+001    0.2825000000E+001
 0.1111111    0.6037500000E+001    0.2600000000E+001
 0.1212121    0.5887500000E+001    0.2450000000E+001
 0.1313131    0.5943750000E+001    0.2575000000E+001
 0.1414141    0.5950000000E+001    0.2718750000E+001
 0.1515152    0.5981250000E+001    0.2843750000E+001
 0.1616162    0.5825000000E+001    0.2793750000E+001
 0.1717172    0.5700000000E+001    0.2531250000E+001
 0.1818182    0.5481250000E+001    0.2625000000E+001
 0.1919192    0.5618750000E+001    0.2768750000E+001
 0.2020202    0.5456250000E+001    0.2862500000E+001
 0.2121212    0.5118750000E+001    0.2775000000E+001
 0.2222222    0.5468750000E+001    0.2450000000E+001
 0.2323232    0.5018750000E+001    0.2618750000E+001
 0.2424242    0.5325000000E+001    0.2531250000E+001
 0.2525253    0.4825000000E+001    0.2762500000E+001
 0.2626263    0.4475000000E+001    0.2718750000E+001
 0.2727273    0.4493750000E+001    0.2556250000E+001
 0.2828283    0.4475000000E+001    0.2431250000E+001
 0.2929293    0.4281250000E+001    0.2543750000E+001
 0.3030303    0.4256250000E+001    0.2643750000E+001
 0.3131313    0.4025000000E+001    0.2656250000E+001
 0.3232323    0.3887500000E+001    0.2675000000E+001
 0.3333333    0.3987500000E+001    0.2606250000E+001
 0.3434343    0.3462500000E+001    0.2368750000E+001
 0.3535354    0.3412500000E+001    0.2631250000E+001
 0.3636364    0.3312500000E+001    0.2575000000E+001
 0.3737374    0.2793750000E+001    0.2650000000E+001
 0.3838384    0.3093750000E+001    0.2675000000E+001
 0.3939394    0.2837500000E+001    0.2468750000E+001
 0.4040404    0.2318750000E+001    0.2425000000E+001
 0.4141414    0.2331250000E+001    0.2431250000E+001
 0.4242424    0.1993750000E+001    0.2500000000E+001
 0.4343434    0.1662500000E+001    0.2543750000E+001
 0.4444444    0.1725000000E+001    0.2475000000E+001
 0.4545455    0.1493750000E+001    0.2162500000E+001
 0.4646465    0.1106250000E+001    0.2318750000E+001
 0.4747475    0.7812500000E+000    0.2193750000E+001
 0.4848485    0.6937500000E+000    0.2456250000E+001
 0.4949495    0.3312500000E+000    0.2262500000E+001
 0.5050505    0.1875000000E+000    0.2243750000E+001
 0.5151515    0.3375000000E+000    0.2306250000E+001
 0.5252525    0.1812500000E+000    0.2287500000E+001
 0.5353535    0.1500000000E+000    0.2100000000E+001
 0.5454545    0.1812500000E+000    0.2187500000E+001
 0.5555556    0.3062500000E+000    0.2262500000E+001
 0.5656566    0.2875000000E+000    0.2325000000E+001
 0.5757576    0.2812500000E+000    0.2250000000E+001
 0.5858586    0.3125000000E+000    0.2218750000E+001
 0.5959596    0.2875000000E+000    0.2306250000E+001
 0.6060606    0.3000000000E+000    0.2281250000E+001
 0.6161616    0.3437500000E+000    0.2312500000E+001
 0.6262626    0.3625000000E+000    0.2281250000E+001
 0.6363636    0.8750000000E-001    0.2237500000E+001
 0.6464646    0.3000000000E+000    0.2243750000E+001
 0.6565657    0.2437500000E+000    0.2150000000E+001
 0.6666667    0.3250000000E+000    0.2200000000E+001
 0.6767677    0.2125000000E+000    0.2156250000E+001
 0.6868687    0.3125000000E+000    0.2250000000E+001
 0.6969697    0.3625000000E+000    0.2312500000E+001
 0.7070707    0.1937500000E+000    0.2225000000E+001
 0.7171717    0.2062500000E+000    0.2168750000E+001
 0.7272727    0.2500000000E+000    0.2168750000E+001
 0.7373737    0.2250000000E+000    0.2225000000E+001
 0.7474747    0.2312500000E+000    0.2193750000E+001
 0.7575758    0.3437500000E+000    0.2337500000E+001
 0.7676768    0.2062500000E+000    0.2231250000E+001
 0.7777778    0.2375000000E+000    0.2225000000E+001
 0.7878788    0.2750000000E+000    0.2212500000E+001
 0.7979798    0.2750000000E+000    0.2250000000E+001
 0.8080808    0.1250000000E+000    0.2181250000E+001
 0.8181818    0.2375000000E+000    0.2281250000E+001
 0.8282828    0.4625000000E+000    0.2406250000E+001
 0.8383838    0.3812500000E+000    0.2275000000E+001
 0.8484848    0.1250000000E+000    0.2100000000E+001
 0.8585859    0.3625000000E+000    0.2312500000E+001
 0.8686869    0.4125000000E+000    0.2375000000E+001
 0.8787879    0.2500000000E+000    0.2362500000E+001
 0.8888889    0.2750000000E+000    0.2206250000E+001
 0.8989899    0.0000000000E+000    0.2050000000E+001
 0.9090909    0.2500000000E+000    0.2175000000E+001
 0.9191919    0.2625000000E+000    0.2350000000E+001
 0.9292929    0.9375000000E-001    0.2231250000E+001
 0.9393939    0.4125000000E+000    0.2518750000E+001
 0.9494949    0.2187500000E+000    0.2331250000E+001
 0.9595960    0.2312500000E+000    0.2306250000E+001
 0.9696970    0.1750000000E+000    0.2193750000E+001
 0.9797980    0.9375000000E-001    0.2206250000E+001
 0.9898990    0.9375000000E-001    0.2268750000E+001
 1.0000000    0.2687500000E+000    0.2400000000E+001


# Weightfunction after cycle      10130
 0.0000000    0.4535937500E+001    0.2718750000E+001
 0.0101010    0.4567187500E+001    0.2746875000E+001
 0.0202020    0.4571875000E+001    0.2692187500E+001
 0.0303030    0.4637500000E+001    0.2725000000E+001
 0.0404040    0.4657812500E+001    0.2712500000E+001
 0.0505051    0.4832812500E+001    0.2646875000E+001
 0.0606061    0.4923437500E+001    0.2632812500E+001
 0.0707071    0.5198437500E+001    0.2745312500E+001
 0.0808081    0.5307812500E+001    0.2693750000E+001
 0.0909091    0.5479687500E+001    0.2704687500E+001
 0.1010101    0.5690625000E+001    0.2737500000E+001
 0.1111111    0.5701562500E+001    0.2782812500E+001
 0.1212121    0.5984375000E+001    0.2757812500E+001
 0.1313131    0.5773437500E+001    0.2651562500E+001
 0.1414141    0.5792187500E+001    0.2782812500E+001
 0.1515152    0.5912500000E+001    0.2660937500E+001
 0.1616162    0.5856250000E+001    0.2759375000E+001
 0.1717172    0.5921875000E+001    0.2612500000E+001
 0.1818182    0.5704687500E+001    0.2648437500E+001
 0.1919192    0.5765625000E+001    0.2620312500E+001
 0.2020202    0.5589062500E+001    0.2740625000E+001
 0.2121212    0.5625000000E+001    0.2695312500E+001
 0.2222222    0.5562500000E+001    0.2695312500E+001
 0.2323232    0.5301562500E+001    0.2657812500E+001
 0.2424242    0.5045312500E+001    0.2676562500E+001
 0.2525253    0.5135937500E+001    0.2621875000E+001
 0.2626263    0.4982812500E+001    0.2653125000E+001
 0.2727273    0.4950000000E+001    0.2645312500E+001
 0.2828283    0.4875000000E+001    0.2701562500E+001
 0.2929293    0.4509375000E+001    0.2587500000E+001
 0.3030303    0.4368750000E+001    0.2690625000E+001
 0.3131313    0.4268750000E+001    0.2700000000E+001
 0.3232323    0.4156250000E+001    0.2648437500E+001
 0.3333333    0.3892187500E+001    0.2629687500E+001
 0.3434343    0.3837500000E+001    0.2664062500E+001
 0.3535354    0.3656250000E+001    0.2654687500E+001
 0.3636364    0.3356250000E+001    0.2657812500E+001
 0.3737374    0.3235937500E+001    0.2618750000E+001
 0.3838384    0.2846875000E+001    0.2665625000E+001
 0.3939394    0.2864062500E+001    0.2553125000E+001
 0.4040404    0.2576562500E+001    0.2650000000E+001
 0.4141414    0.2353125000E+001    0.2589062500E+001
 0.4242424    0.2078125000E+001    0.2600000000E+001
 0.4343434    0.2010937500E+001    0.2487500000E+001
 0.4444444    0.1643750000E+001    0.2595312500E+001
 0.4545455    0.1446875000E+001    0.2585937500E+001
 0.4646465    0.1198437500E+001    0.2557812500E+001
 0.4747475    0.1029687500E+001    0.2523437500E+001
 0.4848485    0.8578125000E+000    0.2646875000E+001
 0.4949495    0.5546875000E+000    0.2550000000E+001
 0.5050505    0.4546875000E+000    0.2476562500E+001
 0.5151515    0.3781250000E+000    0.2537500000E+001
 0.5252525    0.3781250000E+000    0.2635937500E+001
 0.5353535    0.3187500000E+000    0.2487500000E+001
 0.5454545    0.2921875000E+000    0.2493750000E+001
 0.5555556    0.3359375000E+000    0.2545312500E+001
 0.5656566    0.3187500000E+000    0.2579687500E+001
 0.5757576    0.2984375000E+000    0.2503125000E+001
 0.5858586    0.3703125000E+000    0.2571875000E+001
 0.5959596    0.3468750000E+000    0.2606250000E+001
 0.6060606    0.2296875000E+000    0.2532812500E+001
 0.6161616    0.4796875000E+000    0.2540625000E+001
 0.6262626    0.3546875000E+000    0.2531250000E+001
 0.6363636    0.3156250000E+000    0.2437500000E+001
 0.6464646    0.2609375000E+000    0.2506250000E+001
 0.6565657    0.2593750000E+000    0.2557812500E+001
 0.6666667    0.1921875000E+000    0.2512500000E+001
 0.6767677    0.3656250000E+000    0.2539062500E+001
 0.6868687    0.2468750000E+000    0.2392187500E+001
 0.6969697    0.2687500000E+000    0.2637500000E+001
 0.7070707    0.2156250000E+000    0.2467187500E+001
 0.7171717    0.3000000000E+000    0.2571875000E+001
 0.7272727    0.2765625000E+000    0.2526562500E+001
 0.7373737    0.2375000000E+000    0.2518750000E+001
 0.7474747    0.2671875000E+000    0.2592187500E+001
 0.7575758    0.2406250000E+000    0.2521875000E+001
 0.7676768    0.2781250000E+000    0.2575000000E+001
 0.7777778    0.2046875000E+000    0.2521875000E+001
 0.7878788    0.1609375000E+000    0.2534375000E+001
 0.7979798    0.1750000000E+000    0.2467187500E+001
 0.8080808    0.2703125000E+000    0.2615625000E+001
 0.8181818    0.1546875000E+000    0.2495312500E+001
 0.8282828    0.1750000000E+000    0.2542187500E+001
 0.8383838    0.2328125000E+000    0.2587500000E+001
 0.8484848    0.1984375000E+000    0.2550000000E+001
 0.8585859    0.1500000000E+000    0.2539062500E+001
 0.8686869    0.1890625000E+000    0.2562500000E+001
 0.8787879    0.1750000000E+000    0.2545312500E+001
 0.8888889    0.1640625000E+000    0.2510937500E+001
 0.8989899    0.1140625000E+000    0.2493750000E+001
 0.9090909    0.1578125000E+000    0.2553125000E+001
 0.9191919    0.2234375000E+000    0.2564062500E+001
 0.9292929    0.1531250000E+000    0.2498437500E+001
 0.9393939    0.1375000000E+000    0.2532812500E+001
 0.9494949    0.9062500000E-001    0.2481250000E+001
 0.9595960    0.0000000000E+000    0.2496875000E+001
 0.9696970    0.1062500000E+000    0.2531250000E+001
 0.9797980    0.1296875000E+000    0.2548437500E+001
 0.9898990    0.2000000000E+000    0.2610937500E+001
 1.0000000    0.1109375000E+000    0.2509375000E+001


# Weightfunction after cycle      56601
 0.0000000    0.5996875000E+001    0.4208984375E+001
 0.0101010    0.5960937500E+001    0.4175781250E+001
 0.0202020    0.6014453125E+001    0.4195312500E+001
 0.0303030    0.6005859375E+001    0.4151562500E+001
 0.0404040    0.6183203125E+001    0.4185546875E+001
 0.0505051    0.6258203125E+001    0.4168750000E+001
 0.0606061    0.6408984375E+001    0.4158203125E+001
 0.0707071    0.6632421875E+001    0.4226562500E+001
 0.0808081    0.6785937500E+001    0.4181250000E+001
 0.0909091    0.6981640625E+001    0.4183593750E+001
 0.1010101    0.7134375000E+001    0.4199218750E+001
 0.1111111    0.7182421875E+001    0.4160937500E+001
 0.1212121    0.7260156250E+001    0.4213281250E+001
 0.1313131    0.7207812500E+001    0.4161718750E+001
 0.1414141    0.7247656250E+001    0.4251953125E+001
 0.1515152    0.7285546875E+001    0.4191406250E+001
 0.1616162    0.7221875000E+001    0.4171093750E+001
 0.1717172    0.7079687500E+001    0.4240625000E+001
 0.1818182    0.7023828125E+001    0.4207812500E+001
 0.1919192    0.6873828125E+001    0.4189453125E+001
 0.2020202    0.6729296875E+001    0.4165625000E+001
 0.2121212    0.6544531250E+001    0.4185156250E+001
 0.2222222    0.6355468750E+001    0.4226171875E+001
 0.2323232    0.6257031250E+001    0.4204687500E+001
 0.2424242    0.6023437500E+001    0.4185546875E+001
 0.2525253    0.5842968750E+001    0.4163671875E+001
 0.2626263    0.5658203125E+001    0.4177734375E+001
 0.2727273    0.5446875000E+001    0.4169531250E+001
 0.2828283    0.5289843750E+001    0.4178125000E+001
 0.2929293    0.5004296875E+001    0.4189062500E+001
 0.3030303    0.4850390625E+001    0.4175000000E+001
 0.3131313    0.4564062500E+001    0.4186718750E+001
 0.3232323    0.4427734375E+001    0.4212890625E+001
 0.3333333    0.4209375000E+001    0.4192187500E+001
 0.3434343    0.4010937500E+001    0.4230078125E+001
 0.3535354    0.3833593750E+001    0.4195312500E+001
 0.3636364    0.3474609375E+001    0.4187109375E+001
 0.3737374    0.3330468750E+001    0.4180859375E+001
 0.3838384    0.3081640625E+001    0.4155468750E+001
 0.3939394    0.2822656250E+001    0.4177343750E+001
 0.4040404    0.2613281250E+001    0.4133984375E+001
 0.4141414    0.2332031250E+001    0.4169531250E+001
 0.4242424    0.2158203125E+001    0.4191796875E+001
 0.4343434    0.1868359375E+001    0.4148828125E+001
 0.4444444    0.1603906250E+001    0.4150000000E+001
 0.4545455    0.1407421875E+001    0.4184375000E+001
 0.4646465    0.1153906250E+001    0.4189843750E+001
 0.4747475    0.8722656250E+000    0.4176953125E+001
 0.4848485    0.5976562500E+000    0.4174609375E+001
 0.4949495    0.3859375000E+000    0.4151953125E+001
 0.5050505    0.1921875000E+000    0.4127734375E+001
 0.5151515    0.2574218750E+000    0.4157031250E+001
 0.5252525    0.1484375000E+000    0.4132812500E+001
 0.5353535    0.2019531250E+000    0.4154296875E+001
 0.5454545    0.2273437500E+000    0.4166406250E+001
 0.5555556    0.2511718750E+000    0.4192968750E+001
 0.5656566    0.2054687500E+000    0.4175781250E+001
 0.5757576    0.1859375000E+000    0.4125781250E+001
 0.5858586    0.1968750000E+000    0.4108984375E+001
 0.5959596    0.2484375000E+000    0.4146875000E+001
 0.6060606    0.2085937500E+000    0.4168750000E+001
 0.6161616    0.2328125000E+000    0.4119921875E+001
 0.6262626    0.2066406250E+000    0.4185156250E+001
 0.6363636    0.1847656250E+000    0.4147265625E+001
 0.6464646    0.1789062500E+000    0.4181250000E+001
 0.6565657    0.1816406250E+000    0.4163281250E+001
 0.6666667    0.2125000000E+000    0.4162109375E+001
 0.6767677    0.1335937500E+000    0.4128906250E+001
 0.6868687    0.1296875000E+000    0.4167968750E+001
 0.6969697    0.2019531250E+000    0.4131640625E+001
 0.7070707    0.1804687500E+000    0.4157421875E+001
 0.7171717    0.1914062500E+000    0.4163671875E+001
 0.7272727    0.1773437500E+000    0.4166406250E+001
 0.7373737    0.1386718750E+000    0.4147265625E+001
 0.7474747    0.1718750000E+000    0.4176953125E+001
 0.7575758    0.1484375000E+000    0.4137890625E+001
 0.7676768    0.1554687500E+000    0.4159765625E+001
 0.7777778    0.1445312500E+000    0.4158593750E+001
 0.7878788    0.1746093750E+000    0.4169140625E+001
 0.7979798    0.1406250000E+000    0.4139453125E+001
 0.8080808    0.1488281250E+000    0.4159375000E+001
 0.8181818    0.1285156250E+000    0.4166796875E+001
 0.8282828    0.1808593750E+000    0.4208984375E+001
 0.8383838    0.1484375000E+000    0.4170703125E+001
 0.8484848    0.1050781250E+000    0.4144531250E+001
 0.8585859    0.9921875000E-001    0.4145312500E+001
 0.8686869    0.1023437500E+000    0.4147656250E+001
 0.8787879    0.8632812500E-001    0.4171093750E+001
 0.8888889    0.7578125000E-001    0.4119921875E+001
 0.8989899    0.4609375000E-001    0.4107421875E+001
 0.9090909    0.5429687500E-001    0.4130078125E+001
 0.9191919    0.6171875000E-001    0.4146093750E+001
 0.9292929    0.4335937500E-001    0.4143359375E+001
 0.9393939    0.7500000000E-001    0.4135156250E+001
 0.9494949    0.7382812500E-001    0.4166796875E+001
 0.9595960    0.3164062500E-001    0.4139453125E+001
 0.9696970    0.2382812500E-001    0.4132031250E+001
 0.9797980    0.2890625000E-001    0.4158593750E+001
 0.9898990    0.0000000000E+000    0.4112890625E+001
 1.0000000    0.8046875000E-001    0.4173437500E+001


# Weightfunction after cycle      66674
 0.0000000    0.5948828125E+001    0.4170117187E+001
 0.0101010    0.5936621094E+001    0.4159960937E+001
 0.0202020    0.5958300781E+001    0.4158203125E+001
 0.0303030    0.6011425781E+001    0.4159765625E+001
 0.0404040    0.6156347656E+001    0.4179687500E+001
 0.0505051    0.6228222656E+001    0.4145214844E+001
 0.0606061    0.6397656250E+001    0.4155078125E+001
 0.0707071    0.6616992187E+001    0.4184570312E+001
 0.0808081    0.6734960937E+001    0.4137304687E+001
 0.0909091    0.6978222656E+001    0.4175488281E+001
 0.1010101    0.7052539062E+001    0.4153417969E+001
 0.1111111    0.7109179687E+001    0.4149414062E+001
 0.1212121    0.7205664062E+001    0.4156445312E+001
 0.1313131    0.7208984375E+001    0.4131054687E+001
 0.1414141    0.7220019531E+001    0.4186230469E+001
 0.1515152    0.7196289062E+001    0.4179785156E+001
 0.1616162    0.7179003906E+001    0.4146289062E+001
 0.1717172    0.7034863281E+001    0.4190332031E+001
 0.1818182    0.6945703125E+001    0.4190722656E+001
 0.1919192    0.6841503906E+001    0.4173828125E+001
 0.2020202    0.6717187500E+001    0.4149511719E+001
 0.2121212    0.6517187500E+001    0.4173828125E+001
 0.2222222    0.6360156250E+001    0.4186621094E+001
 0.2323232    0.6218847656E+001    0.4188183594E+001
 0.2424242    0.6016699219E+001    0.4167382812E+001
 0.2525253    0.5820703125E+001    0.4142382812E+001
 0.2626263    0.5635058594E+001    0.4151953125E+001
 0.2727273    0.5425097656E+001    0.4144042969E+001
 0.2828283    0.5275097656E+001    0.4161914062E+001
 0.2929293    0.4991796875E+001    0.4164160156E+001
 0.3030303    0.4817382812E+001    0.4149023437E+001
 0.3131313    0.4582031250E+001    0.4166796875E+001
 0.3232323    0.4398046875E+001    0.4170019531E+001
 0.3333333    0.4177441406E+001    0.4152636719E+001
 0.3434343    0.3978906250E+001    0.4199121094E+001
 0.3535354    0.3774902344E+001    0.4171093750E+001
 0.3636364    0.3462207031E+001    0.4152832031E+001
 0.3737374    0.3324023437E+001    0.4158105469E+001
 0.3838384    0.3065722656E+001    0.4150292969E+001
 0.3939394    0.2802050781E+001    0.4157324219E+001
 0.4040404    0.2559863281E+001    0.4130566406E+001
 0.4141414    0.2352832031E+001    0.4169921875E+001
 0.4242424    0.2129394531E+001    0.4169433594E+001
 0.4343434    0.1844628906E+001    0.4163476562E+001
 0.4444444    0.1570996094E+001    0.4129882812E+001
 0.4545455    0.1390917969E+001    0.4145117187E+001
 0.4646465    0.1128320312E+001    0.4166015625E+001
 0.4747475    0.8641601562E+000    0.4161816406E+001
 0.4848485    0.5912109375E+000    0.4138574219E+001
 0.4949495    0.3599609375E+000    0.4156347656E+001
 0.5050505    0.1877929687E+000    0.4114550781E+001
 0.5151515    0.2345703125E+000    0.4139648437E+001
 0.5252525    0.1633789062E+000    0.4118945312E+001
 0.5353535    0.2015625000E+000    0.4142382812E+001
 0.5454545    0.1923828125E+000    0.4138671875E+001
 0.5555556    0.2282226562E+000    0.4163281250E+001
 0.5656566    0.1797851562E+000    0.4140722656E+001
 0.5757576    0.1611328125E+000    0.4127050781E+001
 0.5858586    0.1961914062E+000    0.4117285156E+001
 0.5959596    0.2063476562E+000    0.4150878906E+001
 0.6060606    0.1875976562E+000    0.4130468750E+001
 0.6161616    0.1982421875E+000    0.4112011719E+001
 0.6262626    0.1956054687E+000    0.4175976562E+001
 0.6363636    0.1664062500E+000    0.4139648437E+001
 0.6464646    0.1699218750E+000    0.4149218750E+001
 0.6565657    0.1612304687E+000    0.4148730469E+001
 0.6666667    0.1711914062E+000    0.4144921875E+001
 0.6767677    0.1403320312E+000    0.4104785156E+001
 0.6868687    0.1205078125E+000    0.4149414062E+001
 0.6969697    0.1592773437E+000    0.4137109375E+001
 0.7070707    0.1506835937E+000    0.4135742187E+001
 0.7171717    0.1627929687E+000    0.4141210937E+001
 0.7272727    0.1458984375E+000    0.4136718750E+001
 0.7373737    0.1242187500E+000    0.4123242187E+001
 0.7474747    0.1633789062E+000    0.4170800781E+001
 0.7575758    0.1462890625E+000    0.4129394531E+001
 0.7676768    0.1308593750E+000    0.4145410156E+001
 0.7777778    0.1342773437E+000    0.4138671875E+001
 0.7878788    0.1380859375E+000    0.4146093750E+001
 0.7979798    0.1284179687E+000    0.4145996094E+001
 0.8080808    0.1161132812E+000    0.4140136719E+001
 0.8181818    0.1184570312E+000    0.4151464844E+001
 0.8282828    0.1263671875E+000    0.4160546875E+001
 0.8383838    0.1121093750E+000    0.4146875000E+001
 0.8484848    0.9082031250E-001    0.4139843750E+001
 0.8585859    0.7783203125E-001    0.4138867187E+001
 0.8686869    0.8378906250E-001    0.4137109375E+001
 0.8787879    0.5488281250E-001    0.4130468750E+001
 0.8888889    0.5712890625E-001    0.4118457031E+001
 0.8989899    0.4921875000E-001    0.4118554687E+001
 0.9090909    0.3134765625E-001    0.4119531250E+001
 0.9191919    0.6562500000E-001    0.4137890625E+001
 0.9292929    0.2812500000E-001    0.4116894531E+001
 0.9393939    0.6093750000E-001    0.4125878906E+001
 0.9494949    0.5380859375E-001    0.4159863281E+001
 0.9595960    0.2919921875E-001    0.4132324219E+001
 0.9696970    0.1015625000E-001    0.4118554687E+001
 0.9797980    0.3779296875E-001    0.4143457031E+001
 0.9898990    0.0000000000E+000    0.4114453125E+001
 1.0000000    0.2949218750E-001    0.4139257812E+001


# Weightfunction after cycle      88617
 0.0000000    0.5970190430E+001    0.4195361328E+001
 0.0101010    0.5957324219E+001    0.4183642578E+001
 0.0202020    0.5992089844E+001    0.4190917969E+001
 0.0303030    0.6043310547E+001    0.4182910156E+001
 0.0404040    0.6179833984E+001    0.4205322266E+001
 0.0505051    0.6254638672E+001    0.4172265625E+001
 0.0606061    0.6428125000E+001    0.4182958984E+001
 0.0707071    0.6631274414E+001    0.4211840820E+001
 0.0808081    0.6768847656E+001    0.4171362305E+001
 0.0909091    0.6975488281E+001    0.4198022461E+001
 0.1010101    0.7073217773E+001    0.4183935547E+001
 0.1111111    0.7147045898E+001    0.4173510742E+001
 0.1212121    0.7245922852E+001    0.4190014648E+001
 0.1313131    0.7230249023E+001    0.4170507812E+001
 0.1414141    0.7254248047E+001    0.4199169922E+001
 0.1515152    0.7222802734E+001    0.4197021484E+001
 0.1616162    0.7188818359E+001    0.4175390625E+001
 0.1717172    0.7058349609E+001    0.4203881836E+001
 0.1818182    0.6960253906E+001    0.4206445312E+001
 0.1919192    0.6847534180E+001    0.4193212891E+001
 0.2020202    0.6739355469E+001    0.4175341797E+001
 0.2121212    0.6540283203E+001    0.4198535156E+001
 0.2222222    0.6384887695E+001    0.4203173828E+001
 0.2323232    0.6231860352E+001    0.4207446289E+001
 0.2424242    0.6040136719E+001    0.4186962891E+001
 0.2525253    0.5842041016E+001    0.4174145508E+001
 0.2626263    0.5653808594E+001    0.4173046875E+001
 0.2727273    0.5456469727E+001    0.4175000000E+001
 0.2828283    0.5285302734E+001    0.4187817383E+001
 0.2929293    0.5023046875E+001    0.4190600586E+001
 0.3030303    0.4839453125E+001    0.4171752930E+001
 0.3131313    0.4602539062E+001    0.4185815430E+001
 0.3232323    0.4416333008E+001    0.4189013672E+001
 0.3333333    0.4196484375E+001    0.4168872070E+001
 0.3434343    0.3989013672E+001    0.4208911133E+001
 0.3535354    0.3790649414E+001    0.4180419922E+001
 0.3636364    0.3485253906E+001    0.4180224609E+001
 0.3737374    0.3334228516E+001    0.4180371094E+001
 0.3838384    0.3068041992E+001    0.4170556641E+001
 0.3939394    0.2815258789E+001    0.4178955078E+001
 0.4040404    0.2574096680E+001    0.4159692383E+001
 0.4141414    0.2350219727E+001    0.4189379883E+001
 0.4242424    0.2120410156E+001    0.4187524414E+001
 0.4343434    0.1843212891E+001    0.4179003906E+001
 0.4444444    0.1583544922E+001    0.4155688477E+001
 0.4545455    0.1378564453E+001    0.4165429687E+001
 0.4646465    0.1114062500E+001    0.4182104492E+001
 0.4747475    0.8515380859E+000    0.4178588867E+001
 0.4848485    0.5813476562E+000    0.4153759766E+001
 0.4949495    0.3478027344E+000    0.4174389648E+001
 0.5050505    0.1928955078E+000    0.4141821289E+001
 0.5151515    0.2149414062E+000    0.4159985352E+001
 0.5252525    0.1701904297E+000    0.4145141602E+001
 0.5353535    0.1950195312E+000    0.4166381836E+001
 0.5454545    0.1947021484E+000    0.4153198242E+001
 0.5555556    0.2163085937E+000    0.4173510742E+001
 0.5656566    0.1768310547E+000    0.4161694336E+001
 0.5757576    0.1683349609E+000    0.4154760742E+001
 0.5858586    0.1940673828E+000    0.4144555664E+001
 0.5959596    0.2031250000E+000    0.4165234375E+001
 0.6060606    0.1894042969E+000    0.4149780273E+001
 0.6161616    0.1927246094E+000    0.4133203125E+001
 0.6262626    0.1859375000E+000    0.4180151367E+001
 0.6363636    0.1637451172E+000    0.4154223633E+001
 0.6464646    0.1812011719E+000    0.4165502930E+001
 0.6565657    0.1632568359E+000    0.4165454102E+001
 0.6666667    0.1684570312E+000    0.4157836914E+001
 0.6767677    0.1497070312E+000    0.4132202148E+001
 0.6868687    0.1215087891E+000    0.4163134766E+001
 0.6969697    0.1552490234E+000    0.4154248047E+001
 0.7070707    0.1460693359E+000    0.4149291992E+001
 0.7171717    0.1560302734E+000    0.4155981445E+001
 0.7272727    0.1446289062E+000    0.4153466797E+001
 0.7373737    0.1319091797E+000    0.4145629883E+001
 0.7474747    0.1608886719E+000    0.4184960937E+001
 0.7575758    0.1360839844E+000    0.4148999023E+001
 0.7676768    0.1303710937E+000    0.4162768555E+001
 0.7777778    0.1313720703E+000    0.4155175781E+001
 0.7878788    0.1318603516E+000    0.4163134766E+001
 0.7979798    0.1279541016E+000    0.4166479492E+001
 0.8080808    0.1165283203E+000    0.4155883789E+001
 0.8181818    0.1193115234E+000    0.4168530273E+001
 0.8282828    0.1195800781E+000    0.4171240234E+001
 0.8383838    0.1102050781E+000    0.4160961914E+001
 0.8484848    0.8913574219E-001    0.4157763672E+001
 0.8585859    0.8034667969E-001    0.4158935547E+001
 0.8686869    0.8715820312E-001    0.4154467773E+001
 0.8787879    0.6464843750E-001    0.4152270508E+001
 0.8888889    0.5786132812E-001    0.4140576172E+001
 0.8989899    0.5937500000E-001    0.4143969727E+001
 0.9090909    0.4353027344E-001    0.4145410156E+001
 0.9191919    0.6059570312E-001    0.4155395508E+001
 0.9292929    0.2922363281E-001    0.4139038086E+001
 0.9393939    0.6120605469E-001    0.4149316406E+001
 0.9494949    0.5385742187E-001    0.4177612305E+001
 0.9595960    0.3029785156E-001    0.4152685547E+001
 0.9696970    0.1542968750E-001    0.4139331055E+001
 0.9797980    0.3737792969E-001    0.4162426758E+001
 0.9898990    0.0000000000E+000    0.4131445312E+001
 1.0000000    0.2861328125E-001    0.4155712891E+001


