# Evolution of the weightfunction during equilibration phase for fractional: N2
# Weightfunction after cycle        667
 0.0000000    0.4200000000E+001    0.2700000000E+001
 0.0101010    0.4900000000E+001    0.2800000000E+001
 0.0202020    0.5000000000E+001    0.2900000000E+001
 0.0303030    0.4800000000E+001    0.2200000000E+001
 0.0404040    0.6300000000E+001    0.3500000000E+001
 0.0505051    0.3500000000E+001    0.1700000000E+001
 0.0606061    0.5700000000E+001    0.3000000000E+001
 0.0707071    0.5200000000E+001    0.2800000000E+001
 0.0808081    0.5900000000E+001    0.2500000000E+001
 0.0909091    0.4400000000E+001    0.2400000000E+001
 0.1010101    0.6200000000E+001    0.2400000000E+001
 0.1111111    0.6000000000E+001    0.3100000000E+001
 0.1212121    0.5900000000E+001    0.4400000000E+001
 0.1313131    0.5800000000E+001    0.3200000000E+001
 0.1414141    0.6600000000E+001    0.2400000000E+001
 0.1515152    0.6400000000E+001    0.2300000000E+001
 0.1616162    0.5300000000E+001    0.2800000000E+001
 0.1717172    0.5500000000E+001    0.3100000000E+001
 0.1818182    0.5700000000E+001    0.3500000000E+001
 0.1919192    0.3600000000E+001    0.3500000000E+001
 0.2020202    0.5000000000E+001    0.2800000000E+001
 0.2121212    0.5800000000E+001    0.2700000000E+001
 0.2222222    0.5600000000E+001    0.2400000000E+001
 0.2323232    0.5900000000E+001    0.2900000000E+001
 0.2424242    0.6100000000E+001    0.2700000000E+001
 0.2525253    0.5100000000E+001    0.2100000000E+001
 0.2626263    0.6700000000E+001    0.1800000000E+001
 0.2727273    0.6300000000E+001    0.3400000000E+001
 0.2828283    0.6100000000E+001    0.2800000000E+001
 0.2929293    0.6100000000E+001    0.3300000000E+001
 0.3030303    0.4800000000E+001    0.2800000000E+001
 0.3131313    0.6400000000E+001    0.3100000000E+001
 0.3232323    0.6600000000E+001    0.2700000000E+001
 0.3333333    0.5900000000E+001    0.2400000000E+001
 0.3434343    0.5300000000E+001    0.2500000000E+001
 0.3535354    0.4800000000E+001    0.3700000000E+001
 0.3636364    0.5500000000E+001    0.2600000000E+001
 0.3737374    0.6000000000E+001    0.2600000000E+001
 0.3838384    0.4000000000E+001    0.2200000000E+001
 0.3939394    0.3300000000E+001    0.3000000000E+001
 0.4040404    0.5600000000E+001    0.3500000000E+001
 0.4141414    0.4600000000E+001    0.3100000000E+001
 0.4242424    0.4800000000E+001    0.2800000000E+001
 0.4343434    0.3700000000E+001    0.2300000000E+001
 0.4444444    0.3200000000E+001    0.3000000000E+001
 0.4545455    0.2800000000E+001    0.2400000000E+001
 0.4646465    0.3300000000E+001    0.3000000000E+001
 0.4747475    0.2400000000E+001    0.2600000000E+001
 0.4848485    0.1700000000E+001    0.2700000000E+001
 0.4949495    0.1700000000E+001    0.2800000000E+001
 0.5050505    0.1800000000E+001    0.2500000000E+001
 0.5151515    0.1000000000E+001    0.2400000000E+001
 0.5252525    0.1100000000E+001    0.2300000000E+001
 0.5353535    0.1400000000E+001    0.2500000000E+001
 0.5454545    0.1400000000E+001    0.3100000000E+001
 0.5555556    0.2000000000E+001    0.2000000000E+001
 0.5656566    0.1300000000E+001    0.3200000000E+001
 0.5757576    0.9000000000E+000    0.2700000000E+001
 0.5858586    0.1700000000E+001    0.2600000000E+001
 0.5959596    0.1800000000E+001    0.2400000000E+001
 0.6060606    0.1800000000E+001    0.2100000000E+001
 0.6161616    0.1800000000E+001    0.2100000000E+001
 0.6262626    0.1300000000E+001    0.3200000000E+001
 0.6363636    0.1300000000E+001    0.2800000000E+001
 0.6464646    0.9000000000E+000    0.2500000000E+001
 0.6565657    0.1200000000E+001    0.3100000000E+001
 0.6666667    0.4000000000E+000    0.2300000000E+001
 0.6767677    0.1400000000E+001    0.2600000000E+001
 0.6868687    0.9000000000E+000    0.1800000000E+001
 0.6969697    0.1300000000E+001    0.2700000000E+001
 0.7070707    0.1600000000E+001    0.2700000000E+001
 0.7171717    0.1200000000E+001    0.3200000000E+001
 0.7272727    0.1300000000E+001    0.3000000000E+001
 0.7373737    0.1000000000E+001    0.2600000000E+001
 0.7474747    0.1300000000E+001    0.2700000000E+001
 0.7575758    0.1100000000E+001    0.2800000000E+001
 0.7676768    0.5000000000E+000    0.1800000000E+001
 0.7777778    0.1300000000E+001    0.3000000000E+001
 0.7878788    0.9000000000E+000    0.2500000000E+001
 0.7979798    0.6000000000E+000    0.2300000000E+001
 0.8080808    0.2000000000E+001    0.3700000000E+001
 0.8181818    0.8000000000E+000    0.2500000000E+001
 0.8282828    0.1000000000E+001    0.2900000000E+001
 0.8383838    0.9000000000E+000    0.2700000000E+001
 0.8484848    0.1000000000E+001    0.2900000000E+001
 0.8585859    0.1300000000E+001    0.3100000000E+001
 0.8686869    0.7000000000E+000    0.2700000000E+001
 0.8787879    0.1200000000E+001    0.3100000000E+001
 0.8888889    0.1600000000E+001    0.3400000000E+001
 0.8989899    0.0000000000E+000    0.1900000000E+001
 0.9090909    0.1300000000E+001    0.3000000000E+001
 0.9191919    0.1800000000E+001    0.3200000000E+001
 0.9292929    0.1600000000E+001    0.3100000000E+001
 0.9393939    0.8000000000E+000    0.2700000000E+001
 0.9494949    0.1100000000E+001    0.3100000000E+001
 0.9595960    0.1000000000E+001    0.3000000000E+001
 0.9696970    0.1100000000E+001    0.3200000000E+001
 0.9797980    0.1400000000E+001    0.3200000000E+001
 0.9898990    0.1200000000E+001    0.3200000000E+001
 1.0000000    0.1700000000E+001    0.3600000000E+001


# Weightfunction after cycle       2360
 0.0000000    0.5300000000E+001    0.3325000000E+001
 0.0101010    0.5525000000E+001    0.3750000000E+001
 0.0202020    0.5625000000E+001    0.3600000000E+001
 0.0303030    0.5125000000E+001    0.3050000000E+001
 0.0404040    0.5825000000E+001    0.3900000000E+001
 0.0505051    0.6500000000E+001    0.3950000000E+001
 0.0606061    0.5925000000E+001    0.3475000000E+001
 0.0707071    0.6300000000E+001    0.3150000000E+001
 0.0808081    0.7300000000E+001    0.3525000000E+001
 0.0909091    0.6325000000E+001    0.3550000000E+001
 0.1010101    0.6700000000E+001    0.3250000000E+001
 0.1111111    0.6625000000E+001    0.3100000000E+001
 0.1212121    0.6950000000E+001    0.3250000000E+001
 0.1313131    0.6475000000E+001    0.3475000000E+001
 0.1414141    0.7200000000E+001    0.3600000000E+001
 0.1515152    0.7250000000E+001    0.3600000000E+001
 0.1616162    0.7375000000E+001    0.3200000000E+001
 0.1717172    0.6325000000E+001    0.3375000000E+001
 0.1818182    0.6900000000E+001    0.3175000000E+001
 0.1919192    0.6500000000E+001    0.3650000000E+001
 0.2020202    0.6775000000E+001    0.3500000000E+001
 0.2121212    0.5750000000E+001    0.3650000000E+001
 0.2222222    0.5625000000E+001    0.3300000000E+001
 0.2323232    0.5825000000E+001    0.3400000000E+001
 0.2424242    0.5550000000E+001    0.3450000000E+001
 0.2525253    0.5875000000E+001    0.3475000000E+001
 0.2626263    0.5425000000E+001    0.3350000000E+001
 0.2727273    0.6100000000E+001    0.3075000000E+001
 0.2828283    0.6150000000E+001    0.3100000000E+001
 0.2929293    0.5525000000E+001    0.3000000000E+001
 0.3030303    0.5475000000E+001    0.3050000000E+001
 0.3131313    0.5775000000E+001    0.2750000000E+001
 0.3232323    0.4825000000E+001    0.3350000000E+001
 0.3333333    0.5075000000E+001    0.3350000000E+001
 0.3434343    0.4900000000E+001    0.3475000000E+001
 0.3535354    0.5625000000E+001    0.3000000000E+001
 0.3636364    0.4950000000E+001    0.3650000000E+001
 0.3737374    0.4575000000E+001    0.3050000000E+001
 0.3838384    0.5000000000E+001    0.3075000000E+001
 0.3939394    0.4525000000E+001    0.2950000000E+001
 0.4040404    0.4525000000E+001    0.2950000000E+001
 0.4141414    0.4175000000E+001    0.2925000000E+001
 0.4242424    0.3100000000E+001    0.2800000000E+001
 0.4343434    0.3475000000E+001    0.2700000000E+001
 0.4444444    0.3325000000E+001    0.2950000000E+001
 0.4545455    0.2275000000E+001    0.2525000000E+001
 0.4646465    0.2175000000E+001    0.2425000000E+001
 0.4747475    0.1325000000E+001    0.2875000000E+001
 0.4848485    0.1650000000E+001    0.2375000000E+001
 0.4949495    0.7750000000E+000    0.2075000000E+001
 0.5050505    0.9250000000E+000    0.2225000000E+001
 0.5151515    0.4000000000E+000    0.2475000000E+001
 0.5252525    0.1075000000E+001    0.2200000000E+001
 0.5353535    0.1150000000E+001    0.2375000000E+001
 0.5454545    0.6750000000E+000    0.2325000000E+001
 0.5555556    0.7750000000E+000    0.2475000000E+001
 0.5656566    0.6500000000E+000    0.2375000000E+001
 0.5757576    0.8500000000E+000    0.2725000000E+001
 0.5858586    0.5750000000E+000    0.2350000000E+001
 0.5959596    0.7250000000E+000    0.2325000000E+001
 0.6060606    0.8250000000E+000    0.1950000000E+001
 0.6161616    0.1150000000E+001    0.2300000000E+001
 0.6262626    0.1250000000E+001    0.2075000000E+001
 0.6363636    0.1200000000E+001    0.2300000000E+001
 0.6464646    0.8250000000E+000    0.2775000000E+001
 0.6565657    0.8750000000E+000    0.2550000000E+001
 0.6666667    0.8250000000E+000    0.2375000000E+001
 0.6767677    0.1025000000E+001    0.2275000000E+001
 0.6868687    0.5000000000E+000    0.2725000000E+001
 0.6969697    0.7500000000E+000    0.2000000000E+001
 0.7070707    0.6000000000E+000    0.2450000000E+001
 0.7171717    0.6250000000E+000    0.2475000000E+001
 0.7272727    0.8500000000E+000    0.2800000000E+001
 0.7373737    0.7250000000E+000    0.2575000000E+001
 0.7474747    0.7000000000E+000    0.2775000000E+001
 0.7575758    0.3750000000E+000    0.2225000000E+001
 0.7676768    0.7250000000E+000    0.2400000000E+001
 0.7777778    0.6500000000E+000    0.2375000000E+001
 0.7878788    0.6500000000E+000    0.2450000000E+001
 0.7979798    0.7250000000E+000    0.2675000000E+001
 0.8080808    0.8250000000E+000    0.2575000000E+001
 0.8181818    0.6000000000E+000    0.2400000000E+001
 0.8282828    0.8000000000E+000    0.2650000000E+001
 0.8383838    0.4500000000E+000    0.2350000000E+001
 0.8484848    0.4500000000E+000    0.2550000000E+001
 0.8585859    0.6500000000E+000    0.2575000000E+001
 0.8686869    0.9250000000E+000    0.2775000000E+001
 0.8787879    0.4000000000E+000    0.2450000000E+001
 0.8888889    0.4000000000E+000    0.2350000000E+001
 0.8989899    0.8750000000E+000    0.2725000000E+001
 0.9090909    0.5500000000E+000    0.2250000000E+001
 0.9191919    0.3250000000E+000    0.2325000000E+001
 0.9292929    0.4000000000E+000    0.2375000000E+001
 0.9393939    0.6750000000E+000    0.2800000000E+001
 0.9494949    0.7000000000E+000    0.2575000000E+001
 0.9595960    0.1750000000E+000    0.2175000000E+001
 0.9696970    0.0000000000E+000    0.2025000000E+001
 0.9797980    0.6000000000E+000    0.2775000000E+001
 0.9898990    0.3250000000E+000    0.2275000000E+001
 1.0000000    0.4250000000E+000    0.2325000000E+001


# Weightfunction after cycle       5596
 0.0000000    0.5843750000E+001    0.3968750000E+001
 0.0101010    0.6225000000E+001    0.4168750000E+001
 0.0202020    0.5987500000E+001    0.3981250000E+001
 0.0303030    0.6225000000E+001    0.4006250000E+001
 0.0404040    0.6156250000E+001    0.3762500000E+001
 0.0505051    0.6431250000E+001    0.4018750000E+001
 0.0606061    0.6762500000E+001    0.4093750000E+001
 0.0707071    0.7012500000E+001    0.3987500000E+001
 0.0808081    0.7287500000E+001    0.4125000000E+001
 0.0909091    0.7425000000E+001    0.3868750000E+001
 0.1010101    0.7725000000E+001    0.3993750000E+001
 0.1111111    0.7556250000E+001    0.3868750000E+001
 0.1212121    0.7881250000E+001    0.3968750000E+001
 0.1313131    0.7750000000E+001    0.4025000000E+001
 0.1414141    0.7487500000E+001    0.4037500000E+001
 0.1515152    0.7525000000E+001    0.3962500000E+001
 0.1616162    0.7106250000E+001    0.4181250000E+001
 0.1717172    0.7362500000E+001    0.4062500000E+001
 0.1818182    0.7118750000E+001    0.3981250000E+001
 0.1919192    0.6800000000E+001    0.3943750000E+001
 0.2020202    0.6725000000E+001    0.3906250000E+001
 0.2121212    0.7000000000E+001    0.3843750000E+001
 0.2222222    0.6618750000E+001    0.3975000000E+001
 0.2323232    0.6931250000E+001    0.3762500000E+001
 0.2424242    0.6481250000E+001    0.4137500000E+001
 0.2525253    0.6431250000E+001    0.3975000000E+001
 0.2626263    0.6725000000E+001    0.3831250000E+001
 0.2727273    0.6487500000E+001    0.3912500000E+001
 0.2828283    0.6518750000E+001    0.3706250000E+001
 0.2929293    0.6643750000E+001    0.3725000000E+001
 0.3030303    0.6487500000E+001    0.3925000000E+001
 0.3131313    0.6206250000E+001    0.3768750000E+001
 0.3232323    0.5918750000E+001    0.3750000000E+001
 0.3333333    0.5931250000E+001    0.3612500000E+001
 0.3434343    0.5631250000E+001    0.3756250000E+001
 0.3535354    0.5106250000E+001    0.3687500000E+001
 0.3636364    0.4918750000E+001    0.3400000000E+001
 0.3737374    0.4500000000E+001    0.3350000000E+001
 0.3838384    0.4381250000E+001    0.3518750000E+001
 0.3939394    0.3925000000E+001    0.3237500000E+001
 0.4040404    0.3681250000E+001    0.3181250000E+001
 0.4141414    0.3287500000E+001    0.3481250000E+001
 0.4242424    0.2862500000E+001    0.2975000000E+001
 0.4343434    0.2700000000E+001    0.3093750000E+001
 0.4444444    0.2356250000E+001    0.2881250000E+001
 0.4545455    0.2093750000E+001    0.2912500000E+001
 0.4646465    0.1450000000E+001    0.2643750000E+001
 0.4747475    0.1381250000E+001    0.2950000000E+001
 0.4848485    0.8250000000E+000    0.2506250000E+001
 0.4949495    0.6000000000E+000    0.2493750000E+001
 0.5050505    0.8125000000E-001    0.2518750000E+001
 0.5151515    0.3812500000E+000    0.2156250000E+001
 0.5252525    0.2687500000E+000    0.2281250000E+001
 0.5353535    0.2187500000E+000    0.2212500000E+001
 0.5454545    0.3125000000E+000    0.2187500000E+001
 0.5555556    0.2250000000E+000    0.2343750000E+001
 0.5656566    0.8125000000E-001    0.2112500000E+001
 0.5757576    0.4125000000E+000    0.2287500000E+001
 0.5858586    0.1500000000E+000    0.2381250000E+001
 0.5959596    0.3562500000E+000    0.2412500000E+001
 0.6060606    0.2375000000E+000    0.2225000000E+001
 0.6161616    0.3375000000E+000    0.2637500000E+001
 0.6262626    0.4250000000E+000    0.2462500000E+001
 0.6363636    0.3375000000E+000    0.2318750000E+001
 0.6464646    0.2125000000E+000    0.2456250000E+001
 0.6565657    0.2062500000E+000    0.2287500000E+001
 0.6666667    0.5312500000E+000    0.2256250000E+001
 0.6767677    0.2437500000E+000    0.2143750000E+001
 0.6868687    0.2625000000E+000    0.2137500000E+001
 0.6969697    0.2062500000E+000    0.2362500000E+001
 0.7070707    0.3812500000E+000    0.2362500000E+001
 0.7171717    0.1937500000E+000    0.2231250000E+001
 0.7272727    0.3625000000E+000    0.2218750000E+001
 0.7373737    0.2000000000E+000    0.2037500000E+001
 0.7474747    0.3312500000E+000    0.2325000000E+001
 0.7575758    0.3687500000E+000    0.2306250000E+001
 0.7676768    0.2437500000E+000    0.2293750000E+001
 0.7777778    0.3562500000E+000    0.2481250000E+001
 0.7878788    0.4312500000E+000    0.2393750000E+001
 0.7979798    0.2375000000E+000    0.2168750000E+001
 0.8080808    0.2937500000E+000    0.2237500000E+001
 0.8181818    0.3000000000E+000    0.2275000000E+001
 0.8282828    0.2937500000E+000    0.2275000000E+001
 0.8383838    0.2062500000E+000    0.2156250000E+001
 0.8484848    0.1562500000E+000    0.2137500000E+001
 0.8585859    0.5625000000E-001    0.2100000000E+001
 0.8686869    0.1750000000E+000    0.2231250000E+001
 0.8787879    0.1250000000E+000    0.2243750000E+001
 0.8888889    0.1875000000E+000    0.2200000000E+001
 0.8989899    0.1562500000E+000    0.2131250000E+001
 0.9090909    0.1625000000E+000    0.2281250000E+001
 0.9191919    0.1875000000E-001    0.2150000000E+001
 0.9292929    0.1312500000E+000    0.2212500000E+001
 0.9393939    0.0000000000E+000    0.2100000000E+001
 0.9494949    0.3750000000E-001    0.2175000000E+001
 0.9595960    0.1937500000E+000    0.2306250000E+001
 0.9696970    0.4440892099E-013    0.2143750000E+001
 0.9797980    0.2500000000E-001    0.2143750000E+001
 0.9898990    0.8125000000E-001    0.2156250000E+001
 1.0000000    0.7500000000E-001    0.2168750000E+001


# Weightfunction after cycle      14176
 0.0000000    0.5284375000E+001    0.3354687500E+001
 0.0101010    0.5321875000E+001    0.3410937500E+001
 0.0202020    0.5448437500E+001    0.3429687500E+001
 0.0303030    0.5492187500E+001    0.3395312500E+001
 0.0404040    0.5665625000E+001    0.3442187500E+001
 0.0505051    0.6053125000E+001    0.3542187500E+001
 0.0606061    0.6150000000E+001    0.3470312500E+001
 0.0707071    0.6364062500E+001    0.3435937500E+001
 0.0808081    0.6506250000E+001    0.3440625000E+001
 0.0909091    0.7000000000E+001    0.3504687500E+001
 0.1010101    0.7135937500E+001    0.3492187500E+001
 0.1111111    0.7373437500E+001    0.3512500000E+001
 0.1212121    0.7431250000E+001    0.3509375000E+001
 0.1313131    0.7657812500E+001    0.3596875000E+001
 0.1414141    0.7528125000E+001    0.3432812500E+001
 0.1515152    0.7392187500E+001    0.3437500000E+001
 0.1616162    0.7485937500E+001    0.3448437500E+001
 0.1717172    0.7501562500E+001    0.3365625000E+001
 0.1818182    0.7432812500E+001    0.3420312500E+001
 0.1919192    0.7307812500E+001    0.3509375000E+001
 0.2020202    0.7318750000E+001    0.3423437500E+001
 0.2121212    0.7250000000E+001    0.3451562500E+001
 0.2222222    0.7001562500E+001    0.3293750000E+001
 0.2323232    0.7253125000E+001    0.3395312500E+001
 0.2424242    0.7043750000E+001    0.3440625000E+001
 0.2525253    0.6971875000E+001    0.3379687500E+001
 0.2626263    0.6984375000E+001    0.3360937500E+001
 0.2727273    0.6773437500E+001    0.3373437500E+001
 0.2828283    0.6598437500E+001    0.3275000000E+001
 0.2929293    0.6428125000E+001    0.3296875000E+001
 0.3030303    0.6289062500E+001    0.3268750000E+001
 0.3131313    0.6117187500E+001    0.3328125000E+001
 0.3232323    0.5882812500E+001    0.3339062500E+001
 0.3333333    0.5587500000E+001    0.3287500000E+001
 0.3434343    0.5407812500E+001    0.3234375000E+001
 0.3535354    0.5085937500E+001    0.3129687500E+001
 0.3636364    0.5000000000E+001    0.3214062500E+001
 0.3737374    0.4532812500E+001    0.3182812500E+001
 0.3838384    0.4321875000E+001    0.3229687500E+001
 0.3939394    0.4023437500E+001    0.3029687500E+001
 0.4040404    0.3621875000E+001    0.3034375000E+001
 0.4141414    0.3228125000E+001    0.3017187500E+001
 0.4242424    0.2979687500E+001    0.3010937500E+001
 0.4343434    0.2615625000E+001    0.2870312500E+001
 0.4444444    0.2281250000E+001    0.2817187500E+001
 0.4545455    0.1920312500E+001    0.2739062500E+001
 0.4646465    0.1625000000E+001    0.2631250000E+001
 0.4747475    0.1221875000E+001    0.2650000000E+001
 0.4848485    0.8453125000E+000    0.2620312500E+001
 0.4949495    0.4765625000E+000    0.2370312500E+001
 0.5050505    0.3468750000E+000    0.2365625000E+001
 0.5151515    0.2734375000E+000    0.2478125000E+001
 0.5252525    0.2531250000E+000    0.2410937500E+001
 0.5353535    0.3390625000E+000    0.2321875000E+001
 0.5454545    0.3453125000E+000    0.2485937500E+001
 0.5555556    0.2578125000E+000    0.2404687500E+001
 0.5656566    0.3187500000E+000    0.2431250000E+001
 0.5757576    0.3093750000E+000    0.2493750000E+001
 0.5858586    0.1906250000E+000    0.2321875000E+001
 0.5959596    0.3062500000E+000    0.2314062500E+001
 0.6060606    0.2140625000E+000    0.2425000000E+001
 0.6161616    0.3562500000E+000    0.2435937500E+001
 0.6262626    0.2656250000E+000    0.2390625000E+001
 0.6363636    0.1843750000E+000    0.2423437500E+001
 0.6464646    0.2187500000E+000    0.2406250000E+001
 0.6565657    0.2406250000E+000    0.2404687500E+001
 0.6666667    0.3531250000E+000    0.2343750000E+001
 0.6767677    0.2781250000E+000    0.2375000000E+001
 0.6868687    0.3218750000E+000    0.2356250000E+001
 0.6969697    0.2671875000E+000    0.2456250000E+001
 0.7070707    0.2468750000E+000    0.2348437500E+001
 0.7171717    0.2234375000E+000    0.2317187500E+001
 0.7272727    0.2687500000E+000    0.2356250000E+001
 0.7373737    0.2218750000E+000    0.2318750000E+001
 0.7474747    0.1984375000E+000    0.2309375000E+001
 0.7575758    0.2281250000E+000    0.2331250000E+001
 0.7676768    0.2031250000E+000    0.2343750000E+001
 0.7777778    0.2734375000E+000    0.2367187500E+001
 0.7878788    0.2375000000E+000    0.2345312500E+001
 0.7979798    0.2125000000E+000    0.2356250000E+001
 0.8080808    0.1906250000E+000    0.2371875000E+001
 0.8181818    0.1562500000E+000    0.2375000000E+001
 0.8282828    0.1796875000E+000    0.2290625000E+001
 0.8383838    0.1703125000E+000    0.2329687500E+001
 0.8484848    0.1437500000E+000    0.2329687500E+001
 0.8585859    0.1140625000E+000    0.2304687500E+001
 0.8686869    0.1546875000E+000    0.2346875000E+001
 0.8787879    0.1250000000E+000    0.2300000000E+001
 0.8888889    0.1875000000E+000    0.2339062500E+001
 0.8989899    0.9843750000E-001    0.2318750000E+001
 0.9090909    0.1328125000E+000    0.2317187500E+001
 0.9191919    0.1203125000E+000    0.2293750000E+001
 0.9292929    0.1328125000E+000    0.2325000000E+001
 0.9393939    0.9531250000E-001    0.2325000000E+001
 0.9494949    0.4687500000E-001    0.2314062500E+001
 0.9595960    0.3437500000E-001    0.2259375000E+001
 0.9696970    0.4531250000E-001    0.2273437500E+001
 0.9797980    0.4375000000E-001    0.2292187500E+001
 0.9898990    0.0000000000E+000    0.2267187500E+001
 1.0000000    0.4375000000E-001    0.2317187500E+001


