# Lambda, (Probability, Probability_biased(/observed)) per Fractional
 0.0000000   0.1623119265E-001   0.1116247622E+001   0.9337770178E+000   0.1006349380E+001
 0.0101010   0.1613760848E-001   0.1098919096E+001   0.9375627312E+000   0.1012825014E+001
 0.0202020   0.1550288844E-001   0.1106225606E+001   0.9245635068E+000   0.9850756716E+000
 0.0303030   0.1488170269E-001   0.1113215130E+001   0.9275419343E+000   0.9995809023E+000
 0.0404040   0.1375365361E-001   0.1125408495E+001   0.9285792861E+000   0.9931052685E+000
 0.0505051   0.1229594128E-001   0.1109152436E+001   0.9261704622E+000   0.9939932475E+000
 0.0606061   0.1077243605E-001   0.1131135361E+001   0.9125564625E+000   0.1005721182E+001
 0.0707071   0.9305871002E-002   0.1063659773E+001   0.9139322719E+000   0.9745096668E+000
 0.0808081   0.8030405886E-002   0.1093894880E+001   0.9159110834E+000   0.1002835251E+001
 0.0909091   0.7160408106E-002   0.1096922089E+001   0.9285767329E+000   0.9964540828E+000
 0.1010101   0.6328532030E-002   0.1109865653E+001   0.9316524431E+000   0.9935256415E+000
 0.1111111   0.5595699558E-002   0.1063680905E+001   0.9202131050E+000   0.9884197626E+000
 0.1212121   0.5455667426E-002   0.1100583269E+001   0.9382396355E+000   0.1018219014E+001
 0.1313131   0.5347445426E-002   0.1085859305E+001   0.9273981994E+000   0.9664092205E+000
 0.1414141   0.5244561399E-002   0.1081342265E+001   0.9465662471E+000   0.1000010722E+001
 0.1515152   0.5336923607E-002   0.1075499171E+001   0.9393103933E+000   0.9795635895E+000
 0.1616162   0.5657067778E-002   0.1114150236E+001   0.9292474997E+000   0.1000270503E+001
 0.1717172   0.5993577508E-002   0.1068145114E+001   0.9381644025E+000   0.1006226575E+001
 0.1818182   0.6499309605E-002   0.1108719223E+001   0.9561273873E+000   0.1013075348E+001
 0.1919192   0.7127089955E-002   0.1087375551E+001   0.9433120875E+000   0.9923967747E+000
 0.2020202   0.7773324568E-002   0.1046130490E+001   0.9414292971E+000   0.9949237361E+000
 0.2121212   0.8743221839E-002   0.1075763326E+001   0.9533239532E+000   0.1010203587E+001
 0.2222222   0.9654259189E-002   0.9816715445E+000   0.9468273003E+000   0.9824731376E+000
 0.2323232   0.1121748930E-001   0.1060949549E+001   0.9377985495E+000   0.9911592721E+000
 0.2424242   0.1309730595E-001   0.1081558872E+001   0.9594558078E+000   0.9948481634E+000
 0.2525253   0.1472229560E-001   0.1012107409E+001   0.9403152420E+000   0.9787936929E+000
 0.2626263   0.1734346065E-001   0.1021949800E+001   0.9599894869E+000   0.9923684349E+000
 0.2727273   0.2050425858E-001   0.1014923295E+001   0.9654140909E+000   0.9988535153E+000
 0.2828283   0.2387059797E-001   0.1052639253E+001   0.9648860376E+000   0.9885331216E+000
 0.2929293   0.2842265274E-001   0.1028257806E+001   0.9611963425E+000   0.1006212405E+001
 0.3030303   0.3349239738E-001   0.1003797113E+001   0.9723521518E+000   0.1009698194E+001
 0.3131313   0.4006487267E-001   0.1036097908E+001   0.9831902727E+000   0.1009230588E+001
 0.3232323   0.4755469403E-001   0.1024770969E+001   0.9839845549E+000   0.1023749989E+001
 0.3333333   0.5678664476E-001   0.1006623565E+001   0.9748460922E+000   0.9834933687E+000
 0.3434343   0.6830184445E-001   0.9930196155E+000   0.9784165339E+000   0.9883252967E+000
 0.3535354   0.8331418364E-001   0.1010802487E+001   0.9675713222E+000   0.9775372971E+000
 0.3636364   0.1004964783E+000   0.1010189649E+001   0.9766478563E+000   0.9802484669E+000
 0.3737374   0.1222936259E+000   0.9937645308E+000   0.1001312197E+001   0.1006231298E+001
 0.3838384   0.1457599127E+000   0.9920422444E+000   0.9890930377E+000   0.9924487309E+000
 0.3939394   0.1798130748E+000   0.9814866364E+000   0.9861660638E+000   0.9969075188E+000
 0.4040404   0.2227942748E+000   0.1011135321E+001   0.9912103414E+000   0.9977104785E+000
 0.4141414   0.2666916090E+000   0.9717921716E+000   0.9977805457E+000   0.1012324345E+001
 0.4242424   0.3314742027E+000   0.9617384569E+000   0.9905631277E+000   0.9876829290E+000
 0.4343434   0.4132993189E+000   0.9749937224E+000   0.1008806341E+001   0.1010845954E+001
 0.4444444   0.5128271665E+000   0.9760609060E+000   0.1004809750E+001   0.9986645836E+000
 0.4545455   0.6279050021E+000   0.9839168565E+000   0.1002952715E+001   0.9890857468E+000
 0.4646465   0.7562014754E+000   0.9453978685E+000   0.1012804021E+001   0.1000997890E+001
 0.4747475   0.9681272157E+000   0.9744178659E+000   0.1013083323E+001   0.1003378429E+001
 0.4848485   0.1178822117E+001   0.9510402055E+000   0.1031822934E+001   0.1005088261E+001
 0.4949495   0.1515618267E+001   0.9734880426E+000   0.1035220622E+001   0.1030825481E+001
 0.5050505   0.1628167678E+001   0.9485730038E+000   0.1013885616E+001   0.9814623530E+000
 0.5151515   0.1662644741E+001   0.9520598413E+000   0.1037870157E+001   0.1004483680E+001
 0.5252525   0.1661982896E+001   0.9412136635E+000   0.1034861536E+001   0.1011351347E+001
 0.5353535   0.1657018002E+001   0.9602803248E+000   0.1050787613E+001   0.1030230346E+001
 0.5454545   0.1667153766E+001   0.9590335163E+000   0.1039499676E+001   0.1000964827E+001
 0.5555556   0.1656947700E+001   0.9574538732E+000   0.1025900416E+001   0.9888590288E+000
 0.5656566   0.1676966189E+001   0.9685483561E+000   0.1023620167E+001   0.9821188907E+000
 0.5757576   0.1697041154E+001   0.9754639171E+000   0.1043259306E+001   0.1012612466E+001
 0.5858586   0.1654748003E+001   0.9730442632E+000   0.1021808563E+001   0.9991558060E+000
 0.5959596   0.1678492637E+001   0.9196322528E+000   0.1028612555E+001   0.9960100933E+000
 0.6060606   0.1697093893E+001   0.9714065062E+000   0.1036460056E+001   0.1016480842E+001
 0.6161616   0.1660001378E+001   0.9574168916E+000   0.1040989211E+001   0.1019055036E+001
 0.6262626   0.1704811288E+001   0.9664351213E+000   0.1028244538E+001   0.1004516743E+001
 0.6363636   0.1695000871E+001   0.9608033504E+000   0.1024478926E+001   0.9935587046E+000
 0.6464646   0.1683350550E+001   0.9515473819E+000   0.1025268766E+001   0.9946403385E+000
 0.6565657   0.1699216639E+001   0.9585950200E+000   0.1027137763E+001   0.9863604071E+000
 0.6666667   0.1735052924E+001   0.9597625823E+000   0.1025981388E+001   0.9935350881E+000
 0.6767677   0.1738043737E+001   0.9791832104E+000   0.1039790244E+001   0.9935256415E+000
 0.6868687   0.1744927766E+001   0.9646124562E+000   0.1033839963E+001   0.9848300604E+000
 0.6969697   0.1740789925E+001   0.9492809375E+000   0.1033619614E+001   0.9898745366E+000
 0.7070707   0.1750597681E+001   0.9582252039E+000   0.1047529943E+001   0.1007516033E+001
 0.7171717   0.1720722888E+001   0.9425397184E+000   0.1034242575E+001   0.1004620655E+001
 0.7272727   0.1770440525E+001   0.9558108331E+000   0.1036282475E+001   0.1000086295E+001
 0.7373737   0.1777979588E+001   0.9551821458E+000   0.1035135795E+001   0.1001739447E+001
 0.7474747   0.1804571991E+001   0.9790300009E+000   0.1046627067E+001   0.1024023940E+001
 0.7575758   0.1799458143E+001   0.9501315145E+000   0.1043407280E+001   0.1007823047E+001
 0.7676768   0.1831143391E+001   0.9566244286E+000   0.1030669188E+001   0.9889062617E+000
 0.7777778   0.1832804136E+001   0.9517587054E+000   0.1041240442E+001   0.9963454471E+000
 0.7878788   0.1831215502E+001   0.9551451642E+000   0.1043473481E+001   0.1003222561E+001
 0.7979798   0.1850971072E+001   0.9675023049E+000   0.1039376861E+001   0.1011606404E+001
 0.8080808   0.1871837961E+001   0.9698004478E+000   0.1039508910E+001   0.1002636872E+001
 0.8181818   0.1885856957E+001   0.9619392142E+000   0.1043640649E+001   0.9993494610E+000
 0.8282828   0.1889329308E+001   0.9628637544E+000   0.1036031856E+001   0.9923542651E+000
 0.8383838   0.1897142369E+001   0.9430891594E+000   0.1034869808E+001   0.9853779623E+000
 0.8484848   0.1911650373E+001   0.9483775296E+000   0.1048284738E+001   0.1003600424E+001
 0.8585859   0.1941902391E+001   0.9578976526E+000   0.1057050320E+001   0.1019456516E+001
 0.8686869   0.1935691430E+001   0.9423283949E+000   0.1042200719E+001   0.9945411494E+000
 0.8787879   0.1971508819E+001   0.9756171266E+000   0.1046918046E+001   0.1020514534E+001
 0.8888889   0.1983141387E+001   0.9631913058E+000   0.1043490165E+001   0.1014445103E+001
 0.8989899   0.2022699164E+001   0.9732608698E+000   0.1044965606E+001   0.1008909405E+001
 0.9090909   0.2020044246E+001   0.9778624387E+000   0.1052259942E+001   0.1017118487E+001
 0.9191919   0.2014310350E+001   0.9297757800E+000   0.1025328275E+001   0.9658849350E+000
 0.9292929   0.2043202424E+001   0.9492333897E+000   0.1040777482E+001   0.9966808008E+000
 0.9393939   0.2057967880E+001   0.9444469128E+000   0.1031749946E+001   0.9999020862E+000
 0.9494949   0.2082049361E+001   0.9669739962E+000   0.1046830800E+001   0.1024798560E+001
 0.9595960   0.2114390318E+001   0.9618494017E+000   0.1058035645E+001   0.1020207520E+001
 0.9696970   0.2140364439E+001   0.9589912516E+000   0.1058561232E+001   0.1002953333E+001
 0.9797980   0.2154207762E+001   0.9558372486E+000   0.1068664792E+001   0.1029375430E+001
 0.9898990   0.2152894651E+001   0.9483299818E+000   0.1037703728E+001   0.9834555824E+000
 1.0000000   0.2190806533E+001   0.9595089941E+000   0.1056553358E+001   0.1017510520E+001


 0.0000000   0.1498397700E-001   0.1051130505E+001   0.9330779659E+000   0.1005412074E+001
 0.0101010   0.1490573866E-001   0.1035379296E+001   0.9308844196E+000   0.1005426678E+001
 0.0202020   0.1437842143E-001   0.1046554192E+001   0.9267554668E+000   0.9872304958E+000
 0.0303030   0.1375774826E-001   0.1049767838E+001   0.9273609539E+000   0.9992030773E+000
 0.0404040   0.1276116195E-001   0.1065127887E+001   0.9392773933E+000   0.1004363043E+001
 0.0505051   0.1142283626E-001   0.1051048694E+001   0.9297230100E+000   0.9976234462E+000
 0.0606061   0.1009174526E-001   0.1080902105E+001   0.9287731417E+000   0.1023406239E+001
 0.0707071   0.8726853887E-002   0.1017472874E+001   0.9253924636E+000   0.9865489909E+000
 0.0808081   0.7546227198E-002   0.1048545783E+001   0.9287579214E+000   0.1016715320E+001
 0.0909091   0.6653850113E-002   0.1039753638E+001   0.9371185971E+000   0.1005436414E+001
 0.1010101   0.5908279141E-002   0.1056933986E+001   0.9396953033E+000   0.1001919361E+001
 0.1111111   0.5267429306E-002   0.1021351235E+001   0.9318548515E+000   0.1000741331E+001
 0.1212121   0.5023772688E-002   0.1033771195E+001   0.9384767713E+000   0.1018290084E+001
 0.1313131   0.4962437442E-002   0.1027878234E+001   0.9379087774E+000   0.9771831658E+000
 0.1414141   0.4915116425E-002   0.1033730290E+001   0.9443364370E+000   0.9974725416E+000
 0.1515152   0.4984474354E-002   0.1024608343E+001   0.9452363873E+000   0.9855632427E+000
 0.1616162   0.5305253097E-002   0.1065805386E+001   0.9365038976E+000   0.1007897133E+001
 0.1717172   0.5651688608E-002   0.1027405263E+001   0.9421363605E+000   0.1010301872E+001
 0.1818182   0.6207469420E-002   0.1080160691E+001   0.9596234053E+000   0.1016593623E+001
 0.1919192   0.6715811601E-002   0.1045165959E+001   0.9469982206E+000   0.9960924940E+000
 0.2020202   0.7380393231E-002   0.1013159891E+001   0.9514471175E+000   0.1005326886E+001
 0.2121212   0.8425269441E-002   0.1057422296E+001   0.9593321269E+000   0.1016384304E+001
 0.2222222   0.9296743433E-002   0.9642674839E+000   0.9530336229E+000   0.9887322407E+000
 0.2323232   0.1079343456E-001   0.1041305494E+001   0.9531947628E+000   0.1007247270E+001
 0.2424242   0.1254364215E-001   0.1056601628E+001   0.9596506709E+000   0.9948682191E+000
 0.2525253   0.1429158732E-001   0.1002192079E+001   0.9533905290E+000   0.9922225195E+000
 0.2626263   0.1690088912E-001   0.1015834094E+001   0.9606997958E+000   0.9929210621E+000
 0.2727273   0.1973154565E-001   0.9962530990E+000   0.9645427653E+000   0.9977694830E+000
 0.2828283   0.2305923237E-001   0.1037243057E+001   0.9706246795E+000   0.9942305252E+000
 0.2929293   0.2760351703E-001   0.1018641240E+001   0.9665467926E+000   0.1011628373E+001
 0.3030303   0.3264031482E-001   0.9978688699E+000   0.9739343508E+000   0.1011156187E+001
 0.3131313   0.3924351913E-001   0.1035200334E+001   0.9861167588E+000   0.1012049446E+001
 0.3232323   0.4644855650E-001   0.1020998425E+001   0.9824629590E+000   0.1021979946E+001
 0.3333333   0.5600731539E-001   0.1012709929E+001   0.9796583715E+000   0.9881675651E+000
 0.3434343   0.6774500141E-001   0.1004666868E+001   0.9819651487E+000   0.9917284285E+000
 0.3535354   0.8242562738E-001   0.1020067822E+001   0.9763468928E+000   0.9862228421E+000
 0.3636364   0.9889704469E-001   0.1014039361E+001   0.9796803134E+000   0.9831122588E+000
 0.3737374   0.1214376256E+000   0.1006589430E+001   0.9954498461E+000   0.1000157184E+001
 0.3838384   0.1455352258E+000   0.1010368084E+001   0.9879737000E+000   0.9911442814E+000
 0.3939394   0.1791281642E+000   0.9973473236E+000   0.9926754593E+000   0.1003304277E+001
 0.4040404   0.2206471210E+000   0.1021463726E+001   0.9930368551E+000   0.9993661517E+000
 0.4141414   0.2673294605E+000   0.9936428111E+000   0.1000837710E+001   0.1015240349E+001
 0.4242424   0.3306497710E+000   0.9785767708E+000   0.9978347057E+000   0.9947513897E+000
 0.4343434   0.4089167064E+000   0.9839916483E+000   0.1005483838E+001   0.1007332458E+001
 0.4444444   0.5096709079E+000   0.9894985634E+000   0.1012361869E+001   0.1005986485E+001
 0.4545455   0.6269705435E+000   0.1002146061E+001   0.1003829252E+001   0.9897691017E+000
 0.4646465   0.7624509241E+000   0.9723182154E+000   0.1016675557E+001   0.1004640513E+001
 0.4747475   0.9671553733E+000   0.9929525292E+000   0.1014218727E+001   0.1004319232E+001
 0.4848485   0.1182236543E+001   0.9729139031E+000   0.1035383137E+001   0.1008371753E+001
 0.4949495   0.1501588975E+001   0.9838101297E+000   0.1032976876E+001   0.1028403130E+001
 0.5050505   0.1643269660E+001   0.9765621704E+000   0.1012768097E+001   0.9802012591E+000
 0.5151515   0.1645693638E+001   0.9612430268E+000   0.1033571297E+001   0.1000140147E+001
 0.5252525   0.1655803357E+001   0.9565107613E+000   0.1030292618E+001   0.1006702066E+001
 0.5353535   0.1656280176E+001   0.9790932038E+000   0.1032919424E+001   0.1012526499E+001
 0.5454545   0.1659009955E+001   0.9734789116E+000   0.1030470263E+001   0.9920886525E+000
 0.5555556   0.1664677513E+001   0.9812023984E+000   0.1022544467E+001   0.9854439793E+000
 0.5656566   0.1678960554E+001   0.9891380829E+000   0.1021224822E+001   0.9796414515E+000
 0.5757576   0.1678271332E+001   0.9840121011E+000   0.1032464011E+001   0.1001951003E+001
 0.5858586   0.1671766358E+001   0.1002757088E+001   0.1023423068E+001   0.1000551484E+001
 0.5959596   0.1684788942E+001   0.9415853340E+000   0.1029964376E+001   0.9971366570E+000
 0.6060606   0.1686892406E+001   0.9849222505E+000   0.1033115786E+001   0.1013015722E+001
 0.6161616   0.1681242132E+001   0.9891048471E+000   0.1028665410E+001   0.1006806725E+001
 0.6262626   0.1701047580E+001   0.9836311678E+000   0.1020358532E+001   0.9966303962E+000
 0.6363636   0.1709263686E+001   0.9883097447E+000   0.1025437007E+001   0.9943059775E+000
 0.6464646   0.1699187226E+001   0.9797528065E+000   0.1026875679E+001   0.9960170417E+000
 0.6565657   0.1704218391E+001   0.9806885219E+000   0.1029048167E+001   0.9880142265E+000
 0.6666667   0.1726706725E+001   0.9742919102E+000   0.1030972430E+001   0.9981856878E+000
 0.6767677   0.1741635799E+001   0.1000875431E+001   0.1047077487E+001   0.1000305655E+001
 0.6868687   0.1731412077E+001   0.9763269633E+000   0.1032120693E+001   0.9830124670E+000
 0.6969697   0.1740730134E+001   0.9682762318E+000   0.1031189656E+001   0.9873667968E+000
 0.7070707   0.1756007028E+001   0.9804533147E+000   0.1040231053E+001   0.1000312957E+001
 0.7171717   0.1743448574E+001   0.9741308444E+000   0.1034369517E+001   0.1004560193E+001
 0.7272727   0.1756864252E+001   0.9674939124E+000   0.1030630254E+001   0.9944495803E+000
 0.7373737   0.1778481097E+001   0.9746038153E+000   0.1031222091E+001   0.9977694830E+000
 0.7474747   0.1801312995E+001   0.9968513433E+000   0.1039282532E+001   0.1016652038E+001
 0.7575758   0.1808679396E+001   0.9741436274E+000   0.1040393381E+001   0.1004728135E+001
 0.7676768   0.1824316631E+001   0.9721622629E+000   0.1034093937E+001   0.9920107662E+000
 0.7777778   0.1840180954E+001   0.9747444283E+000   0.1040914657E+001   0.9958515334E+000
 0.7878788   0.1831860611E+001   0.9746344945E+000   0.1040634941E+001   0.1000310523E+001
 0.7979798   0.1841399896E+001   0.9817929728E+000   0.1034637159E+001   0.1006809159E+001
 0.8080808   0.1880889147E+001   0.9940237444E+000   0.1038864178E+001   0.1001831739E+001
 0.8181818   0.1871973564E+001   0.9739979012E+000   0.1031000298E+001   0.9870649875E+000
 0.8282828   0.1894063588E+001   0.9846256850E+000   0.1026926647E+001   0.9834530113E+000
 0.8383838   0.1903230000E+001   0.9650804825E+000   0.1035754849E+001   0.9860402961E+000
 0.8484848   0.1921559719E+001   0.9724025832E+000   0.1042077156E+001   0.9974749755E+000
 0.8585859   0.1945118934E+001   0.9787173837E+000   0.1053010076E+001   0.1015374216E+001
 0.8686869   0.1944175843E+001   0.9654307366E+000   0.1040706094E+001   0.9929332318E+000
 0.8787879   0.1957830014E+001   0.9882688391E+000   0.1030212500E+001   0.1004046630E+001
 0.8888889   0.2003086176E+001   0.9923798509E+000   0.1047817141E+001   0.1018465328E+001
 0.8989899   0.2006485729E+001   0.9848123167E+000   0.1041405195E+001   0.1005287943E+001
 0.9090909   0.2024219423E+001   0.9995255463E+000   0.1045305833E+001   0.1010211816E+001
 0.9191919   0.2028608673E+001   0.9551455372E+000   0.1026828465E+001   0.9671212321E+000
 0.9292929   0.2051229798E+001   0.9720651121E+000   0.1041319425E+001   0.9970173936E+000
 0.9393939   0.2077004670E+001   0.9722900928E+000   0.1037733228E+001   0.1005516734E+001
 0.9494949   0.2085005200E+001   0.9877575192E+000   0.1036871369E+001   0.1014863087E+001
 0.9595960   0.2096601754E+001   0.9728755541E+000   0.1041938124E+001   0.1004501778E+001
 0.9696970   0.2131792985E+001   0.9742970234E+000   0.1039554501E+001   0.9847649083E+000
 0.9797980   0.2143707548E+001   0.9702448133E+000   0.1054741547E+001   0.1015778251E+001
 0.9898990   0.2155554170E+001   0.9685344483E+000   0.1037287208E+001   0.9828810339E+000
 1.0000000   0.2167132722E+001   0.9681662980E+000   0.1038476418E+001   0.9999186575E+000


 0.0000000   0.1535489138E-001   0.1070817212E+001   0.9315329242E+000   0.1003617737E+001
 0.0101010   0.1530647253E-001   0.1056963871E+001   0.9343059765E+000   0.1008992008E+001
 0.0202020   0.1480818647E-001   0.1071498186E+001   0.9311221303E+000   0.9917541146E+000
 0.0303030   0.1410472998E-001   0.1069916126E+001   0.9300041927E+000   0.1001921785E+001
 0.0404040   0.1302175520E-001   0.1080488413E+001   0.9388760906E+000   0.1003804388E+001
 0.0505051   0.1169906445E-001   0.1070136239E+001   0.9314767060E+000   0.9993762467E+000
 0.0606061   0.1037808789E-001   0.1105036135E+001   0.9340964143E+000   0.1029139088E+001
 0.0707071   0.8944899368E-002   0.1036763374E+001   0.9286363942E+000   0.9898795560E+000
 0.0808081   0.7766679714E-002   0.1072832619E+001   0.9358886267E+000   0.1024389133E+001
 0.0909091   0.6777444513E-002   0.1052840197E+001   0.9364006729E+000   0.1004536512E+001
 0.1010101   0.6067818655E-002   0.1079092073E+001   0.9419469990E+000   0.1004190564E+001
 0.1111111   0.5413954246E-002   0.1043590306E+001   0.9373121954E+000   0.1006472215E+001
 0.1212121   0.5147205621E-002   0.1052943375E+001   0.9467602312E+000   0.1027145458E+001
 0.1313131   0.5024547269E-002   0.1034624154E+001   0.9460532750E+000   0.9855415218E+000
 0.1414141   0.4991665333E-002   0.1043657372E+001   0.9506075033E+000   0.1003966904E+001
 0.1515152   0.5101195968E-002   0.1042436434E+001   0.9426874808E+000   0.9827787603E+000
 0.1616162   0.5353966430E-002   0.1069267825E+001   0.9418170304E+000   0.1013484512E+001
 0.1717172   0.5744718504E-002   0.1038176910E+001   0.9477083812E+000   0.1016145903E+001
 0.1818182   0.6250072462E-002   0.1081179704E+001   0.9559567484E+000   0.1012578610E+001
 0.1919192   0.6830742517E-002   0.1056802225E+001   0.9538335480E+000   0.1003152718E+001
 0.2020202   0.7479900588E-002   0.1020782850E+001   0.9552339922E+000   0.1009197968E+001
 0.2121212   0.8514067507E-002   0.1062284407E+001   0.9649922177E+000   0.1022249079E+001
 0.2222222   0.9395034985E-002   0.9687330805E+000   0.9583639356E+000   0.9941339189E+000
 0.2323232   0.1092132678E-001   0.1047449156E+001   0.9516735181E+000   0.1005509995E+001
 0.2424242   0.1253838897E-001   0.1049949499E+001   0.9625525940E+000   0.9977478748E+000
 0.2525253   0.1456022711E-001   0.1015027247E+001   0.9586099775E+000   0.9975258241E+000
 0.2626263   0.1702345968E-001   0.1017185383E+001   0.9642504765E+000   0.9964622333E+000
 0.2727273   0.1988176747E-001   0.9979358418E+000   0.9688217982E+000   0.1002066600E+001
 0.2828283   0.2328094497E-001   0.1041059010E+001   0.9730043554E+000   0.9965394683E+000
 0.2929293   0.2774321057E-001   0.1017776936E+001   0.9741802663E+000   0.1019486318E+001
 0.3030303   0.3293582344E-001   0.1000983027E+001   0.9779459803E+000   0.1015190119E+001
 0.3131313   0.3931245890E-001   0.1030921790E+001   0.9871517010E+000   0.1012980876E+001
 0.3232323   0.4662596895E-001   0.1018872340E+001   0.9874416859E+000   0.1027026388E+001
 0.3333333   0.5632387679E-001   0.1012446082E+001   0.9802474179E+000   0.9886341411E+000
 0.3434343   0.6807284966E-001   0.1003593425E+001   0.9873819975E+000   0.9970704592E+000
 0.3535354   0.8261452394E-001   0.1016394353E+001   0.9789479781E+000   0.9887226396E+000
 0.3636364   0.9928514672E-001   0.1012033371E+001   0.9864534655E+000   0.9897814031E+000
 0.3737374   0.1215777199E+000   0.1001825645E+001   0.9957972055E+000   0.1000377084E+001
 0.3838384   0.1461523704E+000   0.1008686970E+001   0.9919366578E+000   0.9949915496E+000
 0.3939394   0.1792910179E+000   0.9923848753E+000   0.9962822701E+000   0.1006819773E+001
 0.4040404   0.2204029224E+000   0.1014334236E+001   0.9994258414E+000   0.1005666075E+001
 0.4141414   0.2687450543E+000   0.9930314563E+000   0.1006144672E+001   0.1020491982E+001
 0.4242424   0.3315863798E+000   0.9755789286E+000   0.1001000312E+001   0.9977784470E+000
 0.4343434   0.4088075259E+000   0.9779451398E+000   0.1005908160E+001   0.1007627522E+001
 0.4444444   0.5082467237E+000   0.9809321376E+000   0.1013300424E+001   0.1006789201E+001
 0.4545455   0.6267021857E+000   0.9958275751E+000   0.1009894282E+001   0.9956206933E+000
 0.4646465   0.7709741550E+000   0.9774068956E+000   0.1013897141E+001   0.1001765705E+001
 0.4747475   0.9635006106E+000   0.9833843304E+000   0.1018391379E+001   0.1008321029E+001
 0.4848485   0.1188654223E+001   0.9724440426E+000   0.1028941077E+001   0.1001968447E+001
 0.4949495   0.1500276943E+001   0.9771713062E+000   0.1032168426E+001   0.1027465662E+001
 0.5050505   0.1649321428E+001   0.9743958229E+000   0.1018314112E+001   0.9854417598E+000
 0.5151515   0.1649333697E+001   0.9577050915E+000   0.1036643734E+001   0.1002983766E+001
 0.5252525   0.1655383704E+001   0.9506460092E+000   0.1027505734E+001   0.1003849442E+001
 0.5353535   0.1658006394E+001   0.9743511126E+000   0.1031314818E+001   0.1010823122E+001
 0.5454545   0.1659990278E+001   0.9683272477E+000   0.1030402818E+001   0.9918957121E+000
 0.5555556   0.1666313879E+001   0.9763923137E+000   0.1024417458E+001   0.9871216218E+000
 0.5656566   0.1672991218E+001   0.9798264154E+000   0.1024265160E+001   0.9824312027E+000
 0.5757576   0.1672067840E+001   0.9746107767E+000   0.1030756302E+001   0.1000164688E+001
 0.5858586   0.1669833566E+001   0.9957089206E+000   0.1025256533E+001   0.1002214634E+001
 0.5959596   0.1683273138E+001   0.9352071686E+000   0.1026927150E+001   0.9940679474E+000
 0.6060606   0.1675288078E+001   0.9723958929E+000   0.1030758333E+001   0.1010573717E+001
 0.6161616   0.1674850536E+001   0.9795512745E+000   0.1029970664E+001   0.1007954162E+001
 0.6262626   0.1700872618E+001   0.9777473824E+000   0.1023122214E+001   0.9992008588E+000
 0.6363636   0.1707827154E+001   0.9816732983E+000   0.1026868969E+001   0.9955659851E+000
 0.6464646   0.1699108021E+001   0.9739469994E+000   0.1025919278E+001   0.9949609774E+000
 0.6565657   0.1704611156E+001   0.9751473014E+000   0.1028990336E+001   0.9878312186E+000
 0.6666667   0.1725610900E+001   0.9679489290E+000   0.1034683893E+001   0.1001649853E+001
 0.6767677   0.1738043551E+001   0.9929385962E+000   0.1037048905E+001   0.9905971982E+000
 0.6868687   0.1734676276E+001   0.9724165285E+000   0.1032802621E+001   0.9835350200E+000
 0.6969697   0.1731258465E+001   0.9573456888E+000   0.1034767537E+001   0.9906647788E+000
 0.7070707   0.1759748397E+001   0.9767654735E+000   0.1034164774E+001   0.9943511425E+000
 0.7171717   0.1755772333E+001   0.9752487596E+000   0.1031032009E+001   0.1001189661E+001
 0.7272727   0.1767740358E+001   0.9677597697E+000   0.1032113899E+001   0.9957526365E+000
 0.7373737   0.1779776044E+001   0.9695791385E+000   0.1028969395E+001   0.9954613960E+000
 0.7474747   0.1793523339E+001   0.9867049365E+000   0.1033162748E+001   0.1010535100E+001
 0.7575758   0.1809769035E+001   0.9689996231E+000   0.1031557290E+001   0.9960664038E+000
 0.7676768   0.1821102056E+001   0.9647435382E+000   0.1027940806E+001   0.9859807960E+000
 0.7777778   0.1832862529E+001   0.9651596887E+000   0.1032977537E+001   0.9881305044E+000
 0.7878788   0.1833139971E+001   0.9695808582E+000   0.1035564939E+001   0.9953085350E+000
 0.7979798   0.1851217789E+001   0.9812244748E+000   0.1030423958E+001   0.1002579891E+001
 0.8080808   0.1873817727E+001   0.9844642582E+000   0.1032047809E+001   0.9951299290E+000
 0.8181818   0.1872972659E+001   0.9687881086E+000   0.1028866148E+001   0.9848946784E+000
 0.8282828   0.1891869364E+001   0.9777026720E+000   0.1026778492E+001   0.9831842442E+000
 0.8383838   0.1910379085E+001   0.9630101509E+000   0.1031282193E+001   0.9816556343E+000
 0.8484848   0.1926532493E+001   0.9691870628E+000   0.1040208626E+001   0.9955579398E+000
 0.8585859   0.1940732868E+001   0.9707691227E+000   0.1040181112E+001   0.1002874350E+001
 0.8686869   0.1948004879E+001   0.9616447645E+000   0.1034041665E+001   0.9864474243E+000
 0.8787879   0.1967601587E+001   0.9873618352E+000   0.1025362849E+001   0.9991912044E+000
 0.8888889   0.1994775903E+001   0.9824522908E+000   0.1038433250E+001   0.1009214059E+001
 0.8989899   0.2015573923E+001   0.9834565549E+000   0.1039452400E+001   0.1003273398E+001
 0.9090909   0.2023679766E+001   0.9933839805E+000   0.1039294427E+001   0.1004272626E+001
 0.9191919   0.2034200659E+001   0.9521472464E+000   0.1028264379E+001   0.9683486821E+000
 0.9292929   0.2049035542E+001   0.9653161751E+000   0.1034012972E+001   0.9898940376E+000
 0.9393939   0.2071867618E+001   0.9641829387E+000   0.1033191599E+001   0.1000986919E+001
 0.9494949   0.2082661268E+001   0.9808461561E+000   0.1026722946E+001   0.1004800399E+001
 0.9595960   0.2096569497E+001   0.9671407028E+000   0.1035253030E+001   0.9979280898E+000
 0.9696970   0.2131450811E+001   0.9684132292E+000   0.1034921214E+001   0.9802493131E+000
 0.9797980   0.2129292005E+001   0.9580541764E+000   0.1036808294E+001   0.9983786275E+000
 0.9898990   0.2154183428E+001   0.9622277191E+000   0.1033797540E+001   0.9794479996E+000
 1.0000000   0.2165970259E+001   0.9619577372E+000   0.1035070406E+001   0.9965105052E+000


 0.0000000   0.1527735806E-001   0.1068178307E+001   0.9294834494E+000   0.1001390497E+001
 0.0101010   0.1521969988E-001   0.1053702514E+001   0.9326370022E+000   0.1007170339E+001
 0.0202020   0.1467551477E-001   0.1064657238E+001   0.9279284868E+000   0.9883335896E+000
 0.0303030   0.1397723597E-001   0.1062999734E+001   0.9292820625E+000   0.1001124646E+001
 0.0404040   0.1291374166E-001   0.1074309913E+001   0.9345418714E+000   0.9991513070E+000
 0.0505051   0.1159689919E-001   0.1063547083E+001   0.9318300226E+000   0.9997361792E+000
 0.0606061   0.1030619590E-001   0.1100232401E+001   0.9327533128E+000   0.1027639655E+001
 0.0707071   0.8945277938E-002   0.1039501040E+001   0.9319981224E+000   0.9934439702E+000
 0.0808081   0.7698754975E-002   0.1066212999E+001   0.9308830802E+000   0.1018890741E+001
 0.0909091   0.6740817630E-002   0.1049871065E+001   0.9371570843E+000   0.1005328717E+001
 0.1010101   0.6041944494E-002   0.1077282344E+001   0.9440641732E+000   0.1006428373E+001
 0.1111111   0.5385815503E-002   0.1040863619E+001   0.9411224164E+000   0.1010544229E+001
 0.1212121   0.5117731876E-002   0.1049634095E+001   0.9473909396E+000   0.1027810041E+001
 0.1313131   0.4973920742E-002   0.1026860478E+001   0.9459710720E+000   0.9854370225E+000
 0.1414141   0.4969002581E-002   0.1041618317E+001   0.9469778950E+000   0.1000114413E+001
 0.1515152   0.5059807703E-002   0.1036665123E+001   0.9457920798E+000   0.9859965179E+000
 0.1616162   0.5285697729E-002   0.1058376237E+001   0.9432150090E+000   0.1014969439E+001
 0.1717172   0.5688428521E-002   0.1030675184E+001   0.9494198463E+000   0.1017961471E+001
 0.1818182   0.6199605037E-002   0.1075235900E+001   0.9545928786E+000   0.1011114600E+001
 0.1919192   0.6766023967E-002   0.1049509170E+001   0.9549786651E+000   0.1004337818E+001
 0.2020202   0.7389348829E-002   0.1011045288E+001   0.9528011591E+000   0.1006608427E+001
 0.2121212   0.8411528817E-002   0.1052217586E+001   0.9632138601E+000   0.1020345671E+001
 0.2222222   0.9346870336E-002   0.9662707838E+000   0.9611374563E+000   0.9969918722E+000
 0.2323232   0.1080559991E-001   0.1039042554E+001   0.9561522883E+000   0.1010222791E+001
 0.2424242   0.1234452248E-001   0.1036401108E+001   0.9616469821E+000   0.9967900671E+000
 0.2525253   0.1451437183E-001   0.1014459463E+001   0.9650457926E+000   0.1004203684E+001
 0.2626263   0.1688536446E-001   0.1011555289E+001   0.9682042170E+000   0.1000528898E+001
 0.2727273   0.1966707371E-001   0.9897244020E+000   0.9713446975E+000   0.1004656839E+001
 0.2828283   0.2313659895E-001   0.1037292322E+001   0.9731543976E+000   0.9966740594E+000
 0.2929293   0.2763147219E-001   0.1016311437E+001   0.9738295649E+000   0.1019099797E+001
 0.3030303   0.3281704167E-001   0.9999643514E+000   0.9766776473E+000   0.1013854074E+001
 0.3131313   0.3919988160E-001   0.1030640412E+001   0.9892710073E+000   0.1015136201E+001
 0.3232323   0.4669016543E-001   0.1022925999E+001   0.9886334842E+000   0.1028246278E+001
 0.3333333   0.5628263168E-001   0.1014333250E+001   0.9829360811E+000   0.9913268298E+000
 0.3434343   0.6782649108E-001   0.1002559434E+001   0.9891336736E+000   0.9988202018E+000
 0.3535354   0.8260399494E-001   0.1018905231E+001   0.9811886592E+000   0.9909667226E+000
 0.3636364   0.9888832583E-001   0.1010607408E+001   0.9900600450E+000   0.9933811327E+000
 0.3737374   0.1216462625E+000   0.1004994818E+001   0.9978150522E+000   0.1002385022E+001
 0.3838384   0.1468185485E+000   0.1015917345E+001   0.9932475111E+000   0.9962873671E+000
 0.3939394   0.1787394234E+000   0.9919022104E+000   0.9996891379E+000   0.1010243334E+001
 0.4040404   0.2193363988E+000   0.1012048548E+001   0.1002131264E+001   0.1008369085E+001
 0.4141414   0.2685750065E+000   0.9949815362E+000   0.1009642866E+001   0.1024020456E+001
 0.4242424   0.3333045728E+000   0.9831819617E+000   0.1002851421E+001   0.9996044621E+000
 0.4343434   0.4087142719E+000   0.9802623333E+000   0.1006989831E+001   0.1008691731E+001
 0.4444444   0.5050966446E+000   0.9773852050E+000   0.1012164875E+001   0.1005641696E+001
 0.4545455   0.6279375076E+000   0.1000382913E+001   0.1011330220E+001   0.9970172488E+000
 0.4646465   0.7723839305E+000   0.9817382460E+000   0.1017691563E+001   0.1005495478E+001
 0.4747475   0.9620922695E+000   0.9844981771E+000   0.1023241353E+001   0.1013103649E+001
 0.4848485   0.1190502068E+001   0.9764862634E+000   0.1028800352E+001   0.1001812234E+001
 0.4949495   0.1499459967E+001   0.9791766488E+000   0.1031023972E+001   0.1026306775E+001
 0.5050505   0.1650126849E+001   0.9774045233E+000   0.1024843428E+001   0.9917413156E+000
 0.5151515   0.1645524121E+001   0.9579755361E+000   0.1034091307E+001   0.1000495063E+001
 0.5252525   0.1657710718E+001   0.9544557547E+000   0.1027815023E+001   0.1004132387E+001
 0.5353535   0.1661615740E+001   0.9790092242E+000   0.1036044627E+001   0.1015439512E+001
 0.5454545   0.1665424409E+001   0.9740212574E+000   0.1031289027E+001   0.9927297978E+000
 0.5555556   0.1667995714E+001   0.9799171809E+000   0.1027621141E+001   0.9901897127E+000
 0.5656566   0.1668757725E+001   0.9798862718E+000   0.1027287613E+001   0.9853113475E+000
 0.5757576   0.1671259243E+001   0.9766704305E+000   0.1031610945E+001   0.1000974803E+001
 0.5858586   0.1670274057E+001   0.9985592722E+000   0.1026959893E+001   0.1003860494E+001
 0.5959596   0.1680832197E+001   0.9362773010E+000   0.1025473269E+001   0.9926415836E+000
 0.6060606   0.1675036553E+001   0.9747759562E+000   0.1030909455E+001   0.1010702531E+001
 0.6161616   0.1670117398E+001   0.9793208916E+000   0.1029678415E+001   0.1007648871E+001
 0.6262626   0.1693566207E+001   0.9760767170E+000   0.1024172520E+001   0.1000207460E+001
 0.6363636   0.1703279501E+001   0.9816030184E+000   0.1025900164E+001   0.9946076724E+000
 0.6464646   0.1692810534E+001   0.9728583000E+000   0.1027215644E+001   0.9961991529E+000
 0.6565657   0.1700687028E+001   0.9754302002E+000   0.1026714923E+001   0.9856279518E+000
 0.6666667   0.1726261828E+001   0.9708298859E+000   0.1034765335E+001   0.1001709518E+001
 0.6767677   0.1733079235E+001   0.9926749396E+000   0.1036549804E+001   0.9901014985E+000
 0.6868687   0.1733150798E+001   0.9740856515E+000   0.1029680381E+001   0.9805429479E+000
 0.6969697   0.1731025518E+001   0.9597038737E+000   0.1032587106E+001   0.9885583545E+000
 0.7070707   0.1756218451E+001   0.9773388413E+000   0.1030479821E+001   0.9907890858E+000
 0.7171717   0.1757981865E+001   0.9790130878E+000   0.1027153112E+001   0.9974039412E+000
 0.7272727   0.1769635075E+001   0.9713141295E+000   0.1030136452E+001   0.9938258289E+000
 0.7373737   0.1782735602E+001   0.9737147415E+000   0.1029850378E+001   0.9962946176E+000
 0.7474747   0.1793490544E+001   0.9892504615E+000   0.1032055205E+001   0.1009432489E+001
 0.7575758   0.1805086695E+001   0.9690036693E+000   0.1028712184E+001   0.9933001690E+000
 0.7676768   0.1825763923E+001   0.9697261711E+000   0.1029593281E+001   0.9875469124E+000
 0.7777778   0.1837898950E+001   0.9703263240E+000   0.1032412488E+001   0.9875710807E+000
 0.7878788   0.1840750828E+001   0.9761359595E+000   0.1033555478E+001   0.9933581728E+000
 0.7979798   0.1853014596E+001   0.9847287079E+000   0.1028411452E+001   0.1000602612E+001
 0.8080808   0.1872429687E+001   0.9862909087E+000   0.1028670980E+001   0.9918549065E+000
 0.8181818   0.1876665407E+001   0.9732201948E+000   0.1027797422E+001   0.9838527924E+000
 0.8282828   0.1891777625E+001   0.9801953634E+000   0.1030178143E+001   0.9864206711E+000
 0.8383838   0.1913281553E+001   0.9669791188E+000   0.1031628481E+001   0.9819664590E+000
 0.8484848   0.1927215208E+001   0.9720495101E+000   0.1036902284E+001   0.9923745243E+000
 0.8585859   0.1941833943E+001   0.9738435297E+000   0.1036760551E+001   0.9995573340E+000
 0.8686869   0.1948902473E+001   0.9645875221E+000   0.1029778432E+001   0.9823616102E+000
 0.8787879   0.1971742276E+001   0.9920103925E+000   0.1025706122E+001   0.9995065806E+000
 0.8888889   0.1991183392E+001   0.9832309012E+000   0.1034210267E+001   0.1005090659E+001
 0.8989899   0.2014243842E+001   0.9853610580E+000   0.1035503216E+001   0.9994425347E+000
 0.9090909   0.2026836728E+001   0.9975186636E+000   0.1037467155E+001   0.1002487737E+001
 0.9191919   0.2037289790E+001   0.9560707587E+000   0.1030913532E+001   0.9708248867E+000
 0.9292929   0.2050965484E+001   0.9687357898E+000   0.1032374969E+001   0.9883070045E+000
 0.9393939   0.2070205979E+001   0.9659127526E+000   0.1029389571E+001   0.9972843082E+000
 0.9494949   0.2082440158E+001   0.9832901438E+000   0.1024928924E+001   0.1003025481E+001
 0.9595960   0.2099210554E+001   0.9708749618E+000   0.1032370998E+001   0.9951309154E+000
 0.9696970   0.2128679526E+001   0.9696669285E+000   0.1031477124E+001   0.9769684608E+000
 0.9797980   0.2132464316E+001   0.9619744096E+000   0.1035507201E+001   0.9971066714E+000
 0.9898990   0.2154494378E+001   0.9648669924E+000   0.1032314933E+001   0.9780246142E+000
 1.0000000   0.2165138152E+001   0.9640865360E+000   0.1029479926E+001   0.9911093154E+000


 0.0000000   0.1489209558E-001   0.1047360903E+001   0.9323960353E+000   0.1004493490E+001
 0.0101010   0.1480636755E-001   0.1031111191E+001   0.9311107992E+000   0.1005487214E+001
 0.0202020   0.1434737438E-001   0.1046969294E+001   0.9301106047E+000   0.9906233205E+000
 0.0303030   0.1365626100E-001   0.1044693070E+001   0.9321597557E+000   0.1004189906E+001
 0.0404040   0.1260943258E-001   0.1055159418E+001   0.9350223845E+000   0.9996302915E+000
 0.0505051   0.1135968931E-001   0.1047915681E+001   0.9311841216E+000   0.9990084815E+000
 0.0606061   0.1007847384E-001   0.1082245670E+001   0.9342294732E+000   0.1029230203E+001
 0.0707071   0.8735244955E-002   0.1021059907E+001   0.9365193090E+000   0.9982285347E+000
 0.0808081   0.7528449080E-002   0.1048754988E+001   0.9334011143E+000   0.1021611323E+001
 0.0909091   0.6576926077E-002   0.1030365707E+001   0.9387688340E+000   0.1007022704E+001
 0.1010101   0.5909133363E-002   0.1059794471E+001   0.9443990332E+000   0.1006750357E+001
 0.1111111   0.5270897068E-002   0.1024641493E+001   0.9446074910E+000   0.1014251123E+001
 0.1212121   0.5011459819E-002   0.1033878966E+001   0.9480176148E+000   0.1028454161E+001
 0.1313131   0.4857124844E-002   0.1008641636E+001   0.9459224218E+000   0.9853520900E+000
 0.1414141   0.4874171985E-002   0.1027744786E+001   0.9478861955E+000   0.1001038881E+001
 0.1515152   0.4985825362E-002   0.1027511249E+001   0.9484438614E+000   0.9887266536E+000
 0.1616162   0.5190668982E-002   0.1045456910E+001   0.9419869469E+000   0.1013612718E+001
 0.1717172   0.5597615077E-002   0.1020181848E+001   0.9508130868E+000   0.1019419857E+001
 0.1818182   0.6057962581E-002   0.1056845170E+001   0.9562012404E+000   0.1012782988E+001
 0.1919192   0.6632293604E-002   0.1034812095E+001   0.9578210722E+000   0.1007292123E+001
 0.2020202   0.7280521294E-002   0.1002009788E+001   0.9533982918E+000   0.1007204269E+001
 0.2121212   0.8248504020E-002   0.1037888873E+001   0.9627253616E+000   0.1019792748E+001
 0.2222222   0.9260349898E-002   0.9629529627E+000   0.9621974671E+000   0.9980567316E+000
 0.2323232   0.1069074281E-001   0.1034040096E+001   0.9587455191E+000   0.1012927458E+001
 0.2424242   0.1228817443E-001   0.1037733861E+001   0.9632518568E+000   0.9984188847E+000
 0.2525253   0.1432551709E-001   0.1007144550E+001   0.9668672930E+000   0.1006064121E+001
 0.2626263   0.1679607746E-001   0.1012120221E+001   0.9670990431E+000   0.9993520877E+000
 0.2727273   0.1949368654E-001   0.9867645927E+000   0.9711450192E+000   0.1004415397E+001
 0.2828283   0.2308471913E-001   0.1041049276E+001   0.9728150188E+000   0.9962918455E+000
 0.2929293   0.2741313252E-001   0.1014206759E+001   0.9752979872E+000   0.1020601003E+001
 0.3030303   0.3269106049E-001   0.1001980213E+001   0.9778859121E+000   0.1015073045E+001
 0.3131313   0.3902025639E-001   0.1031947438E+001   0.9873745133E+000   0.1013154902E+001
 0.3232323   0.4647913874E-001   0.1024287618E+001   0.9839852360E+000   0.1023376209E+001
 0.3333333   0.5604118958E-001   0.1015918007E+001   0.9863602185E+000   0.9947456179E+000
 0.3434343   0.6768862944E-001   0.1006402125E+001   0.9886826470E+000   0.9983300547E+000
 0.3535354   0.8203468733E-001   0.1017830157E+001   0.9858894990E+000   0.9956797971E+000
 0.3636364   0.9878446570E-001   0.1015479487E+001   0.9910409392E+000   0.9943307526E+000
 0.3737374   0.1213712472E+000   0.1008616141E+001   0.9982170307E+000   0.1002753984E+001
 0.3838384   0.1467168213E+000   0.1021180245E+001   0.9958003024E+000   0.9988132508E+000
 0.3939394   0.1784777431E+000   0.9962712960E+000   0.9990261489E+000   0.1009538253E+001
 0.4040404   0.2192031649E+000   0.1017378380E+001   0.1002478225E+001   0.1008683142E+001
 0.4141414   0.2688438656E+000   0.1001831320E+001   0.1007738576E+001   0.1022053520E+001
 0.4242424   0.3333625726E+000   0.9891326001E+000   0.1005904137E+001   0.1002612441E+001
 0.4343434   0.4090928096E+000   0.9869369412E+000   0.1005019426E+001   0.1006683003E+001
 0.4444444   0.5060398954E+000   0.9849656414E+000   0.1011537590E+001   0.1004983519E+001
 0.4545455   0.6248375434E+000   0.1001294898E+001   0.1012070276E+001   0.9977121493E+000
 0.4646465   0.7725935026E+000   0.9877762479E+000   0.1016786865E+001   0.1004566701E+001
 0.4747475   0.9606710155E+000   0.9888215569E+000   0.1024228869E+001   0.1014046131E+001
 0.4848485   0.1193545185E+001   0.9847361833E+000   0.1029405282E+001   0.1002366451E+001
 0.4949495   0.1501123272E+001   0.9860242080E+000   0.1029300329E+001   0.1024555402E+001
 0.5050505   0.1651717391E+001   0.9840967601E+000   0.1024898919E+001   0.9917605396E+000
 0.5151515   0.1648418014E+001   0.9653005739E+000   0.1031804714E+001   0.9982480577E+000
 0.5252525   0.1652462247E+001   0.9570258055E+000   0.1025596454E+001   0.1001930110E+001
 0.5353535   0.1660659799E+001   0.9841967018E+000   0.1034009546E+001   0.1013409678E+001
 0.5454545   0.1662692825E+001   0.9781390085E+000   0.1030442670E+001   0.9918806066E+000
 0.5555556   0.1669514240E+001   0.9865738876E+000   0.1025894290E+001   0.9884914006E+000
 0.5656566   0.1665510673E+001   0.9837275875E+000   0.1025913438E+001   0.9839591185E+000
 0.5757576   0.1669785104E+001   0.9815441664E+000   0.1028587003E+001   0.9980059716E+000
 0.5858586   0.1659852290E+001   0.9981610108E+000   0.1026290004E+001   0.1003170801E+001
 0.5959596   0.1683705106E+001   0.9433898766E+000   0.1023622496E+001   0.9908156228E+000
 0.6060606   0.1671550229E+001   0.9784643290E+000   0.1027701564E+001   0.1007522495E+001
 0.6161616   0.1672197495E+001   0.9863036369E+000   0.1028448880E+001   0.1006410656E+001
 0.6262626   0.1692477135E+001   0.9811821325E+000   0.1023402195E+001   0.9994204184E+000
 0.6363636   0.1705772553E+001   0.9888174777E+000   0.1024437876E+001   0.9931554634E+000
 0.6464646   0.1692932848E+001   0.9786468757E+000   0.1026497379E+001   0.9954679717E+000
 0.6565657   0.1703488060E+001   0.9827791608E+000   0.1027769934E+001   0.9866064476E+000
 0.6666667   0.1723999407E+001   0.9752559952E+000   0.1031009696E+001   0.9980391608E+000
 0.6767677   0.1732026934E+001   0.9979029979E+000   0.1033194455E+001   0.9868621999E+000
 0.6868687   0.1730209980E+001   0.9781481868E+000   0.1028750138E+001   0.9796230434E+000
 0.6969697   0.1735039505E+001   0.9675829169E+000   0.1030263913E+001   0.9862999353E+000
 0.7070707   0.1760663768E+001   0.9855714107E+000   0.1029214224E+001   0.9895378374E+000
 0.7171717   0.1757334941E+001   0.9844047438E+000   0.1026756273E+001   0.9969839386E+000
 0.7272727   0.1773341179E+001   0.9790690786E+000   0.1031081168E+001   0.9947026672E+000
 0.7373737   0.1781060535E+001   0.9785173594E+000   0.1027392937E+001   0.9938826980E+000
 0.7474747   0.1793316255E+001   0.9949679741E+000   0.1031248063E+001   0.1008607978E+001
 0.7575758   0.1806175094E+001   0.9752865896E+000   0.1028534382E+001   0.9930939657E+000
 0.7676768   0.1823360034E+001   0.9741413388E+000   0.1029023063E+001   0.9869656722E+000
 0.7777778   0.1839192704E+001   0.9767163684E+000   0.1034010579E+001   0.9890653790E+000
 0.7878788   0.1838656297E+001   0.9807558504E+000   0.1030814854E+001   0.9906896989E+000
 0.7979798   0.1850158853E+001   0.9889898262E+000   0.1026867906E+001   0.9990660746E+000
 0.8080808   0.1873746777E+001   0.9927855728E+000   0.1027353462E+001   0.9905501089E+000
 0.8181818   0.1877542007E+001   0.9793974586E+000   0.1028039069E+001   0.9840499008E+000
 0.8282828   0.1892142625E+001   0.9861465856E+000   0.1029055113E+001   0.9853110915E+000
 0.8383838   0.1912842577E+001   0.9724392697E+000   0.1031928256E+001   0.9822176602E+000
 0.8484848   0.1927932955E+001   0.9781267707E+000   0.1035391022E+001   0.9908937151E+000
 0.8585859   0.1944471277E+001   0.9808976045E+000   0.1037333976E+001   0.1000075418E+001
 0.8686869   0.1952358377E+001   0.9719772941E+000   0.1028879472E+001   0.9814699264E+000
 0.8787879   0.1971965887E+001   0.9979539886E+000   0.1025114398E+001   0.9988952477E+000
 0.8888889   0.1987277133E+001   0.9870695170E+000   0.1033559404E+001   0.1004423207E+001
 0.8989899   0.2016381475E+001   0.9922042790E+000   0.1035797469E+001   0.9996917892E+000
 0.9090909   0.2025058854E+001   0.1002501338E+001   0.1036031034E+001   0.1001065238E+001
 0.9191919   0.2035700721E+001   0.9609398505E+000   0.1028610867E+001   0.9686227663E+000
 0.9292929   0.2055882033E+001   0.9767653194E+000   0.1034284991E+001   0.9901010782E+000
 0.9393939   0.2070999035E+001   0.9719619969E+000   0.1030373814E+001   0.9982031547E+000
 0.9494949   0.2084653990E+001   0.9901207996E+000   0.1027707563E+001   0.1005709777E+001
 0.9595960   0.2101625346E+001   0.9777045678E+000   0.1032930754E+001   0.9956358702E+000
 0.9696970   0.2125655028E+001   0.9739802082E+000   0.1032918203E+001   0.9782993788E+000
 0.9797980   0.2135800662E+001   0.9691422121E+000   0.1034086664E+001   0.9957042010E+000
 0.9898990   0.2160893092E+001   0.9734203305E+000   0.1034116344E+001   0.9796972311E+000
 1.0000000   0.2163321696E+001   0.9689392691E+000   0.1029732839E+001   0.9913183420E+000


 0.0000000   0.1483619366E-001   0.1046491241E+001   0.9320525128E+000   0.1004135446E+001
 0.0101010   0.1476866661E-001   0.1031503776E+001   0.9323381040E+000   0.1006824629E+001
 0.0202020   0.1424601222E-001   0.1042623207E+001   0.9285099658E+000   0.9889304035E+000
 0.0303030   0.1358309752E-001   0.1042145326E+001   0.9314864332E+000   0.1003476588E+001
 0.0404040   0.1254680779E-001   0.1052999927E+001   0.9329862485E+000   0.9974654245E+000
 0.0505051   0.1124550469E-001   0.1040426482E+001   0.9291653438E+000   0.9968546167E+000
 0.0606061   0.1001262074E-001   0.1078329312E+001   0.9336945966E+000   0.1028653271E+001
 0.0707071   0.8677952685E-002   0.1017339658E+001   0.9378084937E+000   0.9996146536E+000
 0.0808081   0.7487400024E-002   0.1046097392E+001   0.9327222435E+000   0.1020880538E+001
 0.0909091   0.6520800725E-002   0.1024570683E+001   0.9394923225E+000   0.1007810880E+001
 0.1010101   0.5868963004E-002   0.1055678777E+001   0.9424412829E+000   0.1004675400E+001
 0.1111111   0.5248102467E-002   0.1023204096E+001   0.9438613030E+000   0.1013462074E+001
 0.1212121   0.4951916028E-002   0.1024592752E+001   0.9465990368E+000   0.1026927535E+001
 0.1313131   0.4831010087E-002   0.1006162507E+001   0.9445075289E+000   0.9838900176E+000
 0.1414141   0.4841802622E-002   0.1023915401E+001   0.9484016961E+000   0.1001595300E+001
 0.1515152   0.4909714078E-002   0.1014794921E+001   0.9471342411E+000   0.9873732509E+000
 0.1616162   0.5131266385E-002   0.1036525345E+001   0.9431419793E+000   0.1014867746E+001
 0.1717172   0.5530437613E-002   0.1010896329E+001   0.9526129642E+000   0.1021361854E+001
 0.1818182   0.5977112417E-002   0.1045800308E+001   0.9552454371E+000   0.1011782759E+001
 0.1919192   0.6547593149E-002   0.1024594450E+001   0.9571954635E+000   0.1006646273E+001
 0.2020202   0.7183787625E-002   0.9915977505E+000   0.9513770190E+000   0.1005080976E+001
 0.2121212   0.8155142149E-002   0.1029152568E+001   0.9631956235E+000   0.1020303121E+001
 0.2222222   0.9194676630E-002   0.9589295414E+000   0.9611000366E+000   0.9969303569E+000
 0.2323232   0.1059118569E-001   0.1027416748E+001   0.9582564450E+000   0.1012422886E+001
 0.2424242   0.1219255381E-001   0.1032680228E+001   0.9633497270E+000   0.9985323022E+000
 0.2525253   0.1419620620E-001   0.1000982211E+001   0.9668038965E+000   0.1006010218E+001
 0.2626263   0.1662175455E-001   0.1004554858E+001   0.9670089494E+000   0.9992709724E+000
 0.2727273   0.1934487818E-001   0.9821054912E+000   0.9711540451E+000   0.1004436778E+001
 0.2828283   0.2288722031E-001   0.1035171490E+001   0.9715167166E+000   0.9949741431E+000
 0.2929293   0.2725411678E-001   0.1011282539E+001   0.9750288739E+000   0.1020331625E+001
 0.3030303   0.3243959817E-001   0.9971905697E+000   0.9767592538E+000   0.1013915700E+001
 0.3131313   0.3886369531E-001   0.1030823029E+001   0.9864476976E+000   0.1012216026E+001
 0.3232323   0.4626889138E-001   0.1022646427E+001   0.9819379755E+000   0.1021259239E+001
 0.3333333   0.5577062889E-001   0.1013980062E+001   0.9886818464E+000   0.9970989399E+000
 0.3434343   0.6732406505E-001   0.1003919099E+001   0.9868636269E+000   0.9965052347E+000
 0.3535354   0.8164815247E-001   0.1016007024E+001   0.9846185264E+000   0.9944081279E+000
 0.3636364   0.9845290991E-001   0.1015041076E+001   0.9942190663E+000   0.9975313918E+000
 0.3737374   0.1213558063E+000   0.1011447208E+001   0.9991700333E+000   0.1003723354E+001
 0.3838384   0.1462501333E+000   0.1020919096E+001   0.9945055124E+000   0.9975265053E+000
 0.3939394   0.1789525658E+000   0.1001853091E+001   0.9977512833E+000   0.1008262063E+001
 0.4040404   0.2189364143E+000   0.1019122162E+001   0.1001647071E+001   0.1007858930E+001
 0.4141414   0.2688913685E+000   0.1004948707E+001   0.1008497941E+001   0.1022835937E+001
 0.4242424   0.3338082929E+000   0.9933615809E+000   0.1007549975E+001   0.1004264937E+001
 0.4343434   0.4085462431E+000   0.9885106230E+000   0.1005580497E+001   0.1007257081E+001
 0.4444444   0.5055443057E+000   0.9868885442E+000   0.1013132641E+001   0.1006580306E+001
 0.4545455   0.6247836639E+000   0.1004146580E+001   0.1013374192E+001   0.9990095466E+000
 0.4646465   0.7703033097E+000   0.9877382045E+000   0.1018452525E+001   0.1006224408E+001
 0.4747475   0.9620368856E+000   0.9931332506E+000   0.1024412234E+001   0.1014239836E+001
 0.4848485   0.1192394605E+001   0.9866737949E+000   0.1028450448E+001   0.1001448706E+001
 0.4949495   0.1499586728E+001   0.9879054204E+000   0.1028188116E+001   0.1023460590E+001
 0.5050505   0.1652633421E+001   0.9875319433E+000   0.1027299471E+001   0.9940953943E+000
 0.5151515   0.1653519716E+001   0.9711295094E+000   0.1029571748E+001   0.9960996583E+000
 0.5252525   0.1655874782E+001   0.9618163494E+000   0.1028941124E+001   0.1005209653E+001
 0.5353535   0.1660685193E+001   0.9870998983E+000   0.1035294546E+001   0.1014681246E+001
 0.5454545   0.1669116901E+001   0.9847996190E+000   0.1030792004E+001   0.9922287657E+000
 0.5555556   0.1670341985E+001   0.9899595443E+000   0.1025650435E+001   0.9882682879E+000
 0.5656566   0.1663017563E+001   0.9851374460E+000   0.1029015856E+001   0.9869464998E+000
 0.5757576   0.1672116003E+001   0.9857986702E+000   0.1027528220E+001   0.9969906233E+000
 0.5858586   0.1659493277E+001   0.1000873563E+001   0.1027018776E+001   0.1003895195E+001
 0.5959596   0.1684889480E+001   0.9468237914E+000   0.1026719215E+001   0.9938250100E+000
 0.6060606   0.1675841428E+001   0.9838548918E+000   0.1028074776E+001   0.1007900465E+001
 0.6161616   0.1674390395E+001   0.9904951444E+000   0.1029034349E+001   0.1006995655E+001
 0.6262626   0.1690630004E+001   0.9829874064E+000   0.1024439437E+001   0.1000445352E+001
 0.6363636   0.1708924611E+001   0.9935517147E+000   0.1027599414E+001   0.9962324072E+000
 0.6464646   0.1696274249E+001   0.9834559504E+000   0.1031471414E+001   0.1000303645E+001
 0.6565657   0.1705871469E+001   0.9870421791E+000   0.1027864118E+001   0.9867086920E+000
 0.6666667   0.1719576818E+001   0.9756086878E+000   0.1029615506E+001   0.9967015076E+000
 0.6767677   0.1733476437E+001   0.1001668899E+001   0.1033094679E+001   0.9867787313E+000
 0.6868687   0.1728968272E+001   0.9803144989E+000   0.1032171890E+001   0.9828931793E+000
 0.6969697   0.1737190284E+001   0.9716252154E+000   0.1032101755E+001   0.9880712006E+000
 0.7070707   0.1758050366E+001   0.9869963433E+000   0.1027273259E+001   0.9876835412E+000
 0.7171717   0.1759554318E+001   0.9885403314E+000   0.1028682418E+001   0.9988662104E+000
 0.7272727   0.1771447194E+001   0.9808933884E+000   0.1030803172E+001   0.9944464052E+000
 0.7373737   0.1780276985E+001   0.9809570493E+000   0.1026804083E+001   0.9933249621E+000
 0.7474747   0.1793025995E+001   0.9977261697E+000   0.1031883737E+001   0.1009241799E+001
 0.7575758   0.1809351720E+001   0.9798688729E+000   0.1029182174E+001   0.9937313529E+000
 0.7676768   0.1821203960E+001   0.9758446574E+000   0.1030180329E+001   0.9880874888E+000
 0.7777778   0.1840323183E+001   0.9801846308E+000   0.1033456058E+001   0.9885468163E+000
 0.7878788   0.1834146125E+001   0.9812210296E+000   0.1029590555E+001   0.9895249231E+000
 0.7979798   0.1854592568E+001   0.9942689604E+000   0.1027307263E+001   0.9995055226E+000
 0.8080808   0.1874164298E+001   0.9959207476E+000   0.1027832052E+001   0.9910234383E+000
 0.8181818   0.1880849273E+001   0.9840017362E+000   0.1029658317E+001   0.9856116812E+000
 0.8282828   0.1893923764E+001   0.9899714276E+000   0.1029053905E+001   0.9853217511E+000
 0.8383838   0.1907946592E+001   0.9727965753E+000   0.1030149423E+001   0.9805362756E+000
 0.8484848   0.1925252005E+001   0.9796329033E+000   0.1034801889E+001   0.9903417768E+000
 0.8585859   0.1943685965E+001   0.9833787085E+000   0.1036768430E+001   0.9995421711E+000
 0.8686869   0.1951345072E+001   0.9743235872E+000   0.1027366760E+001   0.9800386708E+000
 0.8787879   0.1974060535E+001   0.1001945612E+001   0.1027496895E+001   0.1001228815E+001
 0.8888889   0.1988724335E+001   0.9906869758E+000   0.1033458735E+001   0.1004337419E+001
 0.8989899   0.2015432470E+001   0.9946475303E+000   0.1036341363E+001   0.1000228719E+001
 0.9090909   0.2021462706E+001   0.1003657665E+001   0.1035007071E+001   0.1000087826E+001
 0.9191919   0.2034340799E+001   0.9631158798E+000   0.1027400201E+001   0.9674943074E+000
 0.9292929   0.2050599504E+001   0.9771144795E+000   0.1030838603E+001   0.9868137509E+000
 0.9393939   0.2066864063E+001   0.9728678754E+000   0.1029782381E+001   0.9976421516E+000
 0.9494949   0.2081156141E+001   0.9913600833E+000   0.1026172209E+001   0.1004219330E+001
 0.9595960   0.2101757651E+001   0.9806353497E+000   0.1031326122E+001   0.9941010952E+000
 0.9696970   0.2121638290E+001   0.9749924507E+000   0.1030748961E+001   0.9762565489E+000
 0.9797980   0.2138793826E+001   0.9733483027E+000   0.1033702600E+001   0.9953463287E+000
 0.9898990   0.2160280379E+001   0.9759999900E+000   0.1032064235E+001   0.9777648370E+000
 1.0000000   0.2165374873E+001   0.9727049036E+000   0.1031139074E+001   0.9926840211E+000


 0.0000000   0.1480576528E-001   0.1045597244E+001   0.9336125335E+000   0.1005784859E+001
 0.0101010   0.1476633174E-001   0.1032577416E+001   0.9359910661E+000   0.1010738024E+001
 0.0202020   0.1420607762E-001   0.1040947253E+001   0.9313772895E+000   0.9919534847E+000
 0.0303030   0.1357259520E-001   0.1042588256E+001   0.9352292979E+000   0.1007477412E+001
 0.0404040   0.1249417278E-001   0.1049839888E+001   0.9353586701E+000   0.9999707300E+000
 0.0505051   0.1122716190E-001   0.1039974996E+001   0.9318634823E+000   0.9997182459E+000
 0.0606061   0.9980676719E-002   0.1076177974E+001   0.9371784484E+000   0.1032459352E+001
 0.0707071   0.8641530526E-002   0.1014284598E+001   0.9394322267E+000   0.1001314281E+001
 0.0808081   0.7475791225E-002   0.1045727943E+001   0.9338128451E+000   0.1022042459E+001
 0.0909091   0.6503832862E-002   0.1023130035E+001   0.9412155785E+000   0.1009628073E+001
 0.1010101   0.5834079935E-002   0.1050662567E+001   0.9412261468E+000   0.1003348842E+001
 0.1111111   0.5223318235E-002   0.1019593167E+001   0.9446952143E+000   0.1014325956E+001
 0.1212121   0.4926014858E-002   0.1020455783E+001   0.9459278777E+000   0.1026167532E+001
 0.1313131   0.4798894604E-002   0.1000672266E+001   0.9443818398E+000   0.9837285170E+000
 0.1414141   0.4818415337E-002   0.1020191480E+001   0.9492896152E+000   0.1002501866E+001
 0.1515152   0.4889539513E-002   0.1011836890E+001   0.9479277083E+000   0.9881697198E+000
 0.1616162   0.5122811727E-002   0.1036058374E+001   0.9455628387E+000   0.1017441093E+001
 0.1717172   0.5511892411E-002   0.1008714629E+001   0.9526680898E+000   0.1021389217E+001
 0.1818182   0.5973366362E-002   0.1046398140E+001   0.9551234060E+000   0.1011622068E+001
 0.1919192   0.6529796955E-002   0.1023034915E+001   0.9584125878E+000   0.1007894955E+001
 0.2020202   0.7174177389E-002   0.9914586923E+000   0.9545992673E+000   0.1008453777E+001
 0.2121212   0.8130063483E-002   0.1027218019E+001   0.9627329193E+000   0.1019781292E+001
 0.2222222   0.9146192112E-002   0.9550168252E+000   0.9613437227E+000   0.9971521399E+000
 0.2323232   0.1054332765E-001   0.1024000638E+001   0.9575057199E+000   0.1011598289E+001
 0.2424242   0.1219166311E-001   0.1033843021E+001   0.9623949267E+000   0.9975116325E+000
 0.2525253   0.1416654341E-001   0.1000088476E+001   0.9659915714E+000   0.1005133716E+001
 0.2626263   0.1658077298E-001   0.1003279717E+001   0.9692878153E+000   0.1001594742E+001
 0.2727273   0.1932831285E-001   0.9824411673E+000   0.9709843784E+000   0.1004230088E+001
 0.2828283   0.2281046027E-001   0.1032936839E+001   0.9718508710E+000   0.9952854359E+000
 0.2929293   0.2719075846E-001   0.1010141430E+001   0.9749984445E+000   0.1020268076E+001
 0.3030303   0.3228426858E-001   0.9936057913E+000   0.9772090985E+000   0.1014351135E+001
 0.3131313   0.3879000131E-001   0.1030102116E+001   0.9855716395E+000   0.1011285656E+001
 0.3232323   0.4621094954E-001   0.1022590538E+001   0.9814519091E+000   0.1020721988E+001
 0.3333333   0.5568522050E-001   0.1013641267E+001   0.9867867125E+000   0.9951567460E+000
 0.3434343   0.6706223723E-001   0.1001213942E+001   0.9863747614E+000   0.9959806415E+000
 0.3535354   0.8143233477E-001   0.1014536557E+001   0.9822490428E+000   0.9919842584E+000
 0.3636364   0.9809442968E-001   0.1012557915E+001   0.9932229573E+000   0.9965009966E+000
 0.3737374   0.1212258319E+000   0.1011575492E+001   0.9984648159E+000   0.1002983754E+001
 0.3838384   0.1461072722E+000   0.1021144858E+001   0.9951066291E+000   0.9980984308E+000
 0.3939394   0.1787470123E+000   0.1001902292E+001   0.9966666491E+000   0.1007134705E+001
 0.4040404   0.2188592357E+000   0.1019984539E+001   0.1002803245E+001   0.1008990918E+001
 0.4141414   0.2680988352E+000   0.1003188228E+001   0.1008379282E+001   0.1022683810E+001
 0.4242424   0.3327376426E+000   0.9913628462E+000   0.1006555506E+001   0.1003242533E+001
 0.4343434   0.4083881677E+000   0.9893130456E+000   0.1005245180E+001   0.1006889914E+001
 0.4444444   0.5035620122E+000   0.9841976205E+000   0.1013505326E+001   0.1006919289E+001
 0.4545455   0.6249031741E+000   0.1005542993E+001   0.1014055776E+001   0.9996504039E+000
 0.4646465   0.7705372794E+000   0.9892230083E+000   0.1017494168E+001   0.1005246319E+001
 0.4747475   0.9620893430E+000   0.9943783693E+000   0.1023245338E+001   0.1013053045E+001
 0.4848485   0.1193576361E+001   0.9888359932E+000   0.1028273246E+001   0.1001245040E+001
 0.4949495   0.1500420206E+001   0.9896397938E+000   0.1027606206E+001   0.1022849569E+001
 0.5050505   0.1649943994E+001   0.9871071320E+000   0.1028268496E+001   0.9950021781E+000
 0.5151515   0.1647924284E+001   0.9690038278E+000   0.1028206927E+001   0.9947482952E+000
 0.5252525   0.1653992236E+001   0.9618749075E+000   0.1026865688E+001   0.1003150911E+001
 0.5353535   0.1659957762E+001   0.9878506657E+000   0.1035413789E+001   0.1014766580E+001
 0.5454545   0.1668264542E+001   0.9854770214E+000   0.1030324426E+001   0.9917478605E+000
 0.5555556   0.1668473133E+001   0.9900377006E+000   0.1028115508E+001   0.9906127311E+000
 0.5656566   0.1670119301E+001   0.9905307273E+000   0.1027557237E+001   0.9855168880E+000
 0.5757576   0.1670815756E+001   0.9862132941E+000   0.1026905576E+001   0.9963555210E+000
 0.5858586   0.1658503487E+001   0.1001476067E+001   0.1029458342E+001   0.1006248563E+001
 0.5959596   0.1686150196E+001   0.9486684701E+000   0.1027431140E+001   0.9944832218E+000
 0.6060606   0.1679713209E+001   0.9873104420E+000   0.1028703947E+001   0.1008485950E+001
 0.6161616   0.1679395160E+001   0.9946470290E+000   0.1029044037E+001   0.1006973842E+001
 0.6262626   0.1690296161E+001   0.9839718012E+000   0.1026366612E+001   0.1002296242E+001
 0.6363636   0.1708994050E+001   0.9947835371E+000   0.1028184716E+001   0.9967688676E+000
 0.6464646   0.1700308764E+001   0.9869771588E+000   0.1028816937E+001   0.9976983729E+000
 0.6565657   0.1703288701E+001   0.9867295563E+000   0.1025541212E+001   0.9844482017E+000
 0.6666667   0.1720182165E+001   0.9771224322E+000   0.1028324792E+001   0.9954211199E+000
 0.6767677   0.1731892788E+001   0.1001953846E+001   0.1032262598E+001   0.9859533148E+000
 0.6868687   0.1731542977E+001   0.9829516206E+000   0.1030777116E+001   0.9815344929E+000
 0.6969697   0.1739431198E+001   0.9740451899E+000   0.1032705051E+001   0.9886180365E+000
 0.7070707   0.1756904017E+001   0.9875355352E+000   0.1028258252E+001   0.9885998521E+000
 0.7171717   0.1758654124E+001   0.9892193778E+000   0.1027891970E+001   0.9980676571E+000
 0.7272727   0.1772989692E+001   0.9829247546E+000   0.1031647664E+001   0.9952301832E+000
 0.7373737   0.1781715485E+001   0.9829269330E+000   0.1026384170E+001   0.9928878858E+000
 0.7474747   0.1792976055E+001   0.9988947560E+000   0.1031147979E+001   0.1008490845E+001
 0.7575758   0.1810149022E+001   0.9814761708E+000   0.1028913554E+001   0.9934411128E+000
 0.7676768   0.1820628986E+001   0.9767063727E+000   0.1029123308E+001   0.9870429832E+000
 0.7777778   0.1837734661E+001   0.9799796639E+000   0.1033253336E+001   0.9883221895E+000
 0.7878788   0.1836742109E+001   0.9837880961E+000   0.1029516548E+001   0.9894230482E+000
 0.7979798   0.1854563735E+001   0.9954457469E+000   0.1026639108E+001   0.9988244101E+000
 0.8080808   0.1873737265E+001   0.9968877957E+000   0.1027778232E+001   0.9909407506E+000
 0.8181818   0.1878587951E+001   0.9839972149E+000   0.1029423957E+001   0.9853567249E+000
 0.8282828   0.1892690835E+001   0.9905133008E+000   0.1028551917E+001   0.9848104920E+000
 0.8383838   0.1907766045E+001   0.9738709242E+000   0.1030851030E+001   0.9811736015E+000
 0.8484848   0.1925803222E+001   0.9810884296E+000   0.1033009479E+001   0.9885956557E+000
 0.8585859   0.1942831341E+001   0.9841250098E+000   0.1034916416E+001   0.9977256496E+000
 0.8686869   0.1957430303E+001   0.9785339845E+000   0.1029532825E+001   0.9820744313E+000
 0.8787879   0.1975303190E+001   0.1003778553E+001   0.1028315649E+001   0.1001995499E+001
 0.8888889   0.1988081919E+001   0.9915545385E+000   0.1033154417E+001   0.1004010476E+001
 0.8989899   0.2009207075E+001   0.9927642330E+000   0.1034317756E+001   0.9982446059E+000
 0.9090909   0.2018817368E+001   0.1003546199E+001   0.1034321599E+001   0.9993944228E+000
 0.9191919   0.2036522781E+001   0.9653050378E+000   0.1027771228E+001   0.9678136242E+000
 0.9292929   0.2055248144E+001   0.9805039133E+000   0.1029564828E+001   0.9855637479E+000
 0.9393939   0.2061392407E+001   0.9714558917E+000   0.1028772878E+001   0.9966331836E+000
 0.9494949   0.2081464622E+001   0.9926959790E+000   0.1026162204E+001   0.1004178333E+001
 0.9595960   0.2105464066E+001   0.9835426718E+000   0.1029074926E+001   0.9919003302E+000
 0.9696970   0.2121758652E+001   0.9762169765E+000   0.1029325751E+001   0.9748782839E+000
 0.9797980   0.2135691577E+001   0.9731019767E+000   0.1030160179E+001   0.9919045266E+000
 0.9898990   0.2162343136E+001   0.9781034030E+000   0.1031362344E+001   0.9770695105E+000
 1.0000000   0.2164234198E+001   0.9733582925E+000   0.1029338464E+001   0.9909197686E+000


 0.0000000   0.1479139571E-001   0.1044554449E+001   0.9333195897E+000   0.1005478487E+001
 0.0101010   0.1474061393E-001   0.1030751393E+001   0.9347665563E+000   0.1009424981E+001
 0.0202020   0.1422606404E-001   0.1042383810E+001   0.9323655598E+000   0.9930151352E+000
 0.0303030   0.1357921817E-001   0.1043069041E+001   0.9358624010E+000   0.1008168666E+001
 0.0404040   0.1248764707E-001   0.1049263428E+001   0.9352247297E+000   0.9998367036E+000
 0.0505051   0.1124326637E-001   0.1041438838E+001   0.9323208887E+000   0.1000218129E+001
 0.0606061   0.9960447513E-002   0.1073967945E+001   0.9366429316E+000   0.1031878851E+001
 0.0707071   0.8629855598E-002   0.1012887120E+001   0.9386404816E+000   0.1000479555E+001
 0.0808081   0.7485095250E-002   0.1047001340E+001   0.9354462129E+000   0.1023839539E+001
 0.0909091   0.6508928318E-002   0.1023904162E+001   0.9404594285E+000   0.1008826211E+001
 0.1010101   0.5813331052E-002   0.1046897825E+001   0.9408404457E+000   0.1002946878E+001
 0.1111111   0.5224282411E-002   0.1019754037E+001   0.9439863401E+000   0.1013574125E+001
 0.1212121   0.4936447633E-002   0.1022589586E+001   0.9465403273E+000   0.1026841347E+001
 0.1313131   0.4795871440E-002   0.1000015064E+001   0.9438414402E+000   0.9831746156E+000
 0.1414141   0.4822327428E-002   0.1020992407E+001   0.9482848442E+000   0.1001449954E+001
 0.1515152   0.4899250959E-002   0.1013819390E+001   0.9464332949E+000   0.9866209097E+000
 0.1616162   0.5127120305E-002   0.1036901961E+001   0.9462835437E+000   0.1018225918E+001
 0.1717172   0.5515525050E-002   0.1009352369E+001   0.9521815254E+000   0.1020876914E+001
 0.1818182   0.5974399586E-002   0.1046551081E+001   0.9539518575E+000   0.1010390482E+001
 0.1919192   0.6542241159E-002   0.1024957094E+001   0.9578402931E+000   0.1007302348E+001
 0.2020202   0.7199397727E-002   0.9949174271E+000   0.9534339392E+000   0.1007231940E+001
 0.2121212   0.8138785286E-002   0.1028292436E+001   0.9617955802E+000   0.1018797749E+001
 0.2222222   0.9176620136E-002   0.9581683381E+000   0.9602818062E+000   0.9960598004E+000
 0.2323232   0.1059451619E-001   0.1028944644E+001   0.9599031423E+000   0.1014140446E+001
 0.2424242   0.1219128419E-001   0.1033783175E+001   0.9642376808E+000   0.9994307890E+000
 0.2525253   0.1417622873E-001   0.1000745384E+001   0.9660716404E+000   0.1005226245E+001
 0.2626263   0.1660321964E-001   0.1004611002E+001   0.9677583214E+000   0.1000023437E+001
 0.2727273   0.1937215849E-001   0.9846434063E+000   0.9712478225E+000   0.1004511762E+001
 0.2828283   0.2279486904E-001   0.1032203143E+001   0.9707532194E+000   0.9941704304E+000
 0.2929293   0.2716682807E-001   0.1009225357E+001   0.9750933230E+000   0.1020376714E+001
 0.3030303   0.3227812577E-001   0.9933901048E+000   0.9774271434E+000   0.1014586769E+001
 0.3131313   0.3876075031E-001   0.1029297738E+001   0.9850308960E+000   0.1010740070E+001
 0.3232323   0.4623685538E-001   0.1023136373E+001   0.9812086453E+000   0.1020478346E+001
 0.3333333   0.5559727588E-001   0.1012013276E+001   0.9865032656E+000   0.9948800156E+000
 0.3434343   0.6693434410E-001   0.9992777575E+000   0.9879090035E+000   0.9975389701E+000
 0.3535354   0.8133163576E-001   0.1013254820E+001   0.9819774097E+000   0.9917190249E+000
 0.3636364   0.9793884063E-001   0.1010924781E+001   0.9927716700E+000   0.9960573514E+000
 0.3737374   0.1208750595E+000   0.1008621414E+001   0.9955154139E+000   0.1000030171E+001
 0.3838384   0.1459607061E+000   0.1020093160E+001   0.9958758897E+000   0.9988791616E+000
 0.3939394   0.1789187301E+000   0.1002837911E+001   0.9958618949E+000   0.1006330724E+001
 0.4040404   0.2188754648E+000   0.1020032829E+001   0.1001222944E+001   0.1007410102E+001
 0.4141414   0.2680891134E+000   0.1003124959E+001   0.1006798508E+001   0.1021089973E+001
 0.4242424   0.3323382047E+000   0.9901462119E+000   0.1006456040E+001   0.1003152591E+001
 0.4343434   0.4080375828E+000   0.9884372621E+000   0.1004999812E+001   0.1006653374E+001
 0.4444444   0.5034052312E+000   0.9838648212E+000   0.1012456236E+001   0.1005886238E+001
 0.4545455   0.6226846617E+000   0.1001946285E+001   0.1013000803E+001   0.9986195722E+000
 0.4646465   0.7692790444E+000   0.9875811996E+000   0.1016036749E+001   0.1003815646E+001
 0.4747475   0.9633408691E+000   0.9956452072E+000   0.1023448750E+001   0.1013263720E+001
 0.4848485   0.1194056142E+001   0.9892069563E+000   0.1027695227E+001   0.1000691389E+001
 0.4949495   0.1498336776E+001   0.9882391230E+000   0.1028145416E+001   0.1023395665E+001
 0.5050505   0.1649297691E+001   0.9866940190E+000   0.1026844641E+001   0.9936334967E+000
 0.5151515   0.1648985730E+001   0.9696019807E+000   0.1029457550E+001   0.9959673523E+000
 0.5252525   0.1653850323E+001   0.9617665951E+000   0.1025831448E+001   0.1002149743E+001
 0.5353535   0.1661513036E+001   0.9887497123E+000   0.1033760303E+001   0.1013155354E+001
 0.5454545   0.1667085108E+001   0.9847539069E+000   0.1029950462E+001   0.9913969872E+000
 0.5555556   0.1663701489E+001   0.9871798409E+000   0.1027208223E+001   0.9897476149E+000
 0.5656566   0.1667386988E+001   0.9888837102E+000   0.1027242209E+001   0.9852237800E+000
 0.5757576   0.1670320401E+001   0.9858944769E+000   0.1026338975E+001   0.9958149047E+000
 0.5858586   0.1661009440E+001   0.1002962383E+001   0.1028039729E+001   0.1004871146E+001
 0.5959596   0.1682646493E+001   0.9466718244E+000   0.1028263034E+001   0.9952975627E+000
 0.6060606   0.1678079580E+001   0.9863237783E+000   0.1030128863E+001   0.1009892119E+001
 0.6161616   0.1679255515E+001   0.9945376604E+000   0.1027774892E+001   0.1005741138E+001
 0.6262626   0.1690451163E+001   0.9840356526E+000   0.1026243550E+001   0.1002185253E+001
 0.6363636   0.1708730916E+001   0.9946037068E+000   0.1028350127E+001   0.9969383635E+000
 0.6464646   0.1697287815E+001   0.9851971797E+000   0.1028740988E+001   0.9976338672E+000
 0.6565657   0.1701079381E+001   0.9854232615E+000   0.1026999868E+001   0.9858574475E+000
 0.6666667   0.1720689926E+001   0.9773846562E+000   0.1030468414E+001   0.9975052970E+000
 0.6767677   0.1732982176E+001   0.1002557214E+001   0.1031347042E+001   0.9850878629E+000
 0.6868687   0.1729913495E+001   0.9820002814E+000   0.1029527349E+001   0.9803534177E+000
 0.6969697   0.1739866255E+001   0.9742626952E+000   0.1032900871E+001   0.9888145625E+000
 0.7070707   0.1758065045E+001   0.9881616455E+000   0.1029707527E+001   0.9900023064E+000
 0.7171717   0.1758742413E+001   0.9892425198E+000   0.1029737857E+001   0.9998691523E+000
 0.7272727   0.1770732697E+001   0.9816471873E+000   0.1031418022E+001   0.9950177694E+000
 0.7373737   0.1781566221E+001   0.9828182402E+000   0.1027174632E+001   0.9936616597E+000
 0.7474747   0.1795850139E+001   0.1000469132E+001   0.1031690502E+001   0.1009030699E+001
 0.7575758   0.1810990848E+001   0.9819062923E+000   0.1029601136E+001   0.9941141044E+000
 0.7676768   0.1819266754E+001   0.9759494178E+000   0.1029286611E+001   0.9872086593E+000
 0.7777778   0.1836835655E+001   0.9794740077E+000   0.1034151617E+001   0.9891904773E+000
 0.7878788   0.1837033011E+001   0.9839175313E+000   0.1029433296E+001   0.9893521085E+000
 0.7979798   0.1855955275E+001   0.9961659575E+000   0.1028310780E+001   0.1000459963E+001
 0.8080808   0.1873329546E+001   0.9966441586E+000   0.1028189933E+001   0.9913467836E+000
 0.8181818   0.1878488605E+001   0.9839188014E+000   0.1030100732E+001   0.9860135685E+000
 0.8282828   0.1894668597E+001   0.9915217546E+000   0.1029332207E+001   0.9855666339E+000
 0.8383838   0.1908139285E+001   0.9740353432E+000   0.1031388554E+001   0.9816942214E+000
 0.8484848   0.1926961651E+001   0.9816522678E+000   0.1033737341E+001   0.9893012926E+000
 0.8585859   0.1941517201E+001   0.9834329795E+000   0.1034836492E+001   0.9976577445E+000
 0.8686869   0.1958085208E+001   0.9788351361E+000   0.1030984158E+001   0.9834678782E+000
 0.8787879   0.1972548977E+001   0.1002352089E+001   0.1028801293E+001   0.1002477903E+001
 0.8888889   0.1990257082E+001   0.9926127898E+000   0.1033373495E+001   0.1004232581E+001
 0.8989899   0.2009234627E+001   0.9927512331E+000   0.1035878595E+001   0.9997601737E+000
 0.9090909   0.2019249260E+001   0.1003733982E+001   0.1033222526E+001   0.9983416156E+000
 0.9191919   0.2040760597E+001   0.9672878175E+000   0.1029924152E+001   0.9698498432E+000
 0.9292929   0.2054647304E+001   0.9801909919E+000   0.1028822902E+001   0.9848625589E+000
 0.9393939   0.2065341912E+001   0.9732910515E+000   0.1029825461E+001   0.9976620302E+000
 0.9494949   0.2082419272E+001   0.9931246492E+000   0.1026210734E+001   0.1004235029E+001
 0.9595960   0.2108199111E+001   0.9847939158E+000   0.1030496464E+001   0.9932796225E+000
 0.9696970   0.2121559744E+001   0.9760992923E+000   0.1029522397E+001   0.9750734675E+000
 0.9797980   0.2138846917E+001   0.9745135444E+000   0.1030252477E+001   0.9920024917E+000
 0.9898990   0.2163186255E+001   0.9784585448E+000   0.1031117501E+001   0.9768465120E+000
 1.0000000   0.2165395217E+001   0.9738543508E+000   0.1031901186E+001   0.9933959479E+000


 0.0000000   0.1487869277E-001   0.1049308828E+001   0.9338321068E+000   0.1006031310E+001
 0.0101010   0.1480691587E-001   0.1033997743E+001   0.9335441076E+000   0.1008105579E+001
 0.0202020   0.1430053092E-001   0.1046433616E+001   0.9317506573E+000   0.9923609057E+000
 0.0303030   0.1364531360E-001   0.1046739068E+001   0.9351472547E+000   0.1007398948E+001
 0.0404040   0.1258229388E-001   0.1055796864E+001   0.9356153316E+000   0.1000254968E+001
 0.0505051   0.1131067494E-001   0.1046276364E+001   0.9322335969E+000   0.1000125157E+001
 0.0606061   0.1000387842E-001   0.1077202857E+001   0.9371655363E+000   0.1032455292E+001
 0.0707071   0.8676244506E-002   0.1016964811E+001   0.9390671265E+000   0.1000934985E+001
 0.0808081   0.7517105286E-002   0.1050067368E+001   0.9369520641E+000   0.1025488377E+001
 0.0909091   0.6546854178E-002   0.1028487720E+001   0.9413247395E+000   0.1009755109E+001
 0.1010101   0.5846946678E-002   0.1051538065E+001   0.9433658815E+000   0.1005639703E+001
 0.1111111   0.5245979103E-002   0.1022614549E+001   0.9439769462E+000   0.1013564725E+001
 0.1212121   0.4964709042E-002   0.1027063407E+001   0.9458117160E+000   0.1026051618E+001
 0.1313131   0.4825738601E-002   0.1004892086E+001   0.9429862851E+000   0.9822844884E+000
 0.1414141   0.4839501832E-002   0.1023253171E+001   0.9471084264E+000   0.1000208258E+001
 0.1515152   0.4926898127E-002   0.1018171913E+001   0.9450796066E+000   0.9852104080E+000
 0.1616162   0.5152358770E-002   0.1040607394E+001   0.9462138178E+000   0.1018151581E+001
 0.1717172   0.5534495453E-002   0.1011464404E+001   0.9528360641E+000   0.1021579366E+001
 0.1818182   0.5989949110E-002   0.1047866414E+001   0.9548128249E+000   0.1011303071E+001
 0.1919192   0.6562559790E-002   0.1026760217E+001   0.9577600325E+000   0.1007218624E+001
 0.2020202   0.7235154362E-002   0.9985166156E+000   0.9534983234E+000   0.1007300639E+001
 0.2121212   0.8158849382E-002   0.1029443673E+001   0.9606142177E+000   0.1017547061E+001
 0.2222222   0.9202698491E-002   0.9596014113E+000   0.9601569771E+000   0.9959309947E+000
 0.2323232   0.1063843192E-001   0.1031822808E+001   0.9587802315E+000   0.1012954774E+001
 0.2424242   0.1223100561E-001   0.1035759185E+001   0.9625996915E+000   0.9977336914E+000
 0.2525253   0.1418261342E-001   0.9998521214E+000   0.9661786365E+000   0.1005338258E+001
 0.2626263   0.1658647263E-001   0.1002250489E+001   0.9679181275E+000   0.1000189248E+001
 0.2727273   0.1939317251E-001   0.9843883097E+000   0.9705648204E+000   0.1003806047E+001
 0.2828283   0.2281557286E-001   0.1031753799E+001   0.9706536139E+000   0.9940690953E+000
 0.2929293   0.2722404050E-001   0.1009993142E+001   0.9741637052E+000   0.1019404615E+001
 0.3030303   0.3232547027E-001   0.9935117211E+000   0.9776008730E+000   0.1014767790E+001
 0.3131313   0.3875594394E-001   0.1027788574E+001   0.9837733688E+000   0.1009450405E+001
 0.3232323   0.4626228665E-001   0.1022324935E+001   0.9801750475E+000   0.1019404072E+001
 0.3333333   0.5567296273E-001   0.1012030623E+001   0.9868532018E+000   0.9952335971E+000
 0.3434343   0.6684897276E-001   0.9966635375E+000   0.9885831351E+000   0.9982203489E+000
 0.3535354   0.8135324845E-001   0.1012163551E+001   0.9851669122E+000   0.9949408422E+000
 0.3636364   0.9813957369E-001   0.1011636928E+001   0.9921323972E+000   0.9954166369E+000
 0.3737374   0.1210488076E+000   0.1008715333E+001   0.9953048869E+000   0.9998193664E+000
 0.3838384   0.1460448565E+000   0.1019311138E+001   0.9962532117E+000   0.9992582981E+000
 0.3939394   0.1790847019E+000   0.1002420750E+001   0.9964318995E+000   0.1006907403E+001
 0.4040404   0.2192660702E+000   0.1020481473E+001   0.1001133989E+001   0.1007321279E+001
 0.4141414   0.2688012785E+000   0.1004439564E+001   0.1006019703E+001   0.1020300804E+001
 0.4242424   0.3319126413E+000   0.9875508736E+000   0.1005287621E+001   0.1001988686E+001
 0.4343434   0.4081406233E+000   0.9873596830E+000   0.1006442986E+001   0.1008099605E+001
 0.4444444   0.5036818005E+000   0.9830839147E+000   0.1013248853E+001   0.1006674394E+001
 0.4545455   0.6223455164E+000   0.1000056322E+001   0.1013612779E+001   0.9992235369E+000
 0.4646465   0.7696324773E+000   0.9867086168E+000   0.1017887822E+001   0.1005645135E+001
 0.4747475   0.9632504872E+000   0.9942153929E+000   0.1023586409E+001   0.1013400695E+001
 0.4848485   0.1193632782E+001   0.9875288131E+000   0.1028062954E+001   0.1001050132E+001
 0.4949495   0.1497932717E+001   0.9866463950E+000   0.1027632862E+001   0.1022886172E+001
 0.5050505   0.1650929345E+001   0.9863443365E+000   0.1026991564E+001   0.9937763404E+000
 0.5151515   0.1653279397E+001   0.9708216969E+000   0.1028285790E+001   0.9948343859E+000
 0.5252525   0.1655323641E+001   0.9613311770E+000   0.1027794178E+001   0.1004067843E+001
 0.5353535   0.1662220280E+001   0.9878427504E+000   0.1033215225E+001   0.1012621826E+001
 0.5454545   0.1668178833E+001   0.9840772008E+000   0.1028821628E+001   0.9903110783E+000
 0.5555556   0.1665175984E+001   0.9867284147E+000   0.1027340792E+001   0.9898760195E+000
 0.5656566   0.1667608060E+001   0.9876871959E+000   0.1028310353E+001   0.9862489003E+000
 0.5757576   0.1671523734E+001   0.9852803439E+000   0.1028520205E+001   0.9979319392E+000
 0.5858586   0.1663279150E+001   0.1002984706E+001   0.1028743071E+001   0.1005559318E+001
 0.5959596   0.1681960290E+001   0.9450154925E+000   0.1028504877E+001   0.9955323266E+000
 0.6060606   0.1676624473E+001   0.9841456447E+000   0.1029581754E+001   0.1009356441E+001
 0.6161616   0.1679424267E+001   0.9933024296E+000   0.1029160831E+001   0.1007098046E+001
 0.6262626   0.1689710403E+001   0.9822840819E+000   0.1026006529E+001   0.1001954468E+001
 0.6363636   0.1707975641E+001   0.9928295440E+000   0.1029826439E+001   0.9983702568E+000
 0.6464646   0.1698885250E+001   0.9848006705E+000   0.1028708249E+001   0.9976027936E+000
 0.6565657   0.1703922615E+001   0.9857453104E+000   0.1026535612E+001   0.9854124577E+000
 0.6666667   0.1721283259E+001   0.9764092137E+000   0.1029697619E+001   0.9967598333E+000
 0.6767677   0.1732317340E+001   0.1000827307E+001   0.1031139708E+001   0.9848904958E+000
 0.6868687   0.1730462434E+001   0.9809932626E+000   0.1029491489E+001   0.9803199346E+000
 0.6969697   0.1740160430E+001   0.9731193779E+000   0.1032867424E+001   0.9887832127E+000
 0.7070707   0.1756201045E+001   0.9857888656E+000   0.1029229742E+001   0.9895436150E+000
 0.7171717   0.1759129105E+001   0.9881317989E+000   0.1030103735E+001   0.1000225095E+001
 0.7272727   0.1771809110E+001   0.9809253843E+000   0.1031504234E+001   0.9951016130E+000
 0.7373737   0.1781116551E+001   0.9812512002E+000   0.1025619887E+001   0.9921583128E+000
 0.7474747   0.1794277746E+001   0.9982513245E+000   0.1030954384E+001   0.1008311431E+001
 0.7575758   0.1807240568E+001   0.9785575624E+000   0.1029817651E+001   0.9943238301E+000
 0.7676768   0.1818153807E+001   0.9740430887E+000   0.1029826702E+001   0.9877273397E+000
 0.7777778   0.1833899995E+001   0.9765958790E+000   0.1034333288E+001   0.9893649205E+000
 0.7878788   0.1838865968E+001   0.9835771638E+000   0.1030156886E+001   0.9900481963E+000
 0.7979798   0.1854969321E+001   0.9943002408E+000   0.1028807261E+001   0.1000943676E+001
 0.8080808   0.1871894860E+001   0.9945440371E+000   0.1029145281E+001   0.9922685712E+000
 0.8181818   0.1879677060E+001   0.9832196714E+000   0.1030799265E+001   0.9866828728E+000
 0.8282828   0.1894337423E+001   0.9900176847E+000   0.1029365627E+001   0.9855992995E+000
 0.8383838   0.1906699256E+001   0.9719937292E+000   0.1030637898E+001   0.9809803984E+000
 0.8484848   0.1926050554E+001   0.9798710078E+000   0.1032921169E+001   0.9885208739E+000
 0.8585859   0.1940129173E+001   0.9814107143E+000   0.1033990054E+001   0.9968423912E+000
 0.8686869   0.1958052574E+001   0.9775048828E+000   0.1030392565E+001   0.9829042163E+000
 0.8787879   0.1973039542E+001   0.1001255506E+001   0.1028678127E+001   0.1002358567E+001
 0.8888889   0.1990585073E+001   0.9914436950E+000   0.1032785776E+001   0.1003662114E+001
 0.8989899   0.2008661880E+001   0.9911359800E+000   0.1036221733E+001   0.1000092025E+001
 0.9090909   0.2021787299E+001   0.1003646519E+001   0.1032867539E+001   0.9979992891E+000
 0.9191919   0.2038856891E+001   0.9650882418E+000   0.1028899544E+001   0.9688856559E+000
 0.9292929   0.2054467357E+001   0.9787894799E+000   0.1028508687E+001   0.9845624365E+000
 0.9393939   0.2063103011E+001   0.9709308679E+000   0.1028475794E+001   0.9963551906E+000
 0.9494949   0.2082746021E+001   0.9919471259E+000   0.1026351121E+001   0.1004373090E+001
 0.9595960   0.2105267161E+001   0.9821042044E+000   0.1030092598E+001   0.9928910148E+000
 0.9696970   0.2119576831E+001   0.9738779181E+000   0.1030164238E+001   0.9756820235E+000
 0.9797980   0.2139444815E+001   0.9734774361E+000   0.1030282177E+001   0.9920317601E+000
 0.9898990   0.2164061651E+001   0.9775405189E+000   0.1032039289E+001   0.9777204449E+000
 1.0000000   0.2165694656E+001   0.9726815628E+000   0.1030581029E+001   0.9921257241E+000


 0.0000000   0.1490755223E-001   0.1051680727E+001   0.9338801038E+000   0.1006077188E+001
 0.0101010   0.1487168910E-001   0.1038853494E+001   0.9368971104E+000   0.1011720521E+001
 0.0202020   0.1433128887E-001   0.1049020068E+001   0.9319367060E+000   0.9925533051E+000
 0.0303030   0.1368127975E-001   0.1049834066E+001   0.9353606815E+000   0.1007623026E+001
 0.0404040   0.1262084913E-001   0.1059371155E+001   0.9357876242E+000   0.1000433367E+001
 0.0505051   0.1134060025E-001   0.1049380429E+001   0.9326673757E+000   0.1000584728E+001
 0.0606061   0.1001997216E-001   0.1079281247E+001   0.9362980928E+000   0.1031493670E+001
 0.0707071   0.8698975960E-002   0.1019955675E+001   0.9397700694E+000   0.1001678435E+001
 0.0808081   0.7540412630E-002   0.1053660421E+001   0.9367319064E+000   0.1025241475E+001
 0.0909091   0.6560018798E-002   0.1030885787E+001   0.9401933123E+000   0.1008535588E+001
 0.1010101   0.5849508988E-002   0.1052335698E+001   0.9430383628E+000   0.1005284739E+001
 0.1111111   0.5255494220E-002   0.1024797362E+001   0.9430683489E+000   0.1012583280E+001
 0.1212121   0.4968393933E-002   0.1028154788E+001   0.9462451168E+000   0.1026515839E+001
 0.1313131   0.4837859132E-002   0.1007738559E+001   0.9436500179E+000   0.9829701854E+000
 0.1414141   0.4852876311E-002   0.1026409559E+001   0.9473326223E+000   0.1000439226E+001
 0.1515152   0.4931136683E-002   0.1019374102E+001   0.9459004534E+000   0.9860603961E+000
 0.1616162   0.5146350089E-002   0.1039726618E+001   0.9467759241E+000   0.1018750519E+001
 0.1717172   0.5528779430E-002   0.1010743269E+001   0.9522806554E+000   0.1020977970E+001
 0.1818182   0.5972383045E-002   0.1045127961E+001   0.9542121415E+000   0.1010660992E+001
 0.1919192   0.6553317410E-002   0.1025642453E+001   0.9577313398E+000   0.1007182613E+001
 0.2020202   0.7223156909E-002   0.9971800220E+000   0.9544537667E+000   0.1008304151E+001
 0.2121212   0.8127094353E-002   0.1025765292E+001   0.9603583258E+000   0.1017270108E+001
 0.2222222   0.9170336908E-002   0.9565330958E+000   0.9610353713E+000   0.9968363401E+000
 0.2323232   0.1059969495E-001   0.1028394859E+001   0.9594129974E+000   0.1013617419E+001
 0.2424242   0.1220139080E-001   0.1033582126E+001   0.9626981425E+000   0.9978299534E+000
 0.2525253   0.1413512383E-001   0.9968232286E+000   0.9673580023E+000   0.1006559591E+001
 0.2626263   0.1651364594E-001   0.9981693592E+000   0.9686150085E+000   0.1000903563E+001
 0.2727273   0.1933241012E-001   0.9816182220E+000   0.9708364609E+000   0.1004081173E+001
 0.2828283   0.2278789873E-001   0.1030832268E+001   0.9709026457E+000   0.9943183725E+000
 0.2929293   0.2711155834E-001   0.1006142163E+001   0.9737649787E+000   0.1018981466E+001
 0.3030303   0.3215696130E-001   0.9886490913E+000   0.9773873157E+000   0.1014540235E+001
 0.3131313   0.3858564938E-001   0.1023600065E+001   0.9827752174E+000   0.1008420358E+001
 0.3232323   0.4611627393E-001   0.1019424563E+001   0.9794213371E+000   0.1018614293E+001
 0.3333333   0.5540013132E-001   0.1007393489E+001   0.9869255142E+000   0.9953007558E+000
 0.3434343   0.6682095676E-001   0.9965648082E+000   0.9879362821E+000   0.9975614092E+000
 0.3535354   0.8106200862E-001   0.1008862968E+001   0.9855928190E+000   0.9953652064E+000
 0.3636364   0.9804986922E-001   0.1011035840E+001   0.9929993617E+000   0.9962806978E+000
 0.3737374   0.1207459507E+000   0.1006513738E+001   0.9957206572E+000   0.1000231226E+001
 0.3838384   0.1455757379E+000   0.1016362256E+001   0.9970323270E+000   0.1000033968E+001
 0.3939394   0.1789022259E+000   0.1001719963E+001   0.9946110667E+000   0.1005061603E+001
 0.4040404   0.2187945733E+000   0.1018613113E+001   0.1001188318E+001   0.1007370106E+001
 0.4141414   0.2688337906E+000   0.1004882682E+001   0.1006790474E+001   0.1021076599E+001
 0.4242424   0.3316179606E+000   0.9869900018E+000   0.1005554834E+001   0.1002249213E+001
 0.4343434   0.4082089741E+000   0.9878412090E+000   0.1006019816E+001   0.1007669899E+001
 0.4444444   0.5040997390E+000   0.9842146587E+000   0.1012352355E+001   0.1005777883E+001
 0.4545455   0.6230309929E+000   0.1001478363E+001   0.1015216394E+001   0.1000798587E+001
 0.4646465   0.7688714781E+000   0.9860485769E+000   0.1018068117E+001   0.1005817433E+001
 0.4747475   0.9617126262E+000   0.9929459035E+000   0.1022991098E+001   0.1012805439E+001
 0.4848485   0.1193156445E+001   0.9874507751E+000   0.1027858214E+001   0.1000844972E+001
 0.4949495   0.1496875508E+001   0.9862657112E+000   0.1026532106E+001   0.1021784579E+001
 0.5050505   0.1651904319E+001   0.9872428155E+000   0.1027190330E+001   0.9939629178E+000
 0.5151515   0.1653781032E+001   0.9714271824E+000   0.1027065957E+001   0.9936484770E+000
 0.5252525   0.1653037788E+001   0.9603110284E+000   0.1027895247E+001   0.1004160759E+001
 0.5353535   0.1659449583E+001   0.9865118987E+000   0.1033121103E+001   0.1012523712E+001
 0.5454545   0.1667357862E+001   0.9839078164E+000   0.1029679399E+001   0.9911309977E+000
 0.5555556   0.1665187511E+001   0.9870511664E+000   0.1026909068E+001   0.9894543058E+000
 0.5656566   0.1668086177E+001   0.9882866911E+000   0.1028135039E+001   0.9860750439E+000
 0.5757576   0.1672964154E+001   0.9864451273E+000   0.1028436149E+001   0.9978446012E+000
 0.5858586   0.1663201967E+001   0.1003259272E+001   0.1029825823E+001   0.1006611835E+001
 0.5959596   0.1683951834E+001   0.9464373710E+000   0.1027008991E+001   0.9940786359E+000
 0.6060606   0.1678175905E+001   0.9853716888E+000   0.1031330306E+001   0.1011064785E+001
 0.6161616   0.1679846050E+001   0.9938699985E+000   0.1030092468E+001   0.1008003870E+001
 0.6262626   0.1691087061E+001   0.9833991309E+000   0.1026244800E+001   0.1002181345E+001
 0.6363636   0.1708859792E+001   0.9936615292E+000   0.1030112645E+001   0.9986419332E+000
 0.6464646   0.1698031460E+001   0.9846208935E+000   0.1028220913E+001   0.9971244147E+000
 0.6565657   0.1704291478E+001   0.9862743762E+000   0.1027717046E+001   0.9865408460E+000
 0.6666667   0.1721432665E+001   0.9768066078E+000   0.1031236806E+001   0.9982439996E+000
 0.6767677   0.1731153734E+001   0.1000475264E+001   0.1031365011E+001   0.9850999846E+000
 0.6868687   0.1733173218E+001   0.9828445720E+000   0.1029909160E+001   0.9807119733E+000
 0.6969697   0.1740952962E+001   0.9738742756E+000   0.1032499786E+001   0.9884255376E+000
 0.7070707   0.1754290500E+001   0.9850317156E+000   0.1028302328E+001   0.9886462320E+000
 0.7171717   0.1761771711E+001   0.9899330379E+000   0.1031110154E+001   0.1001196520E+001
 0.7272727   0.1770870455E+001   0.9807196123E+000   0.1031504574E+001   0.9950961740E+000
 0.7373737   0.1783412785E+001   0.9828308099E+000   0.1026818501E+001   0.9933120644E+000
 0.7474747   0.1796159972E+001   0.9996184502E+000   0.1030792164E+001   0.1008146931E+001
 0.7575758   0.1806888705E+001   0.9786802830E+000   0.1030382827E+001   0.9948637613E+000
 0.7676768   0.1818596039E+001   0.9745919401E+000   0.1029962975E+001   0.9878523179E+000
 0.7777778   0.1835196507E+001   0.9775991989E+000   0.1034078473E+001   0.9891154519E+000
 0.7878788   0.1839640342E+001   0.9843064056E+000   0.1029106967E+001   0.9890334238E+000
 0.7979798   0.1857262493E+001   0.9958481631E+000   0.1028956175E+001   0.1001082755E+001
 0.8080808   0.1872870083E+001   0.9953807637E+000   0.1028501094E+001   0.9916417199E+000
 0.8181818   0.1880260053E+001   0.9838395159E+000   0.1031165426E+001   0.9870276432E+000
 0.8282828   0.1894978037E+001   0.9906695614E+000   0.1028952601E+001   0.9851981253E+000
 0.8383838   0.1907869641E+001   0.9729017587E+000   0.1030747105E+001   0.9810786581E+000
 0.8484848   0.1925689384E+001   0.9800009284E+000   0.1032500500E+001   0.9881125616E+000
 0.8585859   0.1940184217E+001   0.9817527841E+000   0.1032889231E+001   0.9957753466E+000
 0.8686869   0.1956219478E+001   0.9769024323E+000   0.1029678924E+001   0.9822177735E+000
 0.8787879   0.1971862047E+001   0.1000978343E+001   0.1028461624E+001   0.1002141796E+001
 0.8888889   0.1989797785E+001   0.9913688766E+000   0.1032758734E+001   0.1003630019E+001
 0.8989899   0.2009429499E+001   0.9918321983E+000   0.1035028288E+001   0.9989344022E+000
 0.9090909   0.2020508165E+001   0.1003332670E+001   0.1032273294E+001   0.9974193250E+000
 0.9191919   0.2038525638E+001   0.9652403844E+000   0.1029220889E+001   0.9691826409E+000
 0.9292929   0.2051535737E+001   0.9777057273E+000   0.1027737798E+001   0.9838187849E+000
 0.9393939   0.2063689672E+001   0.9715179099E+000   0.1027742092E+001   0.9956386332E+000
 0.9494949   0.2082956179E+001   0.9923648399E+000   0.1025706503E+001   0.1003736460E+001
 0.9595960   0.2104361275E+001   0.9819959133E+000   0.1029443254E+001   0.9922593714E+000
 0.9696970   0.2119593597E+001   0.9741974285E+000   0.1029493699E+001   0.9750412976E+000
 0.9797980   0.2140313902E+001   0.9741846859E+000   0.1030384579E+001   0.9921246110E+000
 0.9898990   0.2160488202E+001   0.9762387966E+000   0.1030177950E+001   0.9759514181E+000
 1.0000000   0.2164562445E+001   0.9724843104E+000   0.1029957944E+001   0.9915201426E+000


