# Lambda, (Probability, Probability_biased(/observed)) per Fractional
 0.0000000   0.3768673047E-003   0.4631872812E-001   0.1046841277E+001   0.1294275147E+001
 0.0101010   0.3827050982E-003   0.4316286158E-001   0.9906942409E+000   0.1111765348E+001
 0.0202020   0.3539160154E-003   0.4822308586E-001   0.1030505785E+001   0.1292121858E+001
 0.0303030   0.3421243244E-003   0.5257627217E-001   0.1055941239E+001   0.1287295521E+001
 0.0404040   0.2753228429E-003   0.4211262635E-001   0.1048475064E+001   0.1160177223E+001
 0.0505051   0.2135657292E-003   0.3801232223E-001   0.9813792571E+000   0.1050879247E+001
 0.0606061   0.1828989301E-003   0.4758829995E-001   0.9870394889E+000   0.1102483930E+001
 0.0707071   0.1379928483E-003   0.4119657351E-001   0.1084194308E+001   0.1212895676E+001
 0.0808081   0.1011152616E-003   0.4277063614E-001   0.1011356272E+001   0.1100033636E+001
 0.0909091   0.7849446152E-004   0.4638581932E-001   0.1023537657E+001   0.1139683853E+001
 0.1010101   0.6024614358E-004   0.4034245100E-001   0.1059870935E+001   0.1204356772E+001
 0.1111111   0.4777972169E-004   0.4554459896E-001   0.9903806093E+000   0.1104488716E+001
 0.1212121   0.4558491061E-004   0.4946943381E-001   0.9634554939E+000   0.1034915209E+001
 0.1313131   0.3947667899E-004   0.4690448585E-001   0.1002444180E+001   0.1040409808E+001
 0.1414141   0.3824931189E-004   0.4404794925E-001   0.1031681249E+001   0.1108201284E+001
 0.1515152   0.3982627690E-004   0.5506380721E-001   0.9693688614E+000   0.1029940369E+001
 0.1616162   0.4347786357E-004   0.5182020603E-001   0.1049355563E+001   0.1107978529E+001
 0.1717172   0.4468532357E-004   0.4541299700E-001   0.1046135503E+001   0.1150376046E+001
 0.1818182   0.5436043735E-004   0.7851992078E-001   0.9885277323E+000   0.1045384648E+001
 0.1919192   0.6664003474E-004   0.8105648400E-001   0.9939682298E+000   0.1056076841E+001
 0.2020202   0.7202491860E-004   0.7296941470E-001   0.1046749389E+001   0.1026970315E+001
 0.2121212   0.9566481689E-004   0.1211847593E+000   0.1039265347E+001   0.1076941468E+001
 0.2222222   0.1214477913E-003   0.1177734301E+000   0.1006544703E+001   0.1167231101E+001
 0.2323232   0.1641440890E-003   0.1715754068E+000   0.9849100715E+000   0.1025411037E+001
 0.2424242   0.2134154129E-003   0.2397013534E+000   0.1005386873E+001   0.1033727187E+001
 0.2525253   0.2879882234E-003   0.2814656216E+000   0.1028799679E+001   0.9952649919E+000
 0.2626263   0.3722992718E-003   0.3423560409E+000   0.1002213299E+001   0.1009744004E+001
 0.2727273   0.5106913189E-003   0.4242640670E+000   0.1009661008E+001   0.1093054010E+001
 0.2828283   0.6990464142E-003   0.4732483799E+000   0.1043300996E+001   0.1066026521E+001
 0.2929293   0.9670967739E-003   0.6435593757E+000   0.1000316284E+001   0.9262854949E+000
 0.3030303   0.1376960957E-002   0.7069605540E+000   0.9979928122E+000   0.1034172695E+001
 0.3131313   0.1878534124E-002   0.8223883727E+000   0.9808960805E+000   0.9459621006E+000
 0.3232323   0.2709749457E-002   0.9621806166E+000   0.9645317079E+000   0.9979380402E+000
 0.3333333   0.3793972462E-002   0.1092675569E+001   0.1019168846E+001   0.1006179939E+001
 0.3434343   0.5311114120E-002   0.1129632495E+001   0.1002075282E+001   0.1091643234E+001
 0.3535354   0.7565133551E-002   0.1118041201E+001   0.9483999874E+000   0.8632461053E+000
 0.3636364   0.1078457979E-001   0.1083512460E+001   0.8968878698E+000   0.8744580580E+000
 0.3737374   0.1547919588E-001   0.1370293769E+001   0.1043195610E+001   0.1004472158E+001
 0.3838384   0.2223464660E-001   0.1290855215E+001   0.9582659628E+000   0.1013382319E+001
 0.3939394   0.3189808151E-001   0.1348525257E+001   0.9412576688E+000   0.9034903328E+000
 0.4040404   0.4604389484E-001   0.1358914070E+001   0.1008492806E+001   0.1030460128E+001
 0.4141414   0.6565560566E-001   0.1264847055E+001   0.1029978694E+001   0.9748458728E+000
 0.4242424   0.9644487301E-001   0.1469797751E+001   0.9555832690E+000   0.9346016453E+000
 0.4343434   0.1386891045E+000   0.1475523726E+001   0.9701158445E+000   0.9835332798E+000
 0.4444444   0.2035079119E+000   0.1395734234E+001   0.9706461551E+000   0.9072771513E+000
 0.4545455   0.2971822049E+000   0.1326274204E+001   0.1072776320E+001   0.9478926355E+000
 0.4646465   0.4305749618E+000   0.1505913457E+001   0.1055336958E+001   0.9666039738E+000
 0.4747475   0.6455571907E+000   0.1325221389E+001   0.9893933924E+000   0.9248004681E+000
 0.4848485   0.9410660967E+000   0.1404567047E+001   0.9656411534E+000   0.9400219932E+000
 0.4949495   0.1391385177E+001   0.1279405845E+001   0.9919711162E+000   0.9808602315E+000
 0.5050505   0.1676629878E+001   0.1610640230E+001   0.9843899729E+000   0.8904220966E+000
 0.5151515   0.1661110926E+001   0.1312613405E+001   0.9906163664E+000   0.1012194298E+001
 0.5252525   0.1684174741E+001   0.1396887686E+001   0.9820235040E+000   0.8596077896E+000
 0.5353535   0.1678163163E+001   0.1396258061E+001   0.9998068947E+000   0.9403932500E+000
 0.5454545   0.1670114784E+001   0.1509533801E+001   0.9750862139E+000   0.8403024406E+000
 0.5555556   0.1689635060E+001   0.1290037218E+001   0.1072393449E+001   0.1053775050E+001
 0.5656566   0.1682896312E+001   0.1458250324E+001   0.9817253736E+000   0.9891021305E+000
 0.5757576   0.1694380916E+001   0.1567784440E+001   0.9259480301E+000   0.8117899251E+000
 0.5858586   0.1692029711E+001   0.1493914455E+001   0.9809244442E+000   0.9608866204E+000
 0.5959596   0.1704089032E+001   0.1440156345E+001   0.1006049480E+001   0.1007293709E+001
 0.6060606   0.1714690220E+001   0.1449115600E+001   0.9992694451E+000   0.9896218899E+000
 0.6161616   0.1699246195E+001   0.1257459283E+001   0.9791396925E+000   0.9080939161E+000
 0.6262626   0.1712466493E+001   0.1456309840E+001   0.9623196075E+000   0.8410449540E+000
 0.6363636   0.1717339657E+001   0.1471908543E+001   0.9901275159E+000   0.1010115260E+001
 0.6464646   0.1733547484E+001   0.1559539964E+001   0.9909124477E+000   0.9541297483E+000
 0.6565657   0.1755839186E+001   0.1301370469E+001   0.9934460068E+000   0.9580650694E+000
 0.6666667   0.1753963810E+001   0.1517458303E+001   0.1074042414E+001   0.1021327213E+001
 0.6767677   0.1758764046E+001   0.1461034609E+001   0.1036991423E+001   0.1081322298E+001
 0.6868687   0.1753301069E+001   0.1374680501E+001   0.9183463091E+000   0.8178042839E+000
 0.6969697   0.1789320538E+001   0.1502765331E+001   0.9859880800E+000   0.9841272906E+000
 0.7070707   0.1808388546E+001   0.1402448514E+001   0.9928088271E+000   0.9250974734E+000
 0.7171717   0.1808692157E+001   0.1435947663E+001   0.9622777080E+000   0.9426207902E+000
 0.7272727   0.1808172547E+001   0.1426591022E+001   0.9855913567E+000   0.9519764594E+000
 0.7373737   0.1854997728E+001   0.1468115310E+001   0.1002273005E+001   0.9802662208E+000
 0.7474747   0.1855204025E+001   0.1507802332E+001   0.1008678504E+001   0.1033875690E+001
 0.7575758   0.1867956399E+001   0.1384468074E+001   0.9783345319E+000   0.9201968849E+000
 0.7676768   0.1895677946E+001   0.1470143528E+001   0.9956775654E+000   0.9350471533E+000
 0.7777778   0.1891240081E+001   0.1318858047E+001   0.9658933272E+000   0.9285872865E+000
 0.7878788   0.1915912413E+001   0.1516325494E+001   0.9822594942E+000   0.1003655394E+001
 0.7979798   0.1922089862E+001   0.1380759995E+001   0.9926415313E+000   0.9307405755E+000
 0.8080808   0.1956859477E+001   0.1541489852E+001   0.9577974641E+000   0.9680147493E+000
 0.8181818   0.1955674454E+001   0.1385268007E+001   0.1016161575E+001   0.9483381436E+000
 0.8282828   0.1978838868E+001   0.1412669599E+001   0.9788461621E+000   0.9618518879E+000
 0.8383838   0.1997679683E+001   0.1417234381E+001   0.1008625210E+001   0.1011451785E+001
 0.8484848   0.2012690202E+001   0.1464030489E+001   0.9670527919E+000   0.9239094520E+000
 0.8585859   0.2029551088E+001   0.1483231472E+001   0.1017756569E+001   0.1001650607E+001
 0.8686869   0.2076433153E+001   0.1399073311E+001   0.9937344898E+000   0.9405417526E+000
 0.8787879   0.2101995416E+001   0.1372721954E+001   0.1027489622E+001   0.9064603865E+000
 0.8888889   0.2106131818E+001   0.1252337128E+001   0.1000383743E+001   0.8978472308E+000
 0.8989899   0.2114137187E+001   0.1523473286E+001   0.1002793610E+001   0.1039147535E+001
 0.9090909   0.2154944499E+001   0.1445183024E+001   0.1032786888E+001   0.9805632261E+000
 0.9191919   0.2159354067E+001   0.1443621863E+001   0.9875961918E+000   0.9494519137E+000
 0.9292929   0.2191957275E+001   0.1460846237E+001   0.9957058031E+000   0.9572483047E+000
 0.9393939   0.2221809482E+001   0.1428472156E+001   0.1031773966E+001   0.1041152321E+001
 0.9494949   0.2236338669E+001   0.1325611034E+001   0.9883652934E+000   0.8982184875E+000
 0.9595960   0.2266345736E+001   0.1439005473E+001   0.9925615095E+000   0.9738063540E+000
 0.9696970   0.2270380121E+001   0.1423659653E+001   0.1025135632E+001   0.9979380402E+000
 0.9797980   0.2316227170E+001   0.1355910449E+001   0.9972298752E+000   0.8811406788E+000
 0.9898990   0.2305042109E+001   0.1362072517E+001   0.1008777682E+001   0.9577680641E+000
 1.0000000   0.2332006466E+001   0.1319018034E+001   0.9885352699E+000   0.8997777657E+000


 0.0000000   0.3894345726E-003   0.4794028285E-001   0.1002829400E+001   0.1241198932E+001
 0.0101010   0.3774571113E-003   0.4263944252E-001   0.9634480595E+000   0.1082356585E+001
 0.0202020   0.3666698762E-003   0.5004122567E-001   0.1001611503E+001   0.1257247861E+001
 0.0303030   0.3339837419E-003   0.5140780817E-001   0.9848444141E+000   0.1201917602E+001
 0.0404040   0.2724627295E-003   0.4174217832E-001   0.9770606253E+000   0.1082321544E+001
 0.0505051   0.2238175668E-003   0.3990110597E-001   0.9885026966E+000   0.1059649804E+001
 0.0606061   0.1885001917E-003   0.4912456816E-001   0.9662825599E+000   0.1080464354E+001
 0.0707071   0.1445854845E-003   0.4323417094E-001   0.1047596669E+001   0.1173218753E+001
 0.0808081   0.1041617824E-003   0.4413014225E-001   0.9976033627E+000   0.1086246173E+001
 0.0909091   0.7899164831E-004   0.4675470466E-001   0.1004452701E+001   0.1119640560E+001
 0.1010101   0.6450906453E-004   0.4326649314E-001   0.1019403161E+001   0.1159622717E+001
 0.1111111   0.5237480949E-004   0.5000502481E-001   0.9647803834E+000   0.1077100386E+001
 0.1212121   0.4838811790E-004   0.5259597213E-001   0.9727096777E+000   0.1045983685E+001
 0.1313131   0.4208164739E-004   0.5008001231E-001   0.9598821806E+000   0.9973112788E+000
 0.1414141   0.4123846275E-004   0.4756663825E-001   0.1004514188E+001   0.1080184023E+001
 0.1515152   0.4460891396E-004   0.6177547613E-001   0.9567875561E+000   0.1017670291E+001
 0.1616162   0.4856211649E-004   0.5797309286E-001   0.1012778684E+001   0.1070512616E+001
 0.1717172   0.4781144981E-004   0.4866817873E-001   0.1003272193E+001   0.1104432623E+001
 0.1818182   0.5721396583E-004   0.8277456119E-001   0.9791899922E+000   0.1036627650E+001
 0.1919192   0.7194411071E-004   0.8764874853E-001   0.1010059558E+001   0.1074332121E+001
 0.2020202   0.8043418119E-004   0.8162001231E-001   0.1018348566E+001   0.1000184668E+001
 0.2121212   0.9927447453E-004   0.1259596024E+000   0.9802656111E+000   0.1016899382E+001
 0.2222222   0.1261480968E-003   0.1225282779E+000   0.9949813961E+000   0.1155067344E+001
 0.2323232   0.1651745677E-003   0.1729302193E+000   0.9711089130E+000   0.1012133761E+001
 0.2424242   0.2162562273E-003   0.2432827137E+000   0.9949669727E+000   0.1024117896E+001
 0.2525253   0.2830801790E-003   0.2771137111E+000   0.9928966346E+000   0.9615691227E+000
 0.2626263   0.3662656198E-003   0.3373493577E+000   0.9952679973E+000   0.1003828966E+001
 0.2727273   0.5035905802E-003   0.4190378931E+000   0.1006073566E+001   0.1090346009E+001
 0.2828283   0.6960672588E-003   0.4719894094E+000   0.1012133081E+001   0.1035296080E+001
 0.2929293   0.9499659928E-003   0.6331763280E+000   0.1020667620E+001   0.9461509377E+000
 0.3030303   0.1343463172E-002   0.6908714500E+000   0.9623965378E+000   0.9983625187E+000
 0.3131313   0.1852137706E-002   0.8121365765E+000   0.9830828392E+000   0.9490944094E+000
 0.3232323   0.2601980961E-002   0.9254000198E+000   0.9816293145E+000   0.1016724175E+001
 0.3333333   0.3666965136E-002   0.1057795618E+001   0.1023136734E+001   0.1011187645E+001
 0.3434343   0.5216448983E-002   0.1111282390E+001   0.9823899171E+000   0.1071353608E+001
 0.3535354   0.7421355961E-002   0.1098556495E+001   0.9832539109E+000   0.8959367126E+000
 0.3636364   0.1054421002E-001   0.1061066624E+001   0.9508122282E+000   0.9280345704E+000
 0.3737374   0.1510013710E-001   0.1338887545E+001   0.9914544645E+000   0.9556821793E+000
 0.3838384   0.2179604740E-001   0.1267427046E+001   0.9780315008E+000   0.1035401204E+001
 0.3939394   0.3132174384E-001   0.1326289646E+001   0.9713282877E+000   0.9333608525E+000
 0.4040404   0.4540590247E-001   0.1342240004E+001   0.1002952114E+001   0.1025905004E+001
 0.4141414   0.6543986050E-001   0.1262718348E+001   0.9964009398E+000   0.9440834993E+000
 0.4242424   0.9589614281E-001   0.1463785687E+001   0.9840644165E+000   0.9634963958E+000
 0.4343434   0.1387418276E+000   0.1478458671E+001   0.9812640896E+000   0.9959096256E+000
 0.4444444   0.2049315230E+000   0.1407758390E+001   0.9908840039E+000   0.9271935785E+000
 0.4545455   0.2980800195E+000   0.1332420520E+001   0.1032610254E+001   0.9133872946E+000
 0.4646465   0.4312036543E+000   0.1510537806E+001   0.1026580308E+001   0.9412801929E+000
 0.4747475   0.6487123043E+000   0.1333840111E+001   0.9847799188E+000   0.9214818418E+000
 0.4848485   0.9419630626E+000   0.1408166943E+001   0.9836180359E+000   0.9585555684E+000
 0.4949495   0.1395667157E+001   0.1285407238E+001   0.1000724100E+001   0.9905833435E+000
 0.5050505   0.1691651012E+001   0.1627683791E+001   0.1000795566E+001   0.9062388634E+000
 0.5151515   0.1689477339E+001   0.1337175762E+001   0.1008604575E+001   0.1031686823E+001
 0.5252525   0.1704609336E+001   0.1416110446E+001   0.9881522726E+000   0.8659062932E+000
 0.5353535   0.1696204957E+001   0.1413538892E+001   0.9965074635E+000   0.9383016799E+000
 0.5454545   0.1692634520E+001   0.1532348824E+001   0.9846229084E+000   0.8494368683E+000
 0.5555556   0.1707289007E+001   0.1305612490E+001   0.1036885067E+001   0.1019983019E+001
 0.5656566   0.1697675809E+001   0.1473422873E+001   0.1004648469E+001   0.1013290125E+001
 0.5757576   0.1710762352E+001   0.1585487809E+001   0.9822974905E+000   0.8621218296E+000
 0.5858586   0.1703510945E+001   0.1506470380E+001   0.1008792131E+001   0.9892517730E+000
 0.5959596   0.1712274055E+001   0.1449401016E+001   0.1035209637E+001   0.1037608808E+001
 0.6060606   0.1725172734E+001   0.1460319454E+001   0.1009234953E+001   0.1000570122E+001
 0.6161616   0.1710058236E+001   0.1267495569E+001   0.1016507610E+001   0.9437681273E+000
 0.6262626   0.1721404660E+001   0.1466265446E+001   0.9993897820E+000   0.8743862949E+000
 0.6363636   0.1731148984E+001   0.1486130668E+001   0.1023871804E+001   0.1045668313E+001
 0.6464646   0.1745981266E+001   0.1573251918E+001   0.1016428953E+001   0.9797555727E+000
 0.6565657   0.1762619503E+001   0.1308496923E+001   0.1007510188E+001   0.9726772242E+000
 0.6666667   0.1769390384E+001   0.1533266775E+001   0.1020674082E+001   0.9716259843E+000
 0.6767677   0.1771967701E+001   0.1474370560E+001   0.1043208475E+001   0.1088979397E+001
 0.6868687   0.1763146847E+001   0.1384623454E+001   0.9682868943E+000   0.8632081108E+000
 0.6969697   0.1789506987E+001   0.1505339103E+001   0.1013129383E+001   0.1012308968E+001
 0.7070707   0.1807452093E+001   0.1403976693E+001   0.1025052098E+001   0.9561727580E+000
 0.7171717   0.1817667636E+001   0.1445394356E+001   0.9882453747E+000   0.9691030085E+000
 0.7272727   0.1814100088E+001   0.1433569604E+001   0.9910789710E+000   0.9583102791E+000
 0.7373737   0.1850370500E+001   0.1466808459E+001   0.1022001145E+001   0.1000640205E+001
 0.7474747   0.1855350324E+001   0.1510346458E+001   0.1027177293E+001   0.1053973109E+001
 0.7575758   0.1870547778E+001   0.1388618478E+001   0.1010277033E+001   0.9512669718E+000
 0.7676768   0.1896780845E+001   0.1473364693E+001   0.9989602814E+000   0.9391426718E+000
 0.7777778   0.1894435746E+001   0.1323211280E+001   0.1005274930E+001   0.9674911074E+000
 0.7878788   0.1908481985E+001   0.1512874054E+001   0.1007165767E+001   0.1030215087E+001
 0.7979798   0.1918396573E+001   0.1380323309E+001   0.1009332618E+001   0.9474124256E+000
 0.8080808   0.1953916790E+001   0.1541647274E+001   0.9938250755E+000   0.1005510950E+001
 0.8181818   0.1945387837E+001   0.1380197899E+001   0.1033128494E+001   0.9652134210E+000
 0.8282828   0.1975844651E+001   0.1412800653E+001   0.1007603786E+001   0.9911790461E+000
 0.8383838   0.1987298958E+001   0.1412137401E+001   0.1008880133E+001   0.1012799546E+001
 0.8484848   0.2013475329E+001   0.1466957141E+001   0.9728511159E+000   0.9304524221E+000
 0.8585859   0.2028419472E+001   0.1484788650E+001   0.1017234044E+001   0.1002217065E+001
 0.8686869   0.2056097713E+001   0.1387599682E+001   0.9999513254E+000   0.9474474669E+000
 0.8787879   0.2079811836E+001   0.1360419300E+001   0.1016251213E+001   0.8975135724E+000
 0.8888889   0.2086793142E+001   0.1242833733E+001   0.1005914831E+001   0.9037859704E+000
 0.8989899   0.2106124347E+001   0.1520140084E+001   0.1004924257E+001   0.1042479553E+001
 0.9090909   0.2124804103E+001   0.1427261604E+001   0.1023560504E+001   0.9728524308E+000
 0.9191919   0.2149737081E+001   0.1439503959E+001   0.9986119342E+000   0.9610785441E+000
 0.9292929   0.2173807854E+001   0.1451080477E+001   0.1027412096E+001   0.9887962357E+000
 0.9393939   0.2194042439E+001   0.1412888569E+001   0.1036970345E+001   0.1047525504E+001
 0.9494949   0.2212628294E+001   0.1313665888E+001   0.9913392615E+000   0.9018937386E+000
 0.9595960   0.2242794971E+001   0.1426342361E+001   0.9987971870E+000   0.9809820192E+000
 0.9696970   0.2259760158E+001   0.1419279314E+001   0.1000050624E+001   0.9745694559E+000
 0.9797980   0.2280000201E+001   0.1336849954E+001   0.1002779995E+001   0.8870011735E+000
 0.9898990   0.2304080762E+001   0.1363694185E+001   0.1008702784E+001   0.9587307750E+000
 1.0000000   0.2321712859E+001   0.1315307856E+001   0.1006173941E+001   0.9168213449E+000


 0.0000000   0.3316594548E-003   0.4083920897E-001   0.1001515033E+001   0.1239412479E+001
 0.0101010   0.3238595280E-003   0.3659480484E-001   0.9791758196E+000   0.1099883772E+001
 0.0202020   0.3043989734E-003   0.4155418231E-001   0.9866353496E+000   0.1238289897E+001
 0.0303030   0.2814246957E-003   0.4332961373E-001   0.9891766829E+000   0.1207049266E+001
 0.0404040   0.2363935409E-003   0.3622617350E-001   0.9895324577E+000   0.1095995805E+001
 0.0505051   0.1939082328E-003   0.3457847713E-001   0.1004505304E+001   0.1076665494E+001
 0.0606061   0.1575297490E-003   0.4106467418E-001   0.9802254715E+000   0.1095913665E+001
 0.0707071   0.1216404127E-003   0.3638305614E-001   0.1044249492E+001   0.1169319565E+001
 0.0808081   0.8885864439E-004   0.3765697748E-001   0.9962753843E+000   0.1084660467E+001
 0.0909091   0.6797659447E-004   0.4024596969E-001   0.1001914775E+001   0.1116667739E+001
 0.1010101   0.5552949793E-004   0.3725405485E-001   0.1017877279E+001   0.1157737806E+001
 0.1111111   0.4704297429E-004   0.4492673045E-001   0.9747187311E+000   0.1088055592E+001
 0.1212121   0.4377015338E-004   0.4758944893E-001   0.9909048955E+000   0.1065412296E+001
 0.1313131   0.3852389685E-004   0.4585859619E-001   0.9735593404E+000   0.1011391468E+001
 0.1414141   0.3907062147E-004   0.4507846940E-001   0.9986208748E+000   0.1073708449E+001
 0.1515152   0.4112805404E-004   0.5697068794E-001   0.9697752105E+000   0.1031351520E+001
 0.1616162   0.4592749977E-004   0.5484291354E-001   0.1014093642E+001   0.1071764466E+001
 0.1717172   0.4702265760E-004   0.4787835303E-001   0.1009193981E+001   0.1110808410E+001
 0.1818182   0.5593495729E-004   0.8094629894E-001   0.9972492425E+000   0.1055610240E+001
 0.1919192   0.7108498955E-004   0.8662579345E-001   0.1001158772E+001   0.1064727794E+001
 0.2020202   0.8093846425E-004   0.8215420955E-001   0.1011573811E+001   0.9934027783E+000
 0.2121212   0.1028077652E-003   0.1304783493E+000   0.9932429065E+000   0.1030228938E+001
 0.2222222   0.1278682332E-003   0.1242330486E+000   0.9971507474E+000   0.1157436625E+001
 0.2323232   0.1689014199E-003   0.1768804624E+000   0.9776155970E+000   0.1018784080E+001
 0.2424242   0.2184561287E-003   0.2458248107E+000   0.9981065546E+000   0.1027217133E+001
 0.2525253   0.2891296621E-003   0.2831131568E+000   0.1013175487E+001   0.9810817582E+000
 0.2626263   0.3736724935E-003   0.3442656673E+000   0.9981710764E+000   0.1006627340E+001
 0.2727273   0.5144961536E-003   0.4282295995E+000   0.1009572471E+001   0.1093997062E+001
 0.2828283   0.7138008590E-003   0.4841466877E+000   0.1014590743E+001   0.1037676310E+001
 0.2929293   0.9698068159E-003   0.6465776588E+000   0.9937336473E+000   0.9210647004E+000
 0.3030303   0.1354935663E-002   0.6969618476E+000   0.9652356053E+000   0.1001178711E+001
 0.3131313   0.1885619396E-002   0.8270441326E+000   0.9900246195E+000   0.9556730768E+000
 0.3232323   0.2616113585E-002   0.9306809765E+000   0.9868116778E+000   0.1021960165E+001
 0.3333333   0.3713444150E-002   0.1071496434E+001   0.1013749582E+001   0.1001781072E+001
 0.3434343   0.5240803728E-002   0.1116776365E+001   0.9854042287E+000   0.1074502470E+001
 0.3535354   0.7461116625E-002   0.1104744410E+001   0.1004469761E+001   0.9151506108E+000
 0.3636364   0.1059626785E-001   0.1066597067E+001   0.9620570999E+000   0.9388891095E+000
 0.3737374   0.1512428194E-001   0.1341395444E+001   0.9966862848E+000   0.9606014848E+000
 0.3838384   0.2175257984E-001   0.1265245639E+001   0.9968612480E+000   0.1055199539E+001
 0.3939394   0.3130320647E-001   0.1325867491E+001   0.9660932752E+000   0.9282108921E+000
 0.4040404   0.4525735333E-001   0.1338214927E+001   0.9968951715E+000   0.1019578101E+001
 0.4141414   0.6535510926E-001   0.1261428161E+001   0.1000670404E+001   0.9480066643E+000
 0.4242424   0.9548134099E-001   0.1457852943E+001   0.9967564119E+000   0.9757974096E+000
 0.4343434   0.1384733509E+000   0.1476001607E+001   0.9845322208E+000   0.9990978275E+000
 0.4444444   0.2033798084E+000   0.1397481416E+001   0.9844023990E+000   0.9210099403E+000
 0.4545455   0.2970146837E+000   0.1328021841E+001   0.1037058856E+001   0.9172041141E+000
 0.4646465   0.4310125907E+000   0.1510281750E+001   0.1000391555E+001   0.9171493540E+000
 0.4747475   0.6416572447E+000   0.1319695060E+001   0.9890262048E+000   0.9253359874E+000
 0.4848485   0.9427370213E+000   0.1409709690E+001   0.9861535231E+000   0.9609026653E+000
 0.4949495   0.1397871262E+001   0.1287789588E+001   0.1004752909E+001   0.9944432199E+000
 0.5050505   0.1685256955E+001   0.1621975332E+001   0.9963122702E+000   0.9020629495E+000
 0.5151515   0.1692692592E+001   0.1340087231E+001   0.1008540518E+001   0.1031488420E+001
 0.5252525   0.1699514578E+001   0.1412264390E+001   0.9856092292E+000   0.8635666068E+000
 0.5353535   0.1693556773E+001   0.1411718302E+001   0.9956311800E+000   0.9373558270E+000
 0.5454545   0.1696706293E+001   0.1536455432E+001   0.1001828631E+001   0.8641689677E+000
 0.5555556   0.1703579594E+001   0.1303132368E+001   0.1030037348E+001   0.1013116410E+001
 0.5656566   0.1695902889E+001   0.1472287003E+001   0.1008841041E+001   0.1017387697E+001
 0.5757576   0.1716078520E+001   0.1590849987E+001   0.9634155467E+000   0.8454410172E+000
 0.5858586   0.1706939696E+001   0.1509915690E+001   0.1000031129E+001   0.9805341573E+000
 0.5959596   0.1710659374E+001   0.1448430554E+001   0.1021668263E+001   0.1023904148E+001
 0.6060606   0.1722562176E+001   0.1458508764E+001   0.1004012830E+001   0.9952646213E+000
 0.6161616   0.1720232306E+001   0.1275385572E+001   0.1027545599E+001   0.9538933739E+000
 0.6262626   0.1724552872E+001   0.1469349097E+001   0.9989812295E+000   0.8739162636E+000
 0.6363636   0.1730076967E+001   0.1485616884E+001   0.1016364970E+001   0.1037867971E+001
 0.6464646   0.1747791728E+001   0.1575314319E+001   0.1004186147E+001   0.9678298166E+000
 0.6565657   0.1757059021E+001   0.1304726055E+001   0.9988458909E+000   0.9641882707E+000
 0.6666667   0.1768963096E+001   0.1533316065E+001   0.1028179787E+001   0.9786449342E+000
 0.6767677   0.1775980594E+001   0.1478113950E+001   0.1014598740E+001   0.1058977985E+001
 0.6868687   0.1764933872E+001   0.1386406188E+001   0.9544075519E+000   0.8507253658E+000
 0.6969697   0.1787303123E+001   0.1503896712E+001   0.9977068573E+000   0.9967705237E+000
 0.7070707   0.1805364745E+001   0.1402739128E+001   0.1022446689E+001   0.9536195734E+000
 0.7171717   0.1815324730E+001   0.1443926394E+001   0.9917096373E+000   0.9723749040E+000
 0.7272727   0.1813902990E+001   0.1433806177E+001   0.9904329893E+000   0.9575622999E+000
 0.7373737   0.1847103549E+001   0.1464619471E+001   0.1010908289E+001   0.9896517121E+000
 0.7474747   0.1850272904E+001   0.1506625441E+001   0.1019778247E+001   0.1046246264E+001
 0.7575758   0.1871309829E+001   0.1389564415E+001   0.1002756334E+001   0.9440639379E+000
 0.7676768   0.1889427597E+001   0.1468054601E+001   0.9993435222E+000   0.9393819503E+000
 0.7777778   0.1898551151E+001   0.1326448729E+001   0.1001061671E+001   0.9633121092E+000
 0.7878788   0.1912728921E+001   0.1516655643E+001   0.1011271151E+001   0.1034281185E+001
 0.7979798   0.1918478579E+001   0.1380760127E+001   0.1013479903E+001   0.9511827495E+000
 0.8080808   0.1953595957E+001   0.1541816018E+001   0.9954897058E+000   0.1007065421E+001
 0.8181818   0.1953109635E+001   0.1386055559E+001   0.1035915886E+001   0.9676929164E+000
 0.8282828   0.1976735698E+001   0.1413824644E+001   0.1002951613E+001   0.9864756270E+000
 0.8383838   0.1988206301E+001   0.1413168823E+001   0.1008916614E+001   0.1012705710E+001
 0.8484848   0.2013535100E+001   0.1467402209E+001   0.9837456406E+000   0.9407509525E+000
 0.8585859   0.2025840192E+001   0.1483306508E+001   0.1008890073E+001   0.9938682390E+000
 0.8686869   0.2057729339E+001   0.1389080908E+001   0.1004947761E+001   0.9520589109E+000
 0.8787879   0.2071774426E+001   0.1355532884E+001   0.1003550373E+001   0.8861825236E+000
 0.8888889   0.2092340878E+001   0.1246478874E+001   0.1005193172E+001   0.9030212510E+000
 0.8989899   0.2111377682E+001   0.1524348893E+001   0.9997365881E+000   0.1036964429E+001
 0.9090909   0.2127921685E+001   0.1429746946E+001   0.1021605282E+001   0.9708690015E+000
 0.9191919   0.2148334411E+001   0.1438958443E+001   0.1005386526E+001   0.9674738760E+000
 0.9292929   0.2174552064E+001   0.1451974559E+001   0.1020039817E+001   0.9815745990E+000
 0.9393939   0.2189200424E+001   0.1410156334E+001   0.1018217447E+001   0.1028449235E+001
 0.9494949   0.2218944470E+001   0.1317776462E+001   0.9887634481E+000   0.8994344652E+000
 0.9595960   0.2245678882E+001   0.1428567326E+001   0.9953192624E+000   0.9774402123E+000
 0.9696970   0.2262365312E+001   0.1421304431E+001   0.9936842011E+000   0.9682405173E+000
 0.9797980   0.2272633832E+001   0.1332895491E+001   0.1002200255E+001   0.8863741839E+000
 0.9898990   0.2308223142E+001   0.1366519813E+001   0.1006681242E+001   0.9566861384E+000
 1.0000000   0.2319651856E+001   0.1314499930E+001   0.1003508086E+001   0.9142744494E+000


 0.0000000   0.3017759063E-003   0.3733515089E-001   0.1003767092E+001   0.1242408948E+001
 0.0101010   0.2987141734E-003   0.3391306134E-001   0.9767326817E+000   0.1097324457E+001
 0.0202020   0.2774524005E-003   0.3805471320E-001   0.9783135567E+000   0.1228052560E+001
 0.0303030   0.2544172168E-003   0.3935659509E-001   0.9868706016E+000   0.1204438315E+001
 0.0404040   0.2170299564E-003   0.3341603746E-001   0.9820463705E+000   0.1087887704E+001
 0.0505051   0.1767823754E-003   0.3167356796E-001   0.9979287529E+000   0.1069796866E+001
 0.0606061   0.1423994787E-003   0.3729603030E-001   0.9716228336E+000   0.1086478899E+001
 0.0707071   0.1109495808E-003   0.3334228553E-001   0.1040947985E+001   0.1165819185E+001
 0.0808081   0.8051820256E-004   0.3428374495E-001   0.9837921621E+000   0.1071250394E+001
 0.0909091   0.6160767005E-004   0.3664765464E-001   0.1002487945E+001   0.1117494958E+001
 0.1010101   0.4997486924E-004   0.3368603366E-001   0.1006882197E+001   0.1145425064E+001
 0.1111111   0.4223164140E-004   0.4052251690E-001   0.9708388147E+000   0.1083907272E+001
 0.1212121   0.3943861024E-004   0.4308267085E-001   0.9940041026E+000   0.1068924749E+001
 0.1313131   0.3504896651E-004   0.4191931432E-001   0.9668701517E+000   0.1004611710E+001
 0.1414141   0.3474360324E-004   0.4027560827E-001   0.9877033298E+000   0.1062149071E+001
 0.1515152   0.3715257777E-004   0.5170715741E-001   0.9788037095E+000   0.1041128815E+001
 0.1616162   0.4181859228E-004   0.5017247594E-001   0.1009332251E+001   0.1066912171E+001
 0.1717172   0.4350717014E-004   0.4450832772E-001   0.1008495991E+001   0.1110227316E+001
 0.1818182   0.5283958482E-004   0.7682834738E-001   0.9997300037E+000   0.1058414621E+001
 0.1919192   0.6578183174E-004   0.8054223804E-001   0.1000604892E+001   0.1064318182E+001
 0.2020202   0.7694638075E-004   0.7847141211E-001   0.9856592764E+000   0.9681169674E+000
 0.2121212   0.9712993579E-004   0.1238551432E+000   0.9847211570E+000   0.1021562087E+001
 0.2222222   0.1226326886E-003   0.1197096434E+000   0.9858850049E+000   0.1144552947E+001
 0.2323232   0.1629432584E-003   0.1714475842E+000   0.9791506156E+000   0.1020555798E+001
 0.2424242   0.2129844233E-003   0.2408006925E+000   0.1008259922E+001   0.1037841604E+001
 0.2525253   0.2829446573E-003   0.2783667190E+000   0.1013702683E+001   0.9817577720E+000
 0.2626263   0.3678119447E-003   0.3404684093E+000   0.1002256479E+001   0.1010917787E+001
 0.2727273   0.5035064351E-003   0.4210638770E+000   0.1002135328E+001   0.1086121108E+001
 0.2828283   0.6948861181E-003   0.4735457503E+000   0.9961526312E+000   0.1018990460E+001
 0.2929293   0.9530093628E-003   0.6383825963E+000   0.9774071246E+000   0.9060848498E+000
 0.3030303   0.1321020023E-002   0.6827286698E+000   0.9633811849E+000   0.9994237319E+000
 0.3131313   0.1852270753E-002   0.8162581422E+000   0.1005178716E+001   0.9704649748E+000
 0.3232323   0.2557697663E-002   0.9142013465E+000   0.9959545526E+000   0.1031602613E+001
 0.3333333   0.3635980901E-002   0.1054104910E+001   0.1013094097E+001   0.1001302138E+001
 0.3434343   0.5153914684E-002   0.1103453288E+001   0.9799802152E+000   0.1068768215E+001
 0.3535354   0.7284104868E-002   0.1083633900E+001   0.1004486684E+001   0.9153203453E+000
 0.3636364   0.1040252359E-001   0.1052045627E+001   0.9705556274E+000   0.9473426930E+000
 0.3737374   0.1480780995E-001   0.1319536181E+001   0.1001368579E+001   0.9652769967E+000
 0.3838384   0.2132791991E-001   0.1246410181E+001   0.1015149135E+001   0.1074738862E+001
 0.3939394   0.3080871915E-001   0.1311092547E+001   0.9665482498E+000   0.9288046160E+000
 0.4040404   0.4459172863E-001   0.1324766797E+001   0.9886325183E+000   0.1011297940E+001
 0.4141414   0.6453087287E-001   0.1251407996E+001   0.9999661618E+000   0.9474992268E+000
 0.4242424   0.9423905614E-001   0.1445687896E+001   0.1008362493E+001   0.9873259036E+000
 0.4343434   0.1373449925E+000   0.1470895664E+001   0.1002819876E+001   0.1017827637E+001
 0.4444444   0.2019595774E+000   0.1394283442E+001   0.9834614123E+000   0.9202847037E+000
 0.4545455   0.2949802966E+000   0.1325161209E+001   0.1043172633E+001   0.9227668829E+000
 0.4646465   0.4290367315E+000   0.1510465819E+001   0.9892292409E+000   0.9070687767E+000
 0.4747475   0.6386519550E+000   0.1319724089E+001   0.9879540679E+000   0.9244887549E+000
 0.4848485   0.9401429158E+000   0.1412477081E+001   0.9816416793E+000   0.9566676364E+000
 0.4949495   0.1395862204E+001   0.1292018374E+001   0.1014177993E+001   0.1003940851E+001
 0.5050505   0.1683869006E+001   0.1628301522E+001   0.1014019330E+001   0.9182497640E+000
 0.5151515   0.1685155805E+001   0.1340427859E+001   0.9981201026E+000   0.1021003037E+001
 0.5252525   0.1696598382E+001   0.1416506502E+001   0.9795576918E+000   0.8584091199E+000
 0.5353535   0.1691784904E+001   0.1416908610E+001   0.9892318014E+000   0.9314880530E+000
 0.5454545   0.1688804779E+001   0.1536530392E+001   0.1004729327E+001   0.8668172224E+000
 0.5555556   0.1693591673E+001   0.1301617028E+001   0.1018626998E+001   0.1002062445E+001
 0.5656566   0.1693457377E+001   0.1477114555E+001   0.1016534206E+001   0.1025318899E+001
 0.5757576   0.1714258570E+001   0.1596676053E+001   0.9700536786E+000   0.8514098219E+000
 0.5858586   0.1704806526E+001   0.1515158366E+001   0.9996964940E+000   0.9803713295E+000
 0.5959596   0.1708272406E+001   0.1453247789E+001   0.1016526957E+001   0.1018923374E+001
 0.6060606   0.1722026655E+001   0.1464948693E+001   0.9941673633E+000   0.9856711175E+000
 0.6161616   0.1725293046E+001   0.1285185098E+001   0.1032696528E+001   0.9588367480E+000
 0.6262626   0.1725966991E+001   0.1477506402E+001   0.1013394578E+001   0.8866746559E+000
 0.6363636   0.1731596057E+001   0.1493951159E+001   0.1014131570E+001   0.1035761941E+001
 0.6464646   0.1745861796E+001   0.1581014350E+001   0.9996983171E+000   0.9636669345E+000
 0.6565657   0.1755978335E+001   0.1310088239E+001   0.1000569504E+001   0.9660149418E+000
 0.6666667   0.1766105520E+001   0.1538076618E+001   0.1013893776E+001   0.9652099107E+000
 0.6767677   0.1772286357E+001   0.1482012966E+001   0.1015773090E+001   0.1060382475E+001
 0.6868687   0.1769044184E+001   0.1396204840E+001   0.9597801815E+000   0.8556585970E+000
 0.6969697   0.1787635733E+001   0.1511287993E+001   0.1008854657E+001   0.1008077816E+001
 0.7070707   0.1802786263E+001   0.1407358056E+001   0.1027459568E+001   0.9584565944E+000
 0.7171717   0.1812021021E+001   0.1448112731E+001   0.9936081528E+000   0.9744006823E+000
 0.7272727   0.1817859828E+001   0.1443727377E+001   0.9972729073E+000   0.9643377937E+000
 0.7373737   0.1843837095E+001   0.1468941558E+001   0.1008156947E+001   0.9871246459E+000
 0.7474747   0.1850008328E+001   0.1513531975E+001   0.1018149571E+001   0.1044751454E+001
 0.7575758   0.1868522600E+001   0.1394054490E+001   0.1003931945E+001   0.9453301153E+000
 0.7676768   0.1887251089E+001   0.1473296129E+001   0.1003575202E+001   0.9435187954E+000
 0.7777778   0.1901667372E+001   0.1334907366E+001   0.1007511610E+001   0.9696823057E+000
 0.7878788   0.1911507451E+001   0.1522852937E+001   0.1007782573E+001   0.1030887030E+001
 0.7979798   0.1919092992E+001   0.1387732346E+001   0.1011266907E+001   0.9492658228E+000
 0.8080808   0.1949923343E+001   0.1546193178E+001   0.9970297019E+000   0.1008793399E+001
 0.8181818   0.1958356685E+001   0.1396349778E+001   0.1033346906E+001   0.9654558925E+000
 0.8282828   0.1975568515E+001   0.1419670139E+001   0.1001032718E+001   0.9847542766E+000
 0.8383838   0.1993922842E+001   0.1423932359E+001   0.1008146136E+001   0.1012102972E+001
 0.8484848   0.2010349305E+001   0.1472007073E+001   0.9891155839E+000   0.9460456985E+000
 0.8585859   0.2030442405E+001   0.1493704891E+001   0.1009796568E+001   0.9949289750E+000
 0.8686869   0.2057376646E+001   0.1395408960E+001   0.1016486336E+001   0.9631526091E+000
 0.8787879   0.2071110176E+001   0.1361504877E+001   0.1016598085E+001   0.8978556432E+000
 0.8888889   0.2098002379E+001   0.1255760643E+001   0.1002161603E+001   0.9004496322E+000
 0.8989899   0.2112216693E+001   0.1532164278E+001   0.1012441565E+001   0.1050319586E+001
 0.9090909   0.2134899837E+001   0.1441217246E+001   0.1020678605E+001   0.9701519071E+000
 0.9191919   0.2152537217E+001   0.1448589874E+001   0.9994028178E+000   0.9618779765E+000
 0.9292929   0.2178133519E+001   0.1461241857E+001   0.1017827666E+001   0.9796110224E+000
 0.9393939   0.2198392460E+001   0.1422772209E+001   0.1016518751E+001   0.1026906599E+001
 0.9494949   0.2225595758E+001   0.1327975326E+001   0.9931289981E+000   0.9035579467E+000
 0.9595960   0.2251715817E+001   0.1439179769E+001   0.1001368627E+001   0.9835467299E+000
 0.9696970   0.2264257059E+001   0.1429218128E+001   0.1002476411E+001   0.9769723094E+000
 0.9797980   0.2276554064E+001   0.1341507202E+001   0.1001814814E+001   0.8861826924E+000
 0.9898990   0.2315880781E+001   0.1377535340E+001   0.1015738016E+001   0.9654558925E+000
 1.0000000   0.2321485088E+001   0.1321758359E+001   0.1007897796E+001   0.9184286598E+000


 0.0000000   0.3102243424E-003   0.3833011980E-001   0.9888944182E+000   0.1224026504E+001
 0.0101010   0.3068291860E-003   0.3478874724E-001   0.9737179744E+000   0.1093960914E+001
 0.0202020   0.2884233820E-003   0.3950766725E-001   0.9816535027E+000   0.1232271440E+001
 0.0303030   0.2664222522E-003   0.4115972577E-001   0.9981872074E+000   0.1218275835E+001
 0.0404040   0.2274105513E-003   0.3496848628E-001   0.9964199970E+000   0.1103834051E+001
 0.0505051   0.1831964415E-003   0.3277977836E-001   0.9954199915E+000   0.1067130231E+001
 0.0606061   0.1452771939E-003   0.3799991351E-001   0.9653124903E+000   0.1079445670E+001
 0.0707071   0.1131665820E-003   0.3396400184E-001   0.1026874388E+001   0.1150081904E+001
 0.0808081   0.8584257830E-004   0.3650294411E-001   0.9909313279E+000   0.1079047280E+001
 0.0909091   0.6281757844E-004   0.3731844579E-001   0.9894037992E+000   0.1102933344E+001
 0.1010101   0.5153733777E-004   0.3469374232E-001   0.1001742506E+001   0.1139602521E+001
 0.1111111   0.4339087116E-004   0.4158031511E-001   0.9777438826E+000   0.1091639861E+001
 0.1212121   0.3998716943E-004   0.4362471826E-001   0.9897370547E+000   0.1064358824E+001
 0.1313131   0.3572257526E-004   0.4266902013E-001   0.9734066334E+000   0.1011424952E+001
 0.1414141   0.3589306645E-004   0.4155361103E-001   0.9812165023E+000   0.1055195860E+001
 0.1515152   0.3742826683E-004   0.5202263958E-001   0.9899393902E+000   0.1052996055E+001
 0.1616162   0.4169845382E-004   0.4996283022E-001   0.9925573230E+000   0.1049202692E+001
 0.1717172   0.4467474961E-004   0.4564293087E-001   0.9990640864E+000   0.1099867475E+001
 0.1818182   0.5297063021E-004   0.7691803672E-001   0.1001920151E+001   0.1060755995E+001
 0.1919192   0.6587131847E-004   0.8054619756E-001   0.9838817271E+000   0.1046552534E+001
 0.2020202   0.7719458171E-004   0.7862144925E-001   0.9884469840E+000   0.9708758044E+000
 0.2121212   0.9735725092E-004   0.1239824466E+000   0.9966005324E+000   0.1033907990E+001
 0.2222222   0.1220461438E-003   0.1189810795E+000   0.9875379357E+000   0.1146496396E+001
 0.2323232   0.1618944102E-003   0.1701209437E+000   0.9772826536E+000   0.1018630610E+001
 0.2424242   0.2116625549E-003   0.2389928341E+000   0.1017272966E+001   0.1047141458E+001
 0.2525253   0.2828078661E-003   0.2778678199E+000   0.1019238778E+001   0.9871404987E+000
 0.2626263   0.3704850736E-003   0.3424937607E+000   0.9960577633E+000   0.1004686969E+001
 0.2727273   0.5034188614E-003   0.4204393912E+000   0.1000301782E+001   0.1084157062E+001
 0.2828283   0.6964564721E-003   0.4739944344E+000   0.9939677687E+000   0.1016777231E+001
 0.2929293   0.9561190828E-003   0.6396270376E+000   0.9821047454E+000   0.9104591338E+000
 0.3030303   0.1322103927E-002   0.6823941439E+000   0.9745113633E+000   0.1010991919E+001
 0.3131313   0.1861155553E-002   0.8190995466E+000   0.1000631178E+001   0.9660951275E+000
 0.3232323   0.2566842148E-002   0.9162685237E+000   0.9901990844E+000   0.1025663055E+001
 0.3333333   0.3667601449E-002   0.1061879739E+001   0.1012694166E+001   0.1000928248E+001
 0.3434343   0.5185782795E-002   0.1108822440E+001   0.9795850212E+000   0.1068360042E+001
 0.3535354   0.7325285154E-002   0.1088333217E+001   0.9950247855E+000   0.9067177345E+000
 0.3636364   0.1047686461E-001   0.1058176601E+001   0.9802881425E+000   0.9568628782E+000
 0.3737374   0.1492883732E-001   0.1328579089E+001   0.1005394289E+001   0.9691783177E+000
 0.3838384   0.2147105177E-001   0.1253131831E+001   0.1009969542E+001   0.1069278071E+001
 0.3939394   0.3094916241E-001   0.1315344647E+001   0.9807107846E+000   0.9424342410E+000
 0.4040404   0.4481795734E-001   0.1329744311E+001   0.9889218173E+000   0.1011615486E+001
 0.4141414   0.6497919844E-001   0.1258452106E+001   0.9984382672E+000   0.9460717126E+000
 0.4242424   0.9481170632E-001   0.1452568211E+001   0.1013104790E+001   0.9919904608E+000
 0.4343434   0.1380261296E+000   0.1476254735E+001   0.1014306718E+001   0.1029508382E+001
 0.4444444   0.2024220537E+000   0.1395646399E+001   0.9915430764E+000   0.9278670334E+000
 0.4545455   0.2966059551E+000   0.1330719524E+001   0.1039810685E+001   0.9198126321E+000
 0.4646465   0.4315052992E+000   0.1517167448E+001   0.9954744900E+000   0.9128148297E+000
 0.4747475   0.6399235552E+000   0.1320620244E+001   0.9816402324E+000   0.9186001416E+000
 0.4848485   0.9420536374E+000   0.1413494485E+001   0.9962350160E+000   0.9709104470E+000
 0.4949495   0.1396475999E+001   0.1290893975E+001   0.9995996833E+000   0.9895308372E+000
 0.5050505   0.1683422874E+001   0.1625738556E+001   0.1005949383E+001   0.9109614513E+000
 0.5151515   0.1686333050E+001   0.1339607876E+001   0.9943741541E+000   0.1017192942E+001
 0.5252525   0.1695438400E+001   0.1413684495E+001   0.9779945187E+000   0.8570575869E+000
 0.5353535   0.1691528014E+001   0.1414838420E+001   0.9910859979E+000   0.9332539556E+000
 0.5454545   0.1690818481E+001   0.1536348171E+001   0.1003996195E+001   0.8662032297E+000
 0.5555556   0.1696046599E+001   0.1301796945E+001   0.1027822981E+001   0.1011130490E+001
 0.5656566   0.1691744813E+001   0.1473688575E+001   0.1023997456E+001   0.1032868713E+001
 0.5757576   0.1713421418E+001   0.1593806632E+001   0.9685342896E+000   0.8500944270E+000
 0.5858586   0.1706198315E+001   0.1514409738E+001   0.1001367196E+001   0.9820307172E+000
 0.5959596   0.1710018750E+001   0.1452828576E+001   0.1010061423E+001   0.1012464229E+001
 0.6060606   0.1718836477E+001   0.1460320099E+001   0.1001445722E+001   0.9929084894E+000
 0.6161616   0.1720518660E+001   0.1279950436E+001   0.1034951209E+001   0.9609507034E+000
 0.6262626   0.1723637528E+001   0.1473580218E+001   0.1010148796E+001   0.8838536275E+000
 0.6363636   0.1733902362E+001   0.1493982139E+001   0.1017992999E+001   0.1039727945E+001
 0.6464646   0.1745500790E+001   0.1578617657E+001   0.9992131073E+000   0.9632197928E+000
 0.6565657   0.1754568226E+001   0.1307322123E+001   0.9983706758E+000   0.9639126446E+000
 0.6666667   0.1764762845E+001   0.1534894852E+001   0.1001083256E+001   0.9530348724E+000
 0.6767677   0.1771526914E+001   0.1479438170E+001   0.1030776732E+001   0.1076068018E+001
 0.6868687   0.1772047455E+001   0.1396743834E+001   0.9719369034E+000   0.8665150130E+000
 0.6969697   0.1790176550E+001   0.1511454314E+001   0.1009114579E+001   0.1008359083E+001
 0.7070707   0.1803015966E+001   0.1405694325E+001   0.1029312807E+001   0.9602058878E+000
 0.7171717   0.1813009582E+001   0.1447005545E+001   0.9898513408E+000   0.9707372341E+000
 0.7272727   0.1818977136E+001   0.1442723134E+001   0.9910978566E+000   0.9583871520E+000
 0.7373737   0.1843773318E+001   0.1466967362E+001   0.1007603208E+001   0.9866035386E+000
 0.7474747   0.1847628347E+001   0.1509605570E+001   0.1019106525E+001   0.1045755755E+001
 0.7575758   0.1868555273E+001   0.1392253440E+001   0.1001350219E+001   0.9429192372E+000
 0.7676768   0.1884628028E+001   0.1469321944E+001   0.1005274251E+001   0.9451363627E+000
 0.7777778   0.1897863969E+001   0.1330493053E+001   0.1002143343E+001   0.9645362111E+000
 0.7878788   0.1910172517E+001   0.1519796773E+001   0.1014490229E+001   0.1037770639E+001
 0.7979798   0.1913875039E+001   0.1382146970E+001   0.1011625348E+001   0.9496225777E+000
 0.8080808   0.1946617769E+001   0.1541550846E+001   0.1000499394E+001   0.1012325659E+001
 0.8181818   0.1957970652E+001   0.1394246489E+001   0.1020957590E+001   0.9539009371E+000
 0.8282828   0.1975902109E+001   0.1418050613E+001   0.1009828376E+001   0.9934281282E+000
 0.8383838   0.1992198598E+001   0.1420838109E+001   0.1007104177E+001   0.1011078526E+001
 0.8484848   0.2009889758E+001   0.1469743560E+001   0.9872744815E+000   0.9443049407E+000
 0.8585859   0.2030163156E+001   0.1491543851E+001   0.1013525678E+001   0.9986245161E+000
 0.8686869   0.2061761293E+001   0.1396551770E+001   0.1017339843E+001   0.9639819297E+000
 0.8787879   0.2068155910E+001   0.1357782574E+001   0.1011175906E+001   0.8930858767E+000
 0.8888889   0.2094032414E+001   0.1251743218E+001   0.9979159766E+000   0.8966540631E+000
 0.8989899   0.2111094413E+001   0.1529345024E+001   0.1002076910E+001   0.1039589374E+001
 0.9090909   0.2133624847E+001   0.1438470508E+001   0.1012379763E+001   0.9622844430E+000
 0.9191919   0.2152365656E+001   0.1446577766E+001   0.9941888250E+000   0.9568801995E+000
 0.9292929   0.2177826874E+001   0.1459123037E+001   0.1010655758E+001   0.9727291828E+000
 0.9393939   0.2198013105E+001   0.1420664019E+001   0.1020924178E+001   0.1031379082E+001
 0.9494949   0.2231268667E+001   0.1329616953E+001   0.9967711067E+000   0.9068909474E+000
 0.9595960   0.2248544742E+001   0.1435271153E+001   0.1007968684E+001   0.9900504760E+000
 0.9696970   0.2262388296E+001   0.1426168655E+001   0.1012017520E+001   0.9862917554E+000
 0.9797980   0.2284709676E+001   0.1344550186E+001   0.1007678238E+001   0.8913883900E+000
 0.9898990   0.2323479152E+001   0.1380245331E+001   0.1004470973E+001   0.9547670018E+000
 1.0000000   0.2320750813E+001   0.1319610111E+001   0.1008254527E+001   0.9187733545E+000


 0.0000000   0.3133192868E-003   0.3890808879E-001   0.9951317770E+000   0.1231554147E+001
 0.0101010   0.3083264409E-003   0.3513511317E-001   0.9854003796E+000   0.1106912684E+001
 0.0202020   0.2921600059E-003   0.4022167497E-001   0.9892205456E+000   0.1241576005E+001
 0.0303030   0.2683589710E-003   0.4166837464E-001   0.1008989357E+001   0.1231266988E+001
 0.0404040   0.2276059973E-003   0.3517534683E-001   0.9958036521E+000   0.1102978602E+001
 0.0505051   0.1830798092E-003   0.3292440199E-001   0.9866513761E+000   0.1057564370E+001
 0.0606061   0.1475945199E-003   0.3880108437E-001   0.9772783207E+000   0.1092655228E+001
 0.0707071   0.1124134723E-003   0.3390841457E-001   0.1025257522E+001   0.1148091317E+001
 0.0808081   0.8549348269E-004   0.3653815504E-001   0.9933383965E+000   0.1081499092E+001
 0.0909091   0.6374984773E-004   0.3806360995E-001   0.9924591038E+000   0.1106166070E+001
 0.1010101   0.5115062336E-004   0.3460736740E-001   0.1001422494E+001   0.1139060159E+001
 0.1111111   0.4292022775E-004   0.4133708897E-001   0.9801055676E+000   0.1094105382E+001
 0.1212121   0.3936938933E-004   0.4316772048E-001   0.9915315419E+000   0.1066121715E+001
 0.1313131   0.3567783783E-004   0.4283087058E-001   0.9755838090E+000   0.1013528502E+001
 0.1414141   0.3554790043E-004   0.4136191400E-001   0.9978744167E+000   0.1072941747E+001
 0.1515152   0.3617443205E-004   0.5053390430E-001   0.9975623435E+000   0.1060938491E+001
 0.1616162   0.3991086004E-004   0.4806253037E-001   0.9895253005E+000   0.1045833915E+001
 0.1717172   0.4316094576E-004   0.4431908797E-001   0.9977423655E+000   0.1098240475E+001
 0.1818182   0.5094188184E-004   0.7434581043E-001   0.1002696996E+001   0.1061412304E+001
 0.1919192   0.6327214061E-004   0.7775882321E-001   0.9895431799E+000   0.1052409862E+001
 0.2020202   0.7404418482E-004   0.7579379416E-001   0.9863453272E+000   0.9686598724E+000
 0.2121212   0.9346837302E-004   0.1196313623E+000   0.1001595913E+001   0.1038927736E+001
 0.2222222   0.1178241011E-003   0.1154453496E+000   0.9954490421E+000   0.1155500025E+001
 0.2323232   0.1555902464E-003   0.1643223976E+000   0.9869647052E+000   0.1028561288E+001
 0.2424242   0.2056493067E-003   0.2333761977E+000   0.1021211883E+001   0.1051031497E+001
 0.2525253   0.2722347037E-003   0.2688306121E+000   0.1009536282E+001   0.9775905244E+000
 0.2626263   0.3583152968E-003   0.3329168393E+000   0.9954561876E+000   0.1003923026E+001
 0.2727273   0.4871454240E-003   0.4089036695E+000   0.9969588897E+000   0.1080364813E+001
 0.2828283   0.6752798910E-003   0.4619038115E+000   0.9923648631E+000   0.1014978656E+001
 0.2929293   0.9273596307E-003   0.6235215655E+000   0.9936988271E+000   0.9210632300E+000
 0.3030303   0.1286443932E-002   0.6673428689E+000   0.9776076635E+000   0.1014045389E+001
 0.3131313   0.1807609762E-002   0.7995528140E+000   0.1013127351E+001   0.9780069053E+000
 0.3232323   0.2498724437E-002   0.8964590070E+000   0.9905600430E+000   0.1025876349E+001
 0.3333333   0.3562853025E-002   0.1036763194E+001   0.1016362608E+001   0.1004396839E+001
 0.3434343   0.5062264895E-002   0.1087880058E+001   0.9858228878E+000   0.1074994935E+001
 0.3535354   0.7157058751E-002   0.1068711288E+001   0.9859637393E+000   0.8983202190E+000
 0.3636364   0.1023285558E-001   0.1038752620E+001   0.9893074135E+000   0.9655154788E+000
 0.3737374   0.1459896169E-001   0.1305785558E+001   0.1001498123E+001   0.9652713935E+000
 0.3838384   0.2100342518E-001   0.1232032124E+001   0.1001476262E+001   0.1060120087E+001
 0.3939394   0.3029523222E-001   0.1294057018E+001   0.9878661573E+000   0.9491617607E+000
 0.4040404   0.4402930680E-001   0.1312944581E+001   0.9876480732E+000   0.1010154381E+001
 0.4141414   0.6381997333E-001   0.1242245481E+001   0.1000310345E+001   0.9476972486E+000
 0.4242424   0.9330514867E-001   0.1436708454E+001   0.1015273729E+001   0.9939586005E+000
 0.4343434   0.1362332657E+000   0.1464440146E+001   0.1016206247E+001   0.1031274942E+001
 0.4444444   0.1997877436E+000   0.1384442362E+001   0.9933729739E+000   0.9294339216E+000
 0.4545455   0.2939160706E+000   0.1325313007E+001   0.1038010834E+001   0.9180767740E+000
 0.4646465   0.4280631704E+000   0.1512668319E+001   0.9906891348E+000   0.9082846443E+000
 0.4747475   0.6349368522E+000   0.1316948686E+001   0.9800375636E+000   0.9169568530E+000
 0.4848485   0.9390024017E+000   0.1416033917E+001   0.9942139424E+000   0.9687890940E+000
 0.4949495   0.1391940293E+001   0.1293201411E+001   0.1005999452E+001   0.9957102718E+000
 0.5050505   0.1680274162E+001   0.1630895355E+001   0.1008113892E+001   0.9127786862E+000
 0.5151515   0.1682555164E+001   0.1343359088E+001   0.1004465675E+001   0.1027355219E+001
 0.5252525   0.1690659638E+001   0.1416821470E+001   0.9791447412E+000   0.8579312733E+000
 0.5353535   0.1688715940E+001   0.1419621989E+001   0.9927347852E+000   0.9346602196E+000
 0.5454545   0.1688881492E+001   0.1542340643E+001   0.9963616427E+000   0.8594819332E+000
 0.5555556   0.1691024653E+001   0.1304499365E+001   0.1021137991E+001   0.1004396839E+001
 0.5656566   0.1690855847E+001   0.1480355126E+001   0.1013608197E+001   0.1022229427E+001
 0.5757576   0.1706539721E+001   0.1595424676E+001   0.9774524127E+000   0.8577876937E+000
 0.5858586   0.1703268673E+001   0.1519446834E+001   0.1007187126E+001   0.9875836656E+000
 0.5959596   0.1707624822E+001   0.1458123889E+001   0.1013530655E+001   0.1015782702E+001
 0.6060606   0.1712933125E+001   0.1462656596E+001   0.1001981063E+001   0.9932837764E+000
 0.6161616   0.1719710834E+001   0.1285812542E+001   0.1031075444E+001   0.9572022191E+000
 0.6262626   0.1722872429E+001   0.1480367111E+001   0.1005162795E+001   0.8793533519E+000
 0.6363636   0.1731431668E+001   0.1499389927E+001   0.1011210466E+001   0.1032638949E+001
 0.6464646   0.1743793765E+001   0.1585040968E+001   0.1001989718E+001   0.9657452062E+000
 0.6565657   0.1752631707E+001   0.1312476330E+001   0.9920515177E+000   0.9576616739E+000
 0.6666667   0.1763843682E+001   0.1541845426E+001   0.9971709506E+000   0.9491617607E+000
 0.6767677   0.1771648122E+001   0.1487013797E+001   0.1022674466E+001   0.1067442647E+001
 0.6868687   0.1775222135E+001   0.1406314920E+001   0.9753614378E+000   0.8694320005E+000
 0.6969697   0.1791179706E+001   0.1519941195E+001   0.9975607621E+000   0.9966578973E+000
 0.7070707   0.1802943139E+001   0.1412738609E+001   0.1019264836E+001   0.9506837046E+000
 0.7171717   0.1815124989E+001   0.1456012478E+001   0.9898937828E+000   0.9706269131E+000
 0.7272727   0.1820401766E+001   0.1451147201E+001   0.9910966611E+000   0.9582359923E+000
 0.7373737   0.1842805620E+001   0.1473604432E+001   0.1002661086E+001   0.9816107537E+000
 0.7474747   0.1849812772E+001   0.1519025665E+001   0.1011729358E+001   0.1038023184E+001
 0.7575758   0.1867571597E+001   0.1398550252E+001   0.9979198142E+000   0.9395419265E+000
 0.7676768   0.1886458557E+001   0.1478179084E+001   0.1000748019E+001   0.9407336373E+000
 0.7777778   0.1897545610E+001   0.1336990185E+001   0.9969320211E+000   0.9593702713E+000
 0.7878788   0.1910796318E+001   0.1527973374E+001   0.1008999970E+001   0.1031992841E+001
 0.7979798   0.1918452610E+001   0.1392451856E+001   0.1007147020E+001   0.9452707531E+000
 0.8080808   0.1945631765E+001   0.1548553747E+001   0.1005691145E+001   0.1017419510E+001
 0.8181818   0.1961508717E+001   0.1403822145E+001   0.1017335345E+001   0.9503678294E+000
 0.8282828   0.1974036577E+001   0.1423868780E+001   0.1004540886E+001   0.9880718363E+000
 0.8383838   0.1995488561E+001   0.1430374221E+001   0.1007113578E+001   0.1010929711E+001
 0.8484848   0.2009517116E+001   0.1476894603E+001   0.9814125593E+000   0.9385512271E+000
 0.8585859   0.2031805702E+001   0.1500291760E+001   0.1007038799E+001   0.9920777076E+000
 0.8686869   0.2062508090E+001   0.1404115338E+001   0.1012737501E+001   0.9594707770E+000
 0.8787879   0.2070901681E+001   0.1366453636E+001   0.9996042968E+000   0.8827274728E+000
 0.8888889   0.2097154813E+001   0.1259942727E+001   0.9998628743E+000   0.8982627872E+000
 0.8989899   0.2115047581E+001   0.1539949308E+001   0.1002108068E+001   0.1039458981E+001
 0.9090909   0.2135434021E+001   0.1446963329E+001   0.1008006427E+001   0.9579775490E+000
 0.9191919   0.2157794754E+001   0.1457552914E+001   0.9930677121E+000   0.9556515593E+000
 0.9292929   0.2183721565E+001   0.1470463638E+001   0.1009420155E+001   0.9713878851E+000
 0.9393939   0.2200687213E+001   0.1429578108E+001   0.1010931143E+001   0.1021123864E+001
 0.9494949   0.2233766502E+001   0.1337829956E+001   0.9958707249E+000   0.9059299386E+000
 0.9595960   0.2252326095E+001   0.1444947794E+001   0.1004576597E+001   0.9865642504E+000
 0.9696970   0.2269122211E+001   0.1437639820E+001   0.1011114725E+001   0.9852576759E+000
 0.9797980   0.2289438424E+001   0.1354139568E+001   0.1008676663E+001   0.8921319376E+000
 0.9898990   0.2328663638E+001   0.1390313480E+001   0.1008943110E+001   0.9588677426E+000
 1.0000000   0.2329517910E+001   0.1331286850E+001   0.1011524478E+001   0.9216088326E+000


 0.0000000   0.2967685740E-003   0.3677867197E-001   0.9922519812E+000   0.1228126258E+001
 0.0101010   0.2945688327E-003   0.3349984096E-001   0.9906096450E+000   0.1112887633E+001
 0.0202020   0.2783857441E-003   0.3824826535E-001   0.9889192354E+000   0.1241335378E+001
 0.0303030   0.2554023274E-003   0.3957679829E-001   0.1004384173E+001   0.1225783120E+001
 0.0404040   0.2145693256E-003   0.3309387999E-001   0.9791860797E+000   0.1084692729E+001
 0.0505051   0.1751637319E-003   0.3143742731E-001   0.9821123290E+000   0.1052815750E+001
 0.0606061   0.1408008078E-003   0.3694061669E-001   0.9765543261E+000   0.1091966757E+001
 0.0707071   0.1081573150E-003   0.3255894946E-001   0.1024162216E+001   0.1146991881E+001
 0.0808081   0.8216827151E-004   0.3504637641E-001   0.9973909570E+000   0.1086031665E+001
 0.0909091   0.6131308767E-004   0.3653502211E-001   0.9922115534E+000   0.1106012711E+001
 0.1010101   0.4915876499E-004   0.3319280550E-001   0.9989358285E+000   0.1136357638E+001
 0.1111111   0.4145058058E-004   0.3984133242E-001   0.9833513566E+000   0.1097850351E+001
 0.1212121   0.3811119505E-004   0.4170406310E-001   0.9860877396E+000   0.1060385889E+001
 0.1313131   0.3508050624E-004   0.4202905172E-001   0.9735994890E+000   0.1011579094E+001
 0.1414141   0.3533743321E-004   0.4103430077E-001   0.9916309214E+000   0.1066346730E+001
 0.1515152   0.3646272396E-004   0.5083415472E-001   0.9951529870E+000   0.1058493354E+001
 0.1616162   0.4054118850E-004   0.4872337749E-001   0.9873000636E+000   0.1043597690E+001
 0.1717172   0.4438017975E-004   0.4547935361E-001   0.9934180810E+000   0.1093601804E+001
 0.1818182   0.5235117343E-004   0.7624885055E-001   0.1005665925E+001   0.1064673059E+001
 0.1919192   0.6449627783E-004   0.7910376743E-001   0.9879390145E+000   0.1050820221E+001
 0.2020202   0.7598636801E-004   0.7762538067E-001   0.9853013134E+000   0.9677418109E+000
 0.2121212   0.9619732748E-004   0.1228764728E+000   0.1003454858E+001   0.1040971316E+001
 0.2222222   0.1213630438E-003   0.1186736043E+000   0.9858030000E+000   0.1144429878E+001
 0.2323232   0.1605104106E-003   0.1691776409E+000   0.9802089303E+000   0.1021633989E+001
 0.2424242   0.2103546798E-003   0.2382357062E+000   0.1017403809E+001   0.1047228267E+001
 0.2525253   0.2786600339E-003   0.2746219737E+000   0.1010474812E+001   0.9786077923E+000
 0.2626263   0.3657124260E-003   0.3391060166E+000   0.9875554491E+000   0.9960654590E+000
 0.2727273   0.4975352312E-003   0.4167845239E+000   0.9874420946E+000   0.1070170422E+001
 0.2828283   0.6868528026E-003   0.4688746662E+000   0.9929841898E+000   0.1015724646E+001
 0.2929293   0.9426282282E-003   0.6325124787E+000   0.1003403373E+001   0.9301614796E+000
 0.3030303   0.1303926690E-002   0.6750511799E+000   0.9762140420E+000   0.1012712040E+001
 0.3131313   0.1829753962E-002   0.8077194461E+000   0.1001075699E+001   0.9664801211E+000
 0.3232323   0.2533653414E-002   0.9071615652E+000   0.9888528107E+000   0.1024221740E+001
 0.3333333   0.3584891263E-002   0.1041077392E+001   0.1022500949E+001   0.1010574892E+001
 0.3434343   0.5113854258E-002   0.1096755599E+001   0.9882076349E+000   0.1077714812E+001
 0.3535354   0.7224532195E-002   0.1076616198E+001   0.9799659269E+000   0.8929545054E+000
 0.3636364   0.1030910849E-001   0.1044387733E+001   0.9860971413E+000   0.9624890616E+000
 0.3737374   0.1468629184E-001   0.1310953872E+001   0.9915154854E+000   0.9557557580E+000
 0.3838384   0.2114872475E-001   0.1238059329E+001   0.1001956866E+001   0.1060746372E+001
 0.3939394   0.3052085527E-001   0.1301071581E+001   0.9824803335E+000   0.9440915647E+000
 0.4040404   0.4431166410E-001   0.1318705968E+001   0.9851556054E+000   0.1007716778E+001
 0.4141414   0.6425021418E-001   0.1248103932E+001   0.9931330351E+000   0.9410017122E+000
 0.4242424   0.9378955780E-001   0.1441261849E+001   0.1017036901E+001   0.9957950969E+000
 0.4343434   0.1368534623E+000   0.1468147238E+001   0.1016704449E+001   0.1031894874E+001
 0.4444444   0.2004103697E+000   0.1385962857E+001   0.9940954582E+000   0.9302129771E+000
 0.4545455   0.2944280059E+000   0.1324950366E+001   0.1030890127E+001   0.9118798521E+000
 0.4646465   0.4305715128E+000   0.1518471010E+001   0.9980105250E+000   0.9150984485E+000
 0.4747475   0.6374831691E+000   0.1319569918E+001   0.9725908673E+000   0.9100903125E+000
 0.4848485   0.9431006312E+000   0.1419352780E+001   0.9973622685E+000   0.9719646093E+000
 0.4949495   0.1398182797E+001   0.1296387641E+001   0.1004738104E+001   0.9945720303E+000
 0.5050505   0.1686787054E+001   0.1633922940E+001   0.1004692135E+001   0.9097813273E+000
 0.5151515   0.1687455166E+001   0.1344560699E+001   0.1000007261E+001   0.1022908553E+001
 0.5252525   0.1695173120E+001   0.1417745790E+001   0.9772200666E+000   0.8563397530E+000
 0.5353535   0.1694521502E+001   0.1421636494E+001   0.9967343741E+000   0.9385298301E+000
 0.5454545   0.1692586892E+001   0.1542614696E+001   0.1001995664E+001   0.8644377415E+000
 0.5555556   0.1695129200E+001   0.1305034829E+001   0.1019112384E+001   0.1002515526E+001
 0.5656566   0.1695962702E+001   0.1481838894E+001   0.1017602827E+001   0.1026371763E+001
 0.5757576   0.1709396995E+001   0.1594880706E+001   0.9808284279E+000   0.8608457879E+000
 0.5858586   0.1709127060E+001   0.1521605483E+001   0.1007414388E+001   0.9879159730E+000
 0.5959596   0.1710808908E+001   0.1457903684E+001   0.1010444744E+001   0.1012802160E+001
 0.6060606   0.1715360350E+001   0.1461782297E+001   0.9984036833E+000   0.9898471308E+000
 0.6161616   0.1721846489E+001   0.1284819219E+001   0.1024868945E+001   0.9515458339E+000
 0.6262626   0.1727683004E+001   0.1481513906E+001   0.1007824411E+001   0.8817795388E+000
 0.6363636   0.1734165198E+001   0.1498735738E+001   0.1015702129E+001   0.1037340739E+001
 0.6464646   0.1747161284E+001   0.1584906817E+001   0.1006260600E+001   0.9699690796E+000
 0.6565657   0.1755623553E+001   0.1312071731E+001   0.9958216180E+000   0.9614076132E+000
 0.6666667   0.1763852102E+001   0.1538750739E+001   0.9901115076E+000   0.9425466384E+000
 0.6767677   0.1771392405E+001   0.1483807878E+001   0.1023398267E+001   0.1068316511E+001
 0.6868687   0.1778594472E+001   0.1406151721E+001   0.9772907181E+000   0.8712482914E+000
 0.6969697   0.1791757965E+001   0.1517372937E+001   0.9974628930E+000   0.9966705552E+000
 0.7070707   0.1803419987E+001   0.1410269220E+001   0.1021994536E+001   0.9533353735E+000
 0.7171717   0.1816041655E+001   0.1453816962E+001   0.9977386936E+000   0.9784275509E+000
 0.7272727   0.1821531984E+001   0.1449126794E+001   0.9926425037E+000   0.9598369382E+000
 0.7373737   0.1845733958E+001   0.1472976634E+001   0.1011580059E+001   0.9904522270E+000
 0.7474747   0.1850381149E+001   0.1516435343E+001   0.1014251995E+001   0.1040726702E+001
 0.7575758   0.1866072654E+001   0.1394616274E+001   0.1004377476E+001   0.9457266117E+000
 0.7676768   0.1882469791E+001   0.1472085938E+001   0.1003277675E+001   0.9432161065E+000
 0.7777778   0.1893660096E+001   0.1331568116E+001   0.1001613822E+001   0.9639824903E+000
 0.7878788   0.1909064658E+001   0.1523517310E+001   0.1010390833E+001   0.1033529921E+001
 0.7979798   0.1917904067E+001   0.1389253046E+001   0.1009893865E+001   0.9479538803E+000
 0.8080808   0.1945162049E+001   0.1545065118E+001   0.1009172536E+001   0.1021054641E+001
 0.8181818   0.1959315604E+001   0.1399431381E+001   0.1020440256E+001   0.9533739967E+000
 0.8282828   0.1974196906E+001   0.1421119517E+001   0.1007817851E+001   0.9914049315E+000
 0.8383838   0.1993532691E+001   0.1426097302E+001   0.1006469000E+001   0.1010394650E+001
 0.8484848   0.2007834396E+001   0.1472689018E+001   0.9877964843E+000   0.9447610327E+000
 0.8585859   0.2028602477E+001   0.1494912816E+001   0.1008818582E+001   0.9939411854E+000
 0.8686869   0.2057402279E+001   0.1397821460E+001   0.1013052492E+001   0.9598755613E+000
 0.8787879   0.2066841323E+001   0.1361030697E+001   0.1002283217E+001   0.8851912509E+000
 0.8888889   0.2096955945E+001   0.1257288616E+001   0.9989594972E+000   0.8975506610E+000
 0.8989899   0.2108963867E+001   0.1532430498E+001   0.1004013326E+001   0.1041550663E+001
 0.9090909   0.2133057774E+001   0.1442445291E+001   0.1008510031E+001   0.9585623740E+000
 0.9191919   0.2153248302E+001   0.1451555598E+001   0.1001453298E+001   0.9638279977E+000
 0.9292929   0.2176558777E+001   0.1462691679E+001   0.1012689951E+001   0.9746424815E+000
 0.9393939   0.2199426194E+001   0.1425884429E+001   0.1009960444E+001   0.1020256429E+001
 0.9494949   0.2226842483E+001   0.1330999844E+001   0.1005059714E+001   0.9143903573E+000
 0.9595960   0.2245622702E+001   0.1437748895E+001   0.1007466923E+001   0.9895123968E+000
 0.9696970   0.2261950149E+001   0.1430212603E+001   0.1014945838E+001   0.9891004165E+000
 0.9797980   0.2280808701E+001   0.1346321207E+001   0.1008330445E+001   0.8919245546E+000
 0.9898990   0.2321702897E+001   0.1383368810E+001   0.1018370958E+001   0.9679349267E+000
 1.0000000   0.2323891619E+001   0.1325399561E+001   0.1019950696E+001   0.9293890164E+000


 0.0000000   0.3189540043E-003   0.3951901802E-001   0.9913603207E+000   0.1227073825E+001
 0.0101010   0.3199084991E-003   0.3637321436E-001   0.9920317175E+000   0.1114531737E+001
 0.0202020   0.2990852113E-003   0.4108276294E-001   0.9973575372E+000   0.1251979738E+001
 0.0303030   0.2767729576E-003   0.4287848316E-001   0.1002674359E+001   0.1223747458E+001
 0.0404040   0.2324768854E-003   0.3584757501E-001   0.9833433597E+000   0.1089343397E+001
 0.0505051   0.1888685178E-003   0.3388927930E-001   0.9878285644E+000   0.1058987682E+001
 0.0606061   0.1523413358E-003   0.3995919278E-001   0.9806688424E+000   0.1096613288E+001
 0.0707071   0.1181889778E-003   0.3557061834E-001   0.1023211831E+001   0.1145975321E+001
 0.0808081   0.8801954644E-004   0.3753341220E-001   0.9896221968E+000   0.1077617430E+001
 0.0909091   0.6646446944E-004   0.3959548634E-001   0.9912357158E+000   0.1104971046E+001
 0.1010101   0.5353393902E-004   0.3613866868E-001   0.9920756560E+000   0.1128600806E+001
 0.1111111   0.4476913560E-004   0.4302113834E-001   0.9790543709E+000   0.1093098635E+001
 0.1212121   0.4070475767E-004   0.4453186951E-001   0.9875380524E+000   0.1061989781E+001
 0.1313131   0.3825749498E-004   0.4582476236E-001   0.9774674455E+000   0.1015640306E+001
 0.1414141   0.3795392719E-004   0.4406245687E-001   0.9925182494E+000   0.1067345441E+001
 0.1515152   0.3948320294E-004   0.5503244713E-001   0.9945239705E+000   0.1057868433E+001
 0.1616162   0.4337812506E-004   0.5212086784E-001   0.9859158488E+000   0.1042178022E+001
 0.1717172   0.4735364963E-004   0.4851529039E-001   0.9949339283E+000   0.1095316214E+001
 0.1818182   0.5571443283E-004   0.8112870549E-001   0.1005836188E+001   0.1064897737E+001
 0.1919192   0.6827182419E-004   0.8371513379E-001   0.9838148319E+000   0.1046477194E+001
 0.2020202   0.7992634312E-004   0.8163153285E-001   0.9848990393E+000   0.9673870623E+000
 0.2121212   0.1002012651E-003   0.1279613717E+000   0.9949268614E+000   0.1032167539E+001
 0.2222222   0.1260033963E-003   0.1231827445E+000   0.9803805854E+000   0.1138182417E+001
 0.2323232   0.1638941759E-003   0.1727043323E+000   0.9780405202E+000   0.1019416465E+001
 0.2424242   0.2128579844E-003   0.2410152774E+000   0.1013003898E+001   0.1042742876E+001
 0.2525253   0.2816041467E-003   0.2774594981E+000   0.1007044564E+001   0.9753264102E+000
 0.2626263   0.3689108697E-003   0.3419929727E+000   0.9919046045E+000   0.1000493830E+001
 0.2727273   0.4995288073E-003   0.4183581520E+000   0.9969839419E+000   0.1080556767E+001
 0.2828283   0.6865771813E-003   0.4685785573E+000   0.9854467155E+000   0.1008056608E+001
 0.2929293   0.9436725384E-003   0.6330673651E+000   0.1002772043E+001   0.9296150128E+000
 0.3030303   0.1299103117E-002   0.6723990679E+000   0.9835130564E+000   0.1020326509E+001
 0.3131313   0.1822678365E-002   0.8044106898E+000   0.9955919287E+000   0.9612259609E+000
 0.3232323   0.2527072909E-002   0.9045970345E+000   0.9817588423E+000   0.1016916460E+001
 0.3333333   0.3565279644E-002   0.1035143549E+001   0.1018058324E+001   0.1006226060E+001
 0.3434343   0.5082732778E-002   0.1089829961E+001   0.9825909993E+000   0.1071634153E+001
 0.3535354   0.7180307075E-002   0.1069779198E+001   0.9792562388E+000   0.8923450564E+000
 0.3636364   0.1026580489E-001   0.1039761207E+001   0.9806683122E+000   0.9572301362E+000
 0.3737374   0.1462557674E-001   0.1305233494E+001   0.9931772201E+000   0.9573975006E+000
 0.3838384   0.2105773582E-001   0.1232448831E+001   0.9950075721E+000   0.1053433276E+001
 0.3939394   0.3043150056E-001   0.1296963670E+001   0.9871095662E+000   0.9485794896E+000
 0.4040404   0.4412091088E-001   0.1312726746E+001   0.9803952402E+000   0.1002889232E+001
 0.4141414   0.6400258792E-001   0.1243007242E+001   0.9970263896E+000   0.9447301087E+000
 0.4242424   0.9352370309E-001   0.1436845424E+001   0.1002852346E+001   0.9819477637E+000
 0.4343434   0.1366749147E+000   0.1465894066E+001   0.1010314314E+001   0.1025452043E+001
 0.4444444   0.2000392382E+000   0.1383077596E+001   0.9943315945E+000   0.9304727552E+000
 0.4545455   0.2938375597E+000   0.1321988730E+001   0.1023142895E+001   0.9050647496E+000
 0.4646465   0.4303379678E+000   0.1517297803E+001   0.9928900290E+000   0.9104413305E+000
 0.4747475   0.6360081588E+000   0.1316213444E+001   0.9743114953E+000   0.9117384044E+000
 0.4848485   0.9422671266E+000   0.1417771720E+001   0.1002755797E+001   0.9772615609E+000
 0.4949495   0.1397544088E+001   0.1295496957E+001   0.9992978754E+000   0.9892281144E+000
 0.5050505   0.1687551871E+001   0.1634287256E+001   0.1013834406E+001   0.9180982511E+000
 0.5151515   0.1685448591E+001   0.1342652525E+001   0.1008587381E+001   0.1031728208E+001
 0.5252525   0.1696509604E+001   0.1418536725E+001   0.9797945458E+000   0.8586315932E+000
 0.5353535   0.1693221971E+001   0.1420219028E+001   0.9955568952E+000   0.9374602183E+000
 0.5454545   0.1693410110E+001   0.1543009470E+001   0.1001868187E+001   0.8643638234E+000
 0.5555556   0.1696252477E+001   0.1305598807E+001   0.1015047684E+001   0.9985586788E+000
 0.5656566   0.1695962580E+001   0.1481497458E+001   0.1010519603E+001   0.1019270021E+001
 0.5757576   0.1709070238E+001   0.1594208542E+001   0.9872865149E+000   0.8665500207E+000
 0.5858586   0.1707310144E+001   0.1519637797E+001   0.1006587755E+001   0.9871465199E+000
 0.5959596   0.1712436346E+001   0.1458954406E+001   0.1005522185E+001   0.1007910164E+001
 0.6060606   0.1716141908E+001   0.1462111455E+001   0.9959230477E+000   0.9874289473E+000
 0.6161616   0.1721023672E+001   0.1283909437E+001   0.1022814315E+001   0.9496778183E+000
 0.6262626   0.1729488987E+001   0.1482720951E+001   0.1015374529E+001   0.8884224536E+000
 0.6363636   0.1734084151E+001   0.1498320488E+001   0.1014035874E+001   0.1035682191E+001
 0.6464646   0.1746663867E+001   0.1584090627E+001   0.1003192872E+001   0.9670523335E+000
 0.6565657   0.1755293441E+001   0.1311522852E+001   0.1013230091E+001   0.9782552870E+000
 0.6666667   0.1765143661E+001   0.1539522772E+001   0.9933087059E+000   0.9456296923E+000
 0.6767677   0.1771930220E+001   0.1483916492E+001   0.1023247016E+001   0.1068203183E+001
 0.6868687   0.1777942943E+001   0.1405312847E+001   0.9827391604E+000   0.8761420919E+000
 0.6969697   0.1793013666E+001   0.1518086583E+001   0.9982326082E+000   0.9974812706E+000
 0.7070707   0.1803813616E+001   0.1410252122E+001   0.1024310459E+001   0.9555355718E+000
 0.7171717   0.1813915648E+001   0.1451780522E+001   0.9923482675E+000   0.9731820541E+000
 0.7272727   0.1822115446E+001   0.1449257067E+001   0.9996625461E+000   0.9666653033E+000
 0.7373737   0.1845000331E+001   0.1472052015E+001   0.1015095020E+001   0.9939352377E+000
 0.7474747   0.1849074331E+001   0.1515015320E+001   0.1010700442E+001   0.1037125709E+001
 0.7575758   0.1868804868E+001   0.1396336495E+001   0.1005798953E+001   0.9471045909E+000
 0.7676768   0.1880591614E+001   0.1470278464E+001   0.1012434024E+001   0.9518640156E+000
 0.7777778   0.1892994543E+001   0.1330793510E+001   0.1004544223E+001   0.9668431280E+000
 0.7878788   0.1908152405E+001   0.1522438530E+001   0.1019344774E+001   0.1042732416E+001
 0.7979798   0.1917627449E+001   0.1388732717E+001   0.1015354383E+001   0.9531192485E+000
 0.8080808   0.1944024624E+001   0.1543805962E+001   0.1020030850E+001   0.1032083857E+001
 0.8181818   0.1962660817E+001   0.1401497785E+001   0.1015758727E+001   0.9490397416E+000
 0.8282828   0.1976459534E+001   0.1422420544E+001   0.1015196546E+001   0.9987051227E+000
 0.8383838   0.1991609426E+001   0.1424393298E+001   0.1005796482E+001   0.1009761632E+001
 0.8484848   0.2009430215E+001   0.1473520014E+001   0.9912116252E+000   0.9480669361E+000
 0.8585859   0.2028127462E+001   0.1494218509E+001   0.1009577307E+001   0.9947302185E+000
 0.8686869   0.2056721764E+001   0.1397037240E+001   0.1008915727E+001   0.9559958238E+000
 0.8787879   0.2067330091E+001   0.1361038978E+001   0.9986398385E+000   0.8820103057E+000
 0.8888889   0.2097357413E+001   0.1257239666E+001   0.1007094269E+001   0.9048973852E+000
 0.8989899   0.2109865941E+001   0.1532732836E+001   0.1005997849E+001   0.1043652920E+001
 0.9090909   0.2133478397E+001   0.1442397409E+001   0.1008463979E+001   0.9585585910E+000
 0.9191919   0.2152233693E+001   0.1450537429E+001   0.1000805575E+001   0.9632447937E+000
 0.9292929   0.2177165027E+001   0.1462762078E+001   0.1016086211E+001   0.9779519390E+000
 0.9393939   0.2196496161E+001   0.1423656889E+001   0.1005276483E+001   0.1015567084E+001
 0.9494949   0.2225731667E+001   0.1330029469E+001   0.1003264191E+001   0.9127948921E+000
 0.9595960   0.2246319799E+001   0.1437863931E+001   0.1001565710E+001   0.9837573911E+000
 0.9696970   0.2261874590E+001   0.1429835400E+001   0.1012544435E+001   0.9868013308E+000
 0.9797980   0.2283540011E+001   0.1347622965E+001   0.1003820910E+001   0.8879726619E+000
 0.9898990   0.2321627056E+001   0.1383004983E+001   0.1014560675E+001   0.9643535828E+000
 1.0000000   0.2325747886E+001   0.1326152719E+001   0.1026630348E+001   0.9355146073E+000


 0.0000000   0.3319515388E-003   0.4110660517E-001   0.9920258071E+000   0.1227876381E+001
 0.0101010   0.3342302105E-003   0.3798047972E-001   0.9971326606E+000   0.1120243258E+001
 0.0202020   0.3126164623E-003   0.4291759607E-001   0.9954685024E+000   0.1249586902E+001
 0.0303030   0.2871744622E-003   0.4446521690E-001   0.1003148936E+001   0.1224305571E+001
 0.0404040   0.2422691053E-003   0.3733678155E-001   0.9849589899E+000   0.1091114380E+001
 0.0505051   0.1973510838E-003   0.3539167495E-001   0.9886601178E+000   0.1059860871E+001
 0.0606061   0.1583888414E-003   0.4152239244E-001   0.9845418073E+000   0.1100925179E+001
 0.0707071   0.1235986138E-003   0.3717807321E-001   0.1032623182E+001   0.1156495900E+001
 0.0808081   0.9147324403E-004   0.3898448873E-001   0.9858920195E+000   0.1073537071E+001
 0.0909091   0.6868249444E-004   0.4089413616E-001   0.9955194943E+000   0.1109727224E+001
 0.1010101   0.5553953587E-004   0.3747175513E-001   0.9895643036E+000   0.1125724450E+001
 0.1111111   0.4602515341E-004   0.4420356261E-001   0.9792129689E+000   0.1093256866E+001
 0.1212121   0.4150069072E-004   0.4537743244E-001   0.9876258058E+000   0.1062065845E+001
 0.1313131   0.3839380837E-004   0.4596250861E-001   0.9843280728E+000   0.1022751234E+001
 0.1414141   0.3828885400E-004   0.4442661217E-001   0.9893524824E+000   0.1063922666E+001
 0.1515152   0.3962308646E-004   0.5519676063E-001   0.9934181084E+000   0.1056673923E+001
 0.1616162   0.4365399895E-004   0.5242322507E-001   0.9875443829E+000   0.1043881498E+001
 0.1717172   0.4731655006E-004   0.4845036915E-001   0.9931534096E+000   0.1093337209E+001
 0.1818182   0.5538864958E-004   0.8060954116E-001   0.1000353910E+001   0.1059075292E+001
 0.1919192   0.6793355868E-004   0.8325410832E-001   0.9841442590E+000   0.1046809562E+001
 0.2020202   0.7988000375E-004   0.8153891435E-001   0.9906952271E+000   0.9730634206E+000
 0.2121212   0.9991291023E-004   0.1275222981E+000   0.9912626754E+000   0.1028348477E+001
 0.2222222   0.1253854118E-003   0.1225105459E+000   0.9812545964E+000   0.1139177475E+001
 0.2323232   0.1626654147E-003   0.1713143629E+000   0.9797408717E+000   0.1021171151E+001
 0.2424242   0.2132259409E-003   0.2412978799E+000   0.1016755315E+001   0.1046586387E+001
 0.2525253   0.2809200246E-003   0.2766317907E+000   0.1001729611E+001   0.9701621380E+000
 0.2626263   0.3703528757E-003   0.3431391661E+000   0.9862331183E+000   0.9947560878E+000
 0.2727273   0.5016837719E-003   0.4199296983E+000   0.9906148407E+000   0.1073635268E+001
 0.2828283   0.6896617008E-003   0.4704224008E+000   0.9838761234E+000   0.1006432635E+001
 0.2929293   0.9453570851E-003   0.6338453844E+000   0.9946047012E+000   0.9220276270E+000
 0.3030303   0.1305373393E-002   0.6752694063E+000   0.9842065063E+000   0.1021028318E+001
 0.3131313   0.1827204221E-002   0.8059604380E+000   0.9947216730E+000   0.9603691931E+000
 0.3232323   0.2535446261E-002   0.9070905392E+000   0.9818327138E+000   0.1016975449E+001
 0.3333333   0.3583885845E-002   0.1039968029E+001   0.1017977784E+001   0.1006129116E+001
 0.3434343   0.5094421446E-002   0.1091729826E+001   0.9813814625E+000   0.1070296561E+001
 0.3535354   0.7200010016E-002   0.1072119194E+001   0.9769613445E+000   0.8902384961E+000
 0.3636364   0.1028809285E-001   0.1041440156E+001   0.9900014111E+000   0.9663235178E+000
 0.3737374   0.1466490775E-001   0.1308016986E+001   0.9931655109E+000   0.9573697132E+000
 0.3838384   0.2110999049E-001   0.1234821270E+001   0.9927734912E+000   0.1051049898E+001
 0.3939394   0.3046365135E-001   0.1297613154E+001   0.9941652258E+000   0.9553432789E+000
 0.4040404   0.4419778986E-001   0.1314284107E+001   0.9824710847E+000   0.1004995384E+001
 0.4141414   0.6403882762E-001   0.1243020629E+001   0.9956480939E+000   0.9434078484E+000
 0.4242424   0.9358359255E-001   0.1436967374E+001   0.9991933906E+000   0.9783482185E+000
 0.4343434   0.1365665179E+000   0.1463918338E+001   0.1012033256E+001   0.1027179037E+001
 0.4444444   0.2001403971E+000   0.1383008824E+001   0.9887200423E+000   0.9252056474E+000
 0.4545455   0.2940357537E+000   0.1322146033E+001   0.1021204443E+001   0.9033344397E+000
 0.4646465   0.4307785773E+000   0.1518008144E+001   0.9929742216E+000   0.9105028396E+000
 0.4747475   0.6355147672E+000   0.1314462261E+001   0.9749826520E+000   0.9123507335E+000
 0.4848485   0.9425071365E+000   0.1417345589E+001   0.9922090221E+000   0.9669662635E+000
 0.4949495   0.1396915432E+001   0.1294195348E+001   0.9969725725E+000   0.9869092341E+000
 0.5050505   0.1687308382E+001   0.1633144328E+001   0.1015864567E+001   0.9199208494E+000
 0.5151515   0.1685364796E+001   0.1341840451E+001   0.1002647789E+001   0.1025634662E+001
 0.5252525   0.1695415439E+001   0.1416834863E+001   0.9868260029E+000   0.8647786250E+000
 0.5353535   0.1692906341E+001   0.1419166017E+001   0.9949886384E+000   0.9369089752E+000
 0.5454545   0.1691973929E+001   0.1540844988E+001   0.9977720381E+000   0.8608150265E+000
 0.5555556   0.1695764356E+001   0.1304498523E+001   0.1023595619E+001   0.1006950402E+001
 0.5656566   0.1695867660E+001   0.1480592151E+001   0.1001526847E+001   0.1010181985E+001
 0.5757576   0.1707661878E+001   0.1592010557E+001   0.9875127407E+000   0.8667336431E+000
 0.5858586   0.1707915513E+001   0.1519332715E+001   0.1006435964E+001   0.9869806503E+000
 0.5959596   0.1713182244E+001   0.1458779620E+001   0.1001099754E+001   0.1003459936E+001
 0.6060606   0.1714520530E+001   0.1459919174E+001   0.1001205573E+001   0.9926493103E+000
 0.6161616   0.1720107453E+001   0.1282513556E+001   0.1016617417E+001   0.9439077617E+000
 0.6262626   0.1730344040E+001   0.1482630481E+001   0.1010080759E+001   0.8837753311E+000
 0.6363636   0.1733505333E+001   0.1496988868E+001   0.1010709912E+001   0.1032267441E+001
 0.6464646   0.1748024880E+001   0.1584444887E+001   0.9973976977E+000   0.9614493630E+000
 0.6565657   0.1755317613E+001   0.1310812827E+001   0.1011993843E+001   0.9770448731E+000
 0.6666667   0.1765599144E+001   0.1539065167E+001   0.9928861273E+000   0.9452111071E+000
 0.6767677   0.1771110110E+001   0.1482406288E+001   0.1021798065E+001   0.1066672190E+001
 0.6868687   0.1778135668E+001   0.1404684953E+001   0.9828769686E+000   0.8762498502E+000
 0.6969697   0.1793055155E+001   0.1517278944E+001   0.1000194960E+001   0.9994249211E+000
 0.7070707   0.1803219083E+001   0.1409004679E+001   0.1018983040E+001   0.9505494672E+000
 0.7171717   0.1814348948E+001   0.1451321185E+001   0.9948114423E+000   0.9755808413E+000
 0.7272727   0.1822526127E+001   0.1448778992E+001   0.1001652757E+001   0.9685731278E+000
 0.7373737   0.1844540378E+001   0.1470868048E+001   0.1019096297E+001   0.9978359110E+000
 0.7474747   0.1849381271E+001   0.1514425625E+001   0.1009819872E+001   0.1036204258E+001
 0.7575758   0.1867886257E+001   0.1394875347E+001   0.1005540342E+001   0.9468447525E+000
 0.7676768   0.1878885847E+001   0.1468129400E+001   0.1012107223E+001   0.9515403668E+000
 0.7777778   0.1891287379E+001   0.1328855249E+001   0.1007917274E+001   0.9700728677E+000
 0.7878788   0.1908303576E+001   0.1521713912E+001   0.1017885040E+001   0.1041221245E+001
 0.7979798   0.1918351097E+001   0.1388485549E+001   0.1017389301E+001   0.9550129790E+000
 0.8080808   0.1943830257E+001   0.1542794670E+001   0.1018535871E+001   0.1030553452E+001
 0.8181818   0.1962741435E+001   0.1400777296E+001   0.1016341098E+001   0.9495674946E+000
 0.8282828   0.1976200058E+001   0.1421444268E+001   0.1011136206E+001   0.9946935987E+000
 0.8383838   0.1991444395E+001   0.1423484599E+001   0.1007548559E+001   0.1011503184E+001
 0.8484848   0.2010785966E+001   0.1473695630E+001   0.9970162946E+000   0.9536025093E+000
 0.8585859   0.2030217834E+001   0.1494928233E+001   0.1010681032E+001   0.9958005496E+000
 0.8686869   0.2054950920E+001   0.1395059506E+001   0.1009808381E+001   0.9568251648E+000
 0.8787879   0.2067727887E+001   0.1360545159E+001   0.1000716147E+001   0.8838288932E+000
 0.8888889   0.2096416150E+001   0.1255977807E+001   0.1010816729E+001   0.9082264486E+000
 0.8989899   0.2108858281E+001   0.1531150339E+001   0.1011725566E+001   0.1049576939E+001
 0.9090909   0.2133753653E+001   0.1441782671E+001   0.1012349178E+001   0.9622349410E+000
 0.9191919   0.2153910892E+001   0.1450861932E+001   0.1002315002E+001   0.9646809455E+000
 0.9292929   0.2175151179E+001   0.1460597759E+001   0.1015198372E+001   0.9770805812E+000
 0.9393939   0.2198643889E+001   0.1424257838E+001   0.1008905944E+001   0.1019216132E+001
 0.9494949   0.2227672636E+001   0.1330450340E+001   0.1001812096E+001   0.9114580311E+000
 0.9595960   0.2248141788E+001   0.1438231321E+001   0.1004964612E+001   0.9870788476E+000
 0.9696970   0.2261744292E+001   0.1428959322E+001   0.1016492353E+001   0.9906318029E+000
 0.9797980   0.2283810939E+001   0.1347034647E+001   0.1002907918E+001   0.8871497460E+000
 0.9898990   0.2322551291E+001   0.1382787490E+001   0.1014274528E+001   0.9640649809E+000
 1.0000000   0.2327193610E+001   0.1326240422E+001   0.1028188039E+001   0.9369179023E+000


 0.0000000   0.3155647349E-003   0.3900841556E-001   0.9939689535E+000   0.1230208107E+001
 0.0101010   0.3176208634E-003   0.3602937152E-001   0.9995433822E+000   0.1122884625E+001
 0.0202020   0.2976015805E-003   0.4078417658E-001   0.9981539708E+000   0.1252883155E+001
 0.0303030   0.2739372852E-003   0.4234076178E-001   0.1007053610E+001   0.1228997755E+001
 0.0404040   0.2294688951E-003   0.3530169749E-001   0.9852055291E+000   0.1091322380E+001
 0.0505051   0.1877873807E-003   0.3361715267E-001   0.9927704572E+000   0.1064203734E+001
 0.0606061   0.1508993002E-003   0.3948916348E-001   0.9848007909E+000   0.1101149081E+001
 0.0707071   0.1174628153E-003   0.3527009301E-001   0.1028950541E+001   0.1152313943E+001
 0.0808081   0.8758059700E-004   0.3725963397E-001   0.9881607507E+000   0.1075943298E+001
 0.0909091   0.6537917287E-004   0.3885861543E-001   0.9978152436E+000   0.1112219989E+001
 0.1010101   0.5287536098E-004   0.3561131868E-001   0.9905942173E+000   0.1126828848E+001
 0.1111111   0.4407159681E-004   0.4225262894E-001   0.9802452019E+000   0.1094344027E+001
 0.1212121   0.3994165463E-004   0.4359569114E-001   0.9863748481E+000   0.1060657319E+001
 0.1313131   0.3703864907E-004   0.4426195483E-001   0.9865334753E+000   0.1024981572E+001
 0.1414141   0.3742729365E-004   0.4335030672E-001   0.9886260188E+000   0.1063078022E+001
 0.1515152   0.3879352350E-004   0.5394577504E-001   0.9969281000E+000   0.1060344151E+001
 0.1616162   0.4329145375E-004   0.5189610847E-001   0.9905342821E+000   0.1046979500E+001
 0.1717172   0.4696463767E-004   0.4800515937E-001   0.9894601237E+000   0.1089206381E+001
 0.1818182   0.5539345663E-004   0.8047427265E-001   0.1003690917E+001   0.1062544790E+001
 0.1919192   0.6788295657E-004   0.8304528478E-001   0.9936335748E+000   0.1056840056E+001
 0.2020202   0.8070699685E-004   0.8223770022E-001   0.9923227809E+000   0.9746038617E+000
 0.2121212   0.1010607972E-003   0.1287597612E+000   0.9932654171E+000   0.1030364674E+001
 0.2222222   0.1279459115E-003   0.1247917280E+000   0.9805989108E+000   0.1138348347E+001
 0.2323232   0.1652131899E-003   0.1736905492E+000   0.9825214453E+000   0.1024008212E+001
 0.2424242   0.2176020716E-003   0.2458155846E+000   0.1016054878E+001   0.1045803004E+001
 0.2525253   0.2859833776E-003   0.2811208794E+000   0.1004479336E+001   0.9727671743E+000
 0.2626263   0.3774842956E-003   0.3491293662E+000   0.9908493492E+000   0.9993525889E+000
 0.2727273   0.5123528339E-003   0.4281033250E+000   0.9897108785E+000   0.1072591555E+001
 0.2828283   0.7023698557E-003   0.4782452560E+000   0.9861484159E+000   0.1008696842E+001
 0.2929293   0.9607718056E-003   0.6430438958E+000   0.9941504360E+000   0.9215515285E+000
 0.3030303   0.1324181059E-002   0.6837897873E+000   0.9842739316E+000   0.1021037349E+001
 0.3131313   0.1853064689E-002   0.8159248049E+000   0.9978564963E+000   0.9633382817E+000
 0.3232323   0.2570574011E-002   0.9180350465E+000   0.9837046853E+000   0.1018853638E+001
 0.3333333   0.3630081549E-002   0.1051514154E+001   0.1021236131E+001   0.1009289321E+001
 0.3434343   0.5144864755E-002   0.1100594123E+001   0.9848871826E+000   0.1074055826E+001
 0.3535354   0.7275033212E-002   0.1081378852E+001   0.9755849916E+000   0.8889312841E+000
 0.3636364   0.1038314022E-001   0.1049206770E+001   0.9964369463E+000   0.9725471104E+000
 0.3737374   0.1477737652E-001   0.1315722522E+001   0.9946224467E+000   0.9587169393E+000
 0.3838384   0.2128843855E-001   0.1243062009E+001   0.9925376408E+000   0.1050737515E+001
 0.3939394   0.3067948637E-001   0.1304500617E+001   0.9951370045E+000   0.9562200602E+000
 0.4040404   0.4451608801E-001   0.1321413128E+001   0.9844355338E+000   0.1006944794E+001
 0.4141414   0.6440915486E-001   0.1248002587E+001   0.9974024008E+000   0.9450137282E+000
 0.4242424   0.9398961969E-001   0.1440655057E+001   0.1001220690E+001   0.9802747396E+000
 0.4343434   0.1370343756E+000   0.1466341282E+001   0.1010253690E+001   0.1025311668E+001
 0.4444444   0.2009629817E+000   0.1386242409E+001   0.9906268173E+000   0.9269346306E+000
 0.4545455   0.2949275098E+000   0.1323815583E+001   0.1019574563E+001   0.9018388795E+000
 0.4646465   0.4322377857E+000   0.1520462295E+001   0.9944954539E+000   0.9118433240E+000
 0.4747475   0.6379038519E+000   0.1317075348E+001   0.9748332326E+000   0.9121564919E+000
 0.4848485   0.9432921592E+000   0.1416022829E+001   0.9900478922E+000   0.9648025531E+000
 0.4949495   0.1398978351E+001   0.1293819328E+001   0.9999406223E+000   0.9897882723E+000
 0.5050505   0.1688584230E+001   0.1631495023E+001   0.1012902821E+001   0.9171841061E+000
 0.5151515   0.1686991826E+001   0.1340765609E+001   0.1002350460E+001   0.1025269348E+001
 0.5252525   0.1695186421E+001   0.1414143518E+001   0.9882620362E+000   0.8659853883E+000
 0.5353535   0.1694199323E+001   0.1417743603E+001   0.9929315445E+000   0.9349161798E+000
 0.5454545   0.1693351002E+001   0.1539377709E+001   0.9962015828E+000   0.8594088626E+000
 0.5555556   0.1696081364E+001   0.1302439902E+001   0.1026129061E+001   0.1009382425E+001
 0.5656566   0.1696628132E+001   0.1478642108E+001   0.1005434609E+001   0.1014063016E+001
 0.5757576   0.1707236298E+001   0.1588805070E+001   0.9877799255E+000   0.8669164279E+000
 0.5858586   0.1709958875E+001   0.1518466074E+001   0.9999596016E+000   0.9805709795E+000
 0.5959596   0.1715027950E+001   0.1457774154E+001   0.1003834114E+001   0.1006140714E+001
 0.6060606   0.1716295756E+001   0.1458851790E+001   0.9962365319E+000   0.9876638090E+000
 0.6161616   0.1721098828E+001   0.1280988164E+001   0.1013383969E+001   0.9408494417E+000
 0.6262626   0.1731042338E+001   0.1480611350E+001   0.1011980698E+001   0.8853848694E+000
 0.6363636   0.1733957920E+001   0.1494737271E+001   0.1007962270E+001   0.1029399778E+001
 0.6464646   0.1748250672E+001   0.1581853111E+001   0.9959308138E+000   0.9599780749E+000
 0.6565657   0.1754956531E+001   0.1308230460E+001   0.1006579938E+001   0.9717599587E+000
 0.6666667   0.1766080057E+001   0.1536767641E+001   0.9923201201E+000   0.9446159203E+000
 0.6767677   0.1769130684E+001   0.1478136436E+001   0.1019591578E+001   0.1064305302E+001
 0.6868687   0.1777929310E+001   0.1402043368E+001   0.9859765067E+000   0.8789606957E+000
 0.6969697   0.1792368840E+001   0.1514021661E+001   0.9985896890E+000   0.9977613574E+000
 0.7070707   0.1803518395E+001   0.1406751665E+001   0.1013118277E+001   0.9450221922E+000
 0.7171717   0.1814554131E+001   0.1448923870E+001   0.9943060649E+000   0.9750270615E+000
 0.7272727   0.1822977839E+001   0.1446580770E+001   0.1000482779E+001   0.9673840722E+000
 0.7373737   0.1842841958E+001   0.1466920441E+001   0.1018398009E+001   0.9970927017E+000
 0.7474747   0.1849024775E+001   0.1511461697E+001   0.1009154769E+001   0.1035460000E+001
 0.7575758   0.1867313677E+001   0.1391986974E+001   0.1002496077E+001   0.9439218726E+000
 0.7676768   0.1879935036E+001   0.1466356956E+001   0.1011977584E+001   0.9513617259E+000
 0.7777778   0.1892544641E+001   0.1327392029E+001   0.1004057827E+001   0.9663006806E+000
 0.7878788   0.1907109555E+001   0.1518078084E+001   0.1015093641E+001   0.1038303903E+001
 0.7979798   0.1918267564E+001   0.1385974927E+001   0.1014615066E+001   0.9523520136E+000
 0.8080808   0.1942418068E+001   0.1538953232E+001   0.1013967814E+001   0.1025870291E+001
 0.8181818   0.1962198584E+001   0.1397918597E+001   0.1010730200E+001   0.9442688964E+000
 0.8282828   0.1975987847E+001   0.1418783468E+001   0.1011751070E+001   0.9952390863E+000
 0.8383838   0.1991737642E+001   0.1421181811E+001   0.1006920986E+001   0.1010812841E+001
 0.8484848   0.2008973104E+001   0.1469768699E+001   0.9933699629E+000   0.9500582704E+000
 0.8585859   0.2028211632E+001   0.1490815488E+001   0.1005274580E+001   0.9904146080E+000
 0.8686869   0.2052351944E+001   0.1390836365E+001   0.1006773343E+001   0.9538924610E+000
 0.8787879   0.2066125988E+001   0.1357092024E+001   0.9992312527E+000   0.8824647904E+000
 0.8888889   0.2097518456E+001   0.1254420610E+001   0.1008110432E+001   0.9057407821E+000
 0.8989899   0.2109466497E+001   0.1528889130E+001   0.1010514056E+001   0.1048257563E+001
 0.9090909   0.2130969607E+001   0.1437360482E+001   0.1012261364E+001   0.9620940741E+000
 0.9191919   0.2153143124E+001   0.1447785338E+001   0.1001560127E+001   0.9638969055E+000
 0.9292929   0.2174911710E+001   0.1457859717E+001   0.1012799777E+001   0.9747138936E+000
 0.9393939   0.2196988244E+001   0.1420673827E+001   0.1008213481E+001   0.1018455830E+001
 0.9494949   0.2225671999E+001   0.1326909739E+001   0.1001476662E+001   0.9110984922E+000
 0.9595960   0.2246683487E+001   0.1434761977E+001   0.1007567807E+001   0.9895766723E+000
 0.9696970   0.2261024446E+001   0.1425983638E+001   0.1011726822E+001   0.9859286896E+000
 0.9797980   0.2282618772E+001   0.1343955606E+001   0.1005508166E+001   0.8893968039E+000
 0.9898990   0.2320052818E+001   0.1378862376E+001   0.1014754860E+001   0.9644639933E+000
 1.0000000   0.2327285510E+001   0.1323952279E+001   0.1027195086E+001   0.9359572514E+000


