# Evolution of the weightfunction during equilibration phase for fractional: N2
# Weightfunction after cycle        591
 0.0000000    0.5800000000E+001    0.3800000000E+001
 0.0101010    0.5200000000E+001    0.2900000000E+001
 0.0202020    0.5200000000E+001    0.3300000000E+001
 0.0303030    0.5600000000E+001    0.3800000000E+001
 0.0404040    0.4900000000E+001    0.3000000000E+001
 0.0505051    0.5400000000E+001    0.3400000000E+001
 0.0606061    0.5500000000E+001    0.3300000000E+001
 0.0707071    0.5500000000E+001    0.3600000000E+001
 0.0808081    0.5400000000E+001    0.3700000000E+001
 0.0909091    0.6400000000E+001    0.3500000000E+001
 0.1010101    0.5500000000E+001    0.3900000000E+001
 0.1111111    0.5600000000E+001    0.3500000000E+001
 0.1212121    0.5100000000E+001    0.2700000000E+001
 0.1313131    0.5900000000E+001    0.3300000000E+001
 0.1414141    0.5000000000E+001    0.3700000000E+001
 0.1515152    0.6000000000E+001    0.1900000000E+001
 0.1616162    0.4200000000E+001    0.2800000000E+001
 0.1717172    0.5800000000E+001    0.2600000000E+001
 0.1818182    0.4300000000E+001    0.3900000000E+001
 0.1919192    0.4000000000E+001    0.3000000000E+001
 0.2020202    0.4300000000E+001    0.3100000000E+001
 0.2121212    0.3400000000E+001    0.3300000000E+001
 0.2222222    0.4100000000E+001    0.2200000000E+001
 0.2323232    0.3700000000E+001    0.3700000000E+001
 0.2424242    0.3900000000E+001    0.2700000000E+001
 0.2525253    0.4400000000E+001    0.3800000000E+001
 0.2626263    0.5900000000E+001    0.3500000000E+001
 0.2727273    0.3600000000E+001    0.4000000000E+001
 0.2828283    0.3800000000E+001    0.3400000000E+001
 0.2929293    0.3800000000E+001    0.3600000000E+001
 0.3030303    0.5100000000E+001    0.2900000000E+001
 0.3131313    0.3800000000E+001    0.2500000000E+001
 0.3232323    0.3600000000E+001    0.2900000000E+001
 0.3333333    0.4200000000E+001    0.3400000000E+001
 0.3434343    0.3700000000E+001    0.2300000000E+001
 0.3535354    0.3900000000E+001    0.4600000000E+001
 0.3636364    0.4800000000E+001    0.3600000000E+001
 0.3737374    0.3600000000E+001    0.3200000000E+001
 0.3838384    0.4100000000E+001    0.3700000000E+001
 0.3939394    0.3600000000E+001    0.3100000000E+001
 0.4040404    0.3000000000E+001    0.2200000000E+001
 0.4141414    0.3500000000E+001    0.2700000000E+001
 0.4242424    0.3100000000E+001    0.2500000000E+001
 0.4343434    0.1900000000E+001    0.3700000000E+001
 0.4444444    0.3000000000E+001    0.2500000000E+001
 0.4545455    0.2200000000E+001    0.2500000000E+001
 0.4646465    0.2000000000E+001    0.2900000000E+001
 0.4747475    0.2200000000E+001    0.2900000000E+001
 0.4848485    0.2000000000E+001    0.2500000000E+001
 0.4949495    0.1200000000E+001    0.3700000000E+001
 0.5050505    0.1100000000E+001    0.2200000000E+001
 0.5151515    0.5000000000E+000    0.1800000000E+001
 0.5252525    0.2100000000E+001    0.2500000000E+001
 0.5353535    0.1200000000E+001    0.1100000000E+001
 0.5454545    0.6000000000E+000    0.2300000000E+001
 0.5555556    0.1200000000E+001    0.2600000000E+001
 0.5656566    0.2000000000E+000    0.2800000000E+001
 0.5757576    0.1600000000E+001    0.2000000000E+001
 0.5858586    0.6000000000E+000    0.2800000000E+001
 0.5959596    0.2400000000E+001    0.3400000000E+001
 0.6060606    0.1000000000E+000    0.1900000000E+001
 0.6161616    0.4000000000E+000    0.2700000000E+001
 0.6262626    0.4000000000E+000    0.2900000000E+001
 0.6363636    0.7000000000E+000    0.3600000000E+001
 0.6464646    0.1300000000E+001    0.2400000000E+001
 0.6565657    0.8000000000E+000    0.2800000000E+001
 0.6666667    0.9000000000E+000    0.2400000000E+001
 0.6767677    0.0000000000E+000    0.2300000000E+001
 0.6868687    0.1000000000E+001    0.1900000000E+001
 0.6969697    0.8000000000E+000    0.2000000000E+001
 0.7070707    0.9000000000E+000    0.3300000000E+001
 0.7171717    0.9000000000E+000    0.3300000000E+001
 0.7272727    0.1100000000E+001    0.2800000000E+001
 0.7373737    0.1200000000E+001    0.3100000000E+001
 0.7474747    0.2000000000E+000    0.2300000000E+001
 0.7575758    0.1700000000E+001    0.3000000000E+001
 0.7676768    0.8000000000E+000    0.2600000000E+001
 0.7777778    0.1100000000E+001    0.3200000000E+001
 0.7878788    0.9000000000E+000    0.2900000000E+001
 0.7979798    0.1300000000E+001    0.3200000000E+001
 0.8080808    0.7000000000E+000    0.2700000000E+001
 0.8181818    0.1100000000E+001    0.3100000000E+001
 0.8282828    0.8000000000E+000    0.3000000000E+001
 0.8383838    0.5000000000E+000    0.2200000000E+001
 0.8484848    0.7000000000E+000    0.2600000000E+001
 0.8585859    0.1400000000E+001    0.3000000000E+001
 0.8686869    0.9000000000E+000    0.3000000000E+001
 0.8787879    0.1200000000E+001    0.2700000000E+001
 0.8888889    0.9000000000E+000    0.2900000000E+001
 0.8989899    0.1000000000E+001    0.2900000000E+001
 0.9090909    0.1200000000E+001    0.2600000000E+001
 0.9191919    0.5000000000E+000    0.2400000000E+001
 0.9292929    0.1000000000E+001    0.3200000000E+001
 0.9393939    0.1100000000E+001    0.3400000000E+001
 0.9494949    0.1200000000E+001    0.2600000000E+001
 0.9595960    0.6000000000E+000    0.2500000000E+001
 0.9696970    0.5000000000E+000    0.3000000000E+001
 0.9797980    0.6000000000E+000    0.3500000000E+001
 0.9898990    0.2300000000E+001    0.3400000000E+001
 1.0000000    0.5000000000E+000    0.2300000000E+001


# Weightfunction after cycle       2161
 0.0000000    0.4475000000E+001    0.2600000000E+001
 0.0101010    0.5025000000E+001    0.3125000000E+001
 0.0202020    0.4300000000E+001    0.2525000000E+001
 0.0303030    0.4350000000E+001    0.2350000000E+001
 0.0404040    0.4875000000E+001    0.2650000000E+001
 0.0505051    0.5175000000E+001    0.2700000000E+001
 0.0606061    0.5350000000E+001    0.3100000000E+001
 0.0707071    0.5575000000E+001    0.2800000000E+001
 0.0808081    0.6250000000E+001    0.2850000000E+001
 0.0909091    0.6025000000E+001    0.2750000000E+001
 0.1010101    0.6325000000E+001    0.2325000000E+001
 0.1111111    0.6350000000E+001    0.2700000000E+001
 0.1212121    0.6775000000E+001    0.2700000000E+001
 0.1313131    0.7450000000E+001    0.2650000000E+001
 0.1414141    0.6075000000E+001    0.2775000000E+001
 0.1515152    0.7125000000E+001    0.2950000000E+001
 0.1616162    0.6500000000E+001    0.3250000000E+001
 0.1717172    0.6625000000E+001    0.2575000000E+001
 0.1818182    0.6025000000E+001    0.3225000000E+001
 0.1919192    0.5725000000E+001    0.2775000000E+001
 0.2020202    0.5575000000E+001    0.2900000000E+001
 0.2121212    0.5650000000E+001    0.2550000000E+001
 0.2222222    0.6100000000E+001    0.2125000000E+001
 0.2323232    0.5275000000E+001    0.2250000000E+001
 0.2424242    0.5175000000E+001    0.2750000000E+001
 0.2525253    0.5750000000E+001    0.3125000000E+001
 0.2626263    0.6225000000E+001    0.2600000000E+001
 0.2727273    0.4925000000E+001    0.3075000000E+001
 0.2828283    0.5025000000E+001    0.3025000000E+001
 0.2929293    0.4575000000E+001    0.2750000000E+001
 0.3030303    0.4700000000E+001    0.2675000000E+001
 0.3131313    0.3775000000E+001    0.2775000000E+001
 0.3232323    0.4600000000E+001    0.2775000000E+001
 0.3333333    0.4700000000E+001    0.2225000000E+001
 0.3434343    0.4400000000E+001    0.2925000000E+001
 0.3535354    0.4375000000E+001    0.2700000000E+001
 0.3636364    0.3850000000E+001    0.2150000000E+001
 0.3737374    0.3825000000E+001    0.2400000000E+001
 0.3838384    0.3475000000E+001    0.2475000000E+001
 0.3939394    0.2950000000E+001    0.2725000000E+001
 0.4040404    0.2450000000E+001    0.2550000000E+001
 0.4141414    0.2750000000E+001    0.2450000000E+001
 0.4242424    0.2325000000E+001    0.2750000000E+001
 0.4343434    0.1975000000E+001    0.2350000000E+001
 0.4444444    0.2125000000E+001    0.2375000000E+001
 0.4545455    0.1850000000E+001    0.2075000000E+001
 0.4646465    0.1650000000E+001    0.2050000000E+001
 0.4747475    0.9500000000E+000    0.2550000000E+001
 0.4848485    0.7500000000E+000    0.2100000000E+001
 0.4949495    0.2250000000E+000    0.2525000000E+001
 0.5050505    0.5500000000E+000    0.2250000000E+001
 0.5151515    0.6500000000E+000    0.2150000000E+001
 0.5252525    0.6250000000E+000    0.2050000000E+001
 0.5353535    0.1000000000E+000    0.2450000000E+001
 0.5454545    0.4500000000E+000    0.1950000000E+001
 0.5555556    0.7750000000E+000    0.1850000000E+001
 0.5656566    0.7000000000E+000    0.2550000000E+001
 0.5757576    0.5250000000E+000    0.1925000000E+001
 0.5858586    0.5500000000E+000    0.2600000000E+001
 0.5959596    0.4750000000E+000    0.2200000000E+001
 0.6060606    0.4250000000E+000    0.2400000000E+001
 0.6161616    0.6750000000E+000    0.2025000000E+001
 0.6262626    0.8000000000E+000    0.2050000000E+001
 0.6363636    0.5250000000E+000    0.2025000000E+001
 0.6464646    0.6250000000E+000    0.2350000000E+001
 0.6565657    0.4250000000E+000    0.2475000000E+001
 0.6666667    0.4500000000E+000    0.2425000000E+001
 0.6767677    0.3500000000E+000    0.2125000000E+001
 0.6868687    0.4250000000E+000    0.2350000000E+001
 0.6969697    0.8500000000E+000    0.2400000000E+001
 0.7070707    0.4000000000E+000    0.2525000000E+001
 0.7171717    0.3500000000E+000    0.2250000000E+001
 0.7272727    0.5750000000E+000    0.2450000000E+001
 0.7373737    0.5750000000E+000    0.2425000000E+001
 0.7474747    0.3250000000E+000    0.2125000000E+001
 0.7575758    0.6750000000E+000    0.2325000000E+001
 0.7676768    0.4000000000E+000    0.2400000000E+001
 0.7777778    0.4000000000E+000    0.2225000000E+001
 0.7878788    0.5000000000E+000    0.2450000000E+001
 0.7979798    0.3500000000E+000    0.2325000000E+001
 0.8080808    0.4000000000E+000    0.2125000000E+001
 0.8181818    0.3000000000E+000    0.2300000000E+001
 0.8282828    0.4500000000E+000    0.2375000000E+001
 0.8383838    0.6000000000E+000    0.2500000000E+001
 0.8484848    0.3000000000E+000    0.2550000000E+001
 0.8585859    0.3000000000E+000    0.2400000000E+001
 0.8686869    0.5000000000E+000    0.2575000000E+001
 0.8787879    0.5000000000E-001    0.2175000000E+001
 0.8888889    0.8500000000E+000    0.2825000000E+001
 0.8989899    0.5250000000E+000    0.2875000000E+001
 0.9090909    0.1750000000E+000    0.2125000000E+001
 0.9191919    0.8500000000E+000    0.2600000000E+001
 0.9292929    0.2000000000E+000    0.2425000000E+001
 0.9393939    0.1750000000E+000    0.2250000000E+001
 0.9494949    0.5250000000E+000    0.2500000000E+001
 0.9595960    0.3000000000E+000    0.2350000000E+001
 0.9696970    0.0000000000E+000    0.2050000000E+001
 0.9797980    0.5250000000E+000    0.2500000000E+001
 0.9898990    0.5500000000E+000    0.2300000000E+001
 1.0000000    0.2750000000E+000    0.2250000000E+001


# Weightfunction after cycle       6476
 0.0000000    0.4987500000E+001    0.3012500000E+001
 0.0101010    0.4931250000E+001    0.2950000000E+001
 0.0202020    0.4987500000E+001    0.3018750000E+001
 0.0303030    0.5331250000E+001    0.3306250000E+001
 0.0404040    0.4987500000E+001    0.2881250000E+001
 0.0505051    0.5450000000E+001    0.3087500000E+001
 0.0606061    0.5450000000E+001    0.2806250000E+001
 0.0707071    0.5743750000E+001    0.2950000000E+001
 0.0808081    0.6193750000E+001    0.3125000000E+001
 0.0909091    0.6475000000E+001    0.3131250000E+001
 0.1010101    0.6737500000E+001    0.3106250000E+001
 0.1111111    0.7100000000E+001    0.3081250000E+001
 0.1212121    0.7318750000E+001    0.2887500000E+001
 0.1313131    0.7300000000E+001    0.2868750000E+001
 0.1414141    0.7500000000E+001    0.2856250000E+001
 0.1515152    0.7550000000E+001    0.2987500000E+001
 0.1616162    0.7587500000E+001    0.3206250000E+001
 0.1717172    0.7787500000E+001    0.2975000000E+001
 0.1818182    0.8093750000E+001    0.2856250000E+001
 0.1919192    0.7893750000E+001    0.2956250000E+001
 0.2020202    0.7893750000E+001    0.2906250000E+001
 0.2121212    0.7893750000E+001    0.2812500000E+001
 0.2222222    0.7912500000E+001    0.2912500000E+001
 0.2323232    0.7593750000E+001    0.2925000000E+001
 0.2424242    0.7562500000E+001    0.2906250000E+001
 0.2525253    0.7337500000E+001    0.2981250000E+001
 0.2626263    0.7031250000E+001    0.2737500000E+001
 0.2727273    0.7306250000E+001    0.2806250000E+001
 0.2828283    0.6775000000E+001    0.2787500000E+001
 0.2929293    0.7093750000E+001    0.2987500000E+001
 0.3030303    0.6606250000E+001    0.2718750000E+001
 0.3131313    0.6343750000E+001    0.2881250000E+001
 0.3232323    0.5906250000E+001    0.2968750000E+001
 0.3333333    0.5950000000E+001    0.2893750000E+001
 0.3434343    0.5293750000E+001    0.2775000000E+001
 0.3535354    0.5262500000E+001    0.2750000000E+001
 0.3636364    0.5093750000E+001    0.2700000000E+001
 0.3737374    0.4306250000E+001    0.2831250000E+001
 0.3838384    0.4556250000E+001    0.2843750000E+001
 0.3939394    0.3931250000E+001    0.2437500000E+001
 0.4040404    0.3662500000E+001    0.2700000000E+001
 0.4141414    0.3343750000E+001    0.2687500000E+001
 0.4242424    0.3093750000E+001    0.2656250000E+001
 0.4343434    0.2693750000E+001    0.2662500000E+001
 0.4444444    0.2306250000E+001    0.2675000000E+001
 0.4545455    0.1906250000E+001    0.2800000000E+001
 0.4646465    0.1718750000E+001    0.2706250000E+001
 0.4747475    0.1262500000E+001    0.2562500000E+001
 0.4848485    0.1050000000E+001    0.2912500000E+001
 0.4949495    0.8812500000E+000    0.2843750000E+001
 0.5050505    0.7375000000E+000    0.2787500000E+001
 0.5151515    0.6750000000E+000    0.2700000000E+001
 0.5252525    0.5250000000E+000    0.2531250000E+001
 0.5353535    0.6437500000E+000    0.2650000000E+001
 0.5454545    0.6750000000E+000    0.2687500000E+001
 0.5555556    0.5375000000E+000    0.2537500000E+001
 0.5656566    0.4875000000E+000    0.2831250000E+001
 0.5757576    0.4312500000E+000    0.2781250000E+001
 0.5858586    0.5375000000E+000    0.2656250000E+001
 0.5959596    0.4500000000E+000    0.2656250000E+001
 0.6060606    0.6500000000E+000    0.2581250000E+001
 0.6161616    0.6500000000E+000    0.2493750000E+001
 0.6262626    0.6250000000E+000    0.2656250000E+001
 0.6363636    0.5500000000E+000    0.2531250000E+001
 0.6464646    0.4125000000E+000    0.2700000000E+001
 0.6565657    0.6125000000E+000    0.2606250000E+001
 0.6666667    0.5500000000E+000    0.2656250000E+001
 0.6767677    0.4437500000E+000    0.2862500000E+001
 0.6868687    0.2875000000E+000    0.2631250000E+001
 0.6969697    0.5375000000E+000    0.2725000000E+001
 0.7070707    0.4062500000E+000    0.2662500000E+001
 0.7171717    0.4812500000E+000    0.2631250000E+001
 0.7272727    0.4875000000E+000    0.2637500000E+001
 0.7373737    0.5062500000E+000    0.2681250000E+001
 0.7474747    0.6250000000E+000    0.2781250000E+001
 0.7575758    0.4812500000E+000    0.2687500000E+001
 0.7676768    0.4500000000E+000    0.2656250000E+001
 0.7777778    0.5625000000E+000    0.2737500000E+001
 0.7878788    0.4187500000E+000    0.2631250000E+001
 0.7979798    0.4250000000E+000    0.2631250000E+001
 0.8080808    0.2687500000E+000    0.2531250000E+001
 0.8181818    0.4687500000E+000    0.2818750000E+001
 0.8282828    0.3562500000E+000    0.2675000000E+001
 0.8383838    0.4937500000E+000    0.2781250000E+001
 0.8484848    0.5937500000E+000    0.2806250000E+001
 0.8585859    0.3062500000E+000    0.2487500000E+001
 0.8686869    0.4812500000E+000    0.2800000000E+001
 0.8787879    0.4187500000E+000    0.2856250000E+001
 0.8888889    0.4625000000E+000    0.2750000000E+001
 0.8989899    0.4375000000E+000    0.2643750000E+001
 0.9090909    0.2812500000E+000    0.2675000000E+001
 0.9191919    0.4125000000E+000    0.2700000000E+001
 0.9292929    0.4062500000E+000    0.2781250000E+001
 0.9393939    0.4937500000E+000    0.2743750000E+001
 0.9494949    0.2437500000E+000    0.2581250000E+001
 0.9595960    0.3625000000E+000    0.2743750000E+001
 0.9696970    0.7500000000E-001    0.2418750000E+001
 0.9797980    0.4937500000E+000    0.2775000000E+001
 0.9898990    0.4125000000E+000    0.2762500000E+001
 1.0000000    0.0000000000E+000    0.2462500000E+001


# Weightfunction after cycle      18981
 0.0000000    0.5592187500E+001    0.3760937500E+001
 0.0101010    0.5551562500E+001    0.3703125000E+001
 0.0202020    0.5498437500E+001    0.3639062500E+001
 0.0303030    0.5607812500E+001    0.3643750000E+001
 0.0404040    0.5815625000E+001    0.3706250000E+001
 0.0505051    0.5920312500E+001    0.3696875000E+001
 0.0606061    0.6034375000E+001    0.3729687500E+001
 0.0707071    0.6304687500E+001    0.3687500000E+001
 0.0808081    0.6582812500E+001    0.3632812500E+001
 0.0909091    0.6865625000E+001    0.3685937500E+001
 0.1010101    0.6979687500E+001    0.3698437500E+001
 0.1111111    0.7170312500E+001    0.3775000000E+001
 0.1212121    0.7395312500E+001    0.3720312500E+001
 0.1313131    0.7442187500E+001    0.3759375000E+001
 0.1414141    0.7335937500E+001    0.3615625000E+001
 0.1515152    0.7425000000E+001    0.3564062500E+001
 0.1616162    0.7373437500E+001    0.3595312500E+001
 0.1717172    0.7321875000E+001    0.3587500000E+001
 0.1818182    0.7223437500E+001    0.3743750000E+001
 0.1919192    0.7185937500E+001    0.3659375000E+001
 0.2020202    0.7123437500E+001    0.3653125000E+001
 0.2121212    0.6979687500E+001    0.3693750000E+001
 0.2222222    0.7021875000E+001    0.3634375000E+001
 0.2323232    0.6782812500E+001    0.3654687500E+001
 0.2424242    0.6687500000E+001    0.3690625000E+001
 0.2525253    0.6604687500E+001    0.3712500000E+001
 0.2626263    0.6375000000E+001    0.3585937500E+001
 0.2727273    0.6396875000E+001    0.3646875000E+001
 0.2828283    0.6296875000E+001    0.3585937500E+001
 0.2929293    0.6140625000E+001    0.3679687500E+001
 0.3030303    0.5851562500E+001    0.3690625000E+001
 0.3131313    0.5771875000E+001    0.3671875000E+001
 0.3232323    0.5587500000E+001    0.3595312500E+001
 0.3333333    0.5339062500E+001    0.3585937500E+001
 0.3434343    0.4929687500E+001    0.3695312500E+001
 0.3535354    0.4881250000E+001    0.3589062500E+001
 0.3636364    0.4585937500E+001    0.3565625000E+001
 0.3737374    0.4381250000E+001    0.3678125000E+001
 0.3838384    0.3842187500E+001    0.3635937500E+001
 0.3939394    0.3693750000E+001    0.3678125000E+001
 0.4040404    0.3285937500E+001    0.3535937500E+001
 0.4141414    0.2896875000E+001    0.3587500000E+001
 0.4242424    0.2675000000E+001    0.3546875000E+001
 0.4343434    0.2396875000E+001    0.3587500000E+001
 0.4444444    0.2154687500E+001    0.3575000000E+001
 0.4545455    0.1640625000E+001    0.3570312500E+001
 0.4646465    0.1309375000E+001    0.3560937500E+001
 0.4747475    0.1095312500E+001    0.3635937500E+001
 0.4848485    0.7468750000E+000    0.3576562500E+001
 0.4949495    0.4640625000E+000    0.3498437500E+001
 0.5050505    0.1875000000E+000    0.3564062500E+001
 0.5151515    0.2718750000E+000    0.3621875000E+001
 0.5252525    0.1781250000E+000    0.3559375000E+001
 0.5353535    0.3218750000E+000    0.3557812500E+001
 0.5454545    0.3062500000E+000    0.3543750000E+001
 0.5555556    0.2484375000E+000    0.3521875000E+001
 0.5656566    0.3109375000E+000    0.3539062500E+001
 0.5757576    0.2687500000E+000    0.3526562500E+001
 0.5858586    0.1859375000E+000    0.3553125000E+001
 0.5959596    0.1703125000E+000    0.3568750000E+001
 0.6060606    0.1906250000E+000    0.3498437500E+001
 0.6161616    0.2234375000E+000    0.3557812500E+001
 0.6262626    0.2468750000E+000    0.3578125000E+001
 0.6363636    0.1625000000E+000    0.3606250000E+001
 0.6464646    0.2765625000E+000    0.3518750000E+001
 0.6565657    0.2343750000E+000    0.3526562500E+001
 0.6666667    0.2500000000E+000    0.3625000000E+001
 0.6767677    0.2531250000E+000    0.3562500000E+001
 0.6868687    0.1796875000E+000    0.3584375000E+001
 0.6969697    0.2171875000E+000    0.3507812500E+001
 0.7070707    0.2312500000E+000    0.3529687500E+001
 0.7171717    0.2281250000E+000    0.3528125000E+001
 0.7272727    0.2656250000E+000    0.3564062500E+001
 0.7373737    0.3218750000E+000    0.3534375000E+001
 0.7474747    0.2578125000E+000    0.3596875000E+001
 0.7575758    0.1531250000E+000    0.3442187500E+001
 0.7676768    0.2156250000E+000    0.3520312500E+001
 0.7777778    0.2468750000E+000    0.3590625000E+001
 0.7878788    0.2015625000E+000    0.3539062500E+001
 0.7979798    0.1671875000E+000    0.3487500000E+001
 0.8080808    0.1921875000E+000    0.3539062500E+001
 0.8181818    0.1328125000E+000    0.3468750000E+001
 0.8282828    0.1312500000E+000    0.3529687500E+001
 0.8383838    0.1671875000E+000    0.3548437500E+001
 0.8484848    0.1343750000E+000    0.3489062500E+001
 0.8585859    0.1031250000E+000    0.3460937500E+001
 0.8686869    0.1375000000E+000    0.3518750000E+001
 0.8787879    0.8750000000E-001    0.3495312500E+001
 0.8888889    0.5625000000E-001    0.3453125000E+001
 0.8989899    0.7187500000E-001    0.3417187500E+001
 0.9090909    0.2812500000E-001    0.3453125000E+001
 0.9191919    0.5937500000E-001    0.3492187500E+001
 0.9292929    0.1000000000E+000    0.3559375000E+001
 0.9393939    0.6093750000E-001    0.3482812500E+001
 0.9494949    0.3437500000E-001    0.3492187500E+001
 0.9595960    0.7343750000E-001    0.3490625000E+001
 0.9696970    0.0000000000E+000    0.3503125000E+001
 0.9797980    0.4531250000E-001    0.3532812500E+001
 0.9898990    0.1093750000E+000    0.3562500000E+001
 1.0000000    0.2187500000E-001    0.3453125000E+001


# Weightfunction after cycle      60376
 0.0000000    0.6908984375E+001    0.5100390625E+001
 0.0101010    0.6921093750E+001    0.5115234375E+001
 0.0202020    0.6960546875E+001    0.5085156250E+001
 0.0303030    0.7076562500E+001    0.5092578125E+001
 0.0404040    0.7155468750E+001    0.5058593750E+001
 0.0505051    0.7321875000E+001    0.5079687500E+001
 0.0606061    0.7531250000E+001    0.5083203125E+001
 0.0707071    0.7763281250E+001    0.5060546875E+001
 0.0808081    0.7941406250E+001    0.5107421875E+001
 0.0909091    0.8198437500E+001    0.5057812500E+001
 0.1010101    0.8440625000E+001    0.5091796875E+001
 0.1111111    0.8635156250E+001    0.5087109375E+001
 0.1212121    0.8748437500E+001    0.5064453125E+001
 0.1313131    0.8790234375E+001    0.5089062500E+001
 0.1414141    0.8764062500E+001    0.5086328125E+001
 0.1515152    0.8746093750E+001    0.5075390625E+001
 0.1616162    0.8832812500E+001    0.5107031250E+001
 0.1717172    0.8696875000E+001    0.5025781250E+001
 0.1818182    0.8561328125E+001    0.5079687500E+001
 0.1919192    0.8481250000E+001    0.5028125000E+001
 0.2020202    0.8316406250E+001    0.5063671875E+001
 0.2121212    0.8246093750E+001    0.5088671875E+001
 0.2222222    0.8091015625E+001    0.5062500000E+001
 0.2323232    0.7951562500E+001    0.5039062500E+001
 0.2424242    0.7769921875E+001    0.5129687500E+001
 0.2525253    0.7503125000E+001    0.5083984375E+001
 0.2626263    0.7285156250E+001    0.5142968750E+001
 0.2727273    0.6965234375E+001    0.5050781250E+001
 0.2828283    0.6828906250E+001    0.5129687500E+001
 0.2929293    0.6544140625E+001    0.5107812500E+001
 0.3030303    0.6267187500E+001    0.5097265625E+001
 0.3131313    0.5966015625E+001    0.5060156250E+001
 0.3232323    0.5777343750E+001    0.5080468750E+001
 0.3333333    0.5319140625E+001    0.5047265625E+001
 0.3434343    0.5155468750E+001    0.5092968750E+001
 0.3535354    0.4820312500E+001    0.5083593750E+001
 0.3636364    0.4534375000E+001    0.5082421875E+001
 0.3737374    0.4226562500E+001    0.5062500000E+001
 0.3838384    0.3876953125E+001    0.5091015625E+001
 0.3939394    0.3623046875E+001    0.5099218750E+001
 0.4040404    0.3336718750E+001    0.5030078125E+001
 0.4141414    0.2976171875E+001    0.5082812500E+001
 0.4242424    0.2662109375E+001    0.5073828125E+001
 0.4343434    0.2338671875E+001    0.5079687500E+001
 0.4444444    0.2042187500E+001    0.5061718750E+001
 0.4545455    0.1733984375E+001    0.5087890625E+001
 0.4646465    0.1387109375E+001    0.5091015625E+001
 0.4747475    0.1070312500E+001    0.5073828125E+001
 0.4848485    0.7496093750E+000    0.5062109375E+001
 0.4949495    0.4281250000E+000    0.5107031250E+001
 0.5050505    0.2492187500E+000    0.5066796875E+001
 0.5151515    0.2367187500E+000    0.5054687500E+001
 0.5252525    0.2457031250E+000    0.5064843750E+001
 0.5353535    0.2636718750E+000    0.5042187500E+001
 0.5454545    0.2710937500E+000    0.5108984375E+001
 0.5555556    0.2691406250E+000    0.5080468750E+001
 0.5656566    0.2332031250E+000    0.5069140625E+001
 0.5757576    0.2390625000E+000    0.5085156250E+001
 0.5858586    0.2875000000E+000    0.5054687500E+001
 0.5959596    0.2507812500E+000    0.5073437500E+001
 0.6060606    0.2457031250E+000    0.5092187500E+001
 0.6161616    0.2339843750E+000    0.5046875000E+001
 0.6262626    0.2148437500E+000    0.5064843750E+001
 0.6363636    0.2781250000E+000    0.5103515625E+001
 0.6464646    0.2406250000E+000    0.5063281250E+001
 0.6565657    0.2128906250E+000    0.5072656250E+001
 0.6666667    0.2359375000E+000    0.5050781250E+001
 0.6767677    0.2031250000E+000    0.5054687500E+001
 0.6868687    0.1929687500E+000    0.5060937500E+001
 0.6969697    0.2273437500E+000    0.5069531250E+001
 0.7070707    0.2468750000E+000    0.5089062500E+001
 0.7171717    0.2085937500E+000    0.5059765625E+001
 0.7272727    0.1832031250E+000    0.5050000000E+001
 0.7373737    0.2136718750E+000    0.5079296875E+001
 0.7474747    0.2101562500E+000    0.5053515625E+001
 0.7575758    0.2035156250E+000    0.5083203125E+001
 0.7676768    0.2148437500E+000    0.5062890625E+001
 0.7777778    0.2117187500E+000    0.5071875000E+001
 0.7878788    0.1859375000E+000    0.5066015625E+001
 0.7979798    0.1820312500E+000    0.5047265625E+001
 0.8080808    0.1781250000E+000    0.5045312500E+001
 0.8181818    0.1800781250E+000    0.5082421875E+001
 0.8282828    0.1851562500E+000    0.5080468750E+001
 0.8383838    0.1406250000E+000    0.5053125000E+001
 0.8484848    0.1460937500E+000    0.5070703125E+001
 0.8585859    0.1468750000E+000    0.5043359375E+001
 0.8686869    0.1023437500E+000    0.5036328125E+001
 0.8787879    0.1234375000E+000    0.5060937500E+001
 0.8888889    0.1085937500E+000    0.5070312500E+001
 0.8989899    0.1195312500E+000    0.5073828125E+001
 0.9090909    0.1066406250E+000    0.5055468750E+001
 0.9191919    0.8437500000E-001    0.5030078125E+001
 0.9292929    0.4375000000E-001    0.4985156250E+001
 0.9393939    0.6171875000E-001    0.5073437500E+001
 0.9494949    0.8359375000E-001    0.5082031250E+001
 0.9595960    0.4101562500E-001    0.5060156250E+001
 0.9696970    0.5078125000E-001    0.5066406250E+001
 0.9797980    0.3476562500E-001    0.5052343750E+001
 0.9898990    0.0000000000E+000    0.5035937500E+001
 1.0000000    0.6523437500E-001    0.5083203125E+001


# Weightfunction after cycle      73933
 0.0000000    0.6832617187E+001    0.5013671875E+001
 0.0101010    0.6856445312E+001    0.5043652344E+001
 0.0202020    0.6890527344E+001    0.5019824219E+001
 0.0303030    0.6981835937E+001    0.5011914062E+001
 0.0404040    0.7098828125E+001    0.5033398437E+001
 0.0505051    0.7243261719E+001    0.5012500000E+001
 0.0606061    0.7447265625E+001    0.5033398437E+001
 0.0707071    0.7703710937E+001    0.5003027344E+001
 0.0808081    0.7877832031E+001    0.5012597656E+001
 0.0909091    0.8120996094E+001    0.4993847656E+001
 0.1010101    0.8326855469E+001    0.5007519531E+001
 0.1111111    0.8529296875E+001    0.5020507812E+001
 0.1212121    0.8639453125E+001    0.4997656250E+001
 0.1313131    0.8687207031E+001    0.5012500000E+001
 0.1414141    0.8709179687E+001    0.5007226562E+001
 0.1515152    0.8687304687E+001    0.5018261719E+001
 0.1616162    0.8715136719E+001    0.5044042969E+001
 0.1717172    0.8663671875E+001    0.4993261719E+001
 0.1818182    0.8525683594E+001    0.5007714844E+001
 0.1919192    0.8405664062E+001    0.4981445312E+001
 0.2020202    0.8253710937E+001    0.5009863281E+001
 0.2121212    0.8169433594E+001    0.4998828125E+001
 0.2222222    0.8030468750E+001    0.5007421875E+001
 0.2323232    0.7854687500E+001    0.4989843750E+001
 0.2424242    0.7638671875E+001    0.5029589844E+001
 0.2525253    0.7407519531E+001    0.5025878906E+001
 0.2626263    0.7196777344E+001    0.5022363281E+001
 0.2727273    0.6953027344E+001    0.4984863281E+001
 0.2828283    0.6753808594E+001    0.5033203125E+001
 0.2929293    0.6480957031E+001    0.5001855469E+001
 0.3030303    0.6199707031E+001    0.5019531250E+001
 0.3131313    0.5950585937E+001    0.5019238281E+001
 0.3232323    0.5681835937E+001    0.4999316406E+001
 0.3333333    0.5305957031E+001    0.5003808594E+001
 0.3434343    0.5100781250E+001    0.5014941406E+001
 0.3535354    0.4801562500E+001    0.5013183594E+001
 0.3636364    0.4478808594E+001    0.5013476562E+001
 0.3737374    0.4224804687E+001    0.5003613281E+001
 0.3838384    0.3859863281E+001    0.4993554687E+001
 0.3939394    0.3588378906E+001    0.4988769531E+001
 0.4040404    0.3312792969E+001    0.4974804687E+001
 0.4141414    0.2973925781E+001    0.5010546875E+001
 0.4242424    0.2675976562E+001    0.5030664062E+001
 0.4343434    0.2326074219E+001    0.5004492187E+001
 0.4444444    0.2028125000E+001    0.5012109375E+001
 0.4545455    0.1683789062E+001    0.5033593750E+001
 0.4646465    0.1384765625E+001    0.5014550781E+001
 0.4747475    0.1074609375E+001    0.4988671875E+001
 0.4848485    0.7272460937E+000    0.4983300781E+001
 0.4949495    0.4059570312E+000    0.5009863281E+001
 0.5050505    0.2647460937E+000    0.5003222656E+001
 0.5151515    0.2468750000E+000    0.4969238281E+001
 0.5252525    0.2454101562E+000    0.5007324219E+001
 0.5353535    0.2427734375E+000    0.4973925781E+001
 0.5454545    0.2491210937E+000    0.5022851562E+001
 0.5555556    0.2510742187E+000    0.4985058594E+001
 0.5656566    0.2274414062E+000    0.4994726562E+001
 0.5757576    0.2379882812E+000    0.5008593750E+001
 0.5858586    0.2531250000E+000    0.4984960937E+001
 0.5959596    0.2455078125E+000    0.5013281250E+001
 0.6060606    0.2081054687E+000    0.5002441406E+001
 0.6161616    0.2208007812E+000    0.4998242187E+001
 0.6262626    0.2320312500E+000    0.4997949219E+001
 0.6363636    0.2275390625E+000    0.5007519531E+001
 0.6464646    0.2029296875E+000    0.4986230469E+001
 0.6565657    0.2138671875E+000    0.5019824219E+001
 0.6666667    0.2133789062E+000    0.4979589844E+001
 0.6767677    0.2143554687E+000    0.5010253906E+001
 0.6868687    0.1999023437E+000    0.4990332031E+001
 0.6969697    0.2053710937E+000    0.4980468750E+001
 0.7070707    0.2316406250E+000    0.5004492187E+001
 0.7171717    0.2028320312E+000    0.4989941406E+001
 0.7272727    0.1734375000E+000    0.4971582031E+001
 0.7373737    0.1932617187E+000    0.4995605469E+001
 0.7474747    0.1958984375E+000    0.4989062500E+001
 0.7575758    0.1941406250E+000    0.5010742187E+001
 0.7676768    0.1711914062E+000    0.4980175781E+001
 0.7777778    0.1913085937E+000    0.5005761719E+001
 0.7878788    0.1553710937E+000    0.4990527344E+001
 0.7979798    0.1530273437E+000    0.4974609375E+001
 0.8080808    0.1625976562E+000    0.4989355469E+001
 0.8181818    0.1537109375E+000    0.4995410156E+001
 0.8282828    0.1591796875E+000    0.5000781250E+001
 0.8383838    0.1225585937E+000    0.4977929687E+001
 0.8484848    0.1241210937E+000    0.4988964844E+001
 0.8585859    0.1216796875E+000    0.4979980469E+001
 0.8686869    0.9716796875E-001    0.4975390625E+001
 0.8787879    0.1274414062E+000    0.5006835937E+001
 0.8888889    0.8740234375E-001    0.4993945312E+001
 0.8989899    0.8876953125E-001    0.4992089844E+001
 0.9090909    0.7343750000E-001    0.4971972656E+001
 0.9191919    0.7949218750E-001    0.4980371094E+001
 0.9292929    0.3906250000E-001    0.4946484375E+001
 0.9393939    0.4121093750E-001    0.4983300781E+001
 0.9494949    0.7011718750E-001    0.5004687500E+001
 0.9595960    0.4042968750E-001    0.4989062500E+001
 0.9696970    0.5654296875E-001    0.5001562500E+001
 0.9797980    0.4882812500E-002    0.4952148437E+001
 0.9898990    0.0000000000E+000    0.4984472656E+001
 1.0000000    0.2812500000E-001    0.5001757812E+001


