# Evolution of the weightfunction during equilibration phase for fractional: N2
# Weightfunction after cycle        462
 0.0000000    0.4200000000E+001    0.2400000000E+001
 0.0101010    0.4800000000E+001    0.1900000000E+001
 0.0202020    0.2700000000E+001    0.9000000000E+000
 0.0303030    0.3300000000E+001    0.1300000000E+001
 0.0404040    0.3600000000E+001    0.1700000000E+001
 0.0505051    0.3500000000E+001    0.1400000000E+001
 0.0606061    0.5200000000E+001    0.3500000000E+001
 0.0707071    0.4600000000E+001    0.2700000000E+001
 0.0808081    0.4200000000E+001    0.1800000000E+001
 0.0909091    0.4500000000E+001    0.2100000000E+001
 0.1010101    0.3600000000E+001    0.1500000000E+001
 0.1111111    0.5200000000E+001    0.1500000000E+001
 0.1212121    0.4100000000E+001    0.2400000000E+001
 0.1313131    0.4500000000E+001    0.2400000000E+001
 0.1414141    0.4500000000E+001    0.2300000000E+001
 0.1515152    0.4100000000E+001    0.2200000000E+001
 0.1616162    0.4300000000E+001    0.2900000000E+001
 0.1717172    0.4500000000E+001    0.2200000000E+001
 0.1818182    0.5100000000E+001    0.2100000000E+001
 0.1919192    0.5200000000E+001    0.2100000000E+001
 0.2020202    0.3400000000E+001    0.1800000000E+001
 0.2121212    0.3500000000E+001    0.2000000000E+001
 0.2222222    0.4600000000E+001    0.1900000000E+001
 0.2323232    0.3900000000E+001    0.2200000000E+001
 0.2424242    0.3500000000E+001    0.2100000000E+001
 0.2525253    0.2500000000E+001    0.2100000000E+001
 0.2626263    0.3800000000E+001    0.2900000000E+001
 0.2727273    0.3700000000E+001    0.2500000000E+001
 0.2828283    0.3800000000E+001    0.2200000000E+001
 0.2929293    0.3800000000E+001    0.1000000000E+001
 0.3030303    0.3200000000E+001    0.1800000000E+001
 0.3131313    0.3300000000E+001    0.1500000000E+001
 0.3232323    0.4300000000E+001    0.2600000000E+001
 0.3333333    0.2000000000E+001    0.1700000000E+001
 0.3434343    0.3500000000E+001    0.2800000000E+001
 0.3535354    0.2500000000E+001    0.2000000000E+001
 0.3636364    0.2300000000E+001    0.1900000000E+001
 0.3737374    0.2800000000E+001    0.2100000000E+001
 0.3838384    0.2700000000E+001    0.2100000000E+001
 0.3939394    0.2900000000E+001    0.2200000000E+001
 0.4040404    0.2600000000E+001    0.7000000000E+000
 0.4141414    0.2500000000E+001    0.1800000000E+001
 0.4242424    0.2600000000E+001    0.1400000000E+001
 0.4343434    0.9000000000E+000    0.2000000000E+001
 0.4444444    0.2400000000E+001    0.6000000000E+000
 0.4545455    0.1300000000E+001    0.1700000000E+001
 0.4646465    0.1700000000E+001    0.2300000000E+001
 0.4747475    0.1100000000E+001    0.1200000000E+001
 0.4848485    0.1900000000E+001    0.1300000000E+001
 0.4949495    0.1100000000E+001    0.2200000000E+001
 0.5050505    0.1200000000E+001    0.1200000000E+001
 0.5151515    0.7000000000E+000    0.1000000000E+001
 0.5252525    0.1100000000E+001    0.5000000000E+000
 0.5353535    0.1900000000E+001    0.9000000000E+000
 0.5454545    0.7000000000E+000    0.3200000000E+001
 0.5555556    0.1400000000E+001    0.1400000000E+001
 0.5656566    0.3000000000E+000    0.1300000000E+001
 0.5757576    0.3000000000E+000    0.1600000000E+001
 0.5858586    0.1200000000E+001    0.1600000000E+001
 0.5959596    0.6000000000E+000    0.1400000000E+001
 0.6060606    0.1200000000E+001    0.1400000000E+001
 0.6161616    0.1600000000E+001    0.2100000000E+001
 0.6262626    0.1000000000E+001    0.1900000000E+001
 0.6363636    0.5000000000E+000    0.1600000000E+001
 0.6464646    0.1200000000E+001    0.1900000000E+001
 0.6565657    0.6000000000E+000    0.1900000000E+001
 0.6666667    0.3000000000E+000    0.1700000000E+001
 0.6767677    0.1700000000E+001    0.2900000000E+001
 0.6868687    0.9000000000E+000    0.1100000000E+001
 0.6969697    0.4000000000E+000    0.2600000000E+001
 0.7070707    0.9000000000E+000    0.2000000000E+001
 0.7171717    0.6000000000E+000    0.2200000000E+001
 0.7272727    0.1400000000E+001    0.2600000000E+001
 0.7373737    0.2000000000E+000    0.1300000000E+001
 0.7474747    0.7000000000E+000    0.2100000000E+001
 0.7575758    0.1000000000E+001    0.2700000000E+001
 0.7676768    0.1200000000E+001    0.2600000000E+001
 0.7777778    0.1700000000E+001    0.2400000000E+001
 0.7878788    0.9000000000E+000    0.1700000000E+001
 0.7979798    0.1300000000E+001    0.2300000000E+001
 0.8080808    0.5000000000E+000    0.2300000000E+001
 0.8181818    0.1500000000E+001    0.3200000000E+001
 0.8282828    0.7000000000E+000    0.1900000000E+001
 0.8383838    0.5000000000E+000    0.2400000000E+001
 0.8484848    0.1300000000E+001    0.2400000000E+001
 0.8585859    0.8000000000E+000    0.1900000000E+001
 0.8686869    0.1500000000E+001    0.2900000000E+001
 0.8787879    0.7000000000E+000    0.2200000000E+001
 0.8888889    0.7000000000E+000    0.2100000000E+001
 0.8989899    0.3000000000E+000    0.1800000000E+001
 0.9090909    0.1200000000E+001    0.2100000000E+001
 0.9191919    0.1800000000E+001    0.3100000000E+001
 0.9292929    0.1000000000E+001    0.2500000000E+001
 0.9393939    0.6000000000E+000    0.2200000000E+001
 0.9494949    0.1100000000E+001    0.2200000000E+001
 0.9595960    0.1100000000E+001    0.2600000000E+001
 0.9696970    0.1100000000E+001    0.2800000000E+001
 0.9797980    0.9000000000E+000    0.2500000000E+001
 0.9898990    0.1400000000E+001    0.3000000000E+001
 1.0000000    0.0000000000E+000    0.1400000000E+001


# Weightfunction after cycle       1864
 0.0000000    0.5550000000E+001    0.3450000000E+001
 0.0101010    0.4825000000E+001    0.2900000000E+001
 0.0202020    0.4950000000E+001    0.3100000000E+001
 0.0303030    0.4600000000E+001    0.2700000000E+001
 0.0404040    0.4825000000E+001    0.2775000000E+001
 0.0505051    0.5000000000E+001    0.2600000000E+001
 0.0606061    0.5300000000E+001    0.2825000000E+001
 0.0707071    0.5500000000E+001    0.2700000000E+001
 0.0808081    0.5850000000E+001    0.3100000000E+001
 0.0909091    0.6025000000E+001    0.3000000000E+001
 0.1010101    0.6175000000E+001    0.2625000000E+001
 0.1111111    0.6000000000E+001    0.2775000000E+001
 0.1212121    0.5325000000E+001    0.2850000000E+001
 0.1313131    0.6050000000E+001    0.2775000000E+001
 0.1414141    0.5525000000E+001    0.2975000000E+001
 0.1515152    0.5500000000E+001    0.2775000000E+001
 0.1616162    0.5950000000E+001    0.2875000000E+001
 0.1717172    0.5300000000E+001    0.2550000000E+001
 0.1818182    0.5300000000E+001    0.2625000000E+001
 0.1919192    0.4850000000E+001    0.2800000000E+001
 0.2020202    0.5025000000E+001    0.2275000000E+001
 0.2121212    0.4925000000E+001    0.2450000000E+001
 0.2222222    0.5150000000E+001    0.2925000000E+001
 0.2323232    0.3850000000E+001    0.2525000000E+001
 0.2424242    0.4600000000E+001    0.2425000000E+001
 0.2525253    0.4500000000E+001    0.2725000000E+001
 0.2626263    0.3925000000E+001    0.2475000000E+001
 0.2727273    0.4775000000E+001    0.2700000000E+001
 0.2828283    0.4975000000E+001    0.2300000000E+001
 0.2929293    0.4000000000E+001    0.2300000000E+001
 0.3030303    0.4625000000E+001    0.2450000000E+001
 0.3131313    0.4625000000E+001    0.2475000000E+001
 0.3232323    0.3975000000E+001    0.2275000000E+001
 0.3333333    0.3800000000E+001    0.2775000000E+001
 0.3434343    0.4000000000E+001    0.2450000000E+001
 0.3535354    0.4225000000E+001    0.2975000000E+001
 0.3636364    0.3275000000E+001    0.2625000000E+001
 0.3737374    0.3150000000E+001    0.2025000000E+001
 0.3838384    0.3125000000E+001    0.2475000000E+001
 0.3939394    0.2950000000E+001    0.2000000000E+001
 0.4040404    0.2400000000E+001    0.1900000000E+001
 0.4141414    0.2650000000E+001    0.2475000000E+001
 0.4242424    0.2625000000E+001    0.2175000000E+001
 0.4343434    0.2400000000E+001    0.2350000000E+001
 0.4444444    0.1825000000E+001    0.1975000000E+001
 0.4545455    0.2000000000E+001    0.2350000000E+001
 0.4646465    0.1725000000E+001    0.2175000000E+001
 0.4747475    0.1350000000E+001    0.2325000000E+001
 0.4848485    0.1075000000E+001    0.1750000000E+001
 0.4949495    0.8000000000E+000    0.2450000000E+001
 0.5050505    0.6750000000E+000    0.2550000000E+001
 0.5151515    0.8000000000E+000    0.2300000000E+001
 0.5252525    0.5000000000E+000    0.2250000000E+001
 0.5353535    0.6250000000E+000    0.2375000000E+001
 0.5454545    0.4750000000E+000    0.2000000000E+001
 0.5555556    0.5250000000E+000    0.2100000000E+001
 0.5656566    0.4000000000E+000    0.1925000000E+001
 0.5757576    0.4750000000E+000    0.2200000000E+001
 0.5858586    0.1100000000E+001    0.2175000000E+001
 0.5959596    0.3750000000E+000    0.1900000000E+001
 0.6060606    0.6500000000E+000    0.2150000000E+001
 0.6161616    0.1225000000E+001    0.2275000000E+001
 0.6262626    0.9750000000E+000    0.2050000000E+001
 0.6363636    0.5500000000E+000    0.2050000000E+001
 0.6464646    0.5500000000E+000    0.2225000000E+001
 0.6565657    0.5750000000E+000    0.2150000000E+001
 0.6666667    0.8000000000E+000    0.2400000000E+001
 0.6767677    0.6750000000E+000    0.2025000000E+001
 0.6868687    0.8000000000E+000    0.2275000000E+001
 0.6969697    0.7750000000E+000    0.2200000000E+001
 0.7070707    0.7750000000E+000    0.2450000000E+001
 0.7171717    0.5750000000E+000    0.2200000000E+001
 0.7272727    0.7500000000E+000    0.2225000000E+001
 0.7373737    0.4750000000E+000    0.2250000000E+001
 0.7474747    0.6750000000E+000    0.2450000000E+001
 0.7575758    0.8000000000E+000    0.2425000000E+001
 0.7676768    0.8250000000E+000    0.2650000000E+001
 0.7777778    0.4250000000E+000    0.2275000000E+001
 0.7878788    0.2500000000E+000    0.1950000000E+001
 0.7979798    0.6250000000E+000    0.2375000000E+001
 0.8080808    0.4500000000E+000    0.2175000000E+001
 0.8181818    0.1050000000E+001    0.2725000000E+001
 0.8282828    0.7000000000E+000    0.2400000000E+001
 0.8383838    0.5000000000E+000    0.2225000000E+001
 0.8484848    0.3000000000E+000    0.2100000000E+001
 0.8585859    0.3750000000E+000    0.2300000000E+001
 0.8686869    0.3750000000E+000    0.2300000000E+001
 0.8787879    0.7500000000E-001    0.1925000000E+001
 0.8888889    0.3250000000E+000    0.2225000000E+001
 0.8989899    0.5500000000E+000    0.2275000000E+001
 0.9090909    0.4750000000E+000    0.2375000000E+001
 0.9191919    0.4500000000E+000    0.2300000000E+001
 0.9292929    0.8000000000E+000    0.2600000000E+001
 0.9393939    0.2500000000E+000    0.2375000000E+001
 0.9494949    0.0000000000E+000    0.1950000000E+001
 0.9595960    0.4250000000E+000    0.2250000000E+001
 0.9696970    0.2500000000E+000    0.1950000000E+001
 0.9797980    0.3000000000E+000    0.2125000000E+001
 0.9898990    0.3250000000E+000    0.2225000000E+001
 1.0000000    0.3000000000E+000    0.2025000000E+001


# Weightfunction after cycle       4984
 0.0000000    0.4450000000E+001    0.2550000000E+001
 0.0101010    0.4525000000E+001    0.2650000000E+001
 0.0202020    0.4668750000E+001    0.2637500000E+001
 0.0303030    0.4681250000E+001    0.2750000000E+001
 0.0404040    0.4850000000E+001    0.2831250000E+001
 0.0505051    0.4906250000E+001    0.2650000000E+001
 0.0606061    0.5031250000E+001    0.2643750000E+001
 0.0707071    0.5275000000E+001    0.2612500000E+001
 0.0808081    0.5487500000E+001    0.2743750000E+001
 0.0909091    0.5675000000E+001    0.2650000000E+001
 0.1010101    0.5568750000E+001    0.2525000000E+001
 0.1111111    0.6018750000E+001    0.2600000000E+001
 0.1212121    0.6156250000E+001    0.2718750000E+001
 0.1313131    0.5618750000E+001    0.2568750000E+001
 0.1414141    0.6075000000E+001    0.2575000000E+001
 0.1515152    0.5900000000E+001    0.2606250000E+001
 0.1616162    0.5687500000E+001    0.2518750000E+001
 0.1717172    0.6000000000E+001    0.2875000000E+001
 0.1818182    0.5937500000E+001    0.2575000000E+001
 0.1919192    0.5593750000E+001    0.2750000000E+001
 0.2020202    0.5162500000E+001    0.2393750000E+001
 0.2121212    0.5231250000E+001    0.2531250000E+001
 0.2222222    0.5106250000E+001    0.2493750000E+001
 0.2323232    0.4893750000E+001    0.2631250000E+001
 0.2424242    0.4831250000E+001    0.2337500000E+001
 0.2525253    0.4700000000E+001    0.2387500000E+001
 0.2626263    0.4743750000E+001    0.2575000000E+001
 0.2727273    0.4543750000E+001    0.2350000000E+001
 0.2828283    0.4237500000E+001    0.2593750000E+001
 0.2929293    0.4268750000E+001    0.2550000000E+001
 0.3030303    0.4412500000E+001    0.2587500000E+001
 0.3131313    0.4012500000E+001    0.2437500000E+001
 0.3232323    0.4012500000E+001    0.2356250000E+001
 0.3333333    0.4156250000E+001    0.2718750000E+001
 0.3434343    0.3837500000E+001    0.2537500000E+001
 0.3535354    0.3893750000E+001    0.2437500000E+001
 0.3636364    0.3575000000E+001    0.2425000000E+001
 0.3737374    0.3406250000E+001    0.2587500000E+001
 0.3838384    0.3406250000E+001    0.2337500000E+001
 0.3939394    0.3006250000E+001    0.2393750000E+001
 0.4040404    0.2762500000E+001    0.2381250000E+001
 0.4141414    0.2756250000E+001    0.2493750000E+001
 0.4242424    0.2275000000E+001    0.2493750000E+001
 0.4343434    0.2275000000E+001    0.2306250000E+001
 0.4444444    0.1900000000E+001    0.2275000000E+001
 0.4545455    0.1681250000E+001    0.2325000000E+001
 0.4646465    0.1325000000E+001    0.2493750000E+001
 0.4747475    0.1056250000E+001    0.2181250000E+001
 0.4848485    0.1012500000E+001    0.2425000000E+001
 0.4949495    0.6375000000E+000    0.2350000000E+001
 0.5050505    0.6875000000E+000    0.2437500000E+001
 0.5151515    0.6562500000E+000    0.2350000000E+001
 0.5252525    0.2625000000E+000    0.2256250000E+001
 0.5353535    0.3437500000E+000    0.2318750000E+001
 0.5454545    0.3500000000E+000    0.2287500000E+001
 0.5555556    0.6250000000E+000    0.2300000000E+001
 0.5656566    0.5687500000E+000    0.2181250000E+001
 0.5757576    0.6500000000E+000    0.2137500000E+001
 0.5858586    0.4562500000E+000    0.2331250000E+001
 0.5959596    0.6875000000E+000    0.2281250000E+001
 0.6060606    0.4750000000E+000    0.2275000000E+001
 0.6161616    0.7687500000E+000    0.2243750000E+001
 0.6262626    0.6000000000E+000    0.2293750000E+001
 0.6363636    0.4000000000E+000    0.2081250000E+001
 0.6464646    0.5562500000E+000    0.2475000000E+001
 0.6565657    0.7312500000E+000    0.2287500000E+001
 0.6666667    0.4062500000E+000    0.2500000000E+001
 0.6767677    0.5062500000E+000    0.2268750000E+001
 0.6868687    0.4375000000E+000    0.2418750000E+001
 0.6969697    0.4062500000E+000    0.2350000000E+001
 0.7070707    0.6562500000E+000    0.2368750000E+001
 0.7171717    0.4562500000E+000    0.2312500000E+001
 0.7272727    0.5437500000E+000    0.2300000000E+001
 0.7373737    0.4750000000E+000    0.2231250000E+001
 0.7474747    0.4187500000E+000    0.2225000000E+001
 0.7575758    0.3875000000E+000    0.2281250000E+001
 0.7676768    0.3812500000E+000    0.2181250000E+001
 0.7777778    0.4875000000E+000    0.2300000000E+001
 0.7878788    0.4000000000E+000    0.2206250000E+001
 0.7979798    0.4812500000E+000    0.2381250000E+001
 0.8080808    0.3937500000E+000    0.2325000000E+001
 0.8181818    0.5250000000E+000    0.2356250000E+001
 0.8282828    0.4937500000E+000    0.2393750000E+001
 0.8383838    0.5125000000E+000    0.2512500000E+001
 0.8484848    0.2750000000E+000    0.2250000000E+001
 0.8585859    0.3875000000E+000    0.2293750000E+001
 0.8686869    0.2062500000E+000    0.2168750000E+001
 0.8787879    0.3062500000E+000    0.2250000000E+001
 0.8888889    0.4125000000E+000    0.2350000000E+001
 0.8989899    0.2125000000E+000    0.2125000000E+001
 0.9090909    0.3500000000E+000    0.2243750000E+001
 0.9191919    0.4062500000E+000    0.2393750000E+001
 0.9292929    0.2062500000E+000    0.2143750000E+001
 0.9393939    0.3375000000E+000    0.2450000000E+001
 0.9494949    0.2375000000E+000    0.2193750000E+001
 0.9595960    0.2125000000E+000    0.2212500000E+001
 0.9696970    0.3500000000E+000    0.2431250000E+001
 0.9797980    0.2500000000E+000    0.2362500000E+001
 0.9898990    0.1187500000E+000    0.2237500000E+001
 1.0000000    0.0000000000E+000    0.2162500000E+001


# Weightfunction after cycle      12951
 0.0000000    0.4589062500E+001    0.2767187500E+001
 0.0101010    0.4775000000E+001    0.2904687500E+001
 0.0202020    0.4631250000E+001    0.2803125000E+001
 0.0303030    0.4773437500E+001    0.2806250000E+001
 0.0404040    0.4867187500E+001    0.2859375000E+001
 0.0505051    0.5025000000E+001    0.2882812500E+001
 0.0606061    0.5239062500E+001    0.2915625000E+001
 0.0707071    0.5434375000E+001    0.2989062500E+001
 0.0808081    0.5354687500E+001    0.2676562500E+001
 0.0909091    0.5596875000E+001    0.2707812500E+001
 0.1010101    0.5778125000E+001    0.2793750000E+001
 0.1111111    0.5787500000E+001    0.2789062500E+001
 0.1212121    0.6142187500E+001    0.2848437500E+001
 0.1313131    0.6007812500E+001    0.2820312500E+001
 0.1414141    0.6120312500E+001    0.2818750000E+001
 0.1515152    0.6062500000E+001    0.2792187500E+001
 0.1616162    0.6073437500E+001    0.2910937500E+001
 0.1717172    0.6076562500E+001    0.2807812500E+001
 0.1818182    0.6026562500E+001    0.2773437500E+001
 0.1919192    0.5876562500E+001    0.2870312500E+001
 0.2020202    0.5728125000E+001    0.2754687500E+001
 0.2121212    0.5906250000E+001    0.2742187500E+001
 0.2222222    0.5810937500E+001    0.2840625000E+001
 0.2323232    0.5606250000E+001    0.2781250000E+001
 0.2424242    0.5501562500E+001    0.2815625000E+001
 0.2525253    0.5551562500E+001    0.2750000000E+001
 0.2626263    0.5217187500E+001    0.2729687500E+001
 0.2727273    0.5196875000E+001    0.2779687500E+001
 0.2828283    0.5004687500E+001    0.2739062500E+001
 0.2929293    0.4739062500E+001    0.2748437500E+001
 0.3030303    0.4678125000E+001    0.2746875000E+001
 0.3131313    0.4601562500E+001    0.2762500000E+001
 0.3232323    0.4440625000E+001    0.2745312500E+001
 0.3333333    0.4153125000E+001    0.2701562500E+001
 0.3434343    0.3965625000E+001    0.2765625000E+001
 0.3535354    0.3718750000E+001    0.2684375000E+001
 0.3636364    0.3506250000E+001    0.2667187500E+001
 0.3737374    0.3353125000E+001    0.2675000000E+001
 0.3838384    0.3231250000E+001    0.2657812500E+001
 0.3939394    0.2946875000E+001    0.2662500000E+001
 0.4040404    0.2618750000E+001    0.2693750000E+001
 0.4141414    0.2400000000E+001    0.2653125000E+001
 0.4242424    0.2168750000E+001    0.2595312500E+001
 0.4343434    0.1807812500E+001    0.2700000000E+001
 0.4444444    0.1648437500E+001    0.2582812500E+001
 0.4545455    0.1384375000E+001    0.2665625000E+001
 0.4646465    0.1168750000E+001    0.2635937500E+001
 0.4747475    0.1015625000E+001    0.2704687500E+001
 0.4848485    0.7218750000E+000    0.2668750000E+001
 0.4949495    0.5843750000E+000    0.2665625000E+001
 0.5050505    0.4062500000E+000    0.2685937500E+001
 0.5151515    0.3218750000E+000    0.2550000000E+001
 0.5252525    0.3890625000E+000    0.2546875000E+001
 0.5353535    0.3109375000E+000    0.2612500000E+001
 0.5454545    0.4156250000E+000    0.2682812500E+001
 0.5555556    0.3187500000E+000    0.2606250000E+001
 0.5656566    0.3640625000E+000    0.2595312500E+001
 0.5757576    0.2703125000E+000    0.2648437500E+001
 0.5858586    0.3187500000E+000    0.2628125000E+001
 0.5959596    0.3250000000E+000    0.2645312500E+001
 0.6060606    0.3531250000E+000    0.2620312500E+001
 0.6161616    0.2296875000E+000    0.2603125000E+001
 0.6262626    0.2421875000E+000    0.2621875000E+001
 0.6363636    0.3015625000E+000    0.2568750000E+001
 0.6464646    0.2906250000E+000    0.2609375000E+001
 0.6565657    0.3640625000E+000    0.2631250000E+001
 0.6666667    0.3546875000E+000    0.2578125000E+001
 0.6767677    0.3375000000E+000    0.2584375000E+001
 0.6868687    0.3000000000E+000    0.2720312500E+001
 0.6969697    0.3078125000E+000    0.2593750000E+001
 0.7070707    0.2687500000E+000    0.2635937500E+001
 0.7171717    0.2390625000E+000    0.2604687500E+001
 0.7272727    0.3187500000E+000    0.2648437500E+001
 0.7373737    0.2468750000E+000    0.2643750000E+001
 0.7474747    0.2453125000E+000    0.2604687500E+001
 0.7575758    0.2031250000E+000    0.2614062500E+001
 0.7676768    0.2953125000E+000    0.2659375000E+001
 0.7777778    0.1687500000E+000    0.2592187500E+001
 0.7878788    0.2109375000E+000    0.2618750000E+001
 0.7979798    0.2187500000E+000    0.2620312500E+001
 0.8080808    0.1906250000E+000    0.2626562500E+001
 0.8181818    0.2171875000E+000    0.2632812500E+001
 0.8282828    0.2406250000E+000    0.2601562500E+001
 0.8383838    0.1406250000E+000    0.2595312500E+001
 0.8484848    0.1296875000E+000    0.2637500000E+001
 0.8585859    0.1781250000E+000    0.2629687500E+001
 0.8686869    0.1468750000E+000    0.2604687500E+001
 0.8787879    0.6718750000E-001    0.2562500000E+001
 0.8888889    0.1187500000E+000    0.2659375000E+001
 0.8989899    0.9375000000E-001    0.2587500000E+001
 0.9090909    0.1328125000E+000    0.2650000000E+001
 0.9191919    0.1328125000E+000    0.2681250000E+001
 0.9292929    0.4843750000E-001    0.2621875000E+001
 0.9393939    0.3125000000E-001    0.2576562500E+001
 0.9494949    0.5000000000E-001    0.2642187500E+001
 0.9595960    0.2187500000E-001    0.2606250000E+001
 0.9696970    0.4843750000E-001    0.2631250000E+001
 0.9797980    0.6562500000E-001    0.2721875000E+001
 0.9898990    0.0000000000E+000    0.2560937500E+001
 1.0000000    0.4687500000E-001    0.2646875000E+001


# Weightfunction after cycle      54980
 0.0000000    0.6152343750E+001    0.4400781250E+001
 0.0101010    0.6183593750E+001    0.4393359375E+001
 0.0202020    0.6152734375E+001    0.4314062500E+001
 0.0303030    0.6272265625E+001    0.4346484375E+001
 0.0404040    0.6356640625E+001    0.4360156250E+001
 0.0505051    0.6534375000E+001    0.4351562500E+001
 0.0606061    0.6658984375E+001    0.4339453125E+001
 0.0707071    0.6837109375E+001    0.4371093750E+001
 0.0808081    0.7014453125E+001    0.4346484375E+001
 0.0909091    0.7164062500E+001    0.4271875000E+001
 0.1010101    0.7330859375E+001    0.4294531250E+001
 0.1111111    0.7480078125E+001    0.4327734375E+001
 0.1212121    0.7667187500E+001    0.4397656250E+001
 0.1313131    0.7683203125E+001    0.4339453125E+001
 0.1414141    0.7616015625E+001    0.4303125000E+001
 0.1515152    0.7631640625E+001    0.4341796875E+001
 0.1616162    0.7507812500E+001    0.4310156250E+001
 0.1717172    0.7498046875E+001    0.4371875000E+001
 0.1818182    0.7393750000E+001    0.4312890625E+001
 0.1919192    0.7284375000E+001    0.4308203125E+001
 0.2020202    0.7054296875E+001    0.4314843750E+001
 0.2121212    0.6957031250E+001    0.4335546875E+001
 0.2222222    0.6742187500E+001    0.4337109375E+001
 0.2323232    0.6662109375E+001    0.4367578125E+001
 0.2424242    0.6489062500E+001    0.4292968750E+001
 0.2525253    0.6250781250E+001    0.4351171875E+001
 0.2626263    0.6070703125E+001    0.4279687500E+001
 0.2727273    0.5907812500E+001    0.4340625000E+001
 0.2828283    0.5684375000E+001    0.4314453125E+001
 0.2929293    0.5568750000E+001    0.4298046875E+001
 0.3030303    0.5351562500E+001    0.4325000000E+001
 0.3131313    0.5082421875E+001    0.4298437500E+001
 0.3232323    0.4910156250E+001    0.4304296875E+001
 0.3333333    0.4610937500E+001    0.4303125000E+001
 0.3434343    0.4435156250E+001    0.4301953125E+001
 0.3535354    0.4147656250E+001    0.4304687500E+001
 0.3636364    0.3894140625E+001    0.4283984375E+001
 0.3737374    0.3702734375E+001    0.4301953125E+001
 0.3838384    0.3450781250E+001    0.4306640625E+001
 0.3939394    0.3144921875E+001    0.4315625000E+001
 0.4040404    0.2905468750E+001    0.4287890625E+001
 0.4141414    0.2655859375E+001    0.4278125000E+001
 0.4242424    0.2379296875E+001    0.4284765625E+001
 0.4343434    0.2102343750E+001    0.4274218750E+001
 0.4444444    0.1844921875E+001    0.4283203125E+001
 0.4545455    0.1596875000E+001    0.4296093750E+001
 0.4646465    0.1350390625E+001    0.4308984375E+001
 0.4747475    0.1076171875E+001    0.4289843750E+001
 0.4848485    0.7359375000E+000    0.4302343750E+001
 0.4949495    0.5800781250E+000    0.4269140625E+001
 0.5050505    0.4160156250E+000    0.4247656250E+001
 0.5151515    0.4261718750E+000    0.4304296875E+001
 0.5252525    0.3554687500E+000    0.4302343750E+001
 0.5353535    0.4019531250E+000    0.4227343750E+001
 0.5454545    0.3871093750E+000    0.4276953125E+001
 0.5555556    0.3343750000E+000    0.4292187500E+001
 0.5656566    0.3621093750E+000    0.4311718750E+001
 0.5757576    0.4097656250E+000    0.4281250000E+001
 0.5858586    0.3722656250E+000    0.4317187500E+001
 0.5959596    0.4027343750E+000    0.4314843750E+001
 0.6060606    0.3703125000E+000    0.4312109375E+001
 0.6161616    0.3816406250E+000    0.4303515625E+001
 0.6262626    0.3320312500E+000    0.4270703125E+001
 0.6363636    0.4023437500E+000    0.4304687500E+001
 0.6464646    0.3441406250E+000    0.4308593750E+001
 0.6565657    0.4113281250E+000    0.4295703125E+001
 0.6666667    0.2960937500E+000    0.4356250000E+001
 0.6767677    0.3953125000E+000    0.4306640625E+001
 0.6868687    0.3597656250E+000    0.4280859375E+001
 0.6969697    0.3628906250E+000    0.4267968750E+001
 0.7070707    0.3175781250E+000    0.4306640625E+001
 0.7171717    0.3011718750E+000    0.4310546875E+001
 0.7272727    0.3472656250E+000    0.4307031250E+001
 0.7373737    0.3132812500E+000    0.4305078125E+001
 0.7474747    0.3472656250E+000    0.4340234375E+001
 0.7575758    0.3089843750E+000    0.4318359375E+001
 0.7676768    0.2878906250E+000    0.4317187500E+001
 0.7777778    0.2609375000E+000    0.4318750000E+001
 0.7878788    0.2355468750E+000    0.4309765625E+001
 0.7979798    0.2425781250E+000    0.4312109375E+001
 0.8080808    0.2457031250E+000    0.4302343750E+001
 0.8181818    0.2671875000E+000    0.4348828125E+001
 0.8282828    0.2406250000E+000    0.4308203125E+001
 0.8383838    0.2050781250E+000    0.4262890625E+001
 0.8484848    0.1996093750E+000    0.4307812500E+001
 0.8585859    0.1921875000E+000    0.4292187500E+001
 0.8686869    0.1789062500E+000    0.4308593750E+001
 0.8787879    0.1824218750E+000    0.4292578125E+001
 0.8888889    0.1746093750E+000    0.4310156250E+001
 0.8989899    0.1703125000E+000    0.4337890625E+001
 0.9090909    0.1398437500E+000    0.4298046875E+001
 0.9191919    0.6757812500E-001    0.4260937500E+001
 0.9292929    0.1023437500E+000    0.4280859375E+001
 0.9393939    0.1093750000E+000    0.4293750000E+001
 0.9494949    0.1000000000E+000    0.4357421875E+001
 0.9595960    0.6679687500E-001    0.4291796875E+001
 0.9696970    0.0000000000E+000    0.4258984375E+001
 0.9797980    0.4804687500E-001    0.4283593750E+001
 0.9898990    0.3476562500E-001    0.4289843750E+001
 1.0000000    0.1953125000E-002    0.4275000000E+001


# Weightfunction after cycle      72007
 0.0000000    0.6063964844E+001    0.4282617187E+001
 0.0101010    0.6053808594E+001    0.4268457031E+001
 0.0202020    0.6083593750E+001    0.4255664062E+001
 0.0303030    0.6166308594E+001    0.4265625000E+001
 0.0404040    0.6257031250E+001    0.4259082031E+001
 0.0505051    0.6417285156E+001    0.4260351562E+001
 0.0606061    0.6584863281E+001    0.4269042969E+001
 0.0707071    0.6730273437E+001    0.4265527344E+001
 0.0808081    0.6899023437E+001    0.4257617187E+001
 0.0909091    0.7107324219E+001    0.4241503906E+001
 0.1010101    0.7244238281E+001    0.4233496094E+001
 0.1111111    0.7393164062E+001    0.4229687500E+001
 0.1212121    0.7491796875E+001    0.4282128906E+001
 0.1313131    0.7558691406E+001    0.4232324219E+001
 0.1414141    0.7494628906E+001    0.4233105469E+001
 0.1515152    0.7462304687E+001    0.4241601562E+001
 0.1616162    0.7430468750E+001    0.4234960937E+001
 0.1717172    0.7390429687E+001    0.4263476562E+001
 0.1818182    0.7285351562E+001    0.4240722656E+001
 0.1919192    0.7148925781E+001    0.4230761719E+001
 0.2020202    0.6999707031E+001    0.4237109375E+001
 0.2121212    0.6854394531E+001    0.4253710937E+001
 0.2222222    0.6685449219E+001    0.4251074219E+001
 0.2323232    0.6585937500E+001    0.4261621094E+001
 0.2424242    0.6397949219E+001    0.4251074219E+001
 0.2525253    0.6200585937E+001    0.4245312500E+001
 0.2626263    0.6006835937E+001    0.4206054687E+001
 0.2727273    0.5810449219E+001    0.4235839844E+001
 0.2828283    0.5612890625E+001    0.4234179687E+001
 0.2929293    0.5453906250E+001    0.4209960937E+001
 0.3030303    0.5240429687E+001    0.4244433594E+001
 0.3131313    0.4987011719E+001    0.4213085937E+001
 0.3232323    0.4808789062E+001    0.4203417969E+001
 0.3333333    0.4541796875E+001    0.4225488281E+001
 0.3434343    0.4312402344E+001    0.4235742187E+001
 0.3535354    0.4104882812E+001    0.4215039062E+001
 0.3636364    0.3830273437E+001    0.4217871094E+001
 0.3737374    0.3620117187E+001    0.4213085937E+001
 0.3838384    0.3386914062E+001    0.4219238281E+001
 0.3939394    0.3101074219E+001    0.4216015625E+001
 0.4040404    0.2886621094E+001    0.4211035156E+001
 0.4141414    0.2587890625E+001    0.4205175781E+001
 0.4242424    0.2348632812E+001    0.4188671875E+001
 0.4343434    0.2084277344E+001    0.4190234375E+001
 0.4444444    0.1821093750E+001    0.4195507812E+001
 0.4545455    0.1568457031E+001    0.4194140625E+001
 0.4646465    0.1296191406E+001    0.4201367187E+001
 0.4747475    0.1058886719E+001    0.4210253906E+001
 0.4848485    0.7297851562E+000    0.4212890625E+001
 0.4949495    0.5148437500E+000    0.4198339844E+001
 0.5050505    0.3613281250E+000    0.4177539062E+001
 0.5151515    0.3724609375E+000    0.4200195312E+001
 0.5252525    0.3578125000E+000    0.4230664062E+001
 0.5353535    0.3615234375E+000    0.4178808594E+001
 0.5454545    0.3530273437E+000    0.4180078125E+001
 0.5555556    0.3329101562E+000    0.4211035156E+001
 0.5656566    0.3523437500E+000    0.4193359375E+001
 0.5757576    0.3888671875E+000    0.4191308594E+001
 0.5858586    0.3284179687E+000    0.4219921875E+001
 0.5959596    0.3570312500E+000    0.4193066406E+001
 0.6060606    0.3476562500E+000    0.4199707031E+001
 0.6161616    0.3612304687E+000    0.4172460937E+001
 0.6262626    0.3433593750E+000    0.4156347656E+001
 0.6363636    0.3645507812E+000    0.4183203125E+001
 0.6464646    0.3364257812E+000    0.4195019531E+001
 0.6565657    0.3383789062E+000    0.4195117187E+001
 0.6666667    0.3032226562E+000    0.4225781250E+001
 0.6767677    0.3472656250E+000    0.4203027344E+001
 0.6868687    0.3013671875E+000    0.4193066406E+001
 0.6969697    0.3302734375E+000    0.4166113281E+001
 0.7070707    0.2916015625E+000    0.4204589844E+001
 0.7171717    0.2917968750E+000    0.4201757812E+001
 0.7272727    0.2944335937E+000    0.4187207031E+001
 0.7373737    0.2713867187E+000    0.4209277344E+001
 0.7474747    0.2922851562E+000    0.4214257812E+001
 0.7575758    0.2841796875E+000    0.4215429687E+001
 0.7676768    0.2500000000E+000    0.4195117187E+001
 0.7777778    0.2284179687E+000    0.4197949219E+001
 0.7878788    0.2274414062E+000    0.4198144531E+001
 0.7979798    0.2291992187E+000    0.4211914062E+001
 0.8080808    0.2151367187E+000    0.4198144531E+001
 0.8181818    0.2040039062E+000    0.4203613281E+001
 0.8282828    0.2131835937E+000    0.4212011719E+001
 0.8383838    0.1697265625E+000    0.4176074219E+001
 0.8484848    0.1659179687E+000    0.4201953125E+001
 0.8585859    0.1406250000E+000    0.4197558594E+001
 0.8686869    0.1601562500E+000    0.4222949219E+001
 0.8787879    0.1493164062E+000    0.4203027344E+001
 0.8888889    0.1219726562E+000    0.4193164062E+001
 0.8989899    0.1236328125E+000    0.4226660156E+001
 0.9090909    0.9726562500E-001    0.4194531250E+001
 0.9191919    0.4824218750E-001    0.4169531250E+001
 0.9292929    0.7890625000E-001    0.4201464844E+001
 0.9393939    0.7324218750E-001    0.4195214844E+001
 0.9494949    0.6357421875E-001    0.4225292969E+001
 0.9595960    0.3408203125E-001    0.4178222656E+001
 0.9696970    0.7031250000E-002    0.4198144531E+001
 0.9797980    0.2480468750E-001    0.4202441406E+001
 0.9898990    0.1308593750E-001    0.4228710937E+001
 1.0000000    0.0000000000E+000    0.4200390625E+001


