# Lambda, (Probability, Probability_biased(/observed)) per Fractional
 0.0000000   0.7231146879E-002   0.9371118192E+000   0.9582392993E+000   0.1025373175E+001
 0.0101010   0.7262033593E-002   0.9172511035E+000   0.9720966758E+000   0.1011649646E+001
 0.0202020   0.6935991739E-002   0.9187407750E+000   0.9730328820E+000   0.1039679107E+001
 0.0303030   0.6629924965E-002   0.9122022484E+000   0.9738936529E+000   0.1013915722E+001
 0.0404040   0.5866769987E-002   0.8480898027E+000   0.9523602045E+000   0.9782250161E+000
 0.0505051   0.5345441779E-002   0.9224885246E+000   0.9616611728E+000   0.1014863450E+001
 0.0606061   0.4746842665E-002   0.9164591262E+000   0.9859284678E+000   0.1040473292E+001
 0.0707071   0.3935452399E-002   0.8651031715E+000   0.9614262154E+000   0.9950882261E+000
 0.0808081   0.3398353486E-002   0.8989884847E+000   0.9695606358E+000   0.1011872018E+001
 0.0909091   0.2929822984E-002   0.8958252898E+000   0.9686530355E+000   0.1004724346E+001
 0.1010101   0.2551401948E-002   0.8963344181E+000   0.9878922891E+000   0.1034331589E+001
 0.1111111   0.2346757917E-002   0.9114149852E+000   0.9651832605E+000   0.1024166012E+001
 0.1212121   0.2204983582E-002   0.9035187833E+000   0.9614495607E+000   0.1004877889E+001
 0.1313131   0.2167407638E-002   0.9230495085E+000   0.9768156379E+000   0.1039144355E+001
 0.1414141   0.2155636550E-002   0.9076955206E+000   0.9794818628E+000   0.1025325523E+001
 0.1515152   0.2211755489E-002   0.9215551228E+000   0.9627210420E+000   0.9910908247E+000
 0.1616162   0.2329495988E-002   0.9232757877E+000   0.9707326087E+000   0.1003347758E+001
 0.1717172   0.2515998905E-002   0.9148091735E+000   0.9652750832E+000   0.1002198836E+001
 0.1818182   0.2821856563E-002   0.9591599007E+000   0.9879515613E+000   0.1057373564E+001
 0.1919192   0.3189548638E-002   0.9804914313E+000   0.9748976076E+000   0.9881629267E+000
 0.2020202   0.3673880530E-002   0.1022602937E+001   0.9727597521E+000   0.1022773540E+001
 0.2121212   0.4223498198E-002   0.9771679553E+000   0.9680761687E+000   0.1007170438E+001
 0.2222222   0.4913851548E-002   0.1020297717E+001   0.9749508325E+000   0.9862886484E+000
 0.2323232   0.5734716733E-002   0.1014423886E+001   0.9919814411E+000   0.1003125386E+001
 0.2424242   0.6776328602E-002   0.1064252456E+001   0.9825402946E+000   0.1026019112E+001
 0.2525253   0.8125239785E-002   0.1044990437E+001   0.9922420753E+000   0.9976243258E+000
 0.2626263   0.9748222584E-002   0.1064332597E+001   0.9759938398E+000   0.1017293659E+001
 0.2727273   0.1159283194E-001   0.1048610905E+001   0.9865935148E+000   0.1004618455E+001
 0.2828283   0.1420276234E-001   0.1082661213E+001   0.9819282218E+000   0.1013433916E+001
 0.2929293   0.1675900605E-001   0.1060033291E+001   0.9746394441E+000   0.1012316762E+001
 0.3030303   0.2107592984E-001   0.1051472394E+001   0.9962817207E+000   0.1032070807E+001
 0.3131313   0.2558142563E-001   0.1048073492E+001   0.9958514111E+000   0.1023197106E+001
 0.3232323   0.3107466120E-001   0.1029504453E+001   0.1003119001E+001   0.9863521832E+000
 0.3333333   0.3911720023E-001   0.1040210289E+001   0.9991253764E+000   0.1033097954E+001
 0.3434343   0.4791670492E-001   0.1004444030E+001   0.9929874949E+000   0.9965230549E+000
 0.3535354   0.5936128669E-001   0.1032710076E+001   0.9988261427E+000   0.9966236518E+000
 0.3636364   0.7491684784E-001   0.1045518422E+001   0.1002688956E+001   0.1017325426E+001
 0.3737374   0.9178327706E-001   0.1018534625E+001   0.9916789157E+000   0.9859233230E+000
 0.3838384   0.1168754868E+000   0.1023899328E+001   0.9808968679E+000   0.9828524715E+000
 0.3939394   0.1434691175E+000   0.1020835131E+001   0.9822480855E+000   0.9849755947E+000
 0.4040404   0.1827052033E+000   0.1031715390E+001   0.9825076590E+000   0.9845626181E+000
 0.4141414   0.2274395838E+000   0.1017374944E+001   0.9967559938E+000   0.1022927083E+001
 0.4242424   0.2902499641E+000   0.1024564024E+001   0.9935532173E+000   0.9912655455E+000
 0.4343434   0.3602759086E+000   0.9977216511E+000   0.9973086856E+000   0.9911331812E+000
 0.4444444   0.4620275423E+000   0.1024903442E+001   0.1012946035E+001   0.9886500272E+000
 0.4545455   0.5854780819E+000   0.1034746588E+001   0.1001671631E+001   0.9922662195E+000
 0.4646465   0.7370276393E+000   0.9986314821E+000   0.9955986862E+000   0.9636861230E+000
 0.4747475   0.9414504088E+000   0.1012745648E+001   0.9823420487E+000   0.9558819247E+000
 0.4848485   0.1216870961E+001   0.1034916298E+001   0.9985160806E+000   0.9839378587E+000
 0.4949495   0.1535686328E+001   0.9956379966E+000   0.1010128424E+001   0.9981061318E+000
 0.5050505   0.1760896997E+001   0.1036038266E+001   0.1008626268E+001   0.9852032612E+000
 0.5151515   0.1747160096E+001   0.1018562910E+001   0.1012810027E+001   0.1003496006E+001
 0.5252525   0.1733887307E+001   0.1010233006E+001   0.1012020332E+001   0.9815923635E+000
 0.5353535   0.1749774820E+001   0.1040714703E+001   0.1012699980E+001   0.1004073114E+001
 0.5454545   0.1751605419E+001   0.1025751989E+001   0.1025184204E+001   0.9896136392E+000
 0.5555556   0.1735411204E+001   0.1002468801E+001   0.1014022696E+001   0.9923138707E+000
 0.5656566   0.1746675643E+001   0.1005532998E+001   0.1015977311E+001   0.1012549723E+001
 0.5757576   0.1755497241E+001   0.1031248689E+001   0.1017248102E+001   0.9931398238E+000
 0.5858586   0.1741150796E+001   0.9847907365E+000   0.1015032338E+001   0.1004814354E+001
 0.5959596   0.1761275455E+001   0.1023588194E+001   0.1027641805E+001   0.1025976756E+001
 0.6060606   0.1765381473E+001   0.1029990011E+001   0.1018632637E+001   0.9675723384E+000
 0.6161616   0.1773487369E+001   0.1023163921E+001   0.1016596287E+001   0.9819947510E+000
 0.6262626   0.1789910918E+001   0.1014150465E+001   0.1016653522E+001   0.9773620010E+000
 0.6363636   0.1788302683E+001   0.1032215090E+001   0.1002668908E+001   0.9816823712E+000
 0.6464646   0.1769039939E+001   0.1005462286E+001   0.1021100969E+001   0.1002172363E+001
 0.6565657   0.1785728905E+001   0.1013165208E+001   0.9988454740E+000   0.9840702230E+000
 0.6666667   0.1802523042E+001   0.1023592909E+001   0.1015366775E+001   0.1007503996E+001
 0.6767677   0.1773892094E+001   0.1005467000E+001   0.1029014973E+001   0.1011321382E+001
 0.6868687   0.1808592385E+001   0.9979715011E+000   0.1032659020E+001   0.1001219340E+001
 0.6969697   0.1792163706E+001   0.1022791503E+001   0.1028319443E+001   0.1003850742E+001
 0.7070707   0.1816541257E+001   0.1015164008E+001   0.1019929423E+001   0.1003665432E+001
 0.7171717   0.1805574878E+001   0.1001672109E+001   0.1028630956E+001   0.9893594998E+000
 0.7272727   0.1802910509E+001   0.1007644938E+001   0.1007986696E+001   0.9774890707E+000
 0.7373737   0.1828990780E+001   0.1036292830E+001   0.1010436978E+001   0.9985085192E+000
 0.7474747   0.1825368953E+001   0.9978300766E+000   0.1021410649E+001   0.9786803493E+000
 0.7575758   0.1835201429E+001   0.1027797931E+001   0.1022176654E+001   0.1001955285E+001
 0.7676768   0.1845854296E+001   0.1019826302E+001   0.1016843668E+001   0.9932298315E+000
 0.7777778   0.1832897232E+001   0.9994046028E+000   0.1019725893E+001   0.9920650258E+000
 0.7878788   0.1838241532E+001   0.1019595309E+001   0.9986951402E+000   0.9976613878E+000
 0.7979798   0.1859721479E+001   0.1029999439E+001   0.1017230650E+001   0.9965230549E+000
 0.8080808   0.1876542696E+001   0.1018218777E+001   0.1022022576E+001   0.1010055980E+001
 0.8181818   0.1895187722E+001   0.1014372030E+001   0.1011351212E+001   0.9713156004E+000
 0.8282828   0.1902210079E+001   0.1027519796E+001   0.1017894795E+001   0.1006762756E+001
 0.8383838   0.1910825329E+001   0.1020646565E+001   0.1023125587E+001   0.9868551675E+000
 0.8484848   0.1884090049E+001   0.9735003463E+000   0.1023164435E+001   0.9782567835E+000
 0.8585859   0.1915534682E+001   0.1018775047E+001   0.1014630852E+001   0.9862409972E+000
 0.8686869   0.1926680669E+001   0.1043180204E+001   0.1022946073E+001   0.1019893293E+001
 0.8787879   0.1923417097E+001   0.1027472654E+001   0.1019710847E+001   0.1006492733E+001
 0.8888889   0.1957579711E+001   0.1018808046E+001   0.1025698149E+001   0.1000509867E+001
 0.8989899   0.1953854895E+001   0.1025445570E+001   0.1020866406E+001   0.1002039998E+001
 0.9090909   0.1969686721E+001   0.1006951958E+001   0.1016555093E+001   0.9626801544E+000
 0.9191919   0.1948702699E+001   0.1014386173E+001   0.1014444800E+001   0.9866380901E+000
 0.9292929   0.1941852136E+001   0.9939833298E+000   0.1015981773E+001   0.9831277892E+000
 0.9393939   0.1945253966E+001   0.9945584562E+000   0.1004898641E+001   0.9573273427E+000
 0.9494949   0.2008262464E+001   0.1038673476E+001   0.1025899199E+001   0.1021539905E+001
 0.9595960   0.1988117325E+001   0.1016870530E+001   0.1018206309E+001   0.1010913700E+001
 0.9696970   0.2013873285E+001   0.1041473681E+001   0.1018076049E+001   0.9995939064E+000
 0.9797980   0.2022856760E+001   0.1002218951E+001   0.1028692665E+001   0.9900954452E+000
 0.9898990   0.2017037113E+001   0.1019543453E+001   0.1014472782E+001   0.9875328727E+000
 1.0000000   0.2019864246E+001   0.1020175150E+001   0.1011183205E+001   0.9835619441E+000


 0.0000000   0.8471667678E-002   0.1053661688E+001   0.9490052925E+000   0.1015676740E+001
 0.0101010   0.8455290032E-002   0.1024959120E+001   0.9513809557E+000   0.9902709258E+000
 0.0202020   0.8230111379E-002   0.1046256532E+001   0.9554225974E+000   0.1021048115E+001
 0.0303030   0.7800462280E-002   0.1030032461E+001   0.9558843799E+000   0.9953471698E+000
 0.0404040   0.6975971453E-002   0.9678220666E+000   0.9441671234E+000   0.9699856252E+000
 0.0505051   0.6313973518E-002   0.1045750715E+001   0.9541670046E+000   0.1007137632E+001
 0.0606061   0.5538690796E-002   0.1026274243E+001   0.9596077105E+000   0.1012880379E+001
 0.0707071   0.4659000138E-002   0.9829105785E+000   0.9456171659E+000   0.9789034841E+000
 0.0808081   0.3988548959E-002   0.1012624780E+001   0.9597549160E+000   0.1001820365E+001
 0.0909091   0.3460710225E-002   0.1015535755E+001   0.9575274189E+000   0.9933648769E+000
 0.1010101   0.3015082486E-002   0.1016572679E+001   0.9684215324E+000   0.1014129765E+001
 0.1111111   0.2727808131E-002   0.1016739599E+001   0.9513222175E+000   0.1009641322E+001
 0.1212121   0.2580975199E-002   0.1014994531E+001   0.9555150471E+000   0.9988567630E+000
 0.1313131   0.2505525769E-002   0.1024073941E+001   0.9602453252E+000   0.1021702320E+001
 0.1414141   0.2519845127E-002   0.1018325334E+001   0.9674126905E+000   0.1012875460E+001
 0.1515152   0.2606563445E-002   0.1042318749E+001   0.9583174755E+000   0.9867367385E+000
 0.1616162   0.2734945581E-002   0.1040318244E+001   0.9722334046E+000   0.1005081556E+001
 0.1717172   0.2918121290E-002   0.1018289927E+001   0.9617132241E+000   0.9986821441E+000
 0.1818182   0.3212531093E-002   0.1047976308E+001   0.9672093843E+000   0.1035361942E+001
 0.1919192   0.3668096875E-002   0.1082189749E+001   0.9694515904E+000   0.9828213410E+000
 0.2020202   0.4145011391E-002   0.1107275728E+001   0.9726542413E+000   0.1022848410E+001
 0.2121212   0.4726972229E-002   0.1049610096E+001   0.9678546042E+000   0.1007122875E+001
 0.2222222   0.5446814973E-002   0.1085414331E+001   0.9685758951E+000   0.9800176016E+000
 0.2323232   0.6366451334E-002   0.1080818986E+001   0.9805508887E+000   0.9917465782E+000
 0.2424242   0.7500528488E-002   0.1130550883E+001   0.9734131910E+000   0.1016672805E+001
 0.2525253   0.8763779347E-002   0.1081721869E+001   0.9830178690E+000   0.9885296561E+000
 0.2626263   0.1046292931E-001   0.1096360204E+001   0.9790593343E+000   0.1020674283E+001
 0.2727273   0.1239512930E-001   0.1076028902E+001   0.9862846099E+000   0.1004486377E+001
 0.2828283   0.1498087440E-001   0.1095985899E+001   0.9849613360E+000   0.1016749047E+001
 0.2929293   0.1761113784E-001   0.1069071393E+001   0.9805802901E+000   0.1018672314E+001
 0.3030303   0.2203794951E-001   0.1055189254E+001   0.9925144889E+000   0.1028355053E+001
 0.3131313   0.2659065886E-001   0.1045548388E+001   0.9846477004E+000   0.1011869557E+001
 0.3232323   0.3196506791E-001   0.1016355178E+001   0.9910565054E+000   0.9746683619E+000
 0.3333333   0.3962711920E-001   0.1011332418E+001   0.9946907139E+000   0.1028699372E+001
 0.3434343   0.4870128474E-001   0.9797770441E+000   0.9961440722E+000   0.9998725036E+000
 0.3535354   0.5999320797E-001   0.1001671320E+001   0.9960102056E+000   0.9939944885E+000
 0.3636364   0.7544449110E-001   0.1010480117E+001   0.1001524395E+001   0.1016328487E+001
 0.3737374   0.9253059583E-001   0.9854750691E+000   0.9856412732E+000   0.9800987625E+000
 0.3838384   0.1154605925E+000   0.9707684489E+000   0.9897382708E+000   0.9918916840E+000
 0.3939394   0.1443102146E+000   0.9854674819E+000   0.9968245273E+000   0.9997741268E+000
 0.4040404   0.1811522580E+000   0.9817497292E+000   0.9929003229E+000   0.9951577945E+000
 0.4141414   0.2301978895E+000   0.9882444155E+000   0.9988919482E+000   0.1025305371E+001
 0.4242424   0.2883306542E+000   0.9768003129E+000   0.1002389866E+001   0.1000263552E+001
 0.4343434   0.3612618117E+000   0.9601614729E+000   0.1000938941E+001   0.9949216901E+000
 0.4444444   0.4639701209E+000   0.9877638896E+000   0.1013830399E+001   0.9896929620E+000
 0.4545455   0.5842971512E+000   0.9910719308E+000   0.1014200726E+001   0.1004860209E+001
 0.4646465   0.7358097930E+000   0.9568306700E+000   0.1002437920E+001   0.9704824281E+000
 0.4747475   0.9430055396E+000   0.9735656151E+000   0.9974814208E+000   0.9707898557E+000
 0.4848485   0.1212079364E+001   0.9893268632E+000   0.1013045176E+001   0.9984362020E+000
 0.4949495   0.1538319276E+001   0.9571796835E+000   0.1015313336E+001   0.1003411610E+001
 0.5050505   0.1739840813E+001   0.9824249945E+000   0.1017235218E+001   0.9937928161E+000
 0.5151515   0.1745877762E+001   0.9768256037E+000   0.1022165290E+001   0.1012949243E+001
 0.5252525   0.1739013146E+001   0.9724148822E+000   0.1017212893E+001   0.9868080617E+000
 0.5353535   0.1735549070E+001   0.9906824519E+000   0.1019199970E+001   0.1010701332E+001
 0.5454545   0.1761569352E+001   0.9900425938E+000   0.1023363213E+001   0.9880353126E+000
 0.5555556   0.1725181799E+001   0.9564260166E+000   0.1017563269E+001   0.9959595656E+000
 0.5656566   0.1752332815E+001   0.9681634929E+000   0.1024123447E+001   0.1020853820E+001
 0.5757576   0.1757154148E+001   0.9906521029E+000   0.1022038953E+001   0.9979984252E+000
 0.5858586   0.1753730797E+001   0.9519596553E+000   0.1021382418E+001   0.1011284215E+001
 0.5959596   0.1748635144E+001   0.9753157409E+000   0.1019881551E+001   0.1018414075E+001
 0.6060606   0.1758114093E+001   0.9844406740E+000   0.1018973737E+001   0.9680721960E+000
 0.6161616   0.1774566885E+001   0.9825565068E+000   0.1027839129E+001   0.9930353145E+000
 0.6262626   0.1789709675E+001   0.9731988980E+000   0.1019795980E+001   0.9805611335E+000
 0.6363636   0.1785625629E+001   0.9891624728E+000   0.1011026274E+001   0.9900446591E+000
 0.6464646   0.1774727448E+001   0.9680724459E+000   0.1023974290E+001   0.1005175014E+001
 0.6565657   0.1789544988E+001   0.9744406780E+000   0.1014568375E+001   0.9997421544E+000
 0.6666667   0.1790604024E+001   0.9758746683E+000   0.1020423735E+001   0.1012705760E+001
 0.6767677   0.1777927109E+001   0.9671695631E+000   0.1024674455E+001   0.1007238468E+001
 0.6868687   0.1804295527E+001   0.9555054302E+000   0.1029040924E+001   0.9978926701E+000
 0.6969697   0.1801558724E+001   0.9867471981E+000   0.1021168985E+001   0.9970515483E+000
 0.7070707   0.1812948620E+001   0.9723541842E+000   0.1020290880E+001   0.1004203543E+001
 0.7171717   0.1797893802E+001   0.9572429106E+000   0.1028967139E+001   0.9898626620E+000
 0.7272727   0.1798904766E+001   0.9649161498E+000   0.1008635551E+001   0.9782960072E+000
 0.7373737   0.1814922618E+001   0.9869090594E+000   0.1014666753E+001   0.1002870537E+001
 0.7474747   0.1825966406E+001   0.9579586412E+000   0.1027201397E+001   0.9844076673E+000
 0.7575758   0.1837012226E+001   0.9873794689E+000   0.1023867758E+001   0.1003795279E+001
 0.7676768   0.1832846915E+001   0.9718584838E+000   0.1013947447E+001   0.9905808128E+000
 0.7777778   0.1833716123E+001   0.9595848418E+000   0.1022312146E+001   0.9947618277E+000
 0.7878788   0.1848031270E+001   0.9837451760E+000   0.1020017672E+001   0.1019146982E+001
 0.7979798   0.1848356564E+001   0.9824781052E+000   0.1020848334E+001   0.1000248795E+001
 0.8080808   0.1871675908E+001   0.9746784119E+000   0.1024806227E+001   0.1012991053E+001
 0.8181818   0.1881498802E+001   0.9664892397E+000   0.1015597456E+001   0.9755709692E+000
 0.8282828   0.1891298823E+001   0.9804826584E+000   0.1016684159E+001   0.1005748059E+001
 0.8383838   0.1903506951E+001   0.9757912086E+000   0.1022217874E+001   0.9861587747E+000
 0.8484848   0.1901963410E+001   0.9431584449E+000   0.1026666478E+001   0.9817834655E+000
 0.8585859   0.1915513927E+001   0.9777360738E+000   0.1025209566E+001   0.9967047700E+000
 0.8686869   0.1923885172E+001   0.9997163380E+000   0.1028167811E+001   0.1025285696E+001
 0.8787879   0.1936066867E+001   0.9925792645E+000   0.1026805631E+001   0.1013679691E+001
 0.8888889   0.1955945695E+001   0.9769621742E+000   0.1029933065E+001   0.1004823317E+001
 0.8989899   0.1960791502E+001   0.9876424936E+000   0.1029748928E+001   0.1010942356E+001
 0.9090909   0.1960626795E+001   0.9619545930E+000   0.1022341029E+001   0.9683353540E+000
 0.9191919   0.1947463855E+001   0.9729156407E+000   0.1016308704E+001   0.9886304923E+000
 0.9292929   0.1948779940E+001   0.9573567193E+000   0.1019678558E+001   0.9868843037E+000
 0.9393939   0.1975598988E+001   0.9693951565E+000   0.1021880467E+001   0.9736821343E+000
 0.9494949   0.2009810496E+001   0.9976121406E+000   0.1030604947E+001   0.1026412111E+001
 0.9595960   0.1995771053E+001   0.9796758808E+000   0.1022032757E+001   0.1014897104E+001
 0.9696970   0.2030160043E+001   0.1007614666E+001   0.1030506666E+001   0.1011982690E+001
 0.9797980   0.2016237243E+001   0.9587097790E+000   0.1027252270E+001   0.9888887315E+000
 0.9898990   0.2006564480E+001   0.9734037538E+000   0.1004677598E+001   0.9781754956E+000
 1.0000000   0.2030813198E+001   0.9843976796E+000   0.1020921705E+001   0.9932148522E+000


 0.0000000   0.8900855227E-002   0.1098344607E+001   0.9495564814E+000   0.1016294274E+001
 0.0101010   0.8887536201E-002   0.1068892487E+001   0.9532102139E+000   0.9922019262E+000
 0.0202020   0.8523125486E-002   0.1074993799E+001   0.9478868928E+000   0.1013022335E+001
 0.0303030   0.8110635597E-002   0.1062576158E+001   0.9486453419E+000   0.9878361232E+000
 0.0404040   0.7324712702E-002   0.1008221669E+001   0.9440549633E+000   0.9698967587E+000
 0.0505051   0.6583498952E-002   0.1081824448E+001   0.9523111171E+000   0.1005206035E+001
 0.0606061   0.5779652555E-002   0.1062509073E+001   0.9569104759E+000   0.1010060860E+001
 0.0707071   0.4867899954E-002   0.1018914017E+001   0.9453567857E+000   0.9786605372E+000
 0.0808081   0.4171313038E-002   0.1050705519E+001   0.9571933647E+000   0.9991736986E+000
 0.0909091   0.3607861428E-002   0.1050399335E+001   0.9550019936E+000   0.9907718603E+000
 0.1010101   0.3153135175E-002   0.1054766753E+001   0.9606066283E+000   0.1005973348E+001
 0.1111111   0.2848643354E-002   0.1053437090E+001   0.9486739674E+000   0.1006858091E+001
 0.1212121   0.2690703925E-002   0.1049833411E+001   0.9616488528E+000   0.1005296118E+001
 0.1313131   0.2612579191E-002   0.1059440355E+001   0.9596509179E+000   0.1021097622E+001
 0.1414141   0.2622715541E-002   0.1051570746E+001   0.9706870062E+000   0.1016331272E+001
 0.1515152   0.2665494413E-002   0.1057510366E+001   0.9574438028E+000   0.9858639513E+000
 0.1616162   0.2838192419E-002   0.1071109739E+001   0.9687096699E+000   0.1001465986E+001
 0.1717172   0.3014382549E-002   0.1043616850E+001   0.9616724858E+000   0.9986669823E+000
 0.1818182   0.3311119667E-002   0.1071651581E+001   0.9669871308E+000   0.1035152162E+001
 0.1919192   0.3700078629E-002   0.1083049183E+001   0.9679868020E+000   0.9813630240E+000
 0.2020202   0.4168272674E-002   0.1104741783E+001   0.9712000737E+000   0.1021346959E+001
 0.2121212   0.4773841058E-002   0.1051689435E+001   0.9691073388E+000   0.1008453845E+001
 0.2222222   0.5488466407E-002   0.1085121944E+001   0.9710541103E+000   0.9825517964E+000
 0.2323232   0.6367818478E-002   0.1072558091E+001   0.9756004037E+000   0.9867663889E+000
 0.2424242   0.7487833864E-002   0.1119770587E+001   0.9742117630E+000   0.1017534522E+001
 0.2525253   0.8808939779E-002   0.1078754011E+001   0.9836995640E+000   0.9892420598E+000
 0.2626263   0.1047525523E-001   0.1089028366E+001   0.9786811827E+000   0.1020307788E+001
 0.2727273   0.1239853865E-001   0.1067869008E+001   0.9831753474E+000   0.1001346948E+001
 0.2828283   0.1494961262E-001   0.1085106462E+001   0.9767212789E+000   0.1008270462E+001
 0.2929293   0.1770155181E-001   0.1066117912E+001   0.9817779691E+000   0.1019944240E+001
 0.3030303   0.2181912050E-001   0.1036504099E+001   0.9943278989E+000   0.1030261948E+001
 0.3131313   0.2638074638E-001   0.1029145369E+001   0.9879935811E+000   0.1015335535E+001
 0.3232323   0.3201684229E-001   0.1010003727E+001   0.9865278922E+000   0.9702410041E+000
 0.3333333   0.3958123317E-001   0.1002225285E+001   0.9916327881E+000   0.1025564769E+001
 0.3434343   0.4869888507E-001   0.9720317868E+000   0.9904640345E+000   0.9941982274E+000
 0.3535354   0.5988935836E-001   0.9920816593E+000   0.9935229080E+000   0.9915391735E+000
 0.3636364   0.7499132036E-001   0.9965196029E+000   0.1000377634E+001   0.1015192367E+001
 0.3737374   0.9193065521E-001   0.9713936173E+000   0.9914849138E+000   0.9859363394E+000
 0.3838384   0.1156724012E+000   0.9649087152E+000   0.9884639967E+000   0.9906415618E+000
 0.3939394   0.1443137706E+000   0.9777495095E+000   0.9966895673E+000   0.9996659372E+000
 0.4040404   0.1813168026E+000   0.9749216105E+000   0.9928259683E+000   0.9951103167E+000
 0.4141414   0.2282809228E+000   0.9723156087E+000   0.1002917822E+001   0.1029465680E+001
 0.4242424   0.2872779914E+000   0.9655881678E+000   0.1004201096E+001   0.1002098175E+001
 0.4343434   0.3614392999E+000   0.9530862398E+000   0.1003891462E+001   0.9978835829E+000
 0.4444444   0.4593521899E+000   0.9702497288E+000   0.1007308322E+001   0.9833528907E+000
 0.4545455   0.5842853503E+000   0.9832659766E+000   0.1009943834E+001   0.1000669718E+001
 0.4646465   0.7374620281E+000   0.9514452327E+000   0.1006458066E+001   0.9744009033E+000
 0.4747475   0.9368974777E+000   0.9596605888E+000   0.1002754542E+001   0.9759483987E+000
 0.4848485   0.1206849743E+001   0.9773194762E+000   0.1011118618E+001   0.9965645120E+000
 0.4949495   0.1539132706E+001   0.9501620133E+000   0.1016253391E+001   0.1004367942E+001
 0.5050505   0.1731682286E+001   0.9701362000E+000   0.1016079741E+001   0.9926909476E+000
 0.5151515   0.1740022691E+001   0.9659012321E+000   0.1021839547E+001   0.1012653960E+001
 0.5252525   0.1741665745E+001   0.9662469788E+000   0.1017679529E+001   0.9872875827E+000
 0.5353535   0.1723275581E+001   0.9759485300E+000   0.1020135557E+001   0.1011656614E+001
 0.5454545   0.1753077265E+001   0.9775293324E+000   0.1022689244E+001   0.9874114467E+000
 0.5555556   0.1728089050E+001   0.9505112004E+000   0.1015420571E+001   0.9938893718E+000
 0.5656566   0.1744715763E+001   0.9563820150E+000   0.1020168693E+001   0.1016939332E+001
 0.5757576   0.1763149611E+001   0.9862228856E+000   0.1025036671E+001   0.1000952836E+001
 0.5858586   0.1749079582E+001   0.9419758995E+000   0.1018702433E+001   0.1008658140E+001
 0.5959596   0.1749733537E+001   0.9682612548E+000   0.1018183696E+001   0.1016746297E+001
 0.6060606   0.1751940823E+001   0.9732771632E+000   0.1016912963E+001   0.9661406239E+000
 0.6161616   0.1762217129E+001   0.9680531187E+000   0.1023090915E+001   0.9884747466E+000
 0.6262626   0.1784453071E+001   0.9627172655E+000   0.1019043034E+001   0.9798637873E+000
 0.6363636   0.1772839950E+001   0.9743642874E+000   0.1012679352E+001   0.9916903841E+000
 0.6464646   0.1773339016E+001   0.9597156331E+000   0.1021380777E+001   0.1002656368E+001
 0.6565657   0.1790529104E+001   0.9673169017E+000   0.1017597730E+001   0.1002754494E+001
 0.6666667   0.1780226835E+001   0.9625968562E+000   0.1020327599E+001   0.1012637874E+001
 0.6767677   0.1785062875E+001   0.9634225201E+000   0.1022039026E+001   0.1004675189E+001
 0.6868687   0.1807018119E+001   0.9494292366E+000   0.1027256879E+001   0.9961897028E+000
 0.6969697   0.1804416734E+001   0.9805481662E+000   0.1019831863E+001   0.9957730694E+000
 0.7070707   0.1815025662E+001   0.9658203858E+000   0.1025730371E+001   0.1009584707E+001
 0.7171717   0.1803932556E+001   0.9529125063E+000   0.1030788884E+001   0.9916421254E+000
 0.7272727   0.1798273401E+001   0.9569995428E+000   0.1014262859E+001   0.9837807844E+000
 0.7373737   0.1815864873E+001   0.9796640177E+000   0.1020087820E+001   0.1008255984E+001
 0.7474747   0.1825647967E+001   0.9502669414E+000   0.1025888244E+001   0.9831759422E+000
 0.7575758   0.1839161160E+001   0.9807683432E+000   0.1025070482E+001   0.1005001740E+001
 0.7676768   0.1842494050E+001   0.9692984951E+000   0.1018533061E+001   0.9950877960E+000
 0.7777778   0.1834675852E+001   0.9525443978E+000   0.1021558038E+001   0.9940550600E+000
 0.7878788   0.1856259697E+001   0.9803623918E+000   0.1023289734E+001   0.1022444040E+001
 0.7979798   0.1859747331E+001   0.9807666231E+000   0.1024948934E+001   0.1004293946E+001
 0.8080808   0.1870250820E+001   0.9662848218E+000   0.1023428407E+001   0.1011656614E+001
 0.8181818   0.1879036069E+001   0.9576411525E+000   0.1019358801E+001   0.9792106863E+000
 0.8282828   0.1898482983E+001   0.9764748908E+000   0.1024669884E+001   0.1013675436E+001
 0.8383838   0.1901823067E+001   0.9672687379E+000   0.1025926267E+001   0.9897632536E+000
 0.8484848   0.1899918595E+001   0.9347427394E+000   0.1025803627E+001   0.9809849975E+000
 0.8585859   0.1921720807E+001   0.9731980371E+000   0.1029372444E+001   0.1000779104E+001
 0.8686869   0.1924837763E+001   0.9923534403E+000   0.1025570979E+001   0.1022723940E+001
 0.8787879   0.1938238126E+001   0.9858857395E+000   0.1025363975E+001   0.1012283977E+001
 0.8888889   0.1956760445E+001   0.9696906855E+000   0.1032643552E+001   0.1007495106E+001
 0.8989899   0.1960249364E+001   0.9796124137E+000   0.1026887998E+001   0.1008161076E+001
 0.9090909   0.1950537571E+001   0.9494860010E+000   0.1017715366E+001   0.9639802431E+000
 0.9191919   0.1961511050E+001   0.9722347625E+000   0.1025356414E+001   0.9974589064E+000
 0.9292929   0.1954927171E+001   0.9528316600E+000   0.1015541798E+001   0.9829073021E+000
 0.9393939   0.1986100965E+001   0.9668920288E+000   0.1026346398E+001   0.9779640034E+000
 0.9494949   0.2004260948E+001   0.9870416690E+000   0.1030931058E+001   0.1026764801E+001
 0.9595960   0.1999665053E+001   0.9738757695E+000   0.1025187333E+001   0.1018057325E+001
 0.9696970   0.2021947131E+001   0.9956543759E+000   0.1027350515E+001   0.1008910694E+001
 0.9797980   0.2021846566E+001   0.9538241769E+000   0.1032975285E+001   0.9944250433E+000
 0.9898990   0.2016547076E+001   0.9705610729E+000   0.1011618325E+001   0.9849599052E+000
 1.0000000   0.2037298000E+001   0.9797827069E+000   0.1023115065E+001   0.9953757395E+000


 0.0000000   0.8576955239E-002   0.1064801864E+001   0.9521369849E+000   0.1019023733E+001
 0.0101010   0.8557344094E-002   0.1035429208E+001   0.9540360298E+000   0.9930299392E+000
 0.0202020   0.8225611689E-002   0.1043768184E+001   0.9490958224E+000   0.1014282078E+001
 0.0303030   0.7814578747E-002   0.1030005453E+001   0.9518858105E+000   0.9911789385E+000
 0.0404040   0.7054226254E-002   0.9768853387E+000   0.9453747319E+000   0.9712217637E+000
 0.0505051   0.6350496418E-002   0.1049872285E+001   0.9549732859E+000   0.1007984011E+001
 0.0606061   0.5549366987E-002   0.1026368078E+001   0.9586678229E+000   0.1011883633E+001
 0.0707071   0.4710361418E-002   0.9919251421E+000   0.9535288144E+000   0.9870890617E+000
 0.0808081   0.4048223816E-002   0.1025891710E+001   0.9595376815E+000   0.1001588976E+001
 0.0909091   0.3493824979E-002   0.1023374307E+001   0.9589577277E+000   0.9948441162E+000
 0.1010101   0.3070790252E-002   0.1033457855E+001   0.9617273567E+000   0.1007114974E+001
 0.1111111   0.2768973142E-002   0.1030191693E+001   0.9510869768E+000   0.1009386991E+001
 0.1212121   0.2613232441E-002   0.1025796690E+001   0.9618295149E+000   0.1005453001E+001
 0.1313131   0.2552073016E-002   0.1041187435E+001   0.9592539218E+000   0.1020642745E+001
 0.1414141   0.2563172851E-002   0.1033936757E+001   0.9699318467E+000   0.1015508305E+001
 0.1515152   0.2617646550E-002   0.1044832411E+001   0.9616205118E+000   0.9901331477E+000
 0.1616162   0.2784126632E-002   0.1057084954E+001   0.9692987677E+000   0.1002043134E+001
 0.1717172   0.2951217651E-002   0.1027951749E+001   0.9653632410E+000   0.1002467833E+001
 0.1818182   0.3267697418E-002   0.1064018898E+001   0.9680639378E+000   0.1036271917E+001
 0.1919192   0.3637757944E-002   0.1071272109E+001   0.9680502449E+000   0.9813961300E+000
 0.2020202   0.4106566873E-002   0.1094995496E+001   0.9677506265E+000   0.1017687035E+001
 0.2121212   0.4697214831E-002   0.1041091148E+001   0.9699511764E+000   0.1009299842E+001
 0.2222222   0.5427550712E-002   0.1079593348E+001   0.9698445522E+000   0.9812967062E+000
 0.2323232   0.6322527008E-002   0.1071395002E+001   0.9737283574E+000   0.9848415934E+000
 0.2424242   0.7411017579E-002   0.1115011826E+001   0.9755134686E+000   0.1018861709E+001
 0.2525253   0.8761821822E-002   0.1079498328E+001   0.9834207710E+000   0.9889302428E+000
 0.2626263   0.1041709003E-001   0.1089556537E+001   0.9833405901E+000   0.1025132772E+001
 0.2727273   0.1230130445E-001   0.1065926904E+001   0.9833369963E+000   0.1001479733E+001
 0.2828283   0.1489538699E-001   0.1087734682E+001   0.9799636209E+000   0.1011585362E+001
 0.2929293   0.1773164508E-001   0.1074414112E+001   0.9858242174E+000   0.1024115212E+001
 0.3030303   0.2179914636E-001   0.1041842441E+001   0.9905286106E+000   0.1026292716E+001
 0.3131313   0.2645021545E-001   0.1038120181E+001   0.9880868223E+000   0.1015399061E+001
 0.3232323   0.3218990777E-001   0.1021628469E+001   0.9861199626E+000   0.9698089641E+000
 0.3333333   0.3967951872E-001   0.1010813899E+001   0.9907932217E+000   0.1024663884E+001
 0.3434343   0.4893634709E-001   0.9827018442E+000   0.9920219410E+000   0.9957303380E+000
 0.3535354   0.6044242489E-001   0.1007322222E+001   0.9921087251E+000   0.9900963241E+000
 0.3636364   0.7512968857E-001   0.1004419670E+001   0.1000263567E+001   0.1015044327E+001
 0.3737374   0.9245224314E-001   0.9828361395E+000   0.9945717346E+000   0.9889744311E+000
 0.3838384   0.1162062416E+000   0.9752471898E+000   0.9913636570E+000   0.9935160110E+000
 0.3939394   0.1457297919E+000   0.9933377763E+000   0.1001683551E+001   0.1004642882E+001
 0.4040404   0.1829257900E+000   0.9895445684E+000   0.9923604838E+000   0.9946121274E+000
 0.4141414   0.2294506738E+000   0.9832314237E+000   0.1002422359E+001   0.1028924377E+001
 0.4242424   0.2894014436E+000   0.9786311772E+000   0.1005775736E+001   0.1003637597E+001
 0.4343434   0.3633913040E+000   0.9640512718E+000   0.1004058935E+001   0.9980183123E+000
 0.4444444   0.4626383894E+000   0.9831237341E+000   0.1005633870E+001   0.9816870366E+000
 0.4545455   0.5866685464E+000   0.9932706287E+000   0.1007908177E+001   0.9986209922E+000
 0.4646465   0.7412360703E+000   0.9621204605E+000   0.1005999373E+001   0.9739258449E+000
 0.4747475   0.9406260219E+000   0.9693293293E+000   0.1002426028E+001   0.9755976372E+000
 0.4848485   0.1206963081E+001   0.9833454480E+000   0.1011405344E+001   0.9968154074E+000
 0.4949495   0.1546255071E+001   0.9603543510E+000   0.1016122998E+001   0.1004207135E+001
 0.5050505   0.1736299550E+001   0.9786286433E+000   0.1011939726E+001   0.9886147871E+000
 0.5151515   0.1749085740E+001   0.9768270596E+000   0.1023867995E+001   0.1014631902E+001
 0.5252525   0.1742593055E+001   0.9726309659E+000   0.1017660357E+001   0.9872375837E+000
 0.5353535   0.1733618700E+001   0.9877670564E+000   0.1016673687E+001   0.1008191451E+001
 0.5454545   0.1751846984E+001   0.9827740596E+000   0.1023137953E+001   0.9878132596E+000
 0.5555556   0.1731256013E+001   0.9580345902E+000   0.1016934976E+001   0.9953400076E+000
 0.5656566   0.1744532606E+001   0.9620875202E+000   0.1017036650E+001   0.1013784959E+001
 0.5757576   0.1762207894E+001   0.9916806233E+000   0.1021263320E+001   0.9972364241E+000
 0.5858586   0.1746935701E+001   0.9465333405E+000   0.1016669206E+001   0.1006612945E+001
 0.5959596   0.1749460451E+001   0.9739878549E+000   0.1016142880E+001   0.1014676091E+001
 0.6060606   0.1760132676E+001   0.9837648040E+000   0.1015475755E+001   0.9647444888E+000
 0.6161616   0.1768281105E+001   0.9772818898E+000   0.1023730859E+001   0.9890615803E+000
 0.6262626   0.1776800415E+001   0.9644085479E+000   0.1017867029E+001   0.9787018684E+000
 0.6363636   0.1777923321E+001   0.9830907938E+000   0.1013830070E+001   0.9927856758E+000
 0.6464646   0.1774411839E+001   0.9661265138E+000   0.1022381587E+001   0.1003606910E+001
 0.6565657   0.1789766652E+001   0.9727753966E+000   0.1017726583E+001   0.1002849571E+001
 0.6666667   0.1779803161E+001   0.9682106243E+000   0.1020126942E+001   0.1012406528E+001
 0.6767677   0.1788990740E+001   0.9714045713E+000   0.1021218263E+001   0.1003836444E+001
 0.6868687   0.1801000933E+001   0.9520128410E+000   0.1024834910E+001   0.9938093725E+000
 0.6969697   0.1801297538E+001   0.9847960903E+000   0.1018892757E+001   0.9948244770E+000
 0.7070707   0.1816240368E+001   0.9723345027E+000   0.1026213109E+001   0.1010027722E+001
 0.7171717   0.1802498389E+001   0.9579357692E+000   0.1026742001E+001   0.9877175182E+000
 0.7272727   0.1803389099E+001   0.9655487907E+000   0.1015071183E+001   0.9845335025E+000
 0.7373737   0.1818101216E+001   0.9868257226E+000   0.1020339366E+001   0.1008472538E+001
 0.7474747   0.1825242095E+001   0.9558237860E+000   0.1023787024E+001   0.9811309999E+000
 0.7575758   0.1837572248E+001   0.9858704525E+000   0.1021617053E+001   0.1001584066E+001
 0.7676768   0.1841889219E+001   0.9748633080E+000   0.1020031032E+001   0.9965195910E+000
 0.7777778   0.1841054212E+001   0.9616592956E+000   0.1020993659E+001   0.9934742775E+000
 0.7878788   0.1855929487E+001   0.9861390430E+000   0.1021999784E+001   0.1021122679E+001
 0.7979798   0.1858263288E+001   0.9859337993E+000   0.1025564402E+001   0.1004865051E+001
 0.8080808   0.1866644682E+001   0.9702769978E+000   0.1020871793E+001   0.1009097312E+001
 0.8181818   0.1877482837E+001   0.9626589085E+000   0.1021332831E+001   0.9810757645E+000
 0.8282828   0.1885121333E+001   0.9754891746E+000   0.1021459289E+001   0.1010467151E+001
 0.8383838   0.1895158076E+001   0.9697309482E+000   0.1024853678E+001   0.9886970265E+000
 0.8484848   0.1896916133E+001   0.9389317214E+000   0.1022900652E+001   0.9781777456E+000
 0.8585859   0.1911840613E+001   0.9740727396E+000   0.1025940453E+001   0.9974107226E+000
 0.8686869   0.1925298068E+001   0.9986171008E+000   0.1024907471E+001   0.1022029768E+001
 0.8787879   0.1932143908E+001   0.9887527331E+000   0.1021670060E+001   0.1008605103E+001
 0.8888889   0.1949792326E+001   0.9721039203E+000   0.1029984380E+001   0.1004868733E+001
 0.8989899   0.1960052983E+001   0.9854612320E+000   0.1028019350E+001   0.1009239697E+001
 0.9090909   0.1949677097E+001   0.9548292408E+000   0.1019018545E+001   0.9651839174E+000
 0.9191919   0.1958354650E+001   0.9765635368E+000   0.1023902275E+001   0.9960126524E+000
 0.9292929   0.1960589592E+001   0.9613932389E+000   0.1016546662E+001   0.9838485831E+000
 0.9393939   0.1976711937E+001   0.9681637477E+000   0.1020995742E+001   0.9728346382E+000
 0.9494949   0.2002229380E+001   0.9920277640E+000   0.1028971423E+001   0.1024780492E+001
 0.9595960   0.2005000726E+001   0.9824028472E+000   0.1025013917E+001   0.1017852742E+001
 0.9696970   0.2016618117E+001   0.9990592616E+000   0.1027108252E+001   0.1008640699E+001
 0.9797980   0.2013684877E+001   0.9557414351E+000   0.1029270140E+001   0.9908266592E+000
 0.9898990   0.2014683426E+001   0.9755512545E+000   0.1014968214E+001   0.9881900880E+000
 1.0000000   0.2041722824E+001   0.9878722122E+000   0.1023744251E+001   0.9959561896E+000


 0.0000000   0.8522717072E-002   0.1061902075E+001   0.9519510952E+000   0.1018827691E+001
 0.0101010   0.8487864224E-002   0.1030743438E+001   0.9543357033E+000   0.9933446946E+000
 0.0202020   0.8160687071E-002   0.1039281782E+001   0.9480707769E+000   0.1013189520E+001
 0.0303030   0.7761831375E-002   0.1026759888E+001   0.9550358970E+000   0.9944618950E+000
 0.0404040   0.6978668224E-002   0.9699235338E+000   0.9449594700E+000   0.9707979175E+000
 0.0505051   0.6296378195E-002   0.1044696983E+001   0.9549467301E+000   0.1007958857E+001
 0.0606061   0.5490815424E-002   0.1019218443E+001   0.9576483239E+000   0.1010810425E+001
 0.0707071   0.4656548538E-002   0.9841460189E+000   0.9541853176E+000   0.9877714888E+000
 0.0808081   0.4015854026E-002   0.1021376030E+001   0.9579114648E+000   0.9998943434E+000
 0.0909091   0.3470840510E-002   0.1020325546E+001   0.9617005480E+000   0.9976924251E+000
 0.1010101   0.3055307512E-002   0.1031972878E+001   0.9638191404E+000   0.1009308356E+001
 0.1111111   0.2750698242E-002   0.1027100613E+001   0.9532323715E+000   0.1011666781E+001
 0.1212121   0.2569071618E-002   0.1012115794E+001   0.9632116696E+000   0.1006900715E+001
 0.1313131   0.2516300502E-002   0.1030312729E+001   0.9581179506E+000   0.1019436983E+001
 0.1414141   0.2534023950E-002   0.1025882294E+001   0.9675348034E+000   0.1013001515E+001
 0.1515152   0.2595836975E-002   0.1039881336E+001   0.9638745400E+000   0.9924568402E+000
 0.1616162   0.2754572291E-002   0.1049653165E+001   0.9701443434E+000   0.1002920135E+001
 0.1717172   0.2924225409E-002   0.1022240480E+001   0.9637694754E+000   0.1000815665E+001
 0.1818182   0.3218871284E-002   0.1051917924E+001   0.9692361905E+000   0.1037529724E+001
 0.1919192   0.3590831360E-002   0.1061284321E+001   0.9688872724E+000   0.9822474989E+000
 0.2020202   0.4059323020E-002   0.1086320020E+001   0.9674481805E+000   0.1017371885E+001
 0.2121212   0.4649623923E-002   0.1034277069E+001   0.9714625283E+000   0.1010875390E+001
 0.2222222   0.5398723896E-002   0.1077750333E+001   0.9690128794E+000   0.9804580096E+000
 0.2323232   0.6272068495E-002   0.1066695478E+001   0.9768073146E+000   0.9879585091E+000
 0.2424242   0.7327454151E-002   0.1106433912E+001   0.9754225114E+000   0.1018769616E+001
 0.2525253   0.8639249836E-002   0.1068253511E+001   0.9798802596E+000   0.9853727070E+000
 0.2626263   0.1029621522E-001   0.1080815846E+001   0.9831654376E+000   0.1024953099E+001
 0.2727273   0.1225543108E-001   0.1065799685E+001   0.9865964112E+000   0.1004802151E+001
 0.2828283   0.1474704157E-001   0.1080803714E+001   0.9797469610E+000   0.1011364595E+001
 0.2929293   0.1769650453E-001   0.1076170057E+001   0.9864176139E+000   0.1024734580E+001
 0.3030303   0.2160751471E-001   0.1036425557E+001   0.9850917460E+000   0.1020662459E+001
 0.3131313   0.2622520307E-001   0.1033018307E+001   0.9862538192E+000   0.1013518282E+001
 0.3232323   0.3204177296E-001   0.1020611674E+001   0.9862239523E+000   0.9699140004E+000
 0.3333333   0.3943383016E-001   0.1008194930E+001   0.9890084985E+000   0.1022821067E+001
 0.3434343   0.4865765671E-001   0.9806457528E+000   0.9897257146E+000   0.9934283616E+000
 0.3535354   0.5994278166E-001   0.1002614927E+001   0.9923890906E+000   0.9903789459E+000
 0.3636364   0.7479764268E-001   0.1003603737E+001   0.9961912943E+000   0.1010914762E+001
 0.3737374   0.9219092168E-001   0.9836091497E+000   0.9972701886E+000   0.9916605273E+000
 0.3838384   0.1153923318E+000   0.9719254191E+000   0.9923066256E+000   0.9944638636E+000
 0.3939394   0.1447812412E+000   0.9904479133E+000   0.1001101469E+001   0.1004061944E+001
 0.4040404   0.1826280581E+000   0.9915135634E+000   0.9929767348E+000   0.9952326156E+000
 0.4141414   0.2287881846E+000   0.9839448193E+000   0.1000393645E+001   0.1026844957E+001
 0.4242424   0.2888826141E+000   0.9804162437E+000   0.1006100462E+001   0.1003964496E+001
 0.4343434   0.3632463213E+000   0.9671583034E+000   0.1002000187E+001   0.9959747910E+000
 0.4444444   0.4619959819E+000   0.9853158074E+000   0.1004967918E+001   0.9810397413E+000
 0.4545455   0.5861898940E+000   0.9960562253E+000   0.1009260034E+001   0.9999632456E+000
 0.4646465   0.7422200543E+000   0.9668883522E+000   0.1007699768E+001   0.9755748104E+000
 0.4747475   0.9442634969E+000   0.9766035622E+000   0.1005690753E+001   0.9787777796E+000
 0.4848485   0.1209748658E+001   0.9891861190E+000   0.1012029647E+001   0.9974335496E+000
 0.4949495   0.1540050813E+001   0.9599666822E+000   0.1013641562E+001   0.1001757656E+001
 0.5050505   0.1744360416E+001   0.9867343150E+000   0.1011899828E+001   0.9885786292E+000
 0.5151515   0.1749539034E+001   0.9806204765E+000   0.1020628624E+001   0.1011424639E+001
 0.5252525   0.1748021362E+001   0.9791959025E+000   0.1018401608E+001   0.9879594934E+000
 0.5353535   0.1736963366E+001   0.9932586412E+000   0.1015737449E+001   0.1007265897E+001
 0.5454545   0.1754163495E+001   0.9876392076E+000   0.1020591921E+001   0.9853579422E+000
 0.5555556   0.1729023507E+001   0.9602659539E+000   0.1018212190E+001   0.9965929424E+000
 0.5656566   0.1745960208E+001   0.9663636156E+000   0.1016901501E+001   0.1013653134E+001
 0.5757576   0.1763145724E+001   0.9958034620E+000   0.1021325189E+001   0.9972996824E+000
 0.5858586   0.1751841212E+001   0.9526304803E+000   0.1016163620E+001   0.1006115230E+001
 0.5959596   0.1748243820E+001   0.9768371155E+000   0.1016965778E+001   0.1015500698E+001
 0.6060606   0.1759127884E+001   0.9867656577E+000   0.1016003198E+001   0.9652483353E+000
 0.6161616   0.1766767844E+001   0.9799835130E+000   0.1020736032E+001   0.9861709885E+000
 0.6262626   0.1770754542E+001   0.9646094383E+000   0.1019628092E+001   0.9803979663E+000
 0.6363636   0.1776998876E+001   0.9861398158E+000   0.1013790916E+001   0.9927501668E+000
 0.6464646   0.1774517683E+001   0.9696849253E+000   0.1019904221E+001   0.1001177893E+001
 0.6565657   0.1783720952E+001   0.9730021908E+000   0.1018504521E+001   0.1003619001E+001
 0.6666667   0.1779696514E+001   0.9716605232E+000   0.1022358075E+001   0.1014623671E+001
 0.6767677   0.1788582456E+001   0.9747017712E+000   0.1020757822E+001   0.1003386702E+001
 0.6868687   0.1800894518E+001   0.9554058213E+000   0.1022880990E+001   0.9919174342E+000
 0.6969697   0.1801523862E+001   0.9884884923E+000   0.1018132384E+001   0.9940849014E+000
 0.7070707   0.1810651277E+001   0.9728545770E+000   0.1023672131E+001   0.1007529694E+001
 0.7171717   0.1805293911E+001   0.9628977253E+000   0.1028429233E+001   0.9893434439E+000
 0.7272727   0.1809563789E+001   0.9723652273E+000   0.1016690594E+001   0.9861070079E+000
 0.7373737   0.1823110794E+001   0.9931302374E+000   0.1023520473E+001   0.1011619534E+001
 0.7474747   0.1819359733E+001   0.9561954538E+000   0.1022567274E+001   0.9799648666E+000
 0.7575758   0.1838124967E+001   0.9897401761E+000   0.1023677721E+001   0.1003607189E+001
 0.7676768   0.1842073113E+001   0.9784932206E+000   0.1021297137E+001   0.9977593587E+000
 0.7777778   0.1840042832E+001   0.9646134826E+000   0.1020131260E+001   0.9926379546E+000
 0.7878788   0.1852944774E+001   0.9881204689E+000   0.1021285039E+001   0.1020411458E+001
 0.7979798   0.1856435719E+001   0.9885329786E+000   0.1022908451E+001   0.1002265564E+001
 0.8080808   0.1866276880E+001   0.9736007343E+000   0.1018948387E+001   0.1007198964E+001
 0.8181818   0.1874192531E+001   0.9644537362E+000   0.1021180723E+001   0.9809324507E+000
 0.8282828   0.1883774828E+001   0.9783243747E+000   0.1019627268E+001   0.1008657722E+001
 0.8383838   0.1895154649E+001   0.9732428214E+000   0.1025968726E+001   0.9897755593E+000
 0.8484848   0.1898921165E+001   0.9433298021E+000   0.1023541669E+001   0.9787935287E+000
 0.8585859   0.1907101863E+001   0.9751789883E+000   0.1026243486E+001   0.9977081741E+000
 0.8686869   0.1923770267E+001   0.1001440083E+001   0.1023183964E+001   0.1020314010E+001
 0.8787879   0.1936662328E+001   0.9946559167E+000   0.1023973813E+001   0.1010882280E+001
 0.8888889   0.1943273337E+001   0.9723642162E+000   0.1027954888E+001   0.1002891590E+001
 0.8989899   0.1954700256E+001   0.9863309048E+000   0.1028512472E+001   0.1009726691E+001
 0.9090909   0.1952409775E+001   0.9596320236E+000   0.1020772376E+001   0.9668478513E+000
 0.9191919   0.1961621071E+001   0.9817366792E+000   0.1026109834E+001   0.9981629288E+000
 0.9292929   0.1967703422E+001   0.9683776335E+000   0.1018711463E+001   0.9859465641E+000
 0.9393939   0.1978153655E+001   0.9723803931E+000   0.1021345954E+001   0.9731711070E+000
 0.9494949   0.1999178053E+001   0.9941048927E+000   0.1026292415E+001   0.1022115311E+001
 0.9595960   0.2009930006E+001   0.9883863759E+000   0.1028563084E+001   0.1021380026E+001
 0.9696970   0.2018260073E+001   0.1003495555E+001   0.1028209190E+001   0.1009724722E+001
 0.9797980   0.2014223933E+001   0.9594611556E+000   0.1026875721E+001   0.9885244917E+000
 0.9898990   0.2016636406E+001   0.9800350767E+000   0.1017450056E+001   0.9906092762E+000
 1.0000000   0.2039828766E+001   0.9905318308E+000   0.1023974948E+001   0.9961834663E+000


 0.0000000   0.8586104237E-002   0.1069240684E+001   0.9539296062E+000   0.1020935781E+001
 0.0101010   0.8515435918E-002   0.1033551116E+001   0.9517421977E+000   0.9906360422E+000
 0.0202020   0.8223420677E-002   0.1046723604E+001   0.9504453626E+000   0.1015717838E+001
 0.0303030   0.7819856922E-002   0.1033894960E+001   0.9578060701E+000   0.9973372292E+000
 0.0404040   0.7031748386E-002   0.9767899621E+000   0.9458764613E+000   0.9717310209E+000
 0.0505051   0.6345173807E-002   0.1052242836E+001   0.9581543277E+000   0.1011335192E+001
 0.0606061   0.5516716435E-002   0.1023490959E+001   0.9563220022E+000   0.1009401166E+001
 0.0707071   0.4698381439E-002   0.9924681960E+000   0.9556596625E+000   0.9892886054E+000
 0.0808081   0.4036177978E-002   0.1026008533E+001   0.9588854258E+000   0.1000901760E+001
 0.0909091   0.3490016595E-002   0.1025426449E+001   0.9624655648E+000   0.9984768646E+000
 0.1010101   0.3076795904E-002   0.1038687643E+001   0.9628854054E+000   0.1008321253E+001
 0.1111111   0.2776655983E-002   0.1036251172E+001   0.9552081802E+000   0.1013754360E+001
 0.1212121   0.2579535027E-002   0.1015706755E+001   0.9634438765E+000   0.1007134167E+001
 0.1313131   0.2517096760E-002   0.1030100013E+001   0.9560561119E+000   0.1017233807E+001
 0.1414141   0.2533498197E-002   0.1025133295E+001   0.9687488205E+000   0.1014263228E+001
 0.1515152   0.2599754175E-002   0.1040906150E+001   0.9649230345E+000   0.9935272637E+000
 0.1616162   0.2757331315E-002   0.1050155277E+001   0.9697306089E+000   0.1002483178E+001
 0.1717172   0.2921083679E-002   0.1020608421E+001   0.9649658241E+000   0.1002048758E+001
 0.1818182   0.3222907443E-002   0.1052686368E+001   0.9688445585E+000   0.1037100932E+001
 0.1919192   0.3598631690E-002   0.1063033766E+001   0.9671865801E+000   0.9805143128E+000
 0.2020202   0.4045099094E-002   0.1081947674E+001   0.9676743325E+000   0.1017600323E+001
 0.2121212   0.4638819480E-002   0.1031334300E+001   0.9735031147E+000   0.1012989422E+001
 0.2222222   0.5383718758E-002   0.1074193039E+001   0.9705062113E+000   0.9819599235E+000
 0.2323232   0.6258235388E-002   0.1063786504E+001   0.9768299157E+000   0.9879722570E+000
 0.2424242   0.7307003846E-002   0.1102769193E+001   0.9754454097E+000   0.1018784136E+001
 0.2525253   0.8619223949E-002   0.1065220169E+001   0.9789703635E+000   0.9844486320E+000
 0.2626263   0.1023732464E-001   0.1074072229E+001   0.9832180980E+000   0.1024998545E+001
 0.2727273   0.1224541510E-001   0.1064371966E+001   0.9840313121E+000   0.1002180475E+001
 0.2828283   0.1468548670E-001   0.1075729773E+001   0.9814790404E+000   0.1013143228E+001
 0.2929293   0.1770521568E-001   0.1076136978E+001   0.9873761982E+000   0.1025720941E+001
 0.3030303   0.2158969641E-001   0.1035029558E+001   0.9833708618E+000   0.1018870039E+001
 0.3131313   0.2618708923E-001   0.1030977784E+001   0.9849489767E+000   0.1012168034E+001
 0.3232323   0.3191388272E-001   0.1016006667E+001   0.9888992106E+000   0.9725360469E+000
 0.3333333   0.3932077471E-001   0.1004778964E+001   0.9888598595E+000   0.1022657915E+001
 0.3434343   0.4863399200E-001   0.9796564481E+000   0.9892440779E+000   0.9929357659E+000
 0.3535354   0.5971329486E-001   0.9982543920E+000   0.9933944885E+000   0.9913731646E+000
 0.3636364   0.7474346975E-001   0.1002352631E+001   0.9951345936E+000   0.1009833131E+001
 0.3737374   0.9217847361E-001   0.9829622424E+000   0.9980928816E+000   0.9924694399E+000
 0.3838384   0.1151789214E+000   0.9696207902E+000   0.9952939593E+000   0.9974484930E+000
 0.3939394   0.1448924694E+000   0.9906906875E+000   0.1000371864E+001   0.1003320929E+001
 0.4040404   0.1823508475E+000   0.9894910381E+000   0.9965509576E+000   0.9988057472E+000
 0.4141414   0.2290882571E+000   0.9847203200E+000   0.1000398162E+001   0.1026840123E+001
 0.4242424   0.2887716022E+000   0.9795271902E+000   0.1006278103E+001   0.1004132500E+001
 0.4343434   0.3633714732E+000   0.9669857858E+000   0.1001538907E+001   0.9955071040E+000
 0.4444444   0.4621928766E+000   0.9852204555E+000   0.1004605714E+001   0.9806771178E+000
 0.4545455   0.5876455418E+000   0.9980077035E+000   0.1011094341E+001   0.1001771417E+001
 0.4646465   0.7396340909E+000   0.9630159603E+000   0.1007519477E+001   0.9753912713E+000
 0.4747475   0.9473469995E+000   0.9792805017E+000   0.1008157662E+001   0.9811696236E+000
 0.4848485   0.1212838482E+001   0.9911942022E+000   0.1009809564E+001   0.9952363077E+000
 0.4949495   0.1541324600E+001   0.9602584565E+000   0.1013770797E+001   0.1001876136E+001
 0.5050505   0.1748210576E+001   0.9883953021E+000   0.1013129134E+001   0.9897704756E+000
 0.5151515   0.1749190157E+001   0.9799124297E+000   0.1018956904E+001   0.1009758682E+001
 0.5252525   0.1745131775E+001   0.9770662194E+000   0.1018726913E+001   0.9882659606E+000
 0.5353535   0.1738772550E+001   0.9937734483E+000   0.1016414231E+001   0.1007927739E+001
 0.5454545   0.1753678689E+001   0.9868501200E+000   0.1019038371E+001   0.9838489530E+000
 0.5555556   0.1730034525E+001   0.9603251976E+000   0.1018203824E+001   0.9965755634E+000
 0.5656566   0.1746892369E+001   0.9663741336E+000   0.1017090402E+001   0.1013832081E+001
 0.5757576   0.1764469123E+001   0.9960299718E+000   0.1019921934E+001   0.9959202526E+000
 0.5858586   0.1751381910E+001   0.9518828766E+000   0.1015172735E+001   0.1005124874E+001
 0.5959596   0.1748396007E+001   0.9764114812E+000   0.1018193802E+001   0.1016717576E+001
 0.6060606   0.1758400872E+001   0.9858422456E+000   0.1017460080E+001   0.9666235236E+000
 0.6161616   0.1765136097E+001   0.9785666259E+000   0.1022349051E+001   0.9877202773E+000
 0.6262626   0.1771425925E+001   0.9644707463E+000   0.1018553680E+001   0.9793558607E+000
 0.6363636   0.1775757427E+001   0.9849357500E+000   0.1015571332E+001   0.9944844592E+000
 0.6464646   0.1773097809E+001   0.9684025547E+000   0.1019763174E+001   0.1001030204E+001
 0.6565657   0.1786813159E+001   0.9741794576E+000   0.1017418522E+001   0.1002539628E+001
 0.6666667   0.1775170880E+001   0.9686830361E+000   0.1024366926E+001   0.1016607948E+001
 0.6767677   0.1791105797E+001   0.9755666577E+000   0.1022060280E+001   0.1004657730E+001
 0.6868687   0.1800070980E+001   0.9544697261E+000   0.1023066519E+001   0.9920881979E+000
 0.6969697   0.1802140552E+001   0.9883099749E+000   0.1019202060E+001   0.9951201352E+000
 0.7070707   0.1809265593E+001   0.9716019012E+000   0.1023832472E+001   0.1007678214E+001
 0.7171717   0.1806176211E+001   0.9628647369E+000   0.1026937656E+001   0.9878994447E+000
 0.7272727   0.1807408917E+001   0.9706996297E+000   0.1015992220E+001   0.9854205536E+000
 0.7373737   0.1824438797E+001   0.9933341401E+000   0.1024979666E+001   0.1013052417E+001
 0.7474747   0.1818722746E+001   0.9553610149E+000   0.1022555874E+001   0.9799449042E+000
 0.7575758   0.1839141419E+001   0.9897698299E+000   0.1022987111E+001   0.1002920870E+001
 0.7676768   0.1843621936E+001   0.9788040213E+000   0.1021041949E+001   0.9975008524E+000
 0.7777778   0.1840876270E+001   0.9645459356E+000   0.1018837471E+001   0.9913698921E+000
 0.7878788   0.1855630994E+001   0.9890356783E+000   0.1021615347E+001   0.1020732070E+001
 0.7979798   0.1854028750E+001   0.9867352240E+000   0.1021142725E+001   0.1000526245E+001
 0.8080808   0.1865230891E+001   0.9725464138E+000   0.1017630866E+001   0.1005887358E+001
 0.8181818   0.1873781704E+001   0.9637382844E+000   0.1020977986E+001   0.9807286591E+000
 0.8282828   0.1882360609E+001   0.9770788917E+000   0.1018747397E+001   0.1007778024E+001
 0.8383838   0.1896097562E+001   0.9732180485E+000   0.1024458319E+001   0.9883093207E+000
 0.8484848   0.1903446828E+001   0.9450837374E+000   0.1025008369E+001   0.9801870664E+000
 0.8585859   0.1911446485E+001   0.9768896513E+000   0.1027930598E+001   0.9993391587E+000
 0.8686869   0.1923885233E+001   0.1000976413E+001   0.1024508543E+001   0.1021625453E+001
 0.8787879   0.1933082544E+001   0.9922983865E+000   0.1023735141E+001   0.1010637339E+001
 0.8888889   0.1942812695E+001   0.9716255563E+000   0.1025850997E+001   0.1000829766E+001
 0.8989899   0.1952009774E+001   0.9844584247E+000   0.1027246193E+001   0.1008474240E+001
 0.9090909   0.1957725907E+001   0.9617419665E+000   0.1021306779E+001   0.9673451018E+000
 0.9191919   0.1963313590E+001   0.9820701088E+000   0.1026666581E+001   0.9986953016E+000
 0.9292929   0.1965361860E+001   0.9667196664E+000   0.1017892492E+001   0.9851448486E+000
 0.9393939   0.1979847719E+001   0.9727043958E+000   0.1020681142E+001   0.9725286839E+000
 0.9494949   0.1992405445E+001   0.9902192760E+000   0.1023037564E+001   0.1018864312E+001
 0.9595960   0.2004407443E+001   0.9851554041E+000   0.1023910241E+001   0.1016750300E+001
 0.9696970   0.2013333502E+001   0.1000522743E+001   0.1024597610E+001   0.1006168790E+001
 0.9797980   0.2021489426E+001   0.9624186701E+000   0.1028952052E+001   0.9905141429E+000
 0.9898990   0.2018151736E+001   0.9802588073E+000   0.1013232539E+001   0.9864939216E+000
 1.0000000   0.2032331538E+001   0.9863753292E+000   0.1019398090E+001   0.9917216820E+000


 0.0000000   0.8678525014E-002   0.1077911353E+001   0.9550707947E+000   0.1022145553E+001
 0.0101010   0.8611006301E-002   0.1042405731E+001   0.9553115013E+000   0.9943399471E+000
 0.0202020   0.8310632365E-002   0.1055045986E+001   0.9535400195E+000   0.1019013482E+001
 0.0303030   0.7886334224E-002   0.1039945543E+001   0.9579993961E+000   0.9975272365E+000
 0.0404040   0.7112579309E-002   0.9854232301E+000   0.9490415405E+000   0.9749715720E+000
 0.0505051   0.6390806487E-002   0.1057026634E+001   0.9572534339E+000   0.1010372852E+001
 0.0606061   0.5565903781E-002   0.1029904253E+001   0.9568349112E+000   0.1009931105E+001
 0.0707071   0.4756535525E-002   0.1002113423E+001   0.9580714597E+000   0.9917740393E+000
 0.0808081   0.4085720787E-002   0.1035874534E+001   0.9611644182E+000   0.1003269250E+001
 0.0909091   0.3532877352E-002   0.1035293272E+001   0.9609829857E+000   0.9969275229E+000
 0.1010101   0.3111804160E-002   0.1047746796E+001   0.9619312620E+000   0.1007310677E+001
 0.1111111   0.2808340172E-002   0.1045322937E+001   0.9582282662E+000   0.1016948034E+001
 0.1212121   0.2604925872E-002   0.1023010494E+001   0.9635868679E+000   0.1007272234E+001
 0.1313131   0.2542632874E-002   0.1037817400E+001   0.9568212029E+000   0.1018036326E+001
 0.1414141   0.2548918726E-002   0.1028663987E+001   0.9698387187E+000   0.1015392833E+001
 0.1515152   0.2625393612E-002   0.1048410887E+001   0.9671800720E+000   0.9958399302E+000
 0.1616162   0.2776746580E-002   0.1054772066E+001   0.9713640672E+000   0.1004160433E+001
 0.1717172   0.2948619309E-002   0.1027523262E+001   0.9656344715E+000   0.1002731745E+001
 0.1818182   0.3247287349E-002   0.1057863650E+001   0.9686645999E+000   0.1036896552E+001
 0.1919192   0.3618360872E-002   0.1066054349E+001   0.9688144172E+000   0.9821534577E+000
 0.2020202   0.4075603448E-002   0.1087243504E+001   0.9673361894E+000   0.1017233213E+001
 0.2121212   0.4676540494E-002   0.1036989829E+001   0.9728689571E+000   0.1012318077E+001
 0.2222222   0.5423215382E-002   0.1079231543E+001   0.9693240747E+000   0.9807527279E+000
 0.2323232   0.6279217324E-002   0.1064549608E+001   0.9774139940E+000   0.9885518015E+000
 0.2424242   0.7333490536E-002   0.1103859585E+001   0.9773779280E+000   0.1020790955E+001
 0.2525253   0.8625860140E-002   0.1063240317E+001   0.9787050393E+000   0.9841706764E+000
 0.2626263   0.1026594264E-001   0.1074245774E+001   0.9820667986E+000   0.1023786727E+001
 0.2727273   0.1225438414E-001   0.1062353894E+001   0.9828851156E+000   0.1001001801E+001
 0.2828283   0.1473116706E-001   0.1076241680E+001   0.9810584667E+000   0.1012697616E+001
 0.2929293   0.1772394050E-001   0.1074445582E+001   0.9849198928E+000   0.1023157657E+001
 0.3030303   0.2161198128E-001   0.1033376563E+001   0.9839252188E+000   0.1019432862E+001
 0.3131313   0.2623318993E-001   0.1030080085E+001   0.9834757550E+000   0.1010642653E+001
 0.3232323   0.3203612883E-001   0.1017219678E+001   0.9874466254E+000   0.9710964990E+000
 0.3333333   0.3933156793E-001   0.1002414952E+001   0.9887223478E+000   0.1022504123E+001
 0.3434343   0.4872351261E-001   0.9788818604E+000   0.9911828077E+000   0.9948704630E+000
 0.3535354   0.6008652375E-001   0.1001855488E+001   0.9915815647E+000   0.9895527222E+000
 0.3636364   0.7486424015E-001   0.1001335259E+001   0.9944923087E+000   0.1009169930E+001
 0.3737374   0.9235182025E-001   0.9822241131E+000   0.9972797146E+000   0.9916496232E+000
 0.3838384   0.1152590795E+000   0.9677470731E+000   0.9945489405E+000   0.9966905731E+000
 0.3939394   0.1451482409E+000   0.9898328239E+000   0.9993462219E+000   0.1002280911E+001
 0.4040404   0.1826097339E+000   0.9882932079E+000   0.9965126293E+000   0.9987560205E+000
 0.4141414   0.2290842137E+000   0.9821165797E+000   0.1000379910E+001   0.1026809759E+001
 0.4242424   0.2886074717E+000   0.9763991480E+000   0.1003526827E+001   0.1001375749E+001
 0.4343434   0.3641380772E+000   0.9664806500E+000   0.1001168526E+001   0.9951276829E+000
 0.4444444   0.4621910329E+000   0.9826288163E+000   0.1003490186E+001   0.9795770654E+000
 0.4545455   0.5871275951E+000   0.9945090713E+000   0.1011050006E+001   0.1001716146E+001
 0.4646465   0.7398191580E+000   0.9607268894E+000   0.1006011474E+001   0.9739203256E+000
 0.4747475   0.9459251223E+000   0.9752424379E+000   0.1009307109E+001   0.9822771749E+000
 0.4848485   0.1216364313E+001   0.9914647150E+000   0.1008363994E+001   0.9938003446E+000
 0.4949495   0.1542451814E+001   0.9584367197E+000   0.1015040592E+001   0.1003119671E+001
 0.5050505   0.1749368281E+001   0.9864520627E+000   0.1014243481E+001   0.9908479080E+000
 0.5151515   0.1751174479E+001   0.9784473676E+000   0.1018076668E+001   0.1008874966E+001
 0.5252525   0.1744228703E+001   0.9739956324E+000   0.1018604397E+001   0.9881359161E+000
 0.5353535   0.1738415520E+001   0.9909597443E+000   0.1015635721E+001   0.1007144323E+001
 0.5454545   0.1755864633E+001   0.9854849891E+000   0.1018221167E+001   0.9830488344E+000
 0.5555556   0.1731427465E+001   0.9585740427E+000   0.1017933656E+001   0.9962998505E+000
 0.5656566   0.1751058954E+001   0.9661347995E+000   0.1015687516E+001   0.1012422223E+001
 0.5757576   0.1758743539E+001   0.9901902996E+000   0.1020550583E+001   0.9965228210E+000
 0.5858586   0.1751548351E+001   0.9494729435E+000   0.1014368275E+001   0.1004317002E+001
 0.5959596   0.1746665908E+001   0.9728832435E+000   0.1018232432E+001   0.1016744635E+001
 0.6060606   0.1761186823E+001   0.9848107260E+000   0.1016366830E+001   0.9655739609E+000
 0.6161616   0.1766809318E+001   0.9769215566E+000   0.1023074450E+001   0.9884099112E+000
 0.6262626   0.1771492529E+001   0.9619736949E+000   0.1019480064E+001   0.9802354923E+000
 0.6363636   0.1776815272E+001   0.9829339785E+000   0.1014880636E+001   0.9937968497E+000
 0.6464646   0.1771449964E+001   0.9649613782E+000   0.1018530310E+001   0.9998086648E+000
 0.6565657   0.1786439843E+001   0.9714177384E+000   0.1018633709E+001   0.1003725676E+001
 0.6666667   0.1771632534E+001   0.9642130042E+000   0.1024707127E+001   0.1016934055E+001
 0.6767677   0.1790053727E+001   0.9724327660E+000   0.1022326086E+001   0.1004907629E+001
 0.6868687   0.1799752516E+001   0.9517943559E+000   0.1022475905E+001   0.9915042380E+000
 0.6969697   0.1801002955E+001   0.9850919111E+000   0.1018171123E+001   0.9941022983E+000
 0.7070707   0.1808448710E+001   0.9686124259E+000   0.1024295154E+001   0.1008122178E+001
 0.7171717   0.1806876353E+001   0.9607079984E+000   0.1026822362E+001   0.9877773461E+000
 0.7272727   0.1810552260E+001   0.9698338013E+000   0.1017771377E+001   0.9871349954E+000
 0.7373737   0.1821271648E+001   0.9890052530E+000   0.1023349424E+001   0.1011429690E+001
 0.7474747   0.1818451938E+001   0.9527098425E+000   0.1022046496E+001   0.9794456596E+000
 0.7575758   0.1838392405E+001   0.9867681235E+000   0.1023182941E+001   0.1003101498E+001
 0.7676768   0.1842530340E+001   0.9756551335E+000   0.1020496696E+001   0.9969568795E+000
 0.7777778   0.1844220858E+001   0.9637603469E+000   0.1020163723E+001   0.9926491460E+000
 0.7878788   0.1856166012E+001   0.9867223492E+000   0.1022210539E+001   0.1021315180E+001
 0.7979798   0.1855824996E+001   0.9850969972E+000   0.1021100338E+001   0.1000473382E+001
 0.8080808   0.1866241444E+001   0.9705175099E+000   0.1018805854E+001   0.1007037381E+001
 0.8181818   0.1873718293E+001   0.9611744606E+000   0.1021447564E+001   0.9811686132E+000
 0.8282828   0.1882775396E+001   0.9747272951E+000   0.1018196761E+001   0.1007221909E+001
 0.8383838   0.1898840128E+001   0.9720658448E+000   0.1025086443E+001   0.9889040809E+000
 0.8484848   0.1903676258E+001   0.9427150539E+000   0.1024634249E+001   0.9798182090E+000
 0.8585859   0.1909506955E+001   0.9733351742E+000   0.1026227284E+001   0.9976719227E+000
 0.8686869   0.1923702323E+001   0.9982523942E+000   0.1023711322E+001   0.1020818913E+001
 0.8787879   0.1933323394E+001   0.9898153860E+000   0.1023159494E+001   0.1010057618E+001
 0.8888889   0.1941891151E+001   0.9686138790E+000   0.1023881008E+001   0.9988965129E+000
 0.8989899   0.1951652480E+001   0.9816929855E+000   0.1026095376E+001   0.1007333044E+001
 0.9090909   0.1955793044E+001   0.9582688805E+000   0.1021877030E+001   0.9678742612E+000
 0.9191919   0.1964133660E+001   0.9798997943E+000   0.1026377760E+001   0.9984030422E+000
 0.9292929   0.1966007119E+001   0.9644970957E+000   0.1017443445E+001   0.9846990955E+000
 0.9393939   0.1979717871E+001   0.9700859234E+000   0.1019808733E+001   0.9716864271E+000
 0.9494949   0.1989847231E+001   0.9863503419E+000   0.1023329475E+001   0.1019143489E+001
 0.9595960   0.2006841058E+001   0.9837608227E+000   0.1025151471E+001   0.1017971322E+001
 0.9696970   0.2009957647E+001   0.9962216125E+000   0.1023150554E+001   0.1004736382E+001
 0.9797980   0.2019415580E+001   0.9589060883E+000   0.1028011435E+001   0.9895974561E+000
 0.9898990   0.2012366169E+001   0.9748813293E+000   0.1011437851E+001   0.9847354418E+000
 1.0000000   0.2033607835E+001   0.9844023899E+000   0.1022384082E+001   0.9946153401E+000


 0.0000000   0.8542435771E-002   0.1064836102E+001   0.9551488053E+000   0.1022212349E+001
 0.0101010   0.8512622404E-002   0.1034213426E+001   0.9585531481E+000   0.9976977361E+000
 0.0202020   0.8204672330E-002   0.1045351816E+001   0.9556540011E+000   0.1021255940E+001
 0.0303030   0.7777655682E-002   0.1029314404E+001   0.9583235990E+000   0.9978485214E+000
 0.0404040   0.7011183163E-002   0.9748794260E+000   0.9506662466E+000   0.9766247206E+000
 0.0505051   0.6302593106E-002   0.1046196954E+001   0.9570417330E+000   0.1010132908E+001
 0.0606061   0.5480714524E-002   0.1017799556E+001   0.9580930677E+000   0.1011242565E+001
 0.0707071   0.4688930791E-002   0.9914341527E+000   0.9570745827E+000   0.9907259160E+000
 0.0808081   0.4025555007E-002   0.1024302319E+001   0.9623418369E+000   0.1004481844E+001
 0.0909091   0.3479881819E-002   0.1023442021E+001   0.9616129874E+000   0.9975647989E+000
 0.1010101   0.3070031016E-002   0.1037410802E+001   0.9615470972E+000   0.1006891947E+001
 0.1111111   0.2761448470E-002   0.1031576949E+001   0.9596958091E+000   0.1018488875E+001
 0.1212121   0.2568853757E-002   0.1012483650E+001   0.9657828687E+000   0.1009551307E+001
 0.1313131   0.2507872575E-002   0.1027322203E+001   0.9558935542E+000   0.1017032720E+001
 0.1414141   0.2510811371E-002   0.1016940522E+001   0.9708712598E+000   0.1016457274E+001
 0.1515152   0.2590285629E-002   0.1038122664E+001   0.9680970379E+000   0.9967677908E+000
 0.1616162   0.2747305735E-002   0.1047353492E+001   0.9717581235E+000   0.1004551390E+001
 0.1717172   0.2917049419E-002   0.1020189061E+001   0.9663333802E+000   0.1003441118E+001
 0.1818182   0.3213871639E-002   0.1050754888E+001   0.9694208031E+000   0.1037689076E+001
 0.1919192   0.3576236613E-002   0.1057444617E+001   0.9705809728E+000   0.9839282683E+000
 0.2020202   0.4047900152E-002   0.1083748751E+001   0.9699899392E+000   0.1020007191E+001
 0.2121212   0.4626642778E-002   0.1029626436E+001   0.9733541680E+000   0.1012806424E+001
 0.2222222   0.5383200486E-002   0.1075133143E+001   0.9706019216E+000   0.9820296044E+000
 0.2323232   0.6229032229E-002   0.1059851177E+001   0.9768850564E+000   0.9880007025E+000
 0.2424242   0.7285203608E-002   0.1100547292E+001   0.9777890163E+000   0.1021203626E+001
 0.2525253   0.8590944692E-002   0.1062756734E+001   0.9808552918E+000   0.9863168306E+000
 0.2626263   0.1021736582E-001   0.1073019666E+001   0.9832830242E+000   0.1025037881E+001
 0.2727273   0.1217126037E-001   0.1058954244E+001   0.9826941657E+000   0.1000790989E+001
 0.2828283   0.1468892261E-001   0.1077026808E+001   0.9830592199E+000   0.1014746323E+001
 0.2929293   0.1769304318E-001   0.1076441907E+001   0.9840170956E+000   0.1022203118E+001
 0.3030303   0.2151433939E-001   0.1032418929E+001   0.9844439403E+000   0.1019953647E+001
 0.3131313   0.2616176178E-001   0.1030981310E+001   0.9835000517E+000   0.1010651117E+001
 0.3232323   0.3199633410E-001   0.1019621214E+001   0.9865968638E+000   0.9702449636E+000
 0.3333333   0.3923988515E-001   0.1003686129E+001   0.9885188436E+000   0.1022276972E+001
 0.3434343   0.4859396679E-001   0.9798011869E+000   0.9910382360E+000   0.9947091099E+000
 0.3535354   0.5992286337E-001   0.1002731085E+001   0.9937638313E+000   0.9917143291E+000
 0.3636364   0.7484804568E-001   0.1004730234E+001   0.9952300959E+000   0.1009902114E+001
 0.3737374   0.9244107135E-001   0.9867202024E+000   0.9965849055E+000   0.9909425545E+000
 0.3838384   0.1152801869E+000   0.9714161284E+000   0.9922759616E+000   0.9943964611E+000
 0.3939394   0.1450510477E+000   0.9927384952E+000   0.9990496582E+000   0.1001967114E+001
 0.4040404   0.1826731300E+000   0.9922028620E+000   0.9967441190E+000   0.9989717181E+000
 0.4141414   0.2291084512E+000   0.9857638951E+000   0.1000589926E+001   0.1027008553E+001
 0.4242424   0.2889368302E+000   0.9810398385E+000   0.1002743166E+001   0.1000577428E+001
 0.4343434   0.3639201074E+000   0.9693866600E+000   0.1001072733E+001   0.9950162195E+000
 0.4444444   0.4621742228E+000   0.9861378277E+000   0.1002331949E+001   0.9784304515E+000
 0.4545455   0.5867697293E+000   0.9974884492E+000   0.1010388035E+001   0.1001043939E+001
 0.4646465   0.7403817703E+000   0.9649259984E+000   0.1005637032E+001   0.9735419304E+000
 0.4747475   0.9468043680E+000   0.9796704368E+000   0.1009243745E+001   0.9821994687E+000
 0.4848485   0.1215646992E+001   0.9944546687E+000   0.1010139361E+001   0.9955338131E+000
 0.4949495   0.1542301569E+001   0.9618006298E+000   0.1015481460E+001   0.1003538974E+001
 0.5050505   0.1748450288E+001   0.9894912194E+000   0.1014118790E+001   0.9907099143E+000
 0.5151515   0.1750000813E+001   0.9813190246E+000   0.1016115135E+001   0.1006914719E+001
 0.5252525   0.1745613148E+001   0.9782852441E+000   0.1017199447E+001   0.9867568776E+000
 0.5353535   0.1736844764E+001   0.9936360596E+000   0.1014286216E+001   0.1005789676E+001
 0.5454545   0.1752846004E+001   0.9873398440E+000   0.1015225652E+001   0.9801407877E+000
 0.5555556   0.1732276061E+001   0.9625036482E+000   0.1017820943E+001   0.9961732659E+000
 0.5656566   0.1750003015E+001   0.9690354666E+000   0.1016823690E+001   0.1013538194E+001
 0.5757576   0.1759941775E+001   0.9944395093E+000   0.1019490717E+001   0.9954716527E+000
 0.5858586   0.1751270945E+001   0.9527472932E+000   0.1013282608E+001   0.1003225710E+001
 0.5959596   0.1746932356E+001   0.9765419099E+000   0.1017003450E+001   0.1015500865E+001
 0.6060606   0.1758456732E+001   0.9868313715E+000   0.1015160682E+001   0.9644123418E+000
 0.6161616   0.1769642868E+001   0.9820182532E+000   0.1023042810E+001   0.9883632026E+000
 0.6262626   0.1773439441E+001   0.9665051055E+000   0.1019054481E+001   0.9798102909E+000
 0.6363636   0.1775897549E+001   0.9859704423E+000   0.1015371278E+001   0.9942610621E+000
 0.6464646   0.1769106538E+001   0.9671613824E+000   0.1016612761E+001   0.9979100665E+000
 0.6565657   0.1781638094E+001   0.9723016917E+000   0.1018021771E+001   0.1003106313E+001
 0.6666667   0.1773699965E+001   0.9688207081E+000   0.1023220776E+001   0.1015442397E+001
 0.6767677   0.1790308101E+001   0.9760795474E+000   0.1020164589E+001   0.1002766584E+001
 0.6868687   0.1796593577E+001   0.9535513745E+000   0.1022758765E+001   0.9917623342E+000
 0.6969697   0.1796650764E+001   0.9862565765E+000   0.1019321117E+001   0.9952088554E+000
 0.7070707   0.1805387232E+001   0.9704610845E+000   0.1021886891E+001   0.1005735516E+001
 0.7171717   0.1806738884E+001   0.9641004413E+000   0.1025022717E+001   0.9860300308E+000
 0.7272727   0.1809003690E+001   0.9725000275E+000   0.1017268053E+001   0.9866307103E+000
 0.7373737   0.1821152032E+001   0.9925079455E+000   0.1023622042E+001   0.1011682611E+001
 0.7474747   0.1821015511E+001   0.9574947206E+000   0.1021185556E+001   0.9786046239E+000
 0.7575758   0.1836191924E+001   0.9891425526E+000   0.1022874976E+001   0.1002783201E+001
 0.7676768   0.1842390792E+001   0.9791006950E+000   0.1019961338E+001   0.9964175997E+000
 0.7777778   0.1845145839E+001   0.9677222812E+000   0.1020046974E+001   0.9925193380E+000
 0.7878788   0.1855583590E+001   0.9899712680E+000   0.1021596906E+001   0.1020685417E+001
 0.7979798   0.1856298745E+001   0.9889031599E+000   0.1021537908E+001   0.1000885768E+001
 0.8080808   0.1867741761E+001   0.9748017340E+000   0.1018174742E+001   0.1006397125E+001
 0.8181818   0.1874715409E+001   0.9651552848E+000   0.1021023400E+001   0.9807451598E+000
 0.8282828   0.1885711071E+001   0.9797689731E+000   0.1018586607E+001   0.1007591098E+001
 0.8383838   0.1896663511E+001   0.9744543304E+000   0.1023151074E+001   0.9870209057E+000
 0.8484848   0.1902578911E+001   0.9455705674E+000   0.1024015824E+001   0.9792108424E+000
 0.8585859   0.1913628110E+001   0.9789547855E+000   0.1026916333E+001   0.9983254953E+000
 0.8686869   0.1919937839E+001   0.9998931134E+000   0.1022533189E+001   0.1019627458E+001
 0.8787879   0.1934521452E+001   0.9940017808E+000   0.1022891497E+001   0.1009776562E+001
 0.8888889   0.1943148299E+001   0.9727375252E+000   0.1025146943E+001   0.1000115225E+001
 0.8989899   0.1947845189E+001   0.9833124893E+000   0.1024843422E+001   0.1006087554E+001
 0.9090909   0.1955081856E+001   0.9613761658E+000   0.1020479090E+001   0.9665344142E+000
 0.9191919   0.1968635192E+001   0.9856887296E+000   0.1027436586E+001   0.9994166886E+000
 0.9292929   0.1968824909E+001   0.9693639209E+000   0.1017193314E+001   0.9844409384E+000
 0.9393939   0.1981325203E+001   0.9743760067E+000   0.1021506687E+001   0.9732883649E+000
 0.9494949   0.1991437056E+001   0.9906995521E+000   0.1022868707E+001   0.1018667971E+001
 0.9595960   0.2006678758E+001   0.9872299381E+000   0.1024909715E+001   0.1017714639E+001
 0.9696970   0.2014183359E+001   0.1001917529E+001   0.1025383051E+001   0.1006912257E+001
 0.9797980   0.2017844801E+001   0.9616168217E+000   0.1026881580E+001   0.9884936781E+000
 0.9898990   0.2018713970E+001   0.9814845150E+000   0.1013110272E+001   0.9863476032E+000
 1.0000000   0.2035072109E+001   0.9886650306E+000   0.1021455203E+001   0.9936954633E+000


 0.0000000   0.8543453794E-002   0.1066197247E+001   0.9549292940E+000   0.1021979876E+001
 0.0101010   0.8501518333E-002   0.1034061418E+001   0.9578366547E+000   0.9969543736E+000
 0.0202020   0.8196298090E-002   0.1045495140E+001   0.9561377115E+000   0.1021775305E+001
 0.0303030   0.7758613486E-002   0.1027984322E+001   0.9583419490E+000   0.9978700208E+000
 0.0404040   0.7011301731E-002   0.9760257743E+000   0.9525008792E+000   0.9785117950E+000
 0.0505051   0.6276203010E-002   0.1043023758E+001   0.9550830125E+000   0.1008067946E+001
 0.0606061   0.5475538487E-002   0.1018016808E+001   0.9575098919E+000   0.1010629461E+001
 0.0707071   0.4676982348E-002   0.9900538579E+000   0.9556794008E+000   0.9892840506E+000
 0.0808081   0.4022256946E-002   0.1024649276E+001   0.9622793524E+000   0.1004419032E+001
 0.0909091   0.3467434997E-002   0.1020963261E+001   0.9608909679E+000   0.9968181752E+000
 0.1010101   0.3056460484E-002   0.1034022109E+001   0.9607038014E+000   0.1006011295E+001
 0.1111111   0.2748696788E-002   0.1028003415E+001   0.9616485952E+000   0.1020563740E+001
 0.1212121   0.2560966552E-002   0.1010544822E+001   0.9653881536E+000   0.1009141124E+001
 0.1313131   0.2498506668E-002   0.1024671738E+001   0.9551604530E+000   0.1016255166E+001
 0.1414141   0.2499298829E-002   0.1013450844E+001   0.9708644929E+000   0.1016452627E+001
 0.1515152   0.2573579720E-002   0.1032622726E+001   0.9679412466E+000   0.9966097752E+000
 0.1616162   0.2731033369E-002   0.1042356636E+001   0.9717801442E+000   0.1004576562E+001
 0.1717172   0.2911003381E-002   0.1019254464E+001   0.9656899194E+000   0.1002775352E+001
 0.1818182   0.3192047521E-002   0.1044829141E+001   0.9694952321E+000   0.1037771235E+001
 0.1919192   0.3550540901E-002   0.1051063471E+001   0.9696643724E+000   0.9830014200E+000
 0.2020202   0.4021148616E-002   0.1077834250E+001   0.9698640716E+000   0.1019877279E+001
 0.2121212   0.4605732804E-002   0.1026160969E+001   0.9726290560E+000   0.1012054348E+001
 0.2222222   0.5356461902E-002   0.1071032755E+001   0.9715498272E+000   0.9829910273E+000
 0.2323232   0.6202902397E-002   0.1056628433E+001   0.9764739773E+000   0.9875873137E+000
 0.2424242   0.7255706452E-002   0.1097361594E+001   0.9764669604E+000   0.1019825315E+001
 0.2525253   0.8567682147E-002   0.1061107356E+001   0.9799258924E+000   0.9853846188E+000
 0.2626263   0.1018614374E-001   0.1070980531E+001   0.9828117475E+000   0.1024549048E+001
 0.2727273   0.1215063517E-001   0.1058384961E+001   0.9833824218E+000   0.1001494321E+001
 0.2828283   0.1464601543E-001   0.1075125332E+001   0.9843590871E+000   0.1016090525E+001
 0.2929293   0.1762703166E-001   0.1073668671E+001   0.9841378778E+000   0.1022331038E+001
 0.3030303   0.2142923753E-001   0.1029526901E+001   0.9869906623E+000   0.1022594683E+001
 0.3131313   0.2607904167E-001   0.1028912565E+001   0.9828075360E+000   0.1009941905E+001
 0.3232323   0.3199349237E-001   0.1020712248E+001   0.9869980458E+000   0.9706418237E+000
 0.3333333   0.3921298721E-001   0.1004160559E+001   0.9878605336E+000   0.1021598630E+001
 0.3434343   0.4850496610E-001   0.9791401313E+000   0.9907398503E+000   0.9944120031E+000
 0.3535354   0.6004095474E-001   0.1005871602E+001   0.9930494135E+000   0.9910037608E+000
 0.3636364   0.7482597987E-001   0.1005598127E+001   0.9950087252E+000   0.1009679901E+001
 0.3737374   0.9253702821E-001   0.9888892030E+000   0.9963244656E+000   0.9906859645E+000
 0.3838384   0.1152122210E+000   0.9719685747E+000   0.9902319188E+000   0.9923504295E+000
 0.3939394   0.1449233116E+000   0.9930137886E+000   0.9996982550E+000   0.1002620009E+001
 0.4040404   0.1825684513E+000   0.9927835531E+000   0.9974975314E+000   0.9997292113E+000
 0.4141414   0.2293960355E+000   0.9881451491E+000   0.1000000525E+001   0.1026406051E+001
 0.4242424   0.2890452504E+000   0.9825453713E+000   0.1003525885E+001   0.1001360857E+001
 0.4343434   0.3640936508E+000   0.9709729463E+000   0.1003102276E+001   0.9970358739E+000
 0.4444444   0.4618423044E+000   0.9865716856E+000   0.1003400199E+001   0.9794755766E+000
 0.4545455   0.5872560471E+000   0.9994721766E+000   0.1010078871E+001   0.1000740033E+001
 0.4646465   0.7401135817E+000   0.9656943752E+000   0.1006269120E+001   0.9741561805E+000
 0.4747475   0.9465570400E+000   0.9805496221E+000   0.1008391597E+001   0.9813725088E+000
 0.4848485   0.1214751313E+001   0.9948736426E+000   0.1010301826E+001   0.9956963159E+000
 0.4949495   0.1542594703E+001   0.9630983290E+000   0.1012769657E+001   0.1000861463E+001
 0.5050505   0.1748679014E+001   0.9907675881E+000   0.1015820828E+001   0.9923750437E+000
 0.5151515   0.1746062346E+001   0.9802452620E+000   0.1016458981E+001   0.1007257866E+001
 0.5252525   0.1748628035E+001   0.9811106107E+000   0.1017701217E+001   0.9872459972E+000
 0.5353535   0.1738513614E+001   0.9957434838E+000   0.1016053964E+001   0.1007545031E+001
 0.5454545   0.1752857308E+001   0.9884905024E+000   0.1016373817E+001   0.9812516258E+000
 0.5555556   0.1733533410E+001   0.9643185774E+000   0.1020309949E+001   0.9986117279E+000
 0.5656566   0.1751291770E+001   0.9708729904E+000   0.1018085147E+001   0.1014798007E+001
 0.5757576   0.1761653856E+001   0.9965605392E+000   0.1018228843E+001   0.9942418919E+000
 0.5858586   0.1751494301E+001   0.9539731395E+000   0.1013309818E+001   0.1003255055E+001
 0.5959596   0.1748284362E+001   0.9784303320E+000   0.1018146453E+001   0.1016644617E+001
 0.6060606   0.1761163206E+001   0.9894956771E+000   0.1014714239E+001   0.9639905275E+000
 0.6161616   0.1768036700E+001   0.9822640346E+000   0.1022591103E+001   0.9879291772E+000
 0.6262626   0.1773107567E+001   0.9674441654E+000   0.1019328557E+001   0.9800761624E+000
 0.6363636   0.1776195366E+001   0.9872786772E+000   0.1015606778E+001   0.9944940504E+000
 0.6464646   0.1768625862E+001   0.9680191927E+000   0.1018294160E+001   0.9995629289E+000
 0.6565657   0.1781533365E+001   0.9733713269E+000   0.1018562748E+001   0.1003641771E+001
 0.6666667   0.1776400850E+001   0.9714205018E+000   0.1023327409E+001   0.1015550654E+001
 0.6767677   0.1790160735E+001   0.9771303434E+000   0.1021087569E+001   0.1003676231E+001
 0.6868687   0.1794864746E+001   0.9537378500E+000   0.1022560671E+001   0.9915726217E+000
 0.6969697   0.1798888118E+001   0.9886292053E+000   0.1019136700E+001   0.9950311863E+000
 0.7070707   0.1806458482E+001   0.9721623095E+000   0.1021561087E+001   0.1005417273E+001
 0.7171717   0.1805360523E+001   0.9644814269E+000   0.1024252094E+001   0.9852910850E+000
 0.7272727   0.1809616666E+001   0.9739570237E+000   0.1018043253E+001   0.9873849305E+000
 0.7373737   0.1821577509E+001   0.9938903684E+000   0.1022607140E+001   0.1010681971E+001
 0.7474747   0.1824474655E+001   0.9604253504E+000   0.1020409864E+001   0.9778636218E+000
 0.7575758   0.1835211501E+001   0.9897601672E+000   0.1022811512E+001   0.1002723389E+001
 0.7676768   0.1840394408E+001   0.9791732628E+000   0.1019792791E+001   0.9962553311E+000
 0.7777778   0.1846498174E+001   0.9695539092E+000   0.1020384742E+001   0.9928503707E+000
 0.7878788   0.1856569664E+001   0.9916452910E+000   0.1022151533E+001   0.1021241998E+001
 0.7979798   0.1856800123E+001   0.9903166634E+000   0.1020298655E+001   0.9996739661E+000
 0.8080808   0.1868057621E+001   0.9760965297E+000   0.1017544003E+001   0.1005776093E+001
 0.8181818   0.1874701318E+001   0.9662665948E+000   0.1020575606E+001   0.9803173813E+000
 0.8282828   0.1886399890E+001   0.9812627908E+000   0.1019958122E+001   0.1008950227E+001
 0.8383838   0.1897839600E+001   0.9761886239E+000   0.1024399154E+001   0.9882272822E+000
 0.8484848   0.1903693565E+001   0.9472210608E+000   0.1024911988E+001   0.9800701456E+000
 0.8585859   0.1911797779E+001   0.9791519239E+000   0.1026236611E+001   0.9976670907E+000
 0.8686869   0.1918595640E+001   0.1000352126E+001   0.1022384126E+001   0.1019481264E+001
 0.8787879   0.1932769537E+001   0.9942525682E+000   0.1023837793E+001   0.1010713149E+001
 0.8888889   0.1941241366E+001   0.9729091712E+000   0.1024059747E+001   0.9990569709E+000
 0.8989899   0.1948415751E+001   0.9847404707E+000   0.1023690719E+001   0.1004958355E+001
 0.9090909   0.1953948795E+001   0.9619325509E+000   0.1020248081E+001   0.9663179342E+000
 0.9191919   0.1966553831E+001   0.9857877617E+000   0.1026646520E+001   0.9986505636E+000
 0.9292929   0.1969631137E+001   0.9708847830E+000   0.1018354154E+001   0.9855667637E+000
 0.9393939   0.1980272376E+001   0.9749869066E+000   0.1020926459E+001   0.9727378572E+000
 0.9494949   0.1993167179E+001   0.9927094285E+000   0.1022994706E+001   0.1018795896E+001
 0.9595960   0.2006245857E+001   0.9881608725E+000   0.1024433402E+001   0.1017244109E+001
 0.9696970   0.2010537336E+001   0.1001262960E+001   0.1025411701E+001   0.1006942805E+001
 0.9797980   0.2017046347E+001   0.9623503442E+000   0.1025565372E+001   0.9872290408E+000
 0.9898990   0.2018156197E+001   0.9823505134E+000   0.1013457553E+001   0.9866880760E+000
 1.0000000   0.2032143852E+001   0.9883866156E+000   0.1020179227E+001   0.9924565439E+000


 0.0000000   0.8586808158E-002   0.1069980653E+001   0.9575063673E+000   0.1024731657E+001
 0.0101010   0.8556179288E-002   0.1039129796E+001   0.9603056465E+000   0.9995181102E+000
 0.0202020   0.8233020209E-002   0.1048584752E+001   0.9565182260E+000   0.1022175715E+001
 0.0303030   0.7799569526E-002   0.1031841738E+001   0.9596272464E+000   0.9992022459E+000
 0.0404040   0.7046466928E-002   0.9794316412E+000   0.9538614270E+000   0.9799035281E+000
 0.0505051   0.6308514536E-002   0.1046801676E+001   0.9570859283E+000   0.1010175824E+001
 0.0606061   0.5489540711E-002   0.1019070443E+001   0.9568332786E+000   0.1009909160E+001
 0.0707071   0.4690989150E-002   0.9915111471E+000   0.9560777714E+000   0.9896904011E+000
 0.0808081   0.4031488773E-002   0.1025441679E+001   0.9626640881E+000   0.1004814495E+001
 0.0909091   0.3478543991E-002   0.1022679074E+001   0.9598314509E+000   0.9957129786E+000
 0.1010101   0.3064237720E-002   0.1035079189E+001   0.9591664380E+000   0.1004395311E+001
 0.1111111   0.2757328161E-002   0.1029665738E+001   0.9636082380E+000   0.1022637211E+001
 0.1212121   0.2573917644E-002   0.1014113128E+001   0.9650528189E+000   0.1008784447E+001
 0.1313131   0.2514537515E-002   0.1029680403E+001   0.9551170801E+000   0.1016202830E+001
 0.1414141   0.2505863047E-002   0.1014569769E+001   0.9703677066E+000   0.1015926325E+001
 0.1515152   0.2591518853E-002   0.1038241798E+001   0.9683390964E+000   0.9970133358E+000
 0.1616162   0.2749099533E-002   0.1047658826E+001   0.9713908432E+000   0.1004168006E+001
 0.1717172   0.2923983145E-002   0.1022244683E+001   0.9665996353E+000   0.1003713890E+001
 0.1818182   0.3202570299E-002   0.1046681826E+001   0.9699730981E+000   0.1038276430E+001
 0.1919192   0.3568717410E-002   0.1054840183E+001   0.9706969793E+000   0.9840422359E+000
 0.2020202   0.4043538913E-002   0.1082190122E+001   0.9691754701E+000   0.1019146960E+001
 0.2121212   0.4627636319E-002   0.1029475597E+001   0.9720230656E+000   0.1011417633E+001
 0.2222222   0.5372696186E-002   0.1072647682E+001   0.9710250226E+000   0.9824540584E+000
 0.2323232   0.6217998172E-002   0.1057591662E+001   0.9761985349E+000   0.9873027229E+000
 0.2424242   0.7280187380E-002   0.1099392305E+001   0.9780436164E+000   0.1021465758E+001
 0.2525253   0.8615399598E-002   0.1065397045E+001   0.9797383917E+000   0.9851900729E+000
 0.2626263   0.1023014893E-001   0.1073974116E+001   0.9829041762E+000   0.1024639161E+001
 0.2727273   0.1219112122E-001   0.1060299147E+001   0.9835238334E+000   0.1001632236E+001
 0.2828283   0.1466760064E-001   0.1075075011E+001   0.9832150781E+000   0.1014903456E+001
 0.2929293   0.1766357339E-001   0.1074260845E+001   0.9833587492E+000   0.1021515450E+001
 0.3030303   0.2147417461E-001   0.1030119345E+001   0.9858776066E+000   0.1021435254E+001
 0.3131313   0.2615360782E-001   0.1030287741E+001   0.9835223367E+000   0.1010670284E+001
 0.3232323   0.3209982246E-001   0.1022549616E+001   0.9879744206E+000   0.9715961004E+000
 0.3333333   0.3925026894E-001   0.1003589136E+001   0.9876838306E+000   0.1021409670E+001
 0.3434343   0.4862128906E-001   0.9799980182E+000   0.9905920920E+000   0.9942576413E+000
 0.3535354   0.6007749273E-001   0.1004955520E+001   0.9937321664E+000   0.9916790669E+000
 0.3636364   0.7487476753E-001   0.1004725935E+001   0.9946302833E+000   0.1009289731E+001
 0.3737374   0.9280849684E-001   0.9902843341E+000   0.9957538400E+000   0.9901125375E+000
 0.3838384   0.1154274077E+000   0.9723054053E+000   0.9901915273E+000   0.9923039075E+000
 0.3939394   0.1451499419E+000   0.9930565471E+000   0.9997226587E+000   0.1002638377E+001
 0.4040404   0.1825565023E+000   0.9912112707E+000   0.9979679705E+000   0.1000194611E+001
 0.4141414   0.2293786504E+000   0.9865700138E+000   0.1000056355E+001   0.1026457103E+001
 0.4242424   0.2900510573E+000   0.9844673393E+000   0.1004753119E+001   0.1002579337E+001
 0.4343434   0.3644458035E+000   0.9704363613E+000   0.1003157485E+001   0.9970846759E+000
 0.4444444   0.4621630643E+000   0.9857578696E+000   0.1003847238E+001   0.9799059881E+000
 0.4545455   0.5872483568E+000   0.9979415484E+000   0.1010540112E+001   0.1001190912E+001
 0.4646465   0.7415085041E+000   0.9660454228E+000   0.1007093278E+001   0.9749480995E+000
 0.4747475   0.9448963970E+000   0.9773431262E+000   0.1009458013E+001   0.9824043664E+000
 0.4848485   0.1212951696E+001   0.9918914288E+000   0.1011042766E+001   0.9964204753E+000
 0.4949495   0.1546277197E+001   0.9639316230E+000   0.1012933951E+001   0.1001017728E+001
 0.5050505   0.1747190846E+001   0.9884213585E+000   0.1015591022E+001   0.9921444994E+000
 0.5151515   0.1747284107E+001   0.9794417551E+000   0.1015723307E+001   0.1006522721E+001
 0.5252525   0.1748696352E+001   0.9796592034E+000   0.1018197502E+001   0.9877214153E+000
 0.5353535   0.1739893393E+001   0.9950206615E+000   0.1015109083E+001   0.1006601933E+001
 0.5454545   0.1752638391E+001   0.9868663503E+000   0.1015483070E+001   0.9803856885E+000
 0.5555556   0.1731273840E+001   0.9615993636E+000   0.1019177682E+001   0.9974974643E+000
 0.5656566   0.1752063420E+001   0.9698259890E+000   0.1017535225E+001   0.1014243684E+001
 0.5757576   0.1760644079E+001   0.9944770408E+000   0.1017932222E+001   0.9939462050E+000
 0.5858586   0.1753049083E+001   0.9533702097E+000   0.1013925028E+001   0.1003858046E+001
 0.5959596   0.1750424447E+001   0.9781406052E+000   0.1017663403E+001   0.1016156090E+001
 0.6060606   0.1761572948E+001   0.9882231265E+000   0.1014752253E+001   0.9640207694E+000
 0.6161616   0.1769604923E+001   0.9816425342E+000   0.1021615325E+001   0.9869804626E+000
 0.6262626   0.1773373778E+001   0.9661202654E+000   0.1018915737E+001   0.9796732718E+000
 0.6363636   0.1773091896E+001   0.9840572217E+000   0.1015377564E+001   0.9942635453E+000
 0.6464646   0.1769548805E+001   0.9670537761E+000   0.1019081722E+001   0.1000329911E+001
 0.6565657   0.1782379440E+001   0.9723549633E+000   0.1018595208E+001   0.1003667642E+001
 0.6666667   0.1778197211E+001   0.9709263786E+000   0.1020556609E+001   0.1012794742E+001
 0.6767677   0.1787852787E+001   0.9743888635E+000   0.1020360772E+001   0.1002955717E+001
 0.6868687   0.1793059169E+001   0.9513317583E+000   0.1022977041E+001   0.9919703312E+000
 0.6969697   0.1800230240E+001   0.9878645897E+000   0.1019896652E+001   0.9957670987E+000
 0.7070707   0.1804751245E+001   0.9697688456E+000   0.1020298476E+001   0.1004168498E+001
 0.7171717   0.1804599886E+001   0.9626112567E+000   0.1023513491E+001   0.9845745804E+000
 0.7272727   0.1809606589E+001   0.9724727899E+000   0.1017354435E+001   0.9867108463E+000
 0.7373737   0.1820995805E+001   0.9920643760E+000   0.1021780160E+001   0.1009858484E+001
 0.7474747   0.1825964276E+001   0.9597500417E+000   0.1021436301E+001   0.9788412991E+000
 0.7575758   0.1833776880E+001   0.9874848137E+000   0.1022526770E+001   0.1002438133E+001
 0.7676768   0.1837890807E+001   0.9763565177E+000   0.1018848485E+001   0.9953267583E+000
 0.7777778   0.1847620088E+001   0.9686699732E+000   0.1021079297E+001   0.9935201326E+000
 0.7878788   0.1854544466E+001   0.9890595439E+000   0.1021466764E+001   0.1020551622E+001
 0.7979798   0.1858733998E+001   0.9898428635E+000   0.1019734031E+001   0.9991146698E+000
 0.8080808   0.1868313393E+001   0.9747479060E+000   0.1018403627E+001   0.1006619645E+001
 0.8181818   0.1875051995E+001   0.9649799261E+000   0.1020501322E+001   0.9802400564E+000
 0.8282828   0.1887005692E+001   0.9800875260E+000   0.1020461729E+001   0.1009442251E+001
 0.8383838   0.1897138586E+001   0.9743463852E+000   0.1023066008E+001   0.9869351985E+000
 0.8484848   0.1901720816E+001   0.9448027467E+000   0.1024680704E+001   0.9798430120E+000
 0.8585859   0.1910670536E+001   0.9770887622E+000   0.1026118987E+001   0.9975466643E+000
 0.8686869   0.1919199547E+001   0.9991476280E+000   0.1021920397E+001   0.1019012644E+001
 0.8787879   0.1931356893E+001   0.9920173465E+000   0.1023612714E+001   0.1010484800E+001
 0.8888889   0.1941285076E+001   0.9714538171E+000   0.1024620366E+001   0.9995978142E+000
 0.8989899   0.1947993471E+001   0.9830321805E+000   0.1023325384E+001   0.1004593587E+001
 0.9090909   0.1954842133E+001   0.9609111144E+000   0.1021279179E+001   0.9672886364E+000
 0.9191919   0.1962751646E+001   0.9823879267E+000   0.1024420343E+001   0.9964790234E+000
 0.9292929   0.1970803844E+001   0.9699878110E+000   0.1019001600E+001   0.9861873579E+000
 0.9393939   0.1979109789E+001   0.9729349940E+000   0.1019965172E+001   0.9718160246E+000
 0.9494949   0.1995657577E+001   0.9924406122E+000   0.1023621710E+001   0.1019414117E+001
 0.9595960   0.2004495846E+001   0.9857998422E+000   0.1023458382E+001   0.1016269742E+001
 0.9696970   0.2013210252E+001   0.1001071793E+001   0.1026278798E+001   0.1007788146E+001
 0.9797980   0.2017069102E+001   0.9608999892E+000   0.1025262275E+001   0.9869312625E+000
 0.9898990   0.2020006723E+001   0.9817583380E+000   0.1014169339E+001   0.9873750470E+000
 1.0000000   0.2030766595E+001   0.9862170395E+000   0.1018966978E+001   0.9912711985E+000


