# Lambda, (Probability, Probability_biased(/observed)) per Fractional
 0.0000000   0.6534327088E-001   0.1091171941E+001   0.7814547595E+000   0.9688064152E+000
 0.0101010   0.6636527671E-001   0.1112698250E+001   0.7940059948E+000   0.9869897945E+000
 0.0202020   0.6324309261E-001   0.1078976802E+001   0.7643585806E+000   0.9584715155E+000
 0.0303030   0.6164113784E-001   0.1072126277E+001   0.7753494269E+000   0.9539199469E+000
 0.0404040   0.5940601759E-001   0.1105792965E+001   0.7849459517E+000   0.9824565420E+000
 0.0505051   0.5417004411E-001   0.1071836047E+001   0.7698939487E+000   0.9627529206E+000
 0.0606061   0.5153074269E-001   0.1095174925E+001   0.7837561607E+000   0.9581555615E+000
 0.0707071   0.4723609263E-001   0.1079918681E+001   0.7778011359E+000   0.9653309217E+000
 0.0808081   0.4388259104E-001   0.1085235915E+001   0.7843166146E+000   0.9792512120E+000
 0.0909091   0.4030140924E-001   0.1115940065E+001   0.7852630775E+000   0.9765449977E+000
 0.1010101   0.3670231602E-001   0.1070012526E+001   0.7842148218E+000   0.9625743379E+000
 0.1111111   0.3590796098E-001   0.1075663799E+001   0.7915407506E+000   0.9689666817E+000
 0.1212121   0.3469411347E-001   0.1086270886E+001   0.7945552295E+000   0.9823878564E+000
 0.1313131   0.3436249037E-001   0.1079973441E+001   0.8040080046E+000   0.9683072996E+000
 0.1414141   0.3463239968E-001   0.1081074125E+001   0.8180962647E+000   0.9838623082E+000
 0.1515152   0.3455435044E-001   0.1083209780E+001   0.8129325901E+000   0.9692688986E+000
 0.1616162   0.3616319919E-001   0.1095711577E+001   0.8174044135E+000   0.9789169419E+000
 0.1717172   0.3828906659E-001   0.1073993607E+001   0.8236232527E+000   0.9775065967E+000
 0.1818182   0.4045365761E-001   0.1058375944E+001   0.8281881531E+000   0.9965645731E+000
 0.1919192   0.4155606779E-001   0.1016489722E+001   0.8314861654E+000   0.9756154520E+000
 0.2020202   0.4575035759E-001   0.1064279114E+001   0.8374059950E+000   0.9837615692E+000
 0.2121212   0.4948085215E-001   0.1050101649E+001   0.8641639774E+000   0.9983412417E+000
 0.2222222   0.5238897376E-001   0.1031275027E+001   0.8458061554E+000   0.9812568328E+000
 0.2323232   0.5855747569E-001   0.1035042542E+001   0.8650613099E+000   0.9997378498E+000
 0.2424242   0.6367131454E-001   0.1057472397E+001   0.8623718799E+000   0.9737151492E+000
 0.2525253   0.6876729688E-001   0.9929591830E+000   0.8791747653E+000   0.1001102405E+001
 0.2626263   0.7760415420E-001   0.1064990999E+001   0.8922354819E+000   0.1007742017E+001
 0.2727273   0.8575385840E-001   0.1038925054E+001   0.8878858780E+000   0.9872095885E+000
 0.2828283   0.9391521412E-001   0.9905442498E+000   0.8939666471E+000   0.1008465505E+001
 0.2929293   0.1076288755E+000   0.9930796558E+000   0.9081798140E+000   0.1002123531E+001
 0.3030303   0.1208180944E+000   0.1006808085E+001   0.9110187388E+000   0.9795809031E+000
 0.3131313   0.1346360816E+000   0.1011829613E+001   0.9239725243E+000   0.9988357784E+000
 0.3232323   0.1527025017E+000   0.9819632968E+000   0.9294516740E+000   0.9793473719E+000
 0.3333333   0.1739837423E+000   0.9953850682E+000   0.9312613539E+000   0.9935240886E+000
 0.3434343   0.1927035073E+000   0.9785900569E+000   0.9492910190E+000   0.1020696129E+001
 0.3535354   0.2207900102E+000   0.9912013745E+000   0.9601925673E+000   0.1014143519E+001
 0.3636364   0.2550180653E+000   0.9978054774E+000   0.9535148380E+000   0.9870813753E+000
 0.3737374   0.2864037110E+000   0.9749922993E+000   0.9728650681E+000   0.1011721205E+001
 0.3838384   0.3321287266E+000   0.9959655283E+000   0.9778791672E+000   0.9801166511E+000
 0.3939394   0.3801095403E+000   0.1017694451E+001   0.9755881676E+000   0.9946505332E+000
 0.4040404   0.4388909168E+000   0.1010581076E+001   0.1008489268E+001   0.1023361132E+001
 0.4141414   0.4949549946E+000   0.9767555838E+000   0.1018801020E+001   0.1019606317E+001
 0.4242424   0.5686888015E+000   0.9837430095E+000   0.1022482015E+001   0.9921641129E+000
 0.4343434   0.6626802421E+000   0.1003144615E+001   0.1023956720E+001   0.9913719385E+000
 0.4444444   0.7537472133E+000   0.9948265122E+000   0.1042372607E+001   0.1016918419E+001
 0.4545455   0.8688351908E+000   0.9626493076E+000   0.1052348974E+001   0.9986846699E+000
 0.4646465   0.9754130853E+000   0.9741544654E+000   0.1064162827E+001   0.1011629624E+001
 0.4747475   0.1138367317E+001   0.9487785011E+000   0.1075748998E+001   0.1017339691E+001
 0.4848485   0.1319467679E+001   0.9667727649E+000   0.1098980605E+001   0.1029002513E+001
 0.4949495   0.1536608187E+001   0.9497641881E+000   0.1107506245E+001   0.1026694675E+001
 0.5050505   0.1663922758E+001   0.9713069251E+000   0.1109995089E+001   0.1021199824E+001
 0.5151515   0.1693398505E+001   0.1012344361E+001   0.1122651517E+001   0.1041027079E+001
 0.5252525   0.1620391155E+001   0.9511058176E+000   0.1124848220E+001   0.1035060586E+001
 0.5353535   0.1680833841E+001   0.9761313154E+000   0.1113857065E+001   0.1025334699E+001
 0.5454545   0.1647764773E+001   0.9362383720E+000   0.1098684418E+001   0.1019592580E+001
 0.5555556   0.1658082275E+001   0.9602891349E+000   0.1114670238E+001   0.1016359775E+001
 0.5656566   0.1667927079E+001   0.9810652265E+000   0.1104431542E+001   0.1012082949E+001
 0.5757576   0.1684437097E+001   0.9931617964E+000   0.1095725543E+001   0.1004055887E+001
 0.5858586   0.1672826251E+001   0.9797400251E+000   0.1101682370E+001   0.1009317207E+001
 0.5959596   0.1648458363E+001   0.9730702097E+000   0.1110697876E+001   0.1034813318E+001
 0.6060606   0.1651455845E+001   0.9526062523E+000   0.1096581019E+001   0.1021579884E+001
 0.6161616   0.1645751576E+001   0.9464347564E+000   0.1100040157E+001   0.1017889176E+001
 0.6262626   0.1638787979E+001   0.9466154657E+000   0.1106388915E+001   0.1014743373E+001
 0.6363636   0.1650049260E+001   0.9450164623E+000   0.1097939013E+001   0.1008149552E+001
 0.6464646   0.1685019379E+001   0.9827518465E+000   0.1113441788E+001   0.1012856808E+001
 0.6565657   0.1648177544E+001   0.9523762586E+000   0.1110231604E+001   0.1029799266E+001
 0.6666667   0.1682777134E+001   0.9772539034E+000   0.1121752891E+001   0.1026419933E+001
 0.6767677   0.1681151399E+001   0.9565325722E+000   0.1099558003E+001   0.9976177529E+000
 0.6868687   0.1681891016E+001   0.9702390975E+000   0.1108904807E+001   0.1012078370E+001
 0.6969697   0.1690239222E+001   0.9477763860E+000   0.1113718860E+001   0.1000823083E+001
 0.7070707   0.1696463607E+001   0.9505527377E+000   0.1112763199E+001   0.1009857535E+001
 0.7171717   0.1701145981E+001   0.9617786174E+000   0.1089488614E+001   0.9866555243E+000
 0.7272727   0.1729454152E+001   0.9800357312E+000   0.1101193611E+001   0.1004678637E+001
 0.7373737   0.1703226379E+001   0.9576387320E+000   0.1108973929E+001   0.1004994591E+001
 0.7474747   0.1708686562E+001   0.9682731996E+000   0.1097004260E+001   0.1009784270E+001
 0.7575758   0.1727764817E+001   0.9745651683E+000   0.1104659674E+001   0.1011217510E+001
 0.7676768   0.1728626850E+001   0.9646097296E+000   0.1100662955E+001   0.1010700078E+001
 0.7777778   0.1737198624E+001   0.9697243499E+000   0.1098404889E+001   0.1000099594E+001
 0.7878788   0.1742041045E+001   0.9518396068E+000   0.1101032913E+001   0.9931440281E+000
 0.7979798   0.1730578244E+001   0.9604260358E+000   0.1092206033E+001   0.1000067541E+001
 0.8080808   0.1766163888E+001   0.9786448173E+000   0.1103252714E+001   0.1021566147E+001
 0.8181818   0.1791631564E+001   0.9737273343E+000   0.1107324620E+001   0.1001633574E+001
 0.8282828   0.1785102014E+001   0.9716245354E+000   0.1104158485E+001   0.1009926220E+001
 0.8383838   0.1793032089E+001   0.9681746309E+000   0.1102898397E+001   0.1001473307E+001
 0.8484848   0.1776128053E+001   0.9477928141E+000   0.1089274585E+001   0.9644517455E+000
 0.8585859   0.1818931163E+001   0.9810268942E+000   0.1111318890E+001   0.1005516602E+001
 0.8686869   0.1811320494E+001   0.9634214291E+000   0.1101968480E+001   0.1003460612E+001
 0.8787879   0.1835988319E+001   0.9819030604E+000   0.1121375826E+001   0.1025023324E+001
 0.8888889   0.1829229239E+001   0.9714219220E+000   0.1110843587E+001   0.1016524621E+001
 0.8989899   0.1830034925E+001   0.9619648028E+000   0.1108354736E+001   0.1012985021E+001
 0.9090909   0.1849848964E+001   0.9683881964E+000   0.1109740923E+001   0.9998569049E+000
 0.9191919   0.1872132379E+001   0.9824670924E+000   0.1115415625E+001   0.1011863155E+001
 0.9292929   0.1818827808E+001   0.9389216310E+000   0.1095297429E+001   0.9790085227E+000
 0.9393939   0.1876081038E+001   0.9706607525E+000   0.1119557862E+001   0.1014908219E+001
 0.9494949   0.1873362882E+001   0.9736123375E+000   0.1114242450E+001   0.1022994809E+001
 0.9595960   0.1893626166E+001   0.9530498114E+000   0.1107569757E+001   0.9952183345E+000
 0.9696970   0.1951168021E+001   0.1000187554E+001   0.1139979576E+001   0.1038485711E+001
 0.9797980   0.1905374348E+001   0.9792800378E+000   0.1099175734E+001   0.9939590977E+000
 0.9898990   0.1892110643E+001   0.9535317028E+000   0.1106749645E+001   0.1002018213E+001
 1.0000000   0.1900476015E+001   0.9569761313E+000   0.1115978068E+001   0.1000548340E+001


 0.0000000   0.6402990977E-001   0.1075798874E+001   0.7821704031E+000   0.9694573651E+000
 0.0101010   0.6403454202E-001   0.1080206233E+001   0.7883949196E+000   0.9797761608E+000
 0.0202020   0.6200825601E-001   0.1064398862E+001   0.7682776922E+000   0.9631511760E+000
 0.0303030   0.6081853417E-001   0.1064307489E+001   0.7856853455E+000   0.9664008057E+000
 0.0404040   0.5761047633E-001   0.1078948523E+001   0.7869250439E+000   0.9846936391E+000
 0.0505051   0.5360092709E-001   0.1067080901E+001   0.7808084832E+000   0.9761636518E+000
 0.0606061   0.5015711243E-001   0.1072520228E+001   0.7865499914E+000   0.9613367800E+000
 0.0707071   0.4628239886E-001   0.1064605792E+001   0.7842108883E+000   0.9730489387E+000
 0.0808081   0.4290658005E-001   0.1067607634E+001   0.7883069260E+000   0.9839934684E+000
 0.0909091   0.3958142295E-001   0.1102726766E+001   0.7876959882E+000   0.9793318664E+000
 0.1010101   0.3644054234E-001   0.1068897593E+001   0.7924773213E+000   0.9724790323E+000
 0.1111111   0.3503405969E-001   0.1055922756E+001   0.7934612613E+000   0.9710810169E+000
 0.1212121   0.3400821485E-001   0.1071327016E+001   0.7955792266E+000   0.9834142573E+000
 0.1313131   0.3385015271E-001   0.1070397171E+001   0.8106902128E+000   0.9761171288E+000
 0.1414141   0.3384411136E-001   0.1062947658E+001   0.8183989278E+000   0.9839864899E+000
 0.1515152   0.3440310182E-001   0.1085083890E+001   0.8189928550E+000   0.9762566978E+000
 0.1616162   0.3520295548E-001   0.1073159833E+001   0.8208372169E+000   0.9827885233E+000
 0.1717172   0.3693766121E-001   0.1042442686E+001   0.8273893700E+000   0.9817371041E+000
 0.1818182   0.3981765578E-001   0.1048126567E+001   0.8288013522E+000   0.9970594456E+000
 0.1919192   0.4151894640E-001   0.1021811405E+001   0.8354895345E+000   0.9800739078E+000
 0.2020202   0.4473090535E-001   0.1046946792E+001   0.8403624585E+000   0.9869942002E+000
 0.2121212   0.4833580736E-001   0.1032093453E+001   0.8549147278E+000   0.9874152331E+000
 0.2222222   0.5190695524E-001   0.1028054269E+001   0.8527678834E+000   0.9890923863E+000
 0.2323232   0.5757797520E-001   0.1023972086E+001   0.8675502956E+000   0.1002370043E+001
 0.2424242   0.6248260126E-001   0.1044095445E+001   0.8652600794E+000   0.9767382105E+000
 0.2525253   0.6837135937E-001   0.9932979378E+000   0.8816202551E+000   0.1003642446E+001
 0.2626263   0.7674130139E-001   0.1059609889E+001   0.8850710502E+000   0.9994065297E+000
 0.2727273   0.8494860409E-001   0.1035482282E+001   0.8858723776E+000   0.9847308575E+000
 0.2828283   0.9382802412E-001   0.9956951114E+000   0.8971062989E+000   0.1011760705E+001
 0.2929293   0.1066994850E+000   0.9905433380E+000   0.9156040656E+000   0.1010069595E+001
 0.3030303   0.1190817166E+000   0.9984255245E+000   0.9134607610E+000   0.9819673928E+000
 0.3131313   0.1336561155E+000   0.1010626386E+001   0.9305026543E+000   0.1005649913E+001
 0.3232323   0.1512334850E+000   0.9784822220E+000   0.9287161655E+000   0.9783339486E+000
 0.3333333   0.1711602818E+000   0.9852383819E+000   0.9342882280E+000   0.9965104745E+000
 0.3434343   0.1920924304E+000   0.9814706268E+000   0.9496147827E+000   0.1020795467E+001
 0.3535354   0.2208707417E+000   0.9976461743E+000   0.9537883327E+000   0.1007133996E+001
 0.3636364   0.2518308646E+000   0.9913791238E+000   0.9586998462E+000   0.9922070994E+000
 0.3737374   0.2879981753E+000   0.9864342813E+000   0.9680501741E+000   0.1006468717E+001
 0.3838384   0.3309548034E+000   0.9985330211E+000   0.9771230552E+000   0.9791201868E+000
 0.3939394   0.3754156999E+000   0.1011292865E+001   0.9871579996E+000   0.1006201210E+001
 0.4040404   0.4368355686E+000   0.1012018467E+001   0.9995726838E+000   0.1014065919E+001
 0.4141414   0.4947722879E+000   0.9823843477E+000   0.1016445938E+001   0.1017001518E+001
 0.4242424   0.5674967780E+000   0.9877027409E+000   0.1017191008E+001   0.9867894991E+000
 0.4343434   0.6576290197E+000   0.1001604736E+001   0.1026316348E+001   0.9934143706E+000
 0.4444444   0.7493364145E+000   0.9950716313E+000   0.1042840633E+001   0.1017127131E+001
 0.4545455   0.8611744395E+000   0.9600143099E+000   0.1049026695E+001   0.9952892465E+000
 0.4646465   0.9914140714E+000   0.9962084076E+000   0.1059608723E+001   0.1007054907E+001
 0.4747475   0.1137214496E+001   0.9536317007E+000   0.1068033942E+001   0.1009797436E+001
 0.4848485   0.1334929756E+001   0.9841016056E+000   0.1091668934E+001   0.1021907366E+001
 0.4949495   0.1521652846E+001   0.9462896844E+000   0.1102565600E+001   0.1021865495E+001
 0.5050505   0.1653041434E+001   0.9708741517E+000   0.1102087158E+001   0.1013677452E+001
 0.5151515   0.1677001175E+001   0.1008691448E+001   0.1108305641E+001   0.1027473840E+001
 0.5252525   0.1629578663E+001   0.9623657976E+000   0.1122625401E+001   0.1032763502E+001
 0.5353535   0.1672245635E+001   0.9771008909E+000   0.1102753361E+001   0.1014866114E+001
 0.5454545   0.1652804898E+001   0.9448626673E+000   0.1100747627E+001   0.1021258371E+001
 0.5555556   0.1667042533E+001   0.9714008849E+000   0.1104663048E+001   0.1006989774E+001
 0.5656566   0.1659964480E+001   0.9823709107E+000   0.1105450906E+001   0.1012770254E+001
 0.5757576   0.1666156688E+001   0.9884095309E+000   0.1099918769E+001   0.1007652727E+001
 0.5858586   0.1674074362E+001   0.9864853422E+000   0.1106693506E+001   0.1013661169E+001
 0.5959596   0.1654656484E+001   0.9827202745E+000   0.1103263765E+001   0.1027636670E+001
 0.6060606   0.1674428996E+001   0.9717824978E+000   0.1103116539E+001   0.1027418012E+001
 0.6161616   0.1662452542E+001   0.9619035623E+000   0.1094158793E+001   0.1012200348E+001
 0.6262626   0.1645761561E+001   0.9564749851E+000   0.1106158200E+001   0.1014284577E+001
 0.6363636   0.1659907235E+001   0.9564937970E+000   0.1092508817E+001   0.1002919014E+001
 0.6464646   0.1677394526E+001   0.9843058490E+000   0.1108609846E+001   0.1008215655E+001
 0.6565657   0.1670117289E+001   0.9709735860E+000   0.1106787954E+001   0.1026354962E+001
 0.6666667   0.1687971875E+001   0.9862837861E+000   0.1114258140E+001   0.1019313710E+001
 0.6767677   0.1679457884E+001   0.9614305774E+000   0.1104577901E+001   0.1001928075E+001
 0.6868687   0.1689288664E+001   0.9804843457E+000   0.1108102913E+001   0.1011100079E+001
 0.6969697   0.1693652032E+001   0.9555155782E+000   0.1112281509E+001   0.9992878961E+000
 0.7070707   0.1697069148E+001   0.9567249147E+000   0.1107950776E+001   0.1005245163E+001
 0.7171717   0.1715022440E+001   0.9755717521E+000   0.1100384505E+001   0.9962801858E+000
 0.7272727   0.1724797027E+001   0.9833921281E+000   0.1107589037E+001   0.1010267318E+001
 0.7373737   0.1711459759E+001   0.9681706128E+000   0.1105718379E+001   0.1001800137E+001
 0.7474747   0.1725601935E+001   0.9838570508E+000   0.1101570346E+001   0.1013740258E+001
 0.7575758   0.1715386958E+001   0.9735185675E+000   0.1101333676E+001   0.1007927212E+001
 0.7676768   0.1738933706E+001   0.9763134785E+000   0.1103991945E+001   0.1013509969E+001
 0.7777778   0.1740090747E+001   0.9772970722E+000   0.1103804008E+001   0.1004770629E+001
 0.7878788   0.1743875395E+001   0.9586867272E+000   0.1100107515E+001   0.9920675305E+000
 0.7979798   0.1753192043E+001   0.9789444572E+000   0.1099299680E+001   0.1006317517E+001
 0.8080808   0.1769748864E+001   0.9866465870E+000   0.1099784324E+001   0.1018106439E+001
 0.8181818   0.1789438415E+001   0.9785010339E+000   0.1106232762E+001   0.1000402121E+001
 0.8282828   0.1780729659E+001   0.9751901393E+000   0.1100989965E+001   0.1006782747E+001
 0.8383838   0.1790809116E+001   0.9729058370E+000   0.1103007044E+001   0.1001327929E+001
 0.8484848   0.1782861870E+001   0.9572220863E+000   0.1099919766E+001   0.9736397805E+000
 0.8585859   0.1810145077E+001   0.9822768511E+000   0.1109036991E+001   0.1003207457E+001
 0.8686869   0.1800735339E+001   0.9636665062E+000   0.1100157604E+001   0.1001567522E+001
 0.8787879   0.1824705362E+001   0.9818549271E+000   0.1114558739E+001   0.1018543755E+001
 0.8888889   0.1829414670E+001   0.9774798164E+000   0.1113306075E+001   0.1018529798E+001
 0.8989899   0.1824717263E+001   0.9650532120E+000   0.1107697361E+001   0.1012137542E+001
 0.9090909   0.1851490149E+001   0.9751928267E+000   0.1111894961E+001   0.1001553565E+001
 0.9191919   0.1857986383E+001   0.9810245160E+000   0.1113014803E+001   0.1009439209E+001
 0.9292929   0.1842838909E+001   0.9571522136E+000   0.1100780964E+001   0.9836701337E+000
 0.9393939   0.1870370449E+001   0.9736421886E+000   0.1113290682E+001   0.1008980958E+001
 0.9494949   0.1867132889E+001   0.9763269156E+000   0.1107824884E+001   0.1016854971E+001
 0.9595960   0.1889636045E+001   0.9568754099E+000   0.1115868021E+001   0.1002430523E+001
 0.9696970   0.1917915611E+001   0.9891727566E+000   0.1125402818E+001   0.1024956947E+001
 0.9797980   0.1901673506E+001   0.9833733162E+000   0.1098326476E+001   0.9929491409E+000
 0.9898990   0.1897075530E+001   0.9618981875E+000   0.1105036048E+001   0.1000223008E+001
 1.0000000   0.1903686211E+001   0.9644727305E+000   0.1113105099E+001   0.9977293765E+000


 0.0000000   0.6245364608E-001   0.1053141601E+001   0.7799845683E+000   0.9668629391E+000
 0.0101010   0.6275356204E-001   0.1062457408E+001   0.7859789509E+000   0.9768897077E+000
 0.0202020   0.6091970279E-001   0.1049526565E+001   0.7723494518E+000   0.9683707121E+000
 0.0303030   0.5977970653E-001   0.1049943003E+001   0.7844378630E+000   0.9649809629E+000
 0.0404040   0.5648007451E-001   0.1061635165E+001   0.7836146763E+000   0.9806677515E+000
 0.0505051   0.5267279304E-001   0.1052427454E+001   0.7796472904E+000   0.9748276755E+000
 0.0606061   0.4885591103E-001   0.1048505849E+001   0.7783095639E+000   0.9513781264E+000
 0.0707071   0.4547565867E-001   0.1049863259E+001   0.7845708069E+000   0.9736111235E+000
 0.0808081   0.4222882642E-001   0.1054575211E+001   0.7891688884E+000   0.9851863733E+000
 0.0909091   0.3887145067E-001   0.1086896117E+001   0.7845794530E+000   0.9755729506E+000
 0.1010101   0.3617756906E-001   0.1065053500E+001   0.7936667026E+000   0.9740542177E+000
 0.1111111   0.3460065869E-001   0.1046662889E+001   0.7952665627E+000   0.9734060162E+000
 0.1212121   0.3351035140E-001   0.1059492724E+001   0.8014814309E+000   0.9908276048E+000
 0.1313131   0.3326375317E-001   0.1055689847E+001   0.8080045251E+000   0.9729989332E+000
 0.1414141   0.3348443398E-001   0.1055486059E+001   0.8164923433E+000   0.9818107154E+000
 0.1515152   0.3396812395E-001   0.1075271294E+001   0.8152410055E+000   0.9718998090E+000
 0.1616162   0.3501282197E-001   0.1071255769E+001   0.8203782017E+000   0.9823555804E+000
 0.1717172   0.3653027523E-001   0.1034704916E+001   0.8254796318E+000   0.9795874157E+000
 0.1818182   0.3908440311E-001   0.1032576652E+001   0.8289577270E+000   0.9973659848E+000
 0.1919192   0.4105837980E-001   0.1014161231E+001   0.8359218702E+000   0.9806974998E+000
 0.2020202   0.4454875721E-001   0.1046485681E+001   0.8394580644E+000   0.9860490762E+000
 0.2121212   0.4812584792E-001   0.1031357463E+001   0.8495533592E+000   0.9813394385E+000
 0.2222222   0.5190566610E-001   0.1031777445E+001   0.8538277758E+000   0.9904393102E+000
 0.2323232   0.5692882604E-001   0.1016119376E+001   0.8624203506E+000   0.9965612130E+000
 0.2424242   0.6258935615E-001   0.1049693140E+001   0.8661208674E+000   0.9778259987E+000
 0.2525253   0.6853049467E-001   0.9992403462E+000   0.8811487970E+000   0.1003224849E+001
 0.2626263   0.7638944927E-001   0.1058597825E+001   0.8846023405E+000   0.9989958827E+000
 0.2727273   0.8459843966E-001   0.1034974272E+001   0.8821420013E+000   0.9807006313E+000
 0.2828283   0.9368838123E-001   0.9978386336E+000   0.8953787920E+000   0.1009932325E+001
 0.2929293   0.1061151240E+000   0.9887106668E+000   0.9100138166E+000   0.1004021793E+001
 0.3030303   0.1193380628E+000   0.1004223426E+001   0.9093182537E+000   0.9776302857E+000
 0.3131313   0.1336463373E+000   0.1014237431E+001   0.9283528341E+000   0.1003445614E+001
 0.3232323   0.1512112528E+000   0.9819058925E+000   0.9274490684E+000   0.9771151691E+000
 0.3333333   0.1717065964E+000   0.9919872365E+000   0.9352757849E+000   0.9976822570E+000
 0.3434343   0.1929169568E+000   0.9892777313E+000   0.9484124143E+000   0.1019624033E+001
 0.3535354   0.2217024528E+000   0.1005054530E+001   0.9511995474E+000   0.1004519686E+001
 0.3636364   0.2510047775E+000   0.9917302854E+000   0.9598066217E+000   0.9934705132E+000
 0.3737374   0.2873175922E+000   0.9876917227E+000   0.9672232727E+000   0.1005728410E+001
 0.3838384   0.3297506931E+000   0.9985279714E+000   0.9792871201E+000   0.9814051981E+000
 0.3939394   0.3757851440E+000   0.1015979382E+001   0.9881113500E+000   0.1007292548E+001
 0.4040404   0.4339887663E+000   0.1009089548E+001   0.9978381994E+000   0.1012426492E+001
 0.4141414   0.4931533974E+000   0.9827405406E+000   0.1011629661E+001   0.1012302801E+001
 0.4242424   0.5671623386E+000   0.9907202017E+000   0.1020744903E+001   0.9903547622E+000
 0.4343434   0.6509744280E+000   0.9950848265E+000   0.1027855299E+001   0.9950221259E+000
 0.4444444   0.7491819551E+000   0.9984943019E+000   0.1042933098E+001   0.1017338105E+001
 0.4545455   0.8620600614E+000   0.9645058720E+000   0.1048447379E+001   0.9948577270E+000
 0.4646465   0.9902613833E+000   0.9986785979E+000   0.1059296416E+001   0.1006877637E+001
 0.4747475   0.1147512813E+001   0.9657764510E+000   0.1071250454E+001   0.1012958831E+001
 0.4848485   0.1342438086E+001   0.9932454109E+000   0.1087038345E+001   0.1017693520E+001
 0.4949495   0.1526148229E+001   0.9525461268E+000   0.1099339151E+001   0.1018996186E+001
 0.5050505   0.1646017359E+001   0.9702739815E+000   0.1099141143E+001   0.1011087815E+001
 0.5151515   0.1663151687E+001   0.1004009004E+001   0.1107897790E+001   0.1027217698E+001
 0.5252525   0.1642432705E+001   0.9734938447E+000   0.1108063007E+001   0.1019487817E+001
 0.5353535   0.1669147931E+001   0.9788472882E+000   0.1106839159E+001   0.1018747239E+001
 0.5454545   0.1650379007E+001   0.9469162393E+000   0.1102279270E+001   0.1022800847E+001
 0.5555556   0.1663091865E+001   0.9726326155E+000   0.1108947889E+001   0.1011015792E+001
 0.5656566   0.1657291585E+001   0.9843655349E+000   0.1104942770E+001   0.1012424926E+001
 0.5757576   0.1664150726E+001   0.9908194380E+000   0.1099748798E+001   0.1007616649E+001
 0.5858586   0.1673831139E+001   0.9899387159E+000   0.1101736053E+001   0.1009240284E+001
 0.5959596   0.1655825538E+001   0.9870006129E+000   0.1099546779E+001   0.1024296094E+001
 0.6060606   0.1674009276E+001   0.9750816254E+000   0.1105513686E+001   0.1029772927E+001
 0.6161616   0.1659029154E+001   0.9634231332E+000   0.1097539407E+001   0.1015448301E+001
 0.6262626   0.1657958467E+001   0.9670771552E+000   0.1108339021E+001   0.1016404946E+001
 0.6363636   0.1656555290E+001   0.9580431085E+000   0.1095638623E+001   0.1005911597E+001
 0.6464646   0.1679522474E+001   0.9891483697E+000   0.1106110289E+001   0.1006061905E+001
 0.6565657   0.1684327841E+001   0.9828061075E+000   0.1106556974E+001   0.1026262618E+001
 0.6666667   0.1687062255E+001   0.9893468423E+000   0.1118839213E+001   0.1023625973E+001
 0.6767677   0.1684975738E+001   0.9681067318E+000   0.1106243835E+001   0.1003558344E+001
 0.6868687   0.1690133118E+001   0.9845516029E+000   0.1112935184E+001   0.1015629922E+001
 0.6969697   0.1704624678E+001   0.9652129306E+000   0.1110733624E+001   0.9980157520E+000
 0.7070707   0.1695960949E+001   0.9595865873E+000   0.1108529508E+001   0.1005889677E+001
 0.7171717   0.1708395318E+001   0.9753456648E+000   0.1104459882E+001   0.1000088744E+001
 0.7272727   0.1720150966E+001   0.9843194609E+000   0.1107279109E+001   0.1010104553E+001
 0.7373737   0.1720728653E+001   0.9769635708E+000   0.1109924068E+001   0.1005729976E+001
 0.7474747   0.1719902015E+001   0.9841830110E+000   0.1103053798E+001   0.1015225971E+001
 0.7575758   0.1724246815E+001   0.9821149976E+000   0.1103792153E+001   0.1010297134E+001
 0.7676768   0.1744222779E+001   0.9828539535E+000   0.1107204912E+001   0.1016580305E+001
 0.7777778   0.1739014841E+001   0.9802543171E+000   0.1104436081E+001   0.1005465372E+001
 0.7878788   0.1740300907E+001   0.9602103583E+000   0.1100355472E+001   0.9924089659E+000
 0.7979798   0.1750452849E+001   0.9809790964E+000   0.1103149994E+001   0.1009962074E+001
 0.8080808   0.1768214445E+001   0.9893858280E+000   0.1102686371E+001   0.1020914173E+001
 0.8181818   0.1774568847E+001   0.9739085107E+000   0.1104215954E+001   0.9986968332E+000
 0.8282828   0.1786081884E+001   0.9816879271E+000   0.1107692902E+001   0.1013032419E+001
 0.8383838   0.1785868551E+001   0.9737596562E+000   0.1102423483E+001   0.1000917002E+001
 0.8484848   0.1786879121E+001   0.9628773336E+000   0.1105014743E+001   0.9782659615E+000
 0.8585859   0.1808766726E+001   0.9851080350E+000   0.1109042224E+001   0.1003331317E+001
 0.8686869   0.1806171539E+001   0.9701003180E+000   0.1108576110E+001   0.1009351449E+001
 0.8787879   0.1824434135E+001   0.9852887868E+000   0.1113499559E+001   0.1017696651E+001
 0.8888889   0.1829607198E+001   0.9811474437E+000   0.1113972808E+001   0.1019260790E+001
 0.8989899   0.1833802165E+001   0.9733946084E+000   0.1113255023E+001   0.1017336540E+001
 0.9090909   0.1850047147E+001   0.9779860590E+000   0.1113228824E+001   0.1002874132E+001
 0.9191919   0.1863241990E+001   0.9873869256E+000   0.1116707717E+001   0.1012908729E+001
 0.9292929   0.1837390122E+001   0.9578021061E+000   0.1098776448E+001   0.9819954685E+000
 0.9393939   0.1868490611E+001   0.9762104382E+000   0.1111831244E+001   0.1007777917E+001
 0.9494949   0.1867413916E+001   0.9800345796E+000   0.1106609584E+001   0.1015860081E+001
 0.9595960   0.1890483078E+001   0.9607951435E+000   0.1112580120E+001   0.9995955473E+000
 0.9696970   0.1903177009E+001   0.9851505648E+000   0.1119639534E+001   0.1019829140E+001
 0.9797980   0.1895870244E+001   0.9839473248E+000   0.1102369363E+001   0.9967224805E+000
 0.9898990   0.1906359810E+001   0.9701304433E+000   0.1111918672E+001   0.1006572324E+001
 1.0000000   0.1908373764E+001   0.9703732178E+000   0.1117174978E+001   0.1001496312E+001


 0.0000000   0.6246076652E-001   0.1052504546E+001   0.7823395137E+000   0.9696739838E+000
 0.0101010   0.6282071017E-001   0.1062829715E+001   0.7886931361E+000   0.9801538598E+000
 0.0202020   0.6097174744E-001   0.1049668107E+001   0.7771473663E+000   0.9742776899E+000
 0.0303030   0.5961673707E-001   0.1046328001E+001   0.7854439281E+000   0.9661108495E+000
 0.0404040   0.5625842967E-001   0.1056708838E+001   0.7816686805E+000   0.9781233324E+000
 0.0505051   0.5255482373E-001   0.1049315540E+001   0.7808280799E+000   0.9761952141E+000
 0.0606061   0.4889129596E-001   0.1048510999E+001   0.7814550665E+000   0.9551165732E+000
 0.0707071   0.4550060203E-001   0.1049684012E+001   0.7860834513E+000   0.9753794717E+000
 0.0808081   0.4218042372E-001   0.1052609256E+001   0.7920319189E+000   0.9886502931E+000
 0.0909091   0.3869148333E-001   0.1081086311E+001   0.7854495743E+000   0.9765459951E+000
 0.1010101   0.3631182522E-001   0.1068237506E+001   0.7931651300E+000   0.9733301104E+000
 0.1111111   0.3457154299E-001   0.1045030396E+001   0.7947219089E+000   0.9726309027E+000
 0.1212121   0.3353049911E-001   0.1059367669E+001   0.8048335941E+000   0.9948607644E+000
 0.1313131   0.3335842919E-001   0.1057933544E+001   0.8077655058E+000   0.9726026518E+000
 0.1414141   0.3362901560E-001   0.1059281515E+001   0.8155989308E+000   0.9806270610E+000
 0.1515152   0.3401615945E-001   0.1076017833E+001   0.8177957872E+000   0.9748368206E+000
 0.1616162   0.3517650950E-001   0.1075490308E+001   0.8208025379E+000   0.9827541121E+000
 0.1717172   0.3679833903E-001   0.1041548468E+001   0.8273049944E+000   0.9816440904E+000
 0.1818182   0.3898167957E-001   0.1029122478E+001   0.8295469631E+000   0.9979636458E+000
 0.1919192   0.4106755095E-001   0.1013658582E+001   0.8366935808E+000   0.9814934194E+000
 0.2020202   0.4446302097E-001   0.1043720862E+001   0.8407882464E+000   0.9875014265E+000
 0.2121212   0.4820699725E-001   0.1032353898E+001   0.8479459143E+000   0.9793734310E+000
 0.2222222   0.5230085526E-001   0.1038885661E+001   0.8522597865E+000   0.9885102161E+000
 0.2323232   0.5720656708E-001   0.1020342770E+001   0.8611385210E+000   0.9949690592E+000
 0.2424242   0.6280395363E-001   0.1052535031E+001   0.8661221341E+000   0.9777184040E+000
 0.2525253   0.6902717794E-001   0.1005758966E+001   0.8825441343E+000   0.1004701466E+001
 0.2626263   0.7662690957E-001   0.1061125201E+001   0.8834511762E+000   0.9975846140E+000
 0.2727273   0.8481314398E-001   0.1036855089E+001   0.8850057828E+000   0.9837746729E+000
 0.2828283   0.9420468532E-001   0.1002616350E+001   0.8961520543E+000   0.1010691816E+001
 0.2929293   0.1068117639E+000   0.9944861078E+000   0.9104123554E+000   0.1004349508E+001
 0.3030303   0.1194435358E+000   0.1004388462E+001   0.9129442644E+000   0.9814192610E+000
 0.3131313   0.1346164205E+000   0.1020864993E+001   0.9285836624E+000   0.1003583204E+001
 0.3232323   0.1512635203E+000   0.9815392203E+000   0.9309611107E+000   0.9807059279E+000
 0.3333333   0.1727138789E+000   0.9970892698E+000   0.9343008004E+000   0.9965310939E+000
 0.3434343   0.1937120874E+000   0.9926410968E+000   0.9478072648E+000   0.1018859834E+001
 0.3535354   0.2222945159E+000   0.1007014157E+001   0.9541041392E+000   0.1007474754E+001
 0.3636364   0.2515546765E+000   0.9931885031E+000   0.9601047982E+000   0.9936683445E+000
 0.3737374   0.2867715462E+000   0.9851059765E+000   0.9718582229E+000   0.1010435204E+001
 0.3838384   0.3305238437E+000   0.1000149708E+001   0.9827488739E+000   0.9847646286E+000
 0.3939394   0.3751910478E+000   0.1013644002E+001   0.9912007553E+000   0.1010329264E+001
 0.4040404   0.4353820753E+000   0.1011601501E+001   0.9980484816E+000   0.1012526942E+001
 0.4141414   0.4919497367E+000   0.9796372154E+000   0.1008348852E+001   0.1008907306E+001
 0.4242424   0.5679198117E+000   0.9913302377E+000   0.1021740845E+001   0.9912105234E+000
 0.4343434   0.6498975630E+000   0.9927245994E+000   0.1026911812E+001   0.9939979373E+000
 0.4444444   0.7468705586E+000   0.9946981780E+000   0.1043764775E+001   0.1018035851E+001
 0.4545455   0.8638918977E+000   0.9658606032E+000   0.1045288420E+001   0.9917496431E+000
 0.4646465   0.9943208254E+000   0.1002051713E+001   0.1060863961E+001   0.1008255183E+001
 0.4747475   0.1148547086E+001   0.9659520585E+000   0.1072397148E+001   0.1013930066E+001
 0.4848485   0.1339501167E+001   0.9903600164E+000   0.1086577129E+001   0.1017148305E+001
 0.4949495   0.1525070663E+001   0.9511893197E+000   0.1102634579E+001   0.1021936818E+001
 0.5050505   0.1649818925E+001   0.9718158003E+000   0.1102474127E+001   0.1014040715E+001
 0.5151515   0.1656902464E+001   0.9995174740E+000   0.1102929428E+001   0.1022497126E+001
 0.5252525   0.1643734976E+001   0.9735653797E+000   0.1106513590E+001   0.1017948745E+001
 0.5353535   0.1666254747E+001   0.9764482094E+000   0.1112745985E+001   0.1024069755E+001
 0.5454545   0.1653755225E+001   0.9481712952E+000   0.1104267190E+001   0.1024531185E+001
 0.5555556   0.1654753037E+001   0.9670601254E+000   0.1110597548E+001   0.1012406876E+001
 0.5656566   0.1658534323E+001   0.9843955412E+000   0.1104397441E+001   0.1011812432E+001
 0.5757576   0.1665702908E+001   0.9910306885E+000   0.1101676003E+001   0.1009269858E+001
 0.5858586   0.1669475193E+001   0.9866527637E+000   0.1103406378E+001   0.1010657680E+001
 0.5959596   0.1658212843E+001   0.9877131148E+000   0.1098182878E+001   0.1022911472E+001
 0.6060606   0.1676857674E+001   0.9760386487E+000   0.1108208827E+001   0.1032168323E+001
 0.6161616   0.1659879955E+001   0.9632243052E+000   0.1101503496E+001   0.1019002265E+001
 0.6262626   0.1661736977E+001   0.9685843802E+000   0.1106722524E+001   0.1014809373E+001
 0.6363636   0.1656368665E+001   0.9572465756E+000   0.1098715061E+001   0.1008623621E+001
 0.6464646   0.1679814358E+001   0.9886091116E+000   0.1101688315E+001   0.1001928177E+001
 0.6565657   0.1688997354E+001   0.9848223325E+000   0.1102782288E+001   0.1022647797E+001
 0.6666667   0.1684906688E+001   0.9873724770E+000   0.1110080254E+001   0.1015499163E+001
 0.6767677   0.1688550353E+001   0.9694631462E+000   0.1104432466E+001   0.1001803403E+001
 0.6868687   0.1687321576E+001   0.9822072415E+000   0.1111524033E+001   0.1014229054E+001
 0.6969697   0.1700347577E+001   0.9620990075E+000   0.1107903921E+001   0.9953622164E+000
 0.7070707   0.1699976555E+001   0.9611672239E+000   0.1109362231E+001   0.1006533060E+001
 0.7171717   0.1709066288E+001   0.9750273388E+000   0.1105230051E+001   0.1000674547E+001
 0.7272727   0.1722124082E+001   0.9847401553E+000   0.1105873205E+001   0.1008709550E+001
 0.7373737   0.1719020961E+001   0.9752924266E+000   0.1109175085E+001   0.1004939243E+001
 0.7474747   0.1720474796E+001   0.9838030700E+000   0.1102511781E+001   0.1014613971E+001
 0.7575758   0.1719832194E+001   0.9788962951E+000   0.1100370866E+001   0.1007053346E+001
 0.7676768   0.1748184644E+001   0.9843783105E+000   0.1107204688E+001   0.1016466754E+001
 0.7777778   0.1743139903E+001   0.9818732309E+000   0.1103646335E+001   0.1004634370E+001
 0.7878788   0.1744824430E+001   0.9620141794E+000   0.1099444222E+001   0.9914765519E+000
 0.7979798   0.1749881548E+001   0.9799539953E+000   0.1102637708E+001   0.1009380507E+001
 0.8080808   0.1762173390E+001   0.9852968397E+000   0.1103050633E+001   0.1021137556E+001
 0.8181818   0.1777218442E+001   0.9746615177E+000   0.1101297342E+001   0.9959460666E+000
 0.8282828   0.1781468293E+001   0.9784482967E+000   0.1105399704E+001   0.1010822476E+001
 0.8383838   0.1786193385E+001   0.9732366708E+000   0.1100876379E+001   0.9994009061E+000
 0.8484848   0.1785980645E+001   0.9617013758E+000   0.1099667030E+001   0.9734231027E+000
 0.8585859   0.1805380813E+001   0.9825571574E+000   0.1107354489E+001   0.1001692754E+001
 0.8686869   0.1803680769E+001   0.9680661336E+000   0.1104466109E+001   0.1005497197E+001
 0.8787879   0.1824464682E+001   0.9845970079E+000   0.1114543616E+001   0.1018537303E+001
 0.8888889   0.1836002683E+001   0.9838693419E+000   0.1114671350E+001   0.1019786225E+001
 0.8989899   0.1839681278E+001   0.9758133241E+000   0.1112960595E+001   0.1016954080E+001
 0.9090909   0.1846637610E+001   0.9754819644E+000   0.1112319785E+001   0.1001943480E+001
 0.9191919   0.1852235471E+001   0.9808486666E+000   0.1111645436E+001   0.1008204567E+001
 0.9292929   0.1838597029E+001   0.9577422897E+000   0.1100103587E+001   0.9830719338E+000
 0.9393939   0.1861462923E+001   0.9718396582E+000   0.1106046273E+001   0.1002422566E+001
 0.9494949   0.1870476383E+001   0.9809361456E+000   0.1107759412E+001   0.1016802232E+001
 0.9595960   0.1885821381E+001   0.9577369880E+000   0.1107348468E+001   0.9947842517E+000
 0.9696970   0.1901387541E+001   0.9835167752E+000   0.1116395627E+001   0.1016761033E+001
 0.9797980   0.1897929619E+001   0.9843080622E+000   0.1105720555E+001   0.9996410381E+000
 0.9898990   0.1906369420E+001   0.9694379629E+000   0.1109032939E+001   0.1003848056E+001
 1.0000000   0.1913096917E+001   0.9720755863E+000   0.1116753098E+001   0.1001006494E+001


 0.0000000   0.6112085876E-001   0.1035184931E+001   0.7879133190E+000   0.9761304770E+000
 0.0101010   0.6135782895E-001   0.1043380352E+001   0.7939907521E+000   0.9862808258E+000
 0.0202020   0.5958834405E-001   0.1031089821E+001   0.7835647466E+000   0.9818682556E+000
 0.0303030   0.5796715233E-001   0.1022570911E+001   0.7883028740E+000   0.9691786427E+000
 0.0404040   0.5495463540E-001   0.1037489926E+001   0.7870450042E+000   0.9843950629E+000
 0.0505051   0.5142464150E-001   0.1031992680E+001   0.7868489482E+000   0.9832672464E+000
 0.0606061   0.4809829147E-001   0.1036771175E+001   0.7900324466E+000   0.9651531905E+000
 0.0707071   0.4450743298E-001   0.1032014523E+001   0.7933358027E+000   0.9839226639E+000
 0.0808081   0.4129145219E-001   0.1035686288E+001   0.7971112802E+000   0.9945300802E+000
 0.0909091   0.3800265901E-001   0.1067261386E+001   0.7933568322E+000   0.9859205377E+000
 0.1010101   0.3564150672E-001   0.1053871406E+001   0.8000863269E+000   0.9813690267E+000
 0.1111111   0.3394892903E-001   0.1031449717E+001   0.7989282293E+000   0.9773263267E+000
 0.1212121   0.3304800551E-001   0.1049454886E+001   0.8115005000E+000   0.1002637519E+001
 0.1313131   0.3279203154E-001   0.1045280724E+001   0.8142396227E+000   0.9799441642E+000
 0.1414141   0.3296664200E-001   0.1043719444E+001   0.8218993751E+000   0.9877449750E+000
 0.1515152   0.3341235205E-001   0.1062314385E+001   0.8216608164E+000   0.9789907424E+000
 0.1616162   0.3459528518E-001   0.1063120509E+001   0.8241222903E+000   0.9862722019E+000
 0.1717172   0.3631130467E-001   0.1033010997E+001   0.8337523533E+000   0.9888363795E+000
 0.1818182   0.3849974631E-001   0.1021589000E+001   0.8350953687E+000   0.1004173534E+001
 0.1919192   0.4060297354E-001   0.1007308643E+001   0.8429218619E+000   0.9883419416E+000
 0.2020202   0.4402371297E-001   0.1038685070E+001   0.8466962228E+000   0.9939800661E+000
 0.2121212   0.4758182668E-001   0.1024168596E+001   0.8522434231E+000   0.9838814608E+000
 0.2222222   0.5189669764E-001   0.1036121075E+001   0.8565526060E+000   0.9930295189E+000
 0.2323232   0.5667018771E-001   0.1015936770E+001   0.8677740894E+000   0.1002171828E+001
 0.2424242   0.6211062978E-001   0.1046230390E+001   0.8714511467E+000   0.9832787449E+000
 0.2525253   0.6861890960E-001   0.1004915235E+001   0.8848332263E+000   0.1006841199E+001
 0.2626263   0.7585287591E-001   0.1055769698E+001   0.8861094057E+000   0.1000123169E+001
 0.2727273   0.8427219259E-001   0.1035502180E+001   0.8851201492E+000   0.9834464322E+000
 0.2828283   0.9372973883E-001   0.1002654967E+001   0.8999138998E+000   0.1014464740E+001
 0.2929293   0.1055676380E+000   0.9879211002E+000   0.9146430118E+000   0.1008549693E+001
 0.3030303   0.1186506167E+000   0.1002815151E+001   0.9149557447E+000   0.9831263891E+000
 0.3131313   0.1339681982E+000   0.1021136530E+001   0.9274454540E+000   0.1001889155E+001
 0.3232323   0.1510586374E+000   0.9852146038E+000   0.9340003400E+000   0.9834521814E+000
 0.3333333   0.1720024583E+000   0.9980522588E+000   0.9359734982E+000   0.9978531624E+000
 0.3434343   0.1932731596E+000   0.9954487382E+000   0.9468729711E+000   0.1017384415E+001
 0.3535354   0.2217247559E+000   0.1009561629E+001   0.9545375852E+000   0.1007465954E+001
 0.3636364   0.2516311189E+000   0.9985629773E+000   0.9623466279E+000   0.9955275798E+000
 0.3737374   0.2869447040E+000   0.9907336929E+000   0.9734425987E+000   0.1011614057E+001
 0.3838384   0.3286825263E+000   0.9996561855E+000   0.9859681151E+000   0.9875332100E+000
 0.3939394   0.3728209282E+000   0.1012383583E+001   0.9928615167E+000   0.1011553690E+001
 0.4040404   0.4328669827E+000   0.1010893034E+001   0.9982850589E+000   0.1012298221E+001
 0.4141414   0.4936076696E+000   0.9879575058E+000   0.1006242027E+001   0.1006333346E+001
 0.4242424   0.5675429141E+000   0.9957306216E+000   0.1022059120E+001   0.9910603915E+000
 0.4343434   0.6487477964E+000   0.9960281074E+000   0.1024199557E+001   0.9909137849E+000
 0.4444444   0.7458991373E+000   0.9984766440E+000   0.1040428738E+001   0.1014312385E+001
 0.4545455   0.8637674660E+000   0.9706523636E+000   0.1047609036E+001   0.9934913775E+000
 0.4646465   0.9950356705E+000   0.1007892173E+001   0.1059604471E+001   0.1006592064E+001
 0.4747475   0.1147572772E+001   0.9700605126E+000   0.1069817415E+001   0.1011022840E+001
 0.4848485   0.1341621454E+001   0.9969923357E+000   0.1082445626E+001   0.1012811823E+001
 0.4949495   0.1525623890E+001   0.9563928099E+000   0.1098400612E+001   0.1017541562E+001
 0.5050505   0.1654727749E+001   0.9796840730E+000   0.1099723919E+001   0.1011042962E+001
 0.5151515   0.1655459644E+001   0.1003746095E+001   0.1098016779E+001   0.1017471612E+001
 0.5252525   0.1646749767E+001   0.9803310526E+000   0.1104010278E+001   0.1015175734E+001
 0.5353535   0.1664640260E+001   0.9804829159E+000   0.1108386338E+001   0.1019585430E+001
 0.5454545   0.1656054295E+001   0.9543374537E+000   0.1102087430E+001   0.1022035580E+001
 0.5555556   0.1658026300E+001   0.9739205464E+000   0.1104685896E+001   0.1006551819E+001
 0.5656566   0.1650899638E+001   0.9848671904E+000   0.1101991489E+001   0.1009140910E+001
 0.5757576   0.1663653435E+001   0.9948652085E+000   0.1097882605E+001   0.1005329139E+001
 0.5858586   0.1668832758E+001   0.9913089014E+000   0.1097357087E+001   0.1004651683E+001
 0.5959596   0.1659935472E+001   0.9937876027E+000   0.1094447895E+001   0.1018960675E+001
 0.6060606   0.1677413336E+001   0.9813472889E+000   0.1105219708E+001   0.1028907883E+001
 0.6161616   0.1659498358E+001   0.9679198632E+000   0.1098602742E+001   0.1015848400E+001
 0.6262626   0.1660779264E+001   0.9729688000E+000   0.1100091539E+001   0.1008262229E+001
 0.6363636   0.1658199289E+001   0.9631975368E+000   0.1096134652E+001   0.1005789081E+001
 0.6464646   0.1681561713E+001   0.9946904616E+000   0.1097804150E+001   0.9979336523E+000
 0.6565657   0.1689584584E+001   0.9901948900E+000   0.1099964242E+001   0.1019562433E+001
 0.6666667   0.1685511817E+001   0.9927703262E+000   0.1106545496E+001   0.1011797076E+001
 0.6767677   0.1689528083E+001   0.9749773490E+000   0.1104183434E+001   0.1001113961E+001
 0.6868687   0.1691419094E+001   0.9896196815E+000   0.1108365702E+001   0.1010879108E+001
 0.6969697   0.1695075386E+001   0.9640130222E+000   0.1102813397E+001   0.9903302333E+000
 0.7070707   0.1702209168E+001   0.9673436146E+000   0.1105731494E+001   0.1002774544E+001
 0.7171717   0.1707529418E+001   0.9791244669E+000   0.1100592312E+001   0.9960143520E+000
 0.7272727   0.1719925663E+001   0.9885046300E+000   0.1101008533E+001   0.1003807497E+001
 0.7373737   0.1720650934E+001   0.9812016665E+000   0.1105462547E+001   0.1001112044E+001
 0.7474747   0.1720400190E+001   0.9887833929E+000   0.1101495413E+001   0.1013209482E+001
 0.7575758   0.1720961630E+001   0.9845405801E+000   0.1097570940E+001   0.1004025970E+001
 0.7676768   0.1752189208E+001   0.9916708771E+000   0.1107191779E+001   0.1015984466E+001
 0.7777778   0.1749451874E+001   0.9904601308E+000   0.1103224354E+001   0.1003785458E+001
 0.7878788   0.1749331735E+001   0.9694239346E+000   0.1100941612E+001   0.9923673938E+000
 0.7979798   0.1756521498E+001   0.9886949793E+000   0.1100259967E+001   0.1006737712E+001
 0.8080808   0.1762851442E+001   0.9907087290E+000   0.1100243652E+001   0.1018067621E+001
 0.8181818   0.1777698220E+001   0.9799025066E+000   0.1098102639E+001   0.9925973649E+000
 0.8282828   0.1787128620E+001   0.9865688922E+000   0.1105064581E+001   0.1010048337E+001
 0.8383838   0.1787572445E+001   0.9789611618E+000   0.1099977173E+001   0.9981224202E+000
 0.8484848   0.1791526458E+001   0.9696132438E+000   0.1099176014E+001   0.9725381370E+000
 0.8585859   0.1807422469E+001   0.9886908186E+000   0.1105306772E+001   0.9993776791E+000
 0.8686869   0.1804886577E+001   0.9736594662E+000   0.1102288762E+001   0.1003050509E+001
 0.8787879   0.1821840584E+001   0.9882009032E+000   0.1110486844E+001   0.1014360295E+001
 0.8888889   0.1838541686E+001   0.9902604201E+000   0.1110938905E+001   0.1015901102E+001
 0.8989899   0.1841377236E+001   0.9816999031E+000   0.1110450266E+001   0.1014190692E+001
 0.9090909   0.1845578642E+001   0.9799004263E+000   0.1106628365E+001   0.9963554757E+000
 0.9191919   0.1847567942E+001   0.9833724804E+000   0.1104503345E+001   0.1001263442E+001
 0.9292929   0.1843178872E+001   0.9650313389E+000   0.1099568975E+001   0.9821394298E+000
 0.9393939   0.1863441187E+001   0.9778398693E+000   0.1104174576E+001   0.1000263068E+001
 0.9494949   0.1872840597E+001   0.9871909079E+000   0.1105327698E+001   0.1014100620E+001
 0.9595960   0.1879417697E+001   0.9593583061E+000   0.1103344831E+001   0.9907288499E+000
 0.9696970   0.1898919550E+001   0.9872553978E+000   0.1111983841E+001   0.1012274266E+001
 0.9797980   0.1892647311E+001   0.9865803339E+000   0.1101610482E+001   0.9954643378E+000
 0.9898990   0.1901405461E+001   0.9718506279E+000   0.1104600088E+001   0.9993728880E+000
 1.0000000   0.1913936106E+001   0.9774674920E+000   0.1115886417E+001   0.9997667135E+000


 0.0000000   0.6090670514E-001   0.1032630473E+001   0.7877494574E+000   0.9758987471E+000
 0.0101010   0.6118374177E-001   0.1041501836E+001   0.7939343280E+000   0.9861817091E+000
 0.0202020   0.5961109626E-001   0.1032556033E+001   0.7862268485E+000   0.9851750806E+000
 0.0303030   0.5782506953E-001   0.1021125140E+001   0.7866357584E+000   0.9671005422E+000
 0.0404040   0.5497170265E-001   0.1038891237E+001   0.7864618683E+000   0.9836367540E+000
 0.0505051   0.5133683568E-001   0.1031301803E+001   0.7870929497E+000   0.9835432071E+000
 0.0606061   0.4809178749E-001   0.1037708850E+001   0.7920555507E+000   0.9675962608E+000
 0.0707071   0.4438985041E-001   0.1030358317E+001   0.7941549683E+000   0.9849096313E+000
 0.0808081   0.4112989158E-001   0.1032706644E+001   0.7972921432E+000   0.9947264580E+000
 0.0909091   0.3800343471E-001   0.1068392912E+001   0.7960687389E+000   0.9892615606E+000
 0.1010101   0.3557853405E-001   0.1053103249E+001   0.8015761068E+000   0.9831674205E+000
 0.1111111   0.3377757361E-001   0.1027310598E+001   0.7992886939E+000   0.9777385027E+000
 0.1212121   0.3301863202E-001   0.1049612352E+001   0.8118140214E+000   0.1002995363E+001
 0.1313131   0.3260788756E-001   0.1040491700E+001   0.8137024381E+000   0.9792688338E+000
 0.1414141   0.3273747653E-001   0.1037541793E+001   0.8210718310E+000   0.9867214027E+000
 0.1515152   0.3333819721E-001   0.1061058825E+001   0.8212896126E+000   0.9785196592E+000
 0.1616162   0.3445032098E-001   0.1059766509E+001   0.8245426196E+000   0.9867461887E+000
 0.1717172   0.3614892167E-001   0.1029460707E+001   0.8323158201E+000   0.9871035858E+000
 0.1818182   0.3824631776E-001   0.1015919522E+001   0.8354473998E+000   0.1004567271E+001
 0.1919192   0.4046143266E-001   0.1004840922E+001   0.8441162937E+000   0.9897133041E+000
 0.2020202   0.4392191944E-001   0.1037360886E+001   0.8467419315E+000   0.9940044679E+000
 0.2121212   0.4750604725E-001   0.1023600708E+001   0.8542001065E+000   0.9861113491E+000
 0.2222222   0.5168065512E-001   0.1032880627E+001   0.8582733143E+000   0.9949951055E+000
 0.2323232   0.5635670511E-001   0.1011367420E+001   0.8665977286E+000   0.1000783819E+001
 0.2424242   0.6206157412E-001   0.1046491058E+001   0.8728315415E+000   0.9848072894E+000
 0.2525253   0.6830881285E-001   0.1001414077E+001   0.8837202122E+000   0.1005545116E+001
 0.2626263   0.7562762832E-001   0.1053729066E+001   0.8868866114E+000   0.1000970913E+001
 0.2727273   0.8401874947E-001   0.1033461433E+001   0.8873504483E+000   0.9858954716E+000
 0.2828283   0.9343243652E-001   0.1000513871E+001   0.9003164075E+000   0.1014888611E+001
 0.2929293   0.1055174254E+000   0.9884779352E+000   0.9156823095E+000   0.1009665976E+001
 0.3030303   0.1183927737E+000   0.1001676349E+001   0.9144523503E+000   0.9825565673E+000
 0.3131313   0.1337442857E+000   0.1020489802E+001   0.9258137203E+000   0.1000097009E+001
 0.3232323   0.1511037944E+000   0.9865338352E+000   0.9336882795E+000   0.9830946618E+000
 0.3333333   0.1717030760E+000   0.9973510295E+000   0.9385798005E+000   0.1000602322E+001
 0.3434343   0.1928227119E+000   0.9941613551E+000   0.9477130666E+000   0.1018257099E+001
 0.3535354   0.2216805982E+000   0.1010410085E+001   0.9534638734E+000   0.1006303086E+001
 0.3636364   0.2513978246E+000   0.9986745063E+000   0.9614961665E+000   0.9946185193E+000
 0.3737374   0.2866130817E+000   0.9906176571E+000   0.9708279927E+000   0.1008867230E+001
 0.3838384   0.3275728975E+000   0.9973172718E+000   0.9834462927E+000   0.9849783923E+000
 0.3939394   0.3722948548E+000   0.1012006220E+001   0.9923005899E+000   0.1010952446E+001
 0.4040404   0.4318879109E+000   0.1009655296E+001   0.9997698787E+000   0.1013774044E+001
 0.4141414   0.4922457192E+000   0.9862559829E+000   0.1005197243E+001   0.1005258878E+001
 0.4242424   0.5664058709E+000   0.9947689946E+000   0.1021985459E+001   0.9909597964E+000
 0.4343434   0.6475937345E+000   0.9952900757E+000   0.1024014458E+001   0.9907055408E+000
 0.4444444   0.7469166193E+000   0.1000878281E+001   0.1040030167E+001   0.1013893976E+001
 0.4545455   0.8655816523E+000   0.9737024285E+000   0.1047794776E+001   0.9936382758E+000
 0.4646465   0.9934975467E+000   0.1007380543E+001   0.1060384394E+001   0.1007303318E+001
 0.4747475   0.1148204099E+001   0.9716033891E+000   0.1071182270E+001   0.1012282891E+001
 0.4848485   0.1341031239E+001   0.9975899305E+000   0.1079907415E+001   0.1010407155E+001
 0.4949495   0.1524540795E+001   0.9567075663E+000   0.1097672483E+001   0.1016837105E+001
 0.5050505   0.1657242152E+001   0.9821929350E+000   0.1098390675E+001   0.1009787507E+001
 0.5151515   0.1657697340E+001   0.1006147952E+001   0.1096413465E+001   0.1015956005E+001
 0.5252525   0.1642236006E+001   0.9786604896E+000   0.1100999300E+001   0.1012377237E+001
 0.5353535   0.1664648721E+001   0.9815073930E+000   0.1105037433E+001   0.1016474911E+001
 0.5454545   0.1659434531E+001   0.9572797169E+000   0.1100305994E+001   0.1020353509E+001
 0.5555556   0.1656393917E+001   0.9739733561E+000   0.1103345883E+001   0.1005301254E+001
 0.5656566   0.1654603520E+001   0.9881031377E+000   0.1101546935E+001   0.1008704122E+001
 0.5757576   0.1666717081E+001   0.9977336173E+000   0.1095962598E+001   0.1003541453E+001
 0.5858586   0.1666600646E+001   0.9910123631E+000   0.1098529481E+001   0.1005695430E+001
 0.5959596   0.1660573857E+001   0.9952035174E+000   0.1097132980E+001   0.1021430497E+001
 0.6060606   0.1672630706E+001   0.9795667553E+000   0.1103846233E+001   0.1027598995E+001
 0.6161616   0.1660476554E+001   0.9694974249E+000   0.1098550842E+001   0.1015770511E+001
 0.6262626   0.1660535401E+001   0.9738374595E+000   0.1099150052E+001   0.1007369680E+001
 0.6363636   0.1659296626E+001   0.9648371245E+000   0.1095291054E+001   0.1004985434E+001
 0.6464646   0.1683572914E+001   0.9969156411E+000   0.1097779933E+001   0.9978822663E+000
 0.6565657   0.1689650901E+001   0.9912633823E+000   0.1097510890E+001   0.1017258466E+001
 0.6666667   0.1683606990E+001   0.9926794765E+000   0.1105964743E+001   0.1011236285E+001
 0.6767677   0.1693248474E+001   0.9781402741E+000   0.1101722031E+001   0.9988529152E+000
 0.6868687   0.1690769078E+001   0.9902679615E+000   0.1107852791E+001   0.1010381570E+001
 0.6969697   0.1696332860E+001   0.9657312721E+000   0.1103358186E+001   0.9907902927E+000
 0.7070707   0.1702941427E+001   0.9687660071E+000   0.1104025561E+001   0.1001197984E+001
 0.7171717   0.1707698005E+001   0.9802393135E+000   0.1099883626E+001   0.9953437075E+000
 0.7272727   0.1720487918E+001   0.9898559438E+000   0.1101216564E+001   0.1003967611E+001
 0.7373737   0.1721908777E+001   0.9829399334E+000   0.1105142349E+001   0.1000792614E+001
 0.7474747   0.1724632785E+001   0.9922466849E+000   0.1103056049E+001   0.1014615166E+001
 0.7575758   0.1726477093E+001   0.9887228953E+000   0.1098948442E+001   0.1005256480E+001
 0.7676768   0.1746572928E+001   0.9895200975E+000   0.1105624924E+001   0.1014516822E+001
 0.7777778   0.1751549151E+001   0.9926786109E+000   0.1104341082E+001   0.1004771955E+001
 0.7878788   0.1752621504E+001   0.9722569045E+000   0.1100661336E+001   0.9920855573E+000
 0.7979798   0.1758287488E+001   0.9907180648E+000   0.1099177681E+001   0.1005717818E+001
 0.8080808   0.1763266399E+001   0.9919722950E+000   0.1102783665E+001   0.1020387889E+001
 0.8181818   0.1776953103E+001   0.9805102411E+000   0.1100393128E+001   0.9946385079E+000
 0.8282828   0.1785266843E+001   0.9865658618E+000   0.1104731253E+001   0.1009713949E+001
 0.8383838   0.1789806056E+001   0.9812035733E+000   0.1102373390E+001   0.1000267312E+001
 0.8484848   0.1792913936E+001   0.9713731439E+000   0.1102483454E+001   0.9754358100E+000
 0.8585859   0.1806809768E+001   0.9893833354E+000   0.1103189235E+001   0.9974337210E+000
 0.8686869   0.1807611510E+001   0.9761433734E+000   0.1103693724E+001   0.1004299423E+001
 0.8787879   0.1822023871E+001   0.9893279380E+000   0.1111635389E+001   0.1015379532E+001
 0.8888889   0.1832166928E+001   0.9878529841E+000   0.1107858560E+001   0.1013054453E+001
 0.8989899   0.1839585579E+001   0.9817644713E+000   0.1111492264E+001   0.1015112484E+001
 0.9090909   0.1843473557E+001   0.9798004628E+000   0.1105266299E+001   0.9950998460E+000
 0.9191919   0.1849465457E+001   0.9854059802E+000   0.1106554017E+001   0.1003092908E+001
 0.9292929   0.1848654289E+001   0.9689045004E+000   0.1102582004E+001   0.9848016926E+000
 0.9393939   0.1862255468E+001   0.9782337571E+000   0.1106772278E+001   0.1002586795E+001
 0.9494949   0.1871566030E+001   0.9875448365E+000   0.1106487558E+001   0.1015134871E+001
 0.9595960   0.1879141917E+001   0.9602149098E+000   0.1106259579E+001   0.9933168583E+000
 0.9696970   0.1890784102E+001   0.9840478800E+000   0.1107856625E+001   0.1008487445E+001
 0.9797980   0.1892148262E+001   0.9873457523E+000   0.1101318288E+001   0.9951710056E+000
 0.9898990   0.1896336903E+001   0.9702677941E+000   0.1103774176E+001   0.9985962610E+000
 1.0000000   0.1918846225E+001   0.9809941021E+000   0.1116567264E+001   0.1000347267E+001


 0.0000000   0.6097029819E-001   0.1034188496E+001   0.7893014464E+000   0.9777759615E+000
 0.0101010   0.6134705283E-001   0.1044766559E+001   0.7959749511E+000   0.9886704948E+000
 0.0202020   0.5964170977E-001   0.1033565865E+001   0.7864095215E+000   0.9853581670E+000
 0.0303030   0.5781430604E-001   0.1021408987E+001   0.7881222049E+000   0.9688829548E+000
 0.0404040   0.5513964272E-001   0.1042548805E+001   0.7886284172E+000   0.9863006268E+000
 0.0505051   0.5126007371E-001   0.1030237752E+001   0.7873826100E+000   0.9838594228E+000
 0.0606061   0.4799828361E-001   0.1036172022E+001   0.7926757020E+000   0.9683088363E+000
 0.0707071   0.4431203491E-001   0.1029029551E+001   0.7943848748E+000   0.9851489602E+000
 0.0808081   0.4107841430E-001   0.1031892914E+001   0.7983156127E+000   0.9959570670E+000
 0.0909091   0.3797437427E-001   0.1068071503E+001   0.7961958860E+000   0.9893735670E+000
 0.1010101   0.3545581889E-001   0.1049958118E+001   0.8025942371E+000   0.9843704362E+000
 0.1111111   0.3372770141E-001   0.1026269959E+001   0.7989319818E+000   0.9772567169E+000
 0.1212121   0.3301189989E-001   0.1049885478E+001   0.8155138771E+000   0.1007519690E+001
 0.1313131   0.3252294614E-001   0.1038263026E+001   0.8158124666E+000   0.9817625526E+000
 0.1414141   0.3267459823E-001   0.1036029706E+001   0.8212107817E+000   0.9868425069E+000
 0.1515152   0.3322975247E-001   0.1058098282E+001   0.8214612351E+000   0.9786786376E+000
 0.1616162   0.3434265680E-001   0.1056944932E+001   0.8266343868E+000   0.9892034578E+000
 0.1717172   0.3617086887E-001   0.1030563892E+001   0.8335774523E+000   0.9885538876E+000
 0.1818182   0.3812143611E-001   0.1013072398E+001   0.8353312396E+000   0.1004380902E+001
 0.1919192   0.4044964572E-001   0.1005014510E+001   0.8442103574E+000   0.9897775763E+000
 0.2020202   0.4386311601E-001   0.1036452947E+001   0.8477347326E+000   0.9951236692E+000
 0.2121212   0.4737394309E-001   0.1021228128E+001   0.8551536609E+000   0.9871662631E+000
 0.2222222   0.5150336983E-001   0.1029815252E+001   0.8565709177E+000   0.9929753547E+000
 0.2323232   0.5614680784E-001   0.1008068369E+001   0.8665507857E+000   0.1000683084E+001
 0.2424242   0.6193332354E-001   0.1044813256E+001   0.8723627208E+000   0.9842325655E+000
 0.2525253   0.6811435723E-001   0.9990268716E+000   0.8823673308E+000   0.1003959058E+001
 0.2626263   0.7551371092E-001   0.1052630245E+001   0.8883253490E+000   0.1002548112E+001
 0.2727273   0.8404715982E-001   0.1034290786E+001   0.8882885686E+000   0.9868918934E+000
 0.2828283   0.9358978792E-001   0.1002664077E+001   0.9004148231E+000   0.1014952365E+001
 0.2929293   0.1052816391E+000   0.9867269370E+000   0.9144091031E+000   0.1008215218E+001
 0.3030303   0.1184401700E+000   0.1002542515E+001   0.9151488621E+000   0.9832592391E+000
 0.3131313   0.1332595648E+000   0.1017263300E+001   0.9249089730E+000   0.9990732204E+000
 0.3232323   0.1506502993E+000   0.9840296089E+000   0.9340000565E+000   0.9833772181E+000
 0.3333333   0.1717415069E+000   0.9980373325E+000   0.9377739337E+000   0.9996967255E+000
 0.3434343   0.1922257217E+000   0.9915434354E+000   0.9477418495E+000   0.1018240685E+001
 0.3535354   0.2218277010E+000   0.1011549916E+001   0.9539921919E+000   0.1006813874E+001
 0.3636364   0.2510596843E+000   0.9977942097E+000   0.9600551317E+000   0.9930816730E+000
 0.3737374   0.2855463489E+000   0.9873888534E+000   0.9681716609E+000   0.1006060044E+001
 0.3838384   0.3277278763E+000   0.9982522885E+000   0.9830609922E+000   0.9845467188E+000
 0.3939394   0.3725681229E+000   0.1013219161E+001   0.9920460474E+000   0.1010646133E+001
 0.4040404   0.4322919036E+000   0.1011068859E+001   0.9995571715E+000   0.1013511238E+001
 0.4141414   0.4920433461E+000   0.9863081433E+000   0.1002219101E+001   0.1002233959E+001
 0.4242424   0.5655041185E+000   0.9936462988E+000   0.1020364462E+001   0.9893420145E+000
 0.4343434   0.6474351605E+000   0.9955082631E+000   0.1023907594E+001   0.9905561002E+000
 0.4444444   0.7469212808E+000   0.1001349138E+001   0.1036967741E+001   0.1010861513E+001
 0.4545455   0.8654688595E+000   0.9740274805E+000   0.1050036329E+001   0.9957176795E+000
 0.4646465   0.9952234518E+000   0.1009599004E+001   0.1056719516E+001   0.1003775231E+001
 0.4747475   0.1151387505E+001   0.9747494365E+000   0.1069995766E+001   0.1011114619E+001
 0.4848485   0.1338259361E+001   0.9959900612E+000   0.1077265829E+001   0.1007888718E+001
 0.4949495   0.1528521104E+001   0.9596506255E+000   0.1096953602E+001   0.1016123923E+001
 0.5050505   0.1661679669E+001   0.9852800603E+000   0.1097523817E+001   0.1008943669E+001
 0.5151515   0.1660297033E+001   0.1008193636E+001   0.1095549309E+001   0.1015108069E+001
 0.5252525   0.1646165445E+001   0.9814575483E+000   0.1097529533E+001   0.1009139843E+001
 0.5353535   0.1662960017E+001   0.9809668555E+000   0.1103649043E+001   0.1015150597E+001
 0.5454545   0.1658224859E+001   0.9570259378E+000   0.1099839903E+001   0.1019873870E+001
 0.5555556   0.1659143289E+001   0.9760428790E+000   0.1103786578E+001   0.1005656035E+001
 0.5656566   0.1659343395E+001   0.9913937074E+000   0.1100485170E+001   0.1007684998E+001
 0.5757576   0.1665844423E+001   0.9976741308E+000   0.1096265873E+001   0.1003772487E+001
 0.5858586   0.1665859111E+001   0.9910312470E+000   0.1098044495E+001   0.1005204696E+001
 0.5959596   0.1663006596E+001   0.9971241398E+000   0.1096721732E+001   0.1021000158E+001
 0.6060606   0.1673438369E+001   0.9804946934E+000   0.1103380016E+001   0.1027117229E+001
 0.6161616   0.1663111352E+001   0.9714865515E+000   0.1097846878E+001   0.1015072401E+001
 0.6262626   0.1659521573E+001   0.9736946693E+000   0.1098170308E+001   0.1006424956E+001
 0.6363636   0.1661561541E+001   0.9666026014E+000   0.1094456570E+001   0.1004173067E+001
 0.6464646   0.1684167182E+001   0.9977304642E+000   0.1095109994E+001   0.9954090136E+000
 0.6565657   0.1689237989E+001   0.9914811723E+000   0.1098418891E+001   0.1018052742E+001
 0.6666667   0.1684508793E+001   0.9936722418E+000   0.1104114088E+001   0.1009497210E+001
 0.6767677   0.1694269128E+001   0.9791842026E+000   0.1103093656E+001   0.1000049976E+001
 0.6868687   0.1696094108E+001   0.9938479128E+000   0.1105781562E+001   0.1008445688E+001
 0.6969697   0.1696703395E+001   0.9663906102E+000   0.1101655264E+001   0.9892151185E+000
 0.7070707   0.1700519850E+001   0.9678374869E+000   0.1103307876E+001   0.1000500629E+001
 0.7171717   0.1709166387E+001   0.9815376009E+000   0.1100708839E+001   0.9960441794E+000
 0.7272727   0.1720613745E+001   0.9903878612E+000   0.1101001058E+001   0.1003724472E+001
 0.7373737   0.1721485048E+001   0.9831542188E+000   0.1104960666E+001   0.1000581568E+001
 0.7474747   0.1722379033E+001   0.9914100144E+000   0.1104002675E+001   0.1015438685E+001
 0.7575758   0.1728020527E+001   0.9900661684E+000   0.1100826642E+001   0.1006927738E+001
 0.7676768   0.1743434439E+001   0.9882004979E+000   0.1105022192E+001   0.1013916619E+001
 0.7777778   0.1750057361E+001   0.9922935580E+000   0.1103670827E+001   0.1004115449E+001
 0.7878788   0.1752561168E+001   0.9726747398E+000   0.1101578728E+001   0.9928662928E+000
 0.7979798   0.1755903685E+001   0.9898341641E+000   0.1100108127E+001   0.1006522357E+001
 0.8080808   0.1763256113E+001   0.9924269790E+000   0.1104363309E+001   0.1021802003E+001
 0.8181818   0.1776853706E+001   0.9809105222E+000   0.1101912216E+001   0.9959652981E+000
 0.8282828   0.1782339405E+001   0.9854053278E+000   0.1104445649E+001   0.1009405982E+001
 0.8383838   0.1787745317E+001   0.9805287899E+000   0.1102703709E+001   0.1000520520E+001
 0.8484848   0.1789749116E+001   0.9701086090E+000   0.1102835276E+001   0.9757017268E+000
 0.8585859   0.1804534846E+001   0.9885963136E+000   0.1103650370E+001   0.9978042608E+000
 0.8686869   0.1806258899E+001   0.9758657256E+000   0.1104659289E+001   0.1005131303E+001
 0.8787879   0.1819708885E+001   0.9885296031E+000   0.1112342106E+001   0.1015977821E+001
 0.8888889   0.1830966205E+001   0.9876638490E+000   0.1108057051E+001   0.1013188854E+001
 0.8989899   0.1839632901E+001   0.9822454735E+000   0.1112213578E+001   0.1015724029E+001
 0.9090909   0.1841736669E+001   0.9793317069E+000   0.1104258442E+001   0.9941462273E+000
 0.9191919   0.1848264038E+001   0.9852229857E+000   0.1106873903E+001   0.1003336239E+001
 0.9292929   0.1849299869E+001   0.9696927802E+000   0.1106021103E+001   0.9878274940E+000
 0.9393939   0.1862885404E+001   0.9790189088E+000   0.1107021830E+001   0.1002766236E+001
 0.9494949   0.1868972799E+001   0.9866342835E+000   0.1105801726E+001   0.1014458499E+001
 0.9595960   0.1877666451E+001   0.9599063491E+000   0.1106567794E+001   0.9935474155E+000
 0.9696970   0.1891646896E+001   0.9849539200E+000   0.1108489206E+001   0.1009016377E+001
 0.9797980   0.1894676715E+001   0.9891240678E+000   0.1104902433E+001   0.9983632889E+000
 0.9898990   0.1897630856E+001   0.9713805560E+000   0.1104978989E+001   0.9996397938E+000
 1.0000000   0.1914182581E+001   0.9790641237E+000   0.1115557665E+001   0.9993962907E+000


 0.0000000   0.6155709652E-001   0.1041571183E+001   0.7896534608E+000   0.9782794195E+000
 0.0101010   0.6186369613E-001   0.1050971329E+001   0.7941937533E+000   0.9865260467E+000
 0.0202020   0.6034633843E-001   0.1043202074E+001   0.7876439393E+000   0.9869728583E+000
 0.0303030   0.5828259184E-001   0.1027147136E+001   0.7859521314E+000   0.9662817223E+000
 0.0404040   0.5576438502E-001   0.1051765230E+001   0.7878438192E+000   0.9853872438E+000
 0.0505051   0.5169875701E-001   0.1036496358E+001   0.7860748258E+000   0.9822929690E+000
 0.0606061   0.4840794260E-001   0.1042442776E+001   0.7915101511E+000   0.9669516414E+000
 0.0707071   0.4473831846E-001   0.1036371005E+001   0.7928859343E+000   0.9833578004E+000
 0.0808081   0.4154906900E-001   0.1041146159E+001   0.7989431900E+000   0.9968086793E+000
 0.0909091   0.3831722588E-001   0.1075061244E+001   0.7948327747E+000   0.9877477693E+000
 0.1010101   0.3586337437E-001   0.1059412397E+001   0.8023033127E+000   0.9840814085E+000
 0.1111111   0.3404383829E-001   0.1033339037E+001   0.7979808208E+000   0.9761604944E+000
 0.1212121   0.3333905587E-001   0.1057679657E+001   0.8138937803E+000   0.1005587424E+001
 0.1313131   0.3277059038E-001   0.1043593148E+001   0.8155783970E+000   0.9815484818E+000
 0.1414141   0.3290011956E-001   0.1040612105E+001   0.8188661280E+000   0.9840927429E+000
 0.1515152   0.3336008551E-001   0.1059633070E+001   0.8217319851E+000   0.9790686475E+000
 0.1616162   0.3462762261E-001   0.1063091368E+001   0.8257907560E+000   0.9882619904E+000
 0.1717172   0.3641401835E-001   0.1034937284E+001   0.8333795409E+000   0.9883872647E+000
 0.1818182   0.3843323517E-001   0.1018843826E+001   0.8340446105E+000   0.1002902975E+001
 0.1919192   0.4066867716E-001   0.1007968827E+001   0.8441147545E+000   0.9897336650E+000
 0.2020202   0.4405481471E-001   0.1038419738E+001   0.8472066095E+000   0.9945722351E+000
 0.2121212   0.4762703673E-001   0.1024156299E+001   0.8533506717E+000   0.9851528019E+000
 0.2222222   0.5176993496E-001   0.1032596714E+001   0.8567783981E+000   0.9932842961E+000
 0.2323232   0.5651965195E-001   0.1012264116E+001   0.8666859626E+000   0.1000908131E+001
 0.2424242   0.6229041044E-001   0.1048250131E+001   0.8715474360E+000   0.9833804691E+000
 0.2525253   0.6840983383E-001   0.1000890317E+001   0.8823336360E+000   0.1003989879E+001
 0.2626263   0.7583127220E-001   0.1054454437E+001   0.8876256075E+000   0.1001827406E+001
 0.2727273   0.8453659047E-001   0.1037752496E+001   0.8872463067E+000   0.9858018420E+000
 0.2828283   0.9399752165E-001   0.1004552966E+001   0.8988368605E+000   0.1013243472E+001
 0.2929293   0.1054809202E+000   0.9861607234E+000   0.9121826279E+000   0.1005829621E+001
 0.3030303   0.1188158709E+000   0.1003246556E+001   0.9127741623E+000   0.9807753605E+000
 0.3131313   0.1337182542E+000   0.1018251665E+001   0.9248037904E+000   0.9990284204E+000
 0.3232323   0.1508625177E+000   0.9829896920E+000   0.9333235318E+000   0.9827326221E+000
 0.3333333   0.1724254123E+000   0.9995447347E+000   0.9360165186E+000   0.9978920036E+000
 0.3434343   0.1927326858E+000   0.9917108444E+000   0.9475105956E+000   0.1018062357E+001
 0.3535354   0.2221893130E+000   0.1010704389E+001   0.9535659169E+000   0.1006433324E+001
 0.3636364   0.2519239092E+000   0.9987638919E+000   0.9597275751E+000   0.9928112366E+000
 0.3737374   0.2865730378E+000   0.9884993345E+000   0.9700772160E+000   0.1008109613E+001
 0.3838384   0.3280658724E+000   0.9968215780E+000   0.9842017482E+000   0.9857571012E+000
 0.3939394   0.3727941109E+000   0.1011337681E+001   0.9937155364E+000   0.1012416662E+001
 0.4040404   0.4323678765E+000   0.1008756852E+001   0.9996684171E+000   0.1013693863E+001
 0.4141414   0.4920265545E+000   0.9838462687E+000   0.1003253273E+001   0.1003337259E+001
 0.4242424   0.5661706965E+000   0.9923682931E+000   0.1019626388E+001   0.9886944849E+000
 0.4343434   0.6470544754E+000   0.9924734066E+000   0.1023532675E+001   0.9902616066E+000
 0.4444444   0.7479373711E+000   0.1000242662E+001   0.1036878523E+001   0.1010844172E+001
 0.4545455   0.8659900904E+000   0.9722145835E+000   0.1051356618E+001   0.9970383489E+000
 0.4646465   0.9952055776E+000   0.1007095276E+001   0.1058704456E+001   0.1005729998E+001
 0.4747475   0.1152576680E+001   0.9733538567E+000   0.1070395266E+001   0.1011561814E+001
 0.4848485   0.1337459542E+001   0.9929441320E+000   0.1079774577E+001   0.1010305492E+001
 0.4949495   0.1527652511E+001   0.9567439722E+000   0.1098817909E+001   0.1017920976E+001
 0.5050505   0.1662610601E+001   0.9834049228E+000   0.1098098941E+001   0.1009541916E+001
 0.5151515   0.1658882472E+001   0.1004854596E+001   0.1095802383E+001   0.1015412507E+001
 0.5252525   0.1650245611E+001   0.9814678320E+000   0.1098114360E+001   0.1009747127E+001
 0.5353535   0.1659591068E+001   0.9765692838E+000   0.1104999112E+001   0.1016462425E+001
 0.5454545   0.1655185749E+001   0.9529200622E+000   0.1099943822E+001   0.1020040497E+001
 0.5555556   0.1659760691E+001   0.9740021652E+000   0.1103290868E+001   0.1005273642E+001
 0.5656566   0.1658693027E+001   0.9885652752E+000   0.1102733554E+001   0.1009813343E+001
 0.5757576   0.1666018615E+001   0.9953219159E+000   0.1097350896E+001   0.1004835182E+001
 0.5858586   0.1665606194E+001   0.9884412283E+000   0.1099138195E+001   0.1006275239E+001
 0.5959596   0.1663663422E+001   0.9950620702E+000   0.1095425764E+001   0.1019863920E+001
 0.6060606   0.1672646373E+001   0.9776178069E+000   0.1102073765E+001   0.1025971936E+001
 0.6161616   0.1661132201E+001   0.9679414931E+000   0.1099362910E+001   0.1016544152E+001
 0.6262626   0.1658202839E+001   0.9705255866E+000   0.1100711869E+001   0.1008823676E+001
 0.6363636   0.1663547043E+001   0.9653750273E+000   0.1095724953E+001   0.1005406075E+001
 0.6464646   0.1682386638E+001   0.9942218155E+000   0.1093487970E+001   0.9940031319E+000
 0.6565657   0.1685406169E+001   0.9867966271E+000   0.1096970523E+001   0.1016780383E+001
 0.6666667   0.1683352581E+001   0.9905454560E+000   0.1103644590E+001   0.1009137459E+001
 0.6767677   0.1697156088E+001   0.9784378224E+000   0.1103599012E+001   0.1000577049E+001
 0.6868687   0.1693844019E+001   0.9900858295E+000   0.1104175261E+001   0.1007050150E+001
 0.6969697   0.1695456301E+001   0.9633027906E+000   0.1102596596E+001   0.9901285772E+000
 0.7070707   0.1699679257E+001   0.9649774242E+000   0.1103824621E+001   0.1001038178E+001
 0.7171717   0.1708069472E+001   0.9784926642E+000   0.1099796216E+001   0.9952868951E+000
 0.7272727   0.1720719652E+001   0.9880103284E+000   0.1101212400E+001   0.1003986299E+001
 0.7373737   0.1722914656E+001   0.9815481360E+000   0.1105511943E+001   0.1001149732E+001
 0.7474747   0.1719116147E+001   0.9870956455E+000   0.1104411803E+001   0.1015884970E+001
