# Evolution of the weightfunction during equilibration phase for fractional: N2
# Weightfunction after cycle        480
 0.0000000    0.4900000000E+001    0.2700000000E+001
 0.0101010    0.5100000000E+001    0.3700000000E+001
 0.0202020    0.5400000000E+001    0.3200000000E+001
 0.0303030    0.4800000000E+001    0.2700000000E+001
 0.0404040    0.4000000000E+001    0.2200000000E+001
 0.0505051    0.4200000000E+001    0.2200000000E+001
 0.0606061    0.5200000000E+001    0.3400000000E+001
 0.0707071    0.5100000000E+001    0.3300000000E+001
 0.0808081    0.4500000000E+001    0.1400000000E+001
 0.0909091    0.5000000000E+001    0.2400000000E+001
 0.1010101    0.4200000000E+001    0.2400000000E+001
 0.1111111    0.4700000000E+001    0.2200000000E+001
 0.1212121    0.5400000000E+001    0.3700000000E+001
 0.1313131    0.4400000000E+001    0.2000000000E+001
 0.1414141    0.5200000000E+001    0.2500000000E+001
 0.1515152    0.3800000000E+001    0.2600000000E+001
 0.1616162    0.3700000000E+001    0.1800000000E+001
 0.1717172    0.3700000000E+001    0.2400000000E+001
 0.1818182    0.3800000000E+001    0.2200000000E+001
 0.1919192    0.4500000000E+001    0.1900000000E+001
 0.2020202    0.4000000000E+001    0.2400000000E+001
 0.2121212    0.4600000000E+001    0.2700000000E+001
 0.2222222    0.4500000000E+001    0.2800000000E+001
 0.2323232    0.4700000000E+001    0.3300000000E+001
 0.2424242    0.4300000000E+001    0.1400000000E+001
 0.2525253    0.4200000000E+001    0.2300000000E+001
 0.2626263    0.4900000000E+001    0.2500000000E+001
 0.2727273    0.4200000000E+001    0.2100000000E+001
 0.2828283    0.3300000000E+001    0.2300000000E+001
 0.2929293    0.4100000000E+001    0.1800000000E+001
 0.3030303    0.4100000000E+001    0.2000000000E+001
 0.3131313    0.2200000000E+001    0.2200000000E+001
 0.3232323    0.3300000000E+001    0.2700000000E+001
 0.3333333    0.5200000000E+001    0.2800000000E+001
 0.3434343    0.2500000000E+001    0.2300000000E+001
 0.3535354    0.3500000000E+001    0.2300000000E+001
 0.3636364    0.2400000000E+001    0.2100000000E+001
 0.3737374    0.2700000000E+001    0.1200000000E+001
 0.3838384    0.2500000000E+001    0.2400000000E+001
 0.3939394    0.2700000000E+001    0.3200000000E+001
 0.4040404    0.1700000000E+001    0.2000000000E+001
 0.4141414    0.9000000000E+000    0.2000000000E+001
 0.4242424    0.2800000000E+001    0.1400000000E+001
 0.4343434    0.1200000000E+001    0.1600000000E+001
 0.4444444    0.1800000000E+001    0.2100000000E+001
 0.4545455    0.1300000000E+001    0.1700000000E+001
 0.4646465    0.1400000000E+001    0.2900000000E+001
 0.4747475    0.2100000000E+001    0.2100000000E+001
 0.4848485    0.1500000000E+001    0.1300000000E+001
 0.4949495    0.1000000000E+001    0.2100000000E+001
 0.5050505    0.1500000000E+001    0.2600000000E+001
 0.5151515    0.1400000000E+001    0.1900000000E+001
 0.5252525    0.7000000000E+000    0.3000000000E+001
 0.5353535    0.1100000000E+001    0.1900000000E+001
 0.5454545    0.1600000000E+001    0.2400000000E+001
 0.5555556    0.8000000000E+000    0.2300000000E+001
 0.5656566    0.1000000000E+000    0.2000000000E+001
 0.5757576    0.1400000000E+001    0.1900000000E+001
 0.5858586    0.6000000000E+000    0.1900000000E+001
 0.5959596    0.5000000000E+000    0.2400000000E+001
 0.6060606    0.1600000000E+001    0.3200000000E+001
 0.6161616    0.1500000000E+001    0.2500000000E+001
 0.6262626    0.1200000000E+001    0.2300000000E+001
 0.6363636    0.6000000000E+000    0.2800000000E+001
 0.6464646    0.1900000000E+001    0.2300000000E+001
 0.6565657    0.9000000000E+000    0.3300000000E+001
 0.6666667    0.1100000000E+001    0.2200000000E+001
 0.6767677    0.1200000000E+001    0.3500000000E+001
 0.6868687    0.1200000000E+001    0.2000000000E+001
 0.6969697    0.2000000000E+000    0.3400000000E+001
 0.7070707    0.1200000000E+001    0.2200000000E+001
 0.7171717    0.1100000000E+001    0.2300000000E+001
 0.7272727    0.1200000000E+001    0.2600000000E+001
 0.7373737    0.1000000000E+001    0.2300000000E+001
 0.7474747    0.5000000000E+000    0.1700000000E+001
 0.7575758    0.1000000000E+001    0.2400000000E+001
 0.7676768    0.9000000000E+000    0.2000000000E+001
 0.7777778    0.1100000000E+001    0.1700000000E+001
 0.7878788    0.9000000000E+000    0.2000000000E+001
 0.7979798    0.9000000000E+000    0.2000000000E+001
 0.8080808    0.2400000000E+001    0.2900000000E+001
 0.8181818    0.1300000000E+001    0.2700000000E+001
 0.8282828    0.1200000000E+001    0.2500000000E+001
 0.8383838    0.9000000000E+000    0.2300000000E+001
 0.8484848    0.0000000000E+000    0.1200000000E+001
 0.8585859    0.1800000000E+001    0.2200000000E+001
 0.8686869    0.6000000000E+000    0.1900000000E+001
 0.8787879    0.1200000000E+001    0.2400000000E+001
 0.8888889    0.1300000000E+001    0.2300000000E+001
 0.8989899    0.1500000000E+001    0.2500000000E+001
 0.9090909    0.1500000000E+001    0.2500000000E+001
 0.9191919    0.1100000000E+001    0.2600000000E+001
 0.9292929    0.5000000000E+000    0.2000000000E+001
 0.9393939    0.1800000000E+001    0.2900000000E+001
 0.9494949    0.1300000000E+001    0.2600000000E+001
 0.9595960    0.1000000000E+001    0.3200000000E+001
 0.9696970    0.1800000000E+001    0.2800000000E+001
 0.9797980    0.8000000000E+000    0.2300000000E+001
 0.9898990    0.1800000000E+001    0.2900000000E+001
 1.0000000    0.2100000000E+001    0.3100000000E+001


# Weightfunction after cycle       1774
 0.0000000    0.4150000000E+001    0.2325000000E+001
 0.0101010    0.3375000000E+001    0.1650000000E+001
 0.0202020    0.4125000000E+001    0.2000000000E+001
 0.0303030    0.3900000000E+001    0.2125000000E+001
 0.0404040    0.3625000000E+001    0.1900000000E+001
 0.0505051    0.3925000000E+001    0.1925000000E+001
 0.0606061    0.3775000000E+001    0.1925000000E+001
 0.0707071    0.4575000000E+001    0.2125000000E+001
 0.0808081    0.4500000000E+001    0.1850000000E+001
 0.0909091    0.4300000000E+001    0.2075000000E+001
 0.1010101    0.4075000000E+001    0.2150000000E+001
 0.1111111    0.5150000000E+001    0.2250000000E+001
 0.1212121    0.4550000000E+001    0.2000000000E+001
 0.1313131    0.4900000000E+001    0.2050000000E+001
 0.1414141    0.4700000000E+001    0.2250000000E+001
 0.1515152    0.4450000000E+001    0.1825000000E+001
 0.1616162    0.4725000000E+001    0.1700000000E+001
 0.1717172    0.4725000000E+001    0.1875000000E+001
 0.1818182    0.4125000000E+001    0.1850000000E+001
 0.1919192    0.4200000000E+001    0.1775000000E+001
 0.2020202    0.4525000000E+001    0.1900000000E+001
 0.2121212    0.4375000000E+001    0.1775000000E+001
 0.2222222    0.4150000000E+001    0.2175000000E+001
 0.2323232    0.4425000000E+001    0.1750000000E+001
 0.2424242    0.3475000000E+001    0.1750000000E+001
 0.2525253    0.3475000000E+001    0.2100000000E+001
 0.2626263    0.3975000000E+001    0.1875000000E+001
 0.2727273    0.3550000000E+001    0.1900000000E+001
 0.2828283    0.3425000000E+001    0.1950000000E+001
 0.2929293    0.3400000000E+001    0.1975000000E+001
 0.3030303    0.3400000000E+001    0.2075000000E+001
 0.3131313    0.3025000000E+001    0.1925000000E+001
 0.3232323    0.2800000000E+001    0.2325000000E+001
 0.3333333    0.2625000000E+001    0.1575000000E+001
 0.3434343    0.2600000000E+001    0.1750000000E+001
 0.3535354    0.2250000000E+001    0.1950000000E+001
 0.3636364    0.2450000000E+001    0.1450000000E+001
 0.3737374    0.2000000000E+001    0.2075000000E+001
 0.3838384    0.2325000000E+001    0.1375000000E+001
 0.3939394    0.2200000000E+001    0.1725000000E+001
 0.4040404    0.1575000000E+001    0.1625000000E+001
 0.4141414    0.1050000000E+001    0.1725000000E+001
 0.4242424    0.1175000000E+001    0.1450000000E+001
 0.4343434    0.8000000000E+000    0.2025000000E+001
 0.4444444    0.1100000000E+001    0.1725000000E+001
 0.4545455    0.1275000000E+001    0.1675000000E+001
 0.4646465    0.6250000000E+000    0.1200000000E+001
 0.4747475    0.1125000000E+001    0.2175000000E+001
 0.4848485    0.9250000000E+000    0.1750000000E+001
 0.4949495    0.5500000000E+000    0.1550000000E+001
 0.5050505    0.3500000000E+000    0.1500000000E+001
 0.5151515    0.3000000000E+000    0.1500000000E+001
 0.5252525    0.8250000000E+000    0.1900000000E+001
 0.5353535    0.6500000000E+000    0.1600000000E+001
 0.5454545    0.5500000000E+000    0.1775000000E+001
 0.5555556    0.5250000000E+000    0.1975000000E+001
 0.5656566    0.7750000000E+000    0.1550000000E+001
 0.5757576    0.3000000000E+000    0.1425000000E+001
 0.5858586    0.2000000000E+000    0.1525000000E+001
 0.5959596    0.5250000000E+000    0.1600000000E+001
 0.6060606    0.9000000000E+000    0.1550000000E+001
 0.6161616    0.6250000000E+000    0.1425000000E+001
 0.6262626    0.6500000000E+000    0.1875000000E+001
 0.6363636    0.6000000000E+000    0.1875000000E+001
 0.6464646    0.6500000000E+000    0.1850000000E+001
 0.6565657    0.6000000000E+000    0.1425000000E+001
 0.6666667    0.8250000000E+000    0.1500000000E+001
 0.6767677    0.8250000000E+000    0.1600000000E+001
 0.6868687    0.6000000000E+000    0.1750000000E+001
 0.6969697    0.2250000000E+000    0.1700000000E+001
 0.7070707    0.5750000000E+000    0.1825000000E+001
 0.7171717    0.5500000000E+000    0.1525000000E+001
 0.7272727    0.4250000000E+000    0.1600000000E+001
 0.7373737    0.4750000000E+000    0.1525000000E+001
 0.7474747    0.8250000000E+000    0.1925000000E+001
 0.7575758    0.6750000000E+000    0.1575000000E+001
 0.7676768    0.5250000000E+000    0.1725000000E+001
 0.7777778    0.3500000000E+000    0.1525000000E+001
 0.7878788    0.5250000000E+000    0.1725000000E+001
 0.7979798    0.9000000000E+000    0.1775000000E+001
 0.8080808    0.5500000000E+000    0.1675000000E+001
 0.8181818    0.4000000000E+000    0.1750000000E+001
 0.8282828    0.3000000000E+000    0.1525000000E+001
 0.8383838    0.5250000000E+000    0.1650000000E+001
 0.8484848    0.6250000000E+000    0.1625000000E+001
 0.8585859    0.3250000000E+000    0.1575000000E+001
 0.8686869    0.5000000000E+000    0.1700000000E+001
 0.8787879    0.4000000000E+000    0.1700000000E+001
 0.8888889    0.0000000000E+000    0.1450000000E+001
 0.8989899    0.4750000000E+000    0.1900000000E+001
 0.9090909    0.2250000000E+000    0.1450000000E+001
 0.9191919    0.1250000000E+000    0.1425000000E+001
 0.9292929    0.3500000000E+000    0.1550000000E+001
 0.9393939    0.3500000000E+000    0.1425000000E+001
 0.9494949    0.4750000000E+000    0.1575000000E+001
 0.9595960    0.2000000000E+000    0.1225000000E+001
 0.9696970    0.7250000000E+000    0.1825000000E+001
 0.9797980    0.2500000000E-001    0.1100000000E+001
 0.9898990    0.3750000000E+000    0.1675000000E+001
 1.0000000    0.1421085472E-013    0.1150000000E+001


# Weightfunction after cycle       3921
 0.0000000    0.3843750000E+001    0.2006250000E+001
 0.0101010    0.3406250000E+001    0.1618750000E+001
 0.0202020    0.3331250000E+001    0.1600000000E+001
 0.0303030    0.3512500000E+001    0.1606250000E+001
 0.0404040    0.3593750000E+001    0.1718750000E+001
 0.0505051    0.3725000000E+001    0.1775000000E+001
 0.0606061    0.4018750000E+001    0.1925000000E+001
 0.0707071    0.3812500000E+001    0.1893750000E+001
 0.0808081    0.3831250000E+001    0.1800000000E+001
 0.0909091    0.4018750000E+001    0.1706250000E+001
 0.1010101    0.3968750000E+001    0.1762500000E+001
 0.1111111    0.4281250000E+001    0.1918750000E+001
 0.1212121    0.4175000000E+001    0.1712500000E+001
 0.1313131    0.4331250000E+001    0.1781250000E+001
 0.1414141    0.4131250000E+001    0.1700000000E+001
 0.1515152    0.4487500000E+001    0.1931250000E+001
 0.1616162    0.4381250000E+001    0.1975000000E+001
 0.1717172    0.4243750000E+001    0.1668750000E+001
 0.1818182    0.4375000000E+001    0.1875000000E+001
 0.1919192    0.3831250000E+001    0.1706250000E+001
 0.2020202    0.4168750000E+001    0.1687500000E+001
 0.2121212    0.3781250000E+001    0.1837500000E+001
 0.2222222    0.3850000000E+001    0.1700000000E+001
 0.2323232    0.3737500000E+001    0.1631250000E+001
 0.2424242    0.3725000000E+001    0.1675000000E+001
 0.2525253    0.3656250000E+001    0.1656250000E+001
 0.2626263    0.3387500000E+001    0.1743750000E+001
 0.2727273    0.3525000000E+001    0.1725000000E+001
 0.2828283    0.3550000000E+001    0.1625000000E+001
 0.2929293    0.3193750000E+001    0.1631250000E+001
 0.3030303    0.2987500000E+001    0.1806250000E+001
 0.3131313    0.3000000000E+001    0.1593750000E+001
 0.3232323    0.2943750000E+001    0.1737500000E+001
 0.3333333    0.2706250000E+001    0.1656250000E+001
 0.3434343    0.2612500000E+001    0.1687500000E+001
 0.3535354    0.2525000000E+001    0.1800000000E+001
 0.3636364    0.2568750000E+001    0.1737500000E+001
 0.3737374    0.2112500000E+001    0.1950000000E+001
 0.3838384    0.1850000000E+001    0.1537500000E+001
 0.3939394    0.2050000000E+001    0.1650000000E+001
 0.4040404    0.1881250000E+001    0.1606250000E+001
 0.4141414    0.1643750000E+001    0.1362500000E+001
 0.4242424    0.1450000000E+001    0.1612500000E+001
 0.4343434    0.1193750000E+001    0.1525000000E+001
 0.4444444    0.1143750000E+001    0.1587500000E+001
 0.4545455    0.1000000000E+001    0.1700000000E+001
 0.4646465    0.8250000000E+000    0.1600000000E+001
 0.4747475    0.6375000000E+000    0.1631250000E+001
 0.4848485    0.4875000000E+000    0.1712500000E+001
 0.4949495    0.4875000000E+000    0.1543750000E+001
 0.5050505    0.5687500000E+000    0.1587500000E+001
 0.5151515    0.1875000000E+000    0.1562500000E+001
 0.5252525    0.3812500000E+000    0.1556250000E+001
 0.5353535    0.5812500000E+000    0.1556250000E+001
 0.5454545    0.2500000000E+000    0.1625000000E+001
 0.5555556    0.5875000000E+000    0.1606250000E+001
 0.5656566    0.5437500000E+000    0.1700000000E+001
 0.5757576    0.3375000000E+000    0.1818750000E+001
 0.5858586    0.3750000000E+000    0.1537500000E+001
 0.5959596    0.3125000000E+000    0.1587500000E+001
 0.6060606    0.1562500000E+000    0.1687500000E+001
 0.6161616    0.3625000000E+000    0.1487500000E+001
 0.6262626    0.4000000000E+000    0.1475000000E+001
 0.6363636    0.2937500000E+000    0.1700000000E+001
 0.6464646    0.5000000000E+000    0.1606250000E+001
 0.6565657    0.3812500000E+000    0.1793750000E+001
 0.6666667    0.4250000000E+000    0.1712500000E+001
 0.6767677    0.5125000000E+000    0.1612500000E+001
 0.6868687    0.2937500000E+000    0.1700000000E+001
 0.6969697    0.4312500000E+000    0.1843750000E+001
 0.7070707    0.3625000000E+000    0.1600000000E+001
 0.7171717    0.2687500000E+000    0.1750000000E+001
 0.7272727    0.3375000000E+000    0.1687500000E+001
 0.7373737    0.2937500000E+000    0.1550000000E+001
 0.7474747    0.4062500000E+000    0.1718750000E+001
 0.7575758    0.3437500000E+000    0.1725000000E+001
 0.7676768    0.8125000000E-001    0.1531250000E+001
 0.7777778    0.4750000000E+000    0.1656250000E+001
 0.7878788    0.2687500000E+000    0.1650000000E+001
 0.7979798    0.1875000000E+000    0.1587500000E+001
 0.8080808    0.3312500000E+000    0.1681250000E+001
 0.8181818    0.3125000000E+000    0.1700000000E+001
 0.8282828    0.3125000000E+000    0.1612500000E+001
 0.8383838    0.1312500000E+000    0.1475000000E+001
 0.8484848    0.3312500000E+000    0.1700000000E+001
 0.8585859    0.2750000000E+000    0.1562500000E+001
 0.8686869    0.2125000000E+000    0.1581250000E+001
 0.8787879    0.2250000000E+000    0.1593750000E+001
 0.8888889    0.2125000000E+000    0.1675000000E+001
 0.8989899    0.1562500000E+000    0.1462500000E+001
 0.9090909    0.3750000000E-001    0.1487500000E+001
 0.9191919    0.2312500000E+000    0.1637500000E+001
 0.9292929    0.1875000000E+000    0.1612500000E+001
 0.9393939    0.3937500000E+000    0.1743750000E+001
 0.9494949    0.2625000000E+000    0.1687500000E+001
 0.9595960    0.1937500000E+000    0.1618750000E+001
 0.9696970    0.2437500000E+000    0.1737500000E+001
 0.9797980    0.0000000000E+000    0.1550000000E+001
 0.9898990    0.1375000000E+000    0.1437500000E+001
 1.0000000    0.3500000000E+000    0.1762500000E+001


# Weightfunction after cycle       8421
 0.0000000    0.3742187500E+001    0.1892187500E+001
 0.0101010    0.3682812500E+001    0.1867187500E+001
 0.0202020    0.3725000000E+001    0.1857812500E+001
 0.0303030    0.3759375000E+001    0.1887500000E+001
 0.0404040    0.3860937500E+001    0.1937500000E+001
 0.0505051    0.3907812500E+001    0.1889062500E+001
 0.0606061    0.3925000000E+001    0.1779687500E+001
 0.0707071    0.3976562500E+001    0.1800000000E+001
 0.0808081    0.4168750000E+001    0.1859375000E+001
 0.0909091    0.4231250000E+001    0.1917187500E+001
 0.1010101    0.4289062500E+001    0.1876562500E+001
 0.1111111    0.4276562500E+001    0.1846875000E+001
 0.1212121    0.4415625000E+001    0.1890625000E+001
 0.1313131    0.4417187500E+001    0.1845312500E+001
 0.1414141    0.4462500000E+001    0.1764062500E+001
 0.1515152    0.4492187500E+001    0.1835937500E+001
 0.1616162    0.4304687500E+001    0.1940625000E+001
 0.1717172    0.4375000000E+001    0.1851562500E+001
 0.1818182    0.4200000000E+001    0.1775000000E+001
 0.1919192    0.4078125000E+001    0.1687500000E+001
 0.2020202    0.4164062500E+001    0.1773437500E+001
 0.2121212    0.3975000000E+001    0.1825000000E+001
 0.2222222    0.3932812500E+001    0.1898437500E+001
 0.2323232    0.3781250000E+001    0.1776562500E+001
 0.2424242    0.3839062500E+001    0.1804687500E+001
 0.2525253    0.3646875000E+001    0.1767187500E+001
 0.2626263    0.3554687500E+001    0.1746875000E+001
 0.2727273    0.3475000000E+001    0.1806250000E+001
 0.2828283    0.3248437500E+001    0.1795312500E+001
 0.2929293    0.3193750000E+001    0.1684375000E+001
 0.3030303    0.3067187500E+001    0.1631250000E+001
 0.3131313    0.2918750000E+001    0.1720312500E+001
 0.3232323    0.2826562500E+001    0.1728125000E+001
 0.3333333    0.2662500000E+001    0.1662500000E+001
 0.3434343    0.2610937500E+001    0.1692187500E+001
 0.3535354    0.2323437500E+001    0.1585937500E+001
 0.3636364    0.2195312500E+001    0.1667187500E+001
 0.3737374    0.2070312500E+001    0.1682812500E+001
 0.3838384    0.2045312500E+001    0.1679687500E+001
 0.3939394    0.1953125000E+001    0.1617187500E+001
 0.4040404    0.1678125000E+001    0.1642187500E+001
 0.4141414    0.1512500000E+001    0.1632812500E+001
 0.4242424    0.1384375000E+001    0.1664062500E+001
 0.4343434    0.1234375000E+001    0.1659375000E+001
 0.4444444    0.1140625000E+001    0.1560937500E+001
 0.4545455    0.9781250000E+000    0.1587500000E+001
 0.4646465    0.8140625000E+000    0.1521875000E+001
 0.4747475    0.7046875000E+000    0.1521875000E+001
 0.4848485    0.5750000000E+000    0.1689062500E+001
 0.4949495    0.3796875000E+000    0.1565625000E+001
 0.5050505    0.3921875000E+000    0.1573437500E+001
 0.5151515    0.3859375000E+000    0.1582812500E+001
 0.5252525    0.2265625000E+000    0.1525000000E+001
 0.5353535    0.2906250000E+000    0.1535937500E+001
 0.5454545    0.2718750000E+000    0.1556250000E+001
 0.5555556    0.2640625000E+000    0.1575000000E+001
 0.5656566    0.3296875000E+000    0.1510937500E+001
 0.5757576    0.2875000000E+000    0.1523437500E+001
 0.5858586    0.2421875000E+000    0.1514062500E+001
 0.5959596    0.2078125000E+000    0.1503125000E+001
 0.6060606    0.3015625000E+000    0.1607812500E+001
 0.6161616    0.3453125000E+000    0.1542187500E+001
 0.6262626    0.2906250000E+000    0.1467187500E+001
 0.6363636    0.2421875000E+000    0.1550000000E+001
 0.6464646    0.2031250000E+000    0.1523437500E+001
 0.6565657    0.3203125000E+000    0.1537500000E+001
 0.6666667    0.3187500000E+000    0.1464062500E+001
 0.6767677    0.2609375000E+000    0.1681250000E+001
 0.6868687    0.2765625000E+000    0.1551562500E+001
 0.6969697    0.2250000000E+000    0.1487500000E+001
 0.7070707    0.2859375000E+000    0.1518750000E+001
 0.7171717    0.2421875000E+000    0.1523437500E+001
 0.7272727    0.2046875000E+000    0.1485937500E+001
 0.7373737    0.1906250000E+000    0.1521875000E+001
 0.7474747    0.2453125000E+000    0.1526562500E+001
 0.7575758    0.1968750000E+000    0.1540625000E+001
 0.7676768    0.2750000000E+000    0.1626562500E+001
 0.7777778    0.2140625000E+000    0.1540625000E+001
 0.7878788    0.2328125000E+000    0.1565625000E+001
 0.7979798    0.2578125000E+000    0.1529687500E+001
 0.8080808    0.1890625000E+000    0.1532812500E+001
 0.8181818    0.1921875000E+000    0.1525000000E+001
 0.8282828    0.2109375000E+000    0.1548437500E+001
 0.8383838    0.2453125000E+000    0.1606250000E+001
 0.8484848    0.1828125000E+000    0.1506250000E+001
 0.8585859    0.1765625000E+000    0.1496875000E+001
 0.8686869    0.1875000000E+000    0.1510937500E+001
 0.8787879    0.1578125000E+000    0.1545312500E+001
 0.8888889    0.1812500000E+000    0.1543750000E+001
 0.8989899    0.1406250000E+000    0.1492187500E+001
 0.9090909    0.1609375000E+000    0.1520312500E+001
 0.9191919    0.0000000000E+000    0.1400000000E+001
 0.9292929    0.1375000000E+000    0.1478125000E+001
 0.9393939    0.2031250000E+000    0.1556250000E+001
 0.9494949    0.1562500000E+000    0.1535937500E+001
 0.9595960    0.1218750000E+000    0.1482812500E+001
 0.9696970    0.1953125000E+000    0.1571875000E+001
 0.9797980    0.1109375000E+000    0.1506250000E+001
 0.9898990    0.1625000000E+000    0.1560937500E+001
 1.0000000    0.1265625000E+000    0.1523437500E+001


# Weightfunction after cycle      17957
 0.0000000    0.3608984375E+001    0.1852343750E+001
 0.0101010    0.3645703125E+001    0.1866015625E+001
 0.0202020    0.3662890625E+001    0.1873437500E+001
 0.0303030    0.3696875000E+001    0.1891406250E+001
 0.0404040    0.3749218750E+001    0.1879687500E+001
 0.0505051    0.3843750000E+001    0.1873046875E+001
 0.0606061    0.3899609375E+001    0.1891796875E+001
 0.0707071    0.3939062500E+001    0.1858203125E+001
 0.0808081    0.4089843750E+001    0.1896484375E+001
 0.0909091    0.4068359375E+001    0.1804687500E+001
 0.1010101    0.4209375000E+001    0.1873437500E+001
 0.1111111    0.4267187500E+001    0.1883984375E+001
 0.1212121    0.4271484375E+001    0.1812109375E+001
 0.1313131    0.4354296875E+001    0.1850781250E+001
 0.1414141    0.4318359375E+001    0.1857031250E+001
 0.1515152    0.4283593750E+001    0.1807031250E+001
 0.1616162    0.4177343750E+001    0.1794531250E+001
 0.1717172    0.4167968750E+001    0.1866406250E+001
 0.1818182    0.4126953125E+001    0.1801171875E+001
 0.1919192    0.4054687500E+001    0.1800390625E+001
 0.2020202    0.3943359375E+001    0.1808984375E+001
 0.2121212    0.3910546875E+001    0.1788281250E+001
 0.2222222    0.3709765625E+001    0.1775390625E+001
 0.2323232    0.3681250000E+001    0.1775000000E+001
 0.2424242    0.3609765625E+001    0.1765234375E+001
 0.2525253    0.3531640625E+001    0.1776562500E+001
 0.2626263    0.3429296875E+001    0.1816406250E+001
 0.2727273    0.3250000000E+001    0.1771093750E+001
 0.2828283    0.3134375000E+001    0.1767968750E+001
 0.2929293    0.3005078125E+001    0.1744531250E+001
 0.3030303    0.2899218750E+001    0.1727734375E+001
 0.3131313    0.2735937500E+001    0.1714843750E+001
 0.3232323    0.2633203125E+001    0.1766015625E+001
 0.3333333    0.2565234375E+001    0.1687890625E+001
 0.3434343    0.2398437500E+001    0.1696484375E+001
 0.3535354    0.2263281250E+001    0.1685156250E+001
 0.3636364    0.2124609375E+001    0.1654296875E+001
 0.3737374    0.1935156250E+001    0.1686718750E+001
 0.3838384    0.1846484375E+001    0.1662890625E+001
 0.3939394    0.1679687500E+001    0.1647656250E+001
 0.4040404    0.1559375000E+001    0.1658593750E+001
 0.4141414    0.1343359375E+001    0.1600000000E+001
 0.4242424    0.1232421875E+001    0.1642968750E+001
 0.4343434    0.1163671875E+001    0.1657812500E+001
 0.4444444    0.9996093750E+000    0.1671093750E+001
 0.4545455    0.8546875000E+000    0.1621875000E+001
 0.4646465    0.7031250000E+000    0.1592187500E+001
 0.4747475    0.5167968750E+000    0.1596093750E+001
 0.4848485    0.3843750000E+000    0.1638281250E+001
 0.4949495    0.2535156250E+000    0.1574218750E+001
 0.5050505    0.1519531250E+000    0.1576562500E+001
 0.5151515    0.1777343750E+000    0.1558203125E+001
 0.5252525    0.9882812500E-001    0.1545703125E+001
 0.5353535    0.2089843750E+000    0.1533984375E+001
 0.5454545    0.1425781250E+000    0.1553906250E+001
 0.5555556    0.1566406250E+000    0.1585156250E+001
 0.5656566    0.1218750000E+000    0.1561328125E+001
 0.5757576    0.1351562500E+000    0.1559375000E+001
 0.5858586    0.1281250000E+000    0.1546484375E+001
 0.5959596    0.5039062500E-001    0.1572656250E+001
 0.6060606    0.1312500000E+000    0.1551953125E+001
 0.6161616    0.2105468750E+000    0.1600000000E+001
 0.6262626    0.1355468750E+000    0.1559765625E+001
 0.6363636    0.1613281250E+000    0.1578906250E+001
 0.6464646    0.1425781250E+000    0.1557421875E+001
 0.6565657    0.1125000000E+000    0.1562109375E+001
 0.6666667    0.1917968750E+000    0.1554687500E+001
 0.6767677    0.1195312500E+000    0.1596875000E+001
 0.6868687    0.9101562500E-001    0.1552734375E+001
 0.6969697    0.1191406250E+000    0.1527734375E+001
 0.7070707    0.1039062500E+000    0.1507421875E+001
 0.7171717    0.1488281250E+000    0.1563281250E+001
 0.7272727    0.1265625000E+000    0.1569140625E+001
 0.7373737    0.1441406250E+000    0.1564062500E+001
 0.7474747    0.1078125000E+000    0.1547656250E+001
 0.7575758    0.1105468750E+000    0.1552734375E+001
 0.7676768    0.1062500000E+000    0.1551171875E+001
 0.7777778    0.1250000000E+000    0.1577734375E+001
 0.7878788    0.1031250000E+000    0.1536718750E+001
 0.7979798    0.9492187500E-001    0.1553515625E+001
 0.8080808    0.8398437500E-001    0.1535546875E+001
 0.8181818    0.1378906250E+000    0.1589843750E+001
 0.8282828    0.9882812500E-001    0.1552734375E+001
 0.8383838    0.8242187500E-001    0.1526953125E+001
 0.8484848    0.9296875000E-001    0.1535937500E+001
 0.8585859    0.7500000000E-001    0.1553515625E+001
 0.8686869    0.7031250000E-001    0.1553515625E+001
 0.8787879    0.1007812500E+000    0.1589843750E+001
 0.8888889    0.7148437500E-001    0.1537890625E+001
 0.8989899    0.6367187500E-001    0.1537500000E+001
 0.9090909    0.2148437500E-001    0.1496484375E+001
 0.9191919    0.5742187500E-001    0.1543750000E+001
 0.9292929    0.4843750000E-001    0.1551562500E+001
 0.9393939    0.5234375000E-001    0.1540625000E+001
 0.9494949    0.2187500000E-001    0.1519921875E+001
 0.9595960    0.1210937500E-001    0.1515625000E+001
 0.9696970    0.1718750000E-001    0.1502734375E+001
 0.9797980    0.2812500000E-001    0.1509375000E+001
 0.9898990    0.5507812500E-001    0.1542968750E+001
 1.0000000    0.0000000000E+000    0.1522265625E+001


# Weightfunction after cycle      44381
 0.0000000    0.3493750000E+001    0.1689355469E+001
 0.0101010    0.3498828125E+001    0.1684960938E+001
 0.0202020    0.3542773438E+001    0.1711425781E+001
 0.0303030    0.3546777344E+001    0.1678515625E+001
 0.0404040    0.3601562500E+001    0.1690527344E+001
 0.0505051    0.3679296875E+001    0.1688281250E+001
 0.0606061    0.3757519531E+001    0.1692382813E+001
 0.0707071    0.3839453125E+001    0.1695996094E+001
 0.0808081    0.3942675781E+001    0.1696972656E+001
 0.0909091    0.3991992188E+001    0.1672558594E+001
 0.1010101    0.4083496094E+001    0.1686816406E+001
 0.1111111    0.4084570312E+001    0.1667285156E+001
 0.1212121    0.4130273437E+001    0.1663183594E+001
 0.1313131    0.4169824219E+001    0.1674609375E+001
 0.1414141    0.4152148437E+001    0.1670312500E+001
 0.1515152    0.4131738281E+001    0.1649609375E+001
 0.1616162    0.4041113281E+001    0.1633203125E+001
 0.1717172    0.4016796875E+001    0.1639941406E+001
 0.1818182    0.3999414063E+001    0.1636425781E+001
 0.1919192    0.3884667969E+001    0.1622265625E+001
 0.2020202    0.3825292969E+001    0.1623437500E+001
 0.2121212    0.3751855469E+001    0.1596875000E+001
 0.2222222    0.3654785156E+001    0.1619238281E+001
 0.2323232    0.3569824219E+001    0.1595507813E+001
 0.2424242    0.3476855469E+001    0.1576953125E+001
 0.2525253    0.3367382813E+001    0.1576367188E+001
 0.2626263    0.3265332031E+001    0.1579492188E+001
 0.2727273    0.3144238281E+001    0.1566699219E+001
 0.2828283    0.3059863281E+001    0.1575585938E+001
 0.2929293    0.2950976563E+001    0.1546777344E+001
 0.3030303    0.2821777344E+001    0.1560253906E+001
 0.3131313    0.2665625000E+001    0.1516210938E+001
 0.3232323    0.2574707031E+001    0.1542578125E+001
 0.3333333    0.2462011719E+001    0.1509570313E+001
 0.3434343    0.2315820313E+001    0.1497460938E+001
 0.3535354    0.2173535156E+001    0.1508984375E+001
 0.3636364    0.2056250000E+001    0.1480371094E+001
 0.3737374    0.1920312500E+001    0.1480859375E+001
 0.3838384    0.1785839844E+001    0.1447949219E+001
 0.3939394    0.1650390625E+001    0.1454785156E+001
 0.4040404    0.1538671875E+001    0.1436523438E+001
 0.4141414    0.1310937500E+001    0.1421972656E+001
 0.4242424    0.1205664062E+001    0.1428027344E+001
 0.4343434    0.1100000000E+001    0.1405664063E+001
 0.4444444    0.9569335937E+000    0.1415039063E+001
 0.4545455    0.7927734375E+000    0.1401660156E+001
 0.4646465    0.6890625000E+000    0.1400097656E+001
 0.4747475    0.4968750000E+000    0.1378613281E+001
 0.4848485    0.3642578125E+000    0.1388574219E+001
 0.4949495    0.2316406250E+000    0.1362402344E+001
 0.5050505    0.1385742187E+000    0.1354785156E+001
 0.5151515    0.1239257812E+000    0.1365722656E+001
 0.5252525    0.1321289062E+000    0.1347265625E+001
 0.5353535    0.1464843750E+000    0.1348339844E+001
 0.5454545    0.1201171875E+000    0.1339550781E+001
 0.5555556    0.1424804687E+000    0.1361718750E+001
 0.5656566    0.1067382812E+000    0.1333984375E+001
 0.5757576    0.1246093750E+000    0.1345410156E+001
 0.5858586    0.1336914062E+000    0.1335156250E+001
 0.5959596    0.6494140625E-001    0.1362304688E+001
 0.6060606    0.1326171875E+000    0.1339257813E+001
 0.6161616    0.1544921875E+000    0.1355273438E+001
 0.6262626    0.1346679687E+000    0.1354980469E+001
 0.6363636    0.1332031250E+000    0.1374414063E+001
 0.6464646    0.1208007812E+000    0.1356347656E+001
 0.6565657    0.1275390625E+000    0.1356347656E+001
 0.6666667    0.1376953125E+000    0.1340820313E+001
 0.6767677    0.1104492187E+000    0.1354101563E+001
 0.6868687    0.1002929687E+000    0.1359570313E+001
 0.6969697    0.1068359375E+000    0.1358593750E+001
 0.7070707    0.1049804687E+000    0.1330371094E+001
 0.7171717    0.1072265625E+000    0.1358789063E+001
 0.7272727    0.1080078125E+000    0.1354296875E+001
 0.7373737    0.9746093750E-001    0.1340039063E+001
 0.7474747    0.9501953125E-001    0.1335351563E+001
 0.7575758    0.1000000000E+000    0.1343457031E+001
 0.7676768    0.1000000000E+000    0.1355468750E+001
 0.7777778    0.9052734375E-001    0.1366406250E+001
 0.7878788    0.8662109375E-001    0.1352441406E+001
 0.7979798    0.8457031250E-001    0.1355957031E+001
 0.8080808    0.7626953125E-001    0.1337597656E+001
 0.8181818    0.8476562500E-001    0.1359765625E+001
 0.8282828    0.7841796875E-001    0.1354101563E+001
 0.8383838    0.6923828125E-001    0.1344824219E+001
 0.8484848    0.6445312500E-001    0.1335058594E+001
 0.8585859    0.5419921875E-001    0.1341992188E+001
 0.8686869    0.6152343750E-001    0.1342675781E+001
 0.8787879    0.8779296875E-001    0.1370117188E+001
 0.8888889    0.5302734375E-001    0.1341113281E+001
 0.8989899    0.4160156250E-001    0.1329394531E+001
 0.9090909    0.3847656250E-001    0.1353515625E+001
 0.9191919    0.4863281250E-001    0.1343945313E+001
 0.9292929    0.3916015625E-001    0.1341113281E+001
 0.9393939    0.4013671875E-001    0.1344335938E+001
 0.9494949    0.3076171875E-001    0.1339257813E+001
 0.9595960    0.2070312500E-001    0.1334863281E+001
 0.9696970    0.1650390625E-001    0.1350683594E+001
 0.9797980    0.0000000000E+000    0.1327636719E+001
 0.9898990    0.4316406250E-001    0.1361328125E+001
 1.0000000    0.2324218750E-001    0.1343261719E+001


# Weightfunction after cycle      90010
 0.0000000    0.3456054687E+001    0.1620703125E+001
 0.0101010    0.3452026367E+001    0.1620507812E+001
 0.0202020    0.3492993164E+001    0.1640869141E+001
 0.0303030    0.3500683594E+001    0.1612500000E+001
 0.0404040    0.3551782227E+001    0.1617016602E+001
 0.0505051    0.3634594727E+001    0.1622778320E+001
 0.0606061    0.3705859375E+001    0.1614599609E+001
 0.0707071    0.3784082031E+001    0.1617163086E+001
 0.0808081    0.3874121094E+001    0.1621435547E+001
 0.0909091    0.3940625000E+001    0.1606274414E+001
 0.1010101    0.4030126953E+001    0.1616918945E+001
 0.1111111    0.4049072266E+001    0.1597827148E+001
 0.1212121    0.4100561523E+001    0.1600341797E+001
 0.1313131    0.4128076172E+001    0.1597558594E+001
 0.1414141    0.4112866211E+001    0.1594653320E+001
 0.1515152    0.4095117187E+001    0.1580664062E+001
 0.1616162    0.4040698242E+001    0.1564404297E+001
 0.1717172    0.3988769531E+001    0.1562084961E+001
 0.1818182    0.3964160156E+001    0.1560913086E+001
 0.1919192    0.3884155273E+001    0.1545874023E+001
 0.2020202    0.3813012695E+001    0.1548339844E+001
 0.2121212    0.3750512695E+001    0.1541430664E+001
 0.2222222    0.3655297852E+001    0.1541137695E+001
 0.2323232    0.3566918945E+001    0.1519335937E+001
 0.2424242    0.3467993164E+001    0.1507934570E+001
 0.2525253    0.3359838867E+001    0.1506835937E+001
 0.2626263    0.3262573242E+001    0.1512109375E+001
 0.2727273    0.3135546875E+001    0.1492895508E+001
 0.2828283    0.3040722656E+001    0.1496875000E+001
 0.2929293    0.2942480469E+001    0.1479736328E+001
 0.3030303    0.2813647461E+001    0.1480859375E+001
 0.3131313    0.2684741211E+001    0.1448291016E+001
 0.3232323    0.2563134766E+001    0.1456518555E+001
 0.3333333    0.2458740234E+001    0.1441210937E+001
 0.3434343    0.2318139648E+001    0.1438867187E+001
 0.3535354    0.2185107422E+001    0.1434375000E+001
 0.3636364    0.2058544922E+001    0.1409765625E+001
 0.3737374    0.1926464844E+001    0.1409497070E+001
 0.3838384    0.1785546875E+001    0.1389404297E+001
 0.3939394    0.1647949219E+001    0.1377490234E+001
 0.4040404    0.1521484375E+001    0.1372851562E+001
 0.4141414    0.1338500977E+001    0.1357910156E+001
 0.4242424    0.1210205078E+001    0.1356811523E+001
 0.4343434    0.1094018555E+001    0.1344042969E+001
 0.4444444    0.9584472656E+000    0.1341210937E+001
 0.4545455    0.7911865234E+000    0.1324682617E+001
 0.4646465    0.6732666016E+000    0.1325219727E+001
 0.4747475    0.4944824219E+000    0.1307299805E+001
 0.4848485    0.3571044922E+000    0.1294873047E+001
 0.4949495    0.2179443359E+000    0.1291650391E+001
 0.5050505    0.1305419922E+000    0.1279809570E+001
 0.5151515    0.1297851562E+000    0.1280053711E+001
 0.5252525    0.1275878906E+000    0.1272485352E+001
 0.5353535    0.1418945312E+000    0.1276049805E+001
 0.5454545    0.1149169922E+000    0.1265356445E+001
 0.5555556    0.1299316406E+000    0.1280346680E+001
 0.5656566    0.1088378906E+000    0.1261791992E+001
 0.5757576    0.1316894531E+000    0.1266992187E+001
 0.5858586    0.1218505859E+000    0.1267285156E+001
 0.5959596    0.8332519531E-001    0.1287304687E+001
 0.6060606    0.1255371094E+000    0.1265502930E+001
 0.6161616    0.1337890625E+000    0.1273339844E+001
 0.6262626    0.1286376953E+000    0.1267822266E+001
 0.6363636    0.1207275391E+000    0.1289453125E+001
 0.6464646    0.1265625000E+000    0.1277587891E+001
 0.6565657    0.1233154297E+000    0.1277563477E+001
 0.6666667    0.1206054687E+000    0.1279394531E+001
 0.6767677    0.1147216797E+000    0.1270532227E+001
 0.6868687    0.1046875000E+000    0.1274560547E+001
 0.6969697    0.1045898437E+000    0.1270117187E+001
 0.7070707    0.1044677734E+000    0.1270214844E+001
 0.7171717    0.1026855469E+000    0.1277246094E+001
 0.7272727    0.9946289062E-001    0.1271704102E+001
 0.7373737    0.8703613281E-001    0.1256347656E+001
 0.7474747    0.8930664062E-001    0.1258056641E+001
 0.7575758    0.8654785156E-001    0.1264526367E+001
 0.7676768    0.8605957031E-001    0.1274340820E+001
 0.7777778    0.8479003906E-001    0.1280200195E+001
 0.7878788    0.8232421875E-001    0.1271826172E+001
 0.7979798    0.7888183594E-001    0.1274169922E+001
 0.8080808    0.7568359375E-001    0.1268164062E+001
 0.8181818    0.7607421875E-001    0.1275781250E+001
 0.8282828    0.8149414062E-001    0.1282031250E+001
 0.8383838    0.7587890625E-001    0.1276831055E+001
 0.8484848    0.5664062500E-001    0.1261254883E+001
 0.8585859    0.4689941406E-001    0.1259570312E+001
 0.8686869    0.5559082031E-001    0.1270629883E+001
 0.8787879    0.6315917969E-001    0.1280908203E+001
 0.8888889    0.4748535156E-001    0.1266845703E+001
 0.8989899    0.3764648437E-001    0.1257641602E+001
 0.9090909    0.3864746094E-001    0.1275439453E+001
 0.9191919    0.4304199219E-001    0.1272314453E+001
 0.9292929    0.3239746094E-001    0.1272607422E+001
 0.9393939    0.2751464844E-001    0.1263671875E+001
 0.9494949    0.2321777344E-001    0.1264526367E+001
 0.9595960    0.1616210937E-001    0.1260302734E+001
 0.9696970    0.1135253906E-001    0.1264819336E+001
 0.9797980    0.0000000000E+000    0.1262426758E+001
 0.9898990    0.1833496094E-001    0.1263989258E+001
 1.0000000    0.9033203125E-003    0.1262695312E+001


# Weightfunction after cycle      93777
 0.0000000    0.3454980469E+001    0.1619622803E+001
 0.0101010    0.3451287842E+001    0.1618884277E+001
 0.0202020    0.3491448975E+001    0.1639086914E+001
 0.0303030    0.3498852539E+001    0.1610455322E+001
 0.0404040    0.3552154541E+001    0.1616528320E+001
 0.0505051    0.3633398437E+001    0.1621252441E+001
 0.0606061    0.3705261230E+001    0.1613452148E+001
 0.0707071    0.3783966064E+001    0.1616229248E+001
 0.0808081    0.3873999023E+001    0.1620800781E+001
 0.0909091    0.3940228271E+001    0.1605578613E+001
 0.1010101    0.4030529785E+001    0.1616802979E+001
 0.1111111    0.4049438477E+001    0.1597247314E+001
 0.1212121    0.4100323486E+001    0.1599914551E+001
 0.1313131    0.4128173828E+001    0.1596545410E+001
 0.1414141    0.4111492920E+001    0.1593695068E+001
 0.1515152    0.4094311523E+001    0.1579559326E+001
 0.1616162    0.4040203857E+001    0.1563708496E+001
 0.1717172    0.3989044189E+001    0.1561737061E+001
 0.1818182    0.3962664795E+001    0.1560009766E+001
 0.1919192    0.3882830811E+001    0.1545281982E+001
 0.2020202    0.3813391113E+001    0.1547131348E+001
 0.2121212    0.3750512695E+001    0.1540893555E+001
 0.2222222    0.3654229736E+001    0.1540118408E+001
 0.2323232    0.3567303467E+001    0.1518518066E+001
 0.2424242    0.3466918945E+001    0.1507318115E+001
 0.2525253    0.3359564209E+001    0.1506457520E+001
 0.2626263    0.3260833740E+001    0.1511309814E+001
 0.2727273    0.3135504150E+001    0.1492749023E+001
 0.2828283    0.3039050293E+001    0.1495483398E+001
 0.2929293    0.2940307617E+001    0.1479241943E+001
 0.3030303    0.2813342285E+001    0.1479980469E+001
 0.3131313    0.2684466553E+001    0.1447308350E+001
 0.3232323    0.2563153076E+001    0.1456103516E+001
 0.3333333    0.2457055664E+001    0.1439880371E+001
 0.3434343    0.2317095947E+001    0.1438476562E+001
 0.3535354    0.2184674072E+001    0.1433001709E+001
 0.3636364    0.2058941650E+001    0.1409100342E+001
 0.3737374    0.1925347900E+001    0.1408563232E+001
 0.3838384    0.1784600830E+001    0.1388287354E+001
 0.3939394    0.1647424316E+001    0.1376318359E+001
 0.4040404    0.1520147705E+001    0.1372576904E+001
 0.4141414    0.1337933350E+001    0.1357458496E+001
 0.4242424    0.1209753418E+001    0.1356762695E+001
 0.4343434    0.1092413330E+001    0.1343475342E+001
 0.4444444    0.9582214355E+000    0.1340618896E+001
 0.4545455    0.7909301758E+000    0.1324108887E+001
 0.4646465    0.6717956543E+000    0.1324645996E+001
 0.4747475    0.4947509766E+000    0.1306787109E+001
 0.4848485    0.3562377930E+000    0.1294439697E+001
 0.4949495    0.2171569824E+000    0.1291766357E+001
 0.5050505    0.1307678223E+000    0.1279418945E+001
 0.5151515    0.1290649414E+000    0.1278936768E+001
 0.5252525    0.1277587891E+000    0.1271697998E+001
 0.5353535    0.1409423828E+000    0.1275408936E+001
 0.5454545    0.1140930176E+000    0.1264508057E+001
 0.5555556    0.1290405273E+000    0.1279913330E+001
 0.5656566    0.1086059570E+000    0.1261145020E+001
 0.5757576    0.1306457520E+000    0.1265844727E+001
 0.5858586    0.1209472656E+000    0.1266943359E+001
 0.5959596    0.8348388672E-001    0.1286340332E+001
 0.6060606    0.1257873535E+000    0.1264526367E+001
 0.6161616    0.1331054687E+000    0.1272619629E+001
 0.6262626    0.1265686035E+000    0.1267230225E+001
 0.6363636    0.1195983887E+000    0.1289025879E+001
 0.6464646    0.1259582520E+000    0.1276849365E+001
 0.6565657    0.1226989746E+000    0.1277233887E+001
 0.6666667    0.1202331543E+000    0.1279418945E+001
 0.6767677    0.1141174316E+000    0.1269073486E+001
 0.6868687    0.1044921875E+000    0.1273663330E+001
 0.6969697    0.1037780762E+000    0.1268774414E+001
 0.7070707    0.1042358398E+000    0.1269677734E+001
