# Evolution of the weightfunction during equilibration phase for fractional: N2
# Weightfunction after cycle        542
 0.0000000    0.4500000000E+001    0.2600000000E+001
 0.0101010    0.4700000000E+001    0.2200000000E+001
 0.0202020    0.4300000000E+001    0.2800000000E+001
 0.0303030    0.4800000000E+001    0.2600000000E+001
 0.0404040    0.5000000000E+001    0.2900000000E+001
 0.0505051    0.3800000000E+001    0.1500000000E+001
 0.0606061    0.3800000000E+001    0.1400000000E+001
 0.0707071    0.4300000000E+001    0.2100000000E+001
 0.0808081    0.5100000000E+001    0.2700000000E+001
 0.0909091    0.4200000000E+001    0.1900000000E+001
 0.1010101    0.4300000000E+001    0.1300000000E+001
 0.1111111    0.5800000000E+001    0.2500000000E+001
 0.1212121    0.4800000000E+001    0.1700000000E+001
 0.1313131    0.5300000000E+001    0.2400000000E+001
 0.1414141    0.4800000000E+001    0.1900000000E+001
 0.1515152    0.5300000000E+001    0.3000000000E+001
 0.1616162    0.4400000000E+001    0.1300000000E+001
 0.1717172    0.5800000000E+001    0.2400000000E+001
 0.1818182    0.5400000000E+001    0.2300000000E+001
 0.1919192    0.5000000000E+001    0.2000000000E+001
 0.2020202    0.5400000000E+001    0.1400000000E+001
 0.2121212    0.4900000000E+001    0.2500000000E+001
 0.2222222    0.4500000000E+001    0.2100000000E+001
 0.2323232    0.4700000000E+001    0.2300000000E+001
 0.2424242    0.3700000000E+001    0.1900000000E+001
 0.2525253    0.4100000000E+001    0.1400000000E+001
 0.2626263    0.4100000000E+001    0.1000000000E+001
 0.2727273    0.4200000000E+001    0.1700000000E+001
 0.2828283    0.5000000000E+001    0.1300000000E+001
 0.2929293    0.3800000000E+001    0.9000000000E+000
 0.3030303    0.3600000000E+001    0.1700000000E+001
 0.3131313    0.3500000000E+001    0.2400000000E+001
 0.3232323    0.4800000000E+001    0.2300000000E+001
 0.3333333    0.3600000000E+001    0.1300000000E+001
 0.3434343    0.3600000000E+001    0.1700000000E+001
 0.3535354    0.3200000000E+001    0.2100000000E+001
 0.3636364    0.3200000000E+001    0.1700000000E+001
 0.3737374    0.3700000000E+001    0.2200000000E+001
 0.3838384    0.2700000000E+001    0.1900000000E+001
 0.3939394    0.2900000000E+001    0.1700000000E+001
 0.4040404    0.1500000000E+001    0.1800000000E+001
 0.4141414    0.2100000000E+001    0.1000000000E+001
 0.4242424    0.2300000000E+001    0.2200000000E+001
 0.4343434    0.2700000000E+001    0.1900000000E+001
 0.4444444    0.1900000000E+001    0.1600000000E+001
 0.4545455    0.1700000000E+001    0.1800000000E+001
 0.4646465    0.1300000000E+001    0.1800000000E+001
 0.4747475    0.1500000000E+001    0.2400000000E+001
 0.4848485    0.3000000000E+001    0.1700000000E+001
 0.4949495    0.8000000000E+000    0.1300000000E+001
 0.5050505    0.2000000000E+001    0.1700000000E+001
 0.5151515    0.1700000000E+001    0.2500000000E+001
 0.5252525    0.1500000000E+001    0.1800000000E+001
 0.5353535    0.7000000000E+000    0.1100000000E+001
 0.5454545    0.2000000000E+001    0.2100000000E+001
 0.5555556    0.4000000000E+000    0.1600000000E+001
 0.5656566    0.2000000000E+000    0.1300000000E+001
 0.5757576    0.1400000000E+001    0.2200000000E+001
 0.5858586    0.1200000000E+001    0.2200000000E+001
 0.5959596    0.1400000000E+001    0.2400000000E+001
 0.6060606    0.1200000000E+001    0.1500000000E+001
 0.6161616    0.1300000000E+001    0.1900000000E+001
 0.6262626    0.1200000000E+001    0.3000000000E+001
 0.6363636    0.1200000000E+001    0.1700000000E+001
 0.6464646    0.7000000000E+000    0.2300000000E+001
 0.6565657    0.1600000000E+001    0.1500000000E+001
 0.6666667    0.2000000000E+001    0.1700000000E+001
 0.6767677    0.1000000000E+001    0.2300000000E+001
 0.6868687    0.1700000000E+001    0.1500000000E+001
 0.6969697    0.0000000000E+000    0.2500000000E+001
 0.7070707    0.6000000000E+000    0.2200000000E+001
 0.7171717    0.9000000000E+000    0.1800000000E+001
 0.7272727    0.1100000000E+001    0.2100000000E+001
 0.7373737    0.8000000000E+000    0.2200000000E+001
 0.7474747    0.4000000000E+000    0.1400000000E+001
 0.7575758    0.8000000000E+000    0.1800000000E+001
 0.7676768    0.9000000000E+000    0.1800000000E+001
 0.7777778    0.5000000000E+000    0.1800000000E+001
 0.7878788    0.1600000000E+001    0.2400000000E+001
 0.7979798    0.1000000000E+001    0.2300000000E+001
 0.8080808    0.1200000000E+001    0.2400000000E+001
 0.8181818    0.9000000000E+000    0.2100000000E+001
 0.8282828    0.3000000000E+000    0.1600000000E+001
 0.8383838    0.1100000000E+001    0.2100000000E+001
 0.8484848    0.9000000000E+000    0.1900000000E+001
 0.8585859    0.8000000000E+000    0.1600000000E+001
 0.8686869    0.1200000000E+001    0.2400000000E+001
 0.8787879    0.9000000000E+000    0.2000000000E+001
 0.8888889    0.1500000000E+001    0.3000000000E+001
 0.8989899    0.1000000000E+001    0.2200000000E+001
 0.9090909    0.5000000000E+000    0.1600000000E+001
 0.9191919    0.1100000000E+001    0.2000000000E+001
 0.9292929    0.5000000000E+000    0.1900000000E+001
 0.9393939    0.4000000000E+000    0.2200000000E+001
 0.9494949    0.1000000000E+001    0.2400000000E+001
 0.9595960    0.2000000000E+000    0.1300000000E+001
 0.9696970    0.1200000000E+001    0.2600000000E+001
 0.9797980    0.1300000000E+001    0.2200000000E+001
 0.9898990    0.1500000000E+001    0.2100000000E+001
 1.0000000    0.1400000000E+001    0.2900000000E+001


# Weightfunction after cycle       1675
 0.0000000    0.3900000000E+001    0.1600000000E+001
 0.0101010    0.4125000000E+001    0.1975000000E+001
 0.0202020    0.4000000000E+001    0.2100000000E+001
 0.0303030    0.3700000000E+001    0.1700000000E+001
 0.0404040    0.4450000000E+001    0.2175000000E+001
 0.0505051    0.3900000000E+001    0.1650000000E+001
 0.0606061    0.4375000000E+001    0.2000000000E+001
 0.0707071    0.4625000000E+001    0.2100000000E+001
 0.0808081    0.4775000000E+001    0.2200000000E+001
 0.0909091    0.4550000000E+001    0.1800000000E+001
 0.1010101    0.4425000000E+001    0.1575000000E+001
 0.1111111    0.4575000000E+001    0.1675000000E+001
 0.1212121    0.4525000000E+001    0.1750000000E+001
 0.1313131    0.4875000000E+001    0.1800000000E+001
 0.1414141    0.5100000000E+001    0.2075000000E+001
 0.1515152    0.4925000000E+001    0.1650000000E+001
 0.1616162    0.4925000000E+001    0.1850000000E+001
 0.1717172    0.5200000000E+001    0.1750000000E+001
 0.1818182    0.5000000000E+001    0.1775000000E+001
 0.1919192    0.5300000000E+001    0.1775000000E+001
 0.2020202    0.5200000000E+001    0.1750000000E+001
 0.2121212    0.4725000000E+001    0.1875000000E+001
 0.2222222    0.4875000000E+001    0.1675000000E+001
 0.2323232    0.3825000000E+001    0.1850000000E+001
 0.2424242    0.3850000000E+001    0.1800000000E+001
 0.2525253    0.4125000000E+001    0.1700000000E+001
 0.2626263    0.3800000000E+001    0.1750000000E+001
 0.2727273    0.3350000000E+001    0.2225000000E+001
 0.2828283    0.3475000000E+001    0.1925000000E+001
 0.2929293    0.3700000000E+001    0.1550000000E+001
 0.3030303    0.3650000000E+001    0.1675000000E+001
 0.3131313    0.3325000000E+001    0.1900000000E+001
 0.3232323    0.2500000000E+001    0.1950000000E+001
 0.3333333    0.2775000000E+001    0.1750000000E+001
 0.3434343    0.2975000000E+001    0.1575000000E+001
 0.3535354    0.2600000000E+001    0.1900000000E+001
 0.3636364    0.2500000000E+001    0.1900000000E+001
 0.3737374    0.1975000000E+001    0.1750000000E+001
 0.3838384    0.2100000000E+001    0.1400000000E+001
 0.3939394    0.1850000000E+001    0.1700000000E+001
 0.4040404    0.2200000000E+001    0.1925000000E+001
 0.4141414    0.1775000000E+001    0.1700000000E+001
 0.4242424    0.1550000000E+001    0.2250000000E+001
 0.4343434    0.1450000000E+001    0.1750000000E+001
 0.4444444    0.1300000000E+001    0.1775000000E+001
 0.4545455    0.1100000000E+001    0.1225000000E+001
 0.4646465    0.3250000000E+000    0.1975000000E+001
 0.4747475    0.7250000000E+000    0.1850000000E+001
 0.4848485    0.8500000000E+000    0.1875000000E+001
 0.4949495    0.5000000000E+000    0.2125000000E+001
 0.5050505    0.1250000000E+000    0.1575000000E+001
 0.5151515    0.7500000000E-001    0.1800000000E+001
 0.5252525    0.2500000000E+000    0.1725000000E+001
 0.5353535    0.2000000000E+000    0.1225000000E+001
 0.5454545    0.5000000000E+000    0.1650000000E+001
 0.5555556    0.3000000000E+000    0.1425000000E+001
 0.5656566    0.5250000000E+000    0.1225000000E+001
 0.5757576    0.8250000000E+000    0.1800000000E+001
 0.5858586    0.3500000000E+000    0.1675000000E+001
 0.5959596    0.7750000000E+000    0.1650000000E+001
 0.6060606    0.4000000000E+000    0.1950000000E+001
 0.6161616    0.2500000000E+000    0.1500000000E+001
 0.6262626    0.1500000000E+000    0.1275000000E+001
 0.6363636    0.4000000000E+000    0.1275000000E+001
 0.6464646    0.1500000000E+000    0.1625000000E+001
 0.6565657    0.1750000000E+000    0.1800000000E+001
 0.6666667    0.6000000000E+000    0.1850000000E+001
 0.6767677    0.2750000000E+000    0.1525000000E+001
 0.6868687    0.5500000000E+000    0.1700000000E+001
 0.6969697    0.1750000000E+000    0.2050000000E+001
 0.7070707    0.2750000000E+000    0.1525000000E+001
 0.7171717    0.5000000000E+000    0.1650000000E+001
 0.7272727    0.5250000000E+000    0.1750000000E+001
 0.7373737    0.4000000000E+000    0.1900000000E+001
 0.7474747    0.5500000000E+000    0.1825000000E+001
 0.7575758    0.3750000000E+000    0.1725000000E+001
 0.7676768    0.3000000000E+000    0.1425000000E+001
 0.7777778    0.4750000000E+000    0.1875000000E+001
 0.7878788    0.6000000000E+000    0.1825000000E+001
 0.7979798    0.4250000000E+000    0.1925000000E+001
 0.8080808    0.2750000000E+000    0.1600000000E+001
 0.8181818    0.1000000000E+000    0.1575000000E+001
 0.8282828    0.3250000000E+000    0.1500000000E+001
 0.8383838    0.5000000000E-001    0.1400000000E+001
 0.8484848    0.7250000000E+000    0.1825000000E+001
 0.8585859    0.3000000000E+000    0.1525000000E+001
 0.8686869    0.4500000000E+000    0.1975000000E+001
 0.8787879    0.3000000000E+000    0.1700000000E+001
 0.8888889    0.1750000000E+000    0.1450000000E+001
 0.8989899    0.0000000000E+000    0.1450000000E+001
 0.9090909    0.3250000000E+000    0.1700000000E+001
 0.9191919    0.5250000000E+000    0.1950000000E+001
 0.9292929    0.4000000000E+000    0.1950000000E+001
 0.9393939    0.4000000000E+000    0.1850000000E+001
 0.9494949    0.2250000000E+000    0.1700000000E+001
 0.9595960    0.5250000000E+000    0.2100000000E+001
 0.9696970    0.3250000000E+000    0.1750000000E+001
 0.9797980    0.4500000000E+000    0.1750000000E+001
 0.9898990    0.1750000000E+000    0.1500000000E+001
 1.0000000    0.1500000000E+000    0.1700000000E+001


# Weightfunction after cycle       3682
 0.0000000    0.3912500000E+001    0.2100000000E+001
 0.0101010    0.4156250000E+001    0.2118750000E+001
 0.0202020    0.3918750000E+001    0.1962500000E+001
 0.0303030    0.4075000000E+001    0.2112500000E+001
 0.0404040    0.4131250000E+001    0.2168750000E+001
 0.0505051    0.4412500000E+001    0.2250000000E+001
 0.0606061    0.4337500000E+001    0.2300000000E+001
 0.0707071    0.4331250000E+001    0.2000000000E+001
 0.0808081    0.4406250000E+001    0.2100000000E+001
 0.0909091    0.4618750000E+001    0.2225000000E+001
 0.1010101    0.4556250000E+001    0.2075000000E+001
 0.1111111    0.4862500000E+001    0.2031250000E+001
 0.1212121    0.4806250000E+001    0.2093750000E+001
 0.1313131    0.4837500000E+001    0.1962500000E+001
 0.1414141    0.4656250000E+001    0.1918750000E+001
 0.1515152    0.4993750000E+001    0.2012500000E+001
 0.1616162    0.4850000000E+001    0.2150000000E+001
 0.1717172    0.4743750000E+001    0.1993750000E+001
 0.1818182    0.4906250000E+001    0.2025000000E+001
 0.1919192    0.4812500000E+001    0.2181250000E+001
 0.2020202    0.4550000000E+001    0.2168750000E+001
 0.2121212    0.4693750000E+001    0.2043750000E+001
 0.2222222    0.4200000000E+001    0.1900000000E+001
 0.2323232    0.4318750000E+001    0.1950000000E+001
 0.2424242    0.4443750000E+001    0.2050000000E+001
 0.2525253    0.4000000000E+001    0.2062500000E+001
 0.2626263    0.4075000000E+001    0.1925000000E+001
 0.2727273    0.3918750000E+001    0.2006250000E+001
 0.2828283    0.3837500000E+001    0.1912500000E+001
 0.2929293    0.3725000000E+001    0.1981250000E+001
 0.3030303    0.3487500000E+001    0.1893750000E+001
 0.3131313    0.3437500000E+001    0.1881250000E+001
 0.3232323    0.2943750000E+001    0.1725000000E+001
 0.3333333    0.3187500000E+001    0.1987500000E+001
 0.3434343    0.2943750000E+001    0.1987500000E+001
 0.3535354    0.2900000000E+001    0.1837500000E+001
 0.3636364    0.2706250000E+001    0.1837500000E+001
 0.3737374    0.2543750000E+001    0.1631250000E+001
 0.3838384    0.2418750000E+001    0.1768750000E+001
 0.3939394    0.2031250000E+001    0.1750000000E+001
 0.4040404    0.2075000000E+001    0.1662500000E+001
 0.4141414    0.1900000000E+001    0.1700000000E+001
 0.4242424    0.1650000000E+001    0.1718750000E+001
 0.4343434    0.1612500000E+001    0.1875000000E+001
 0.4444444    0.1131250000E+001    0.1737500000E+001
 0.4545455    0.1075000000E+001    0.1787500000E+001
 0.4646465    0.1050000000E+001    0.1731250000E+001
 0.4747475    0.8312500000E+000    0.1687500000E+001
 0.4848485    0.6187500000E+000    0.1662500000E+001
 0.4949495    0.3750000000E+000    0.1618750000E+001
 0.5050505    0.1562500000E+000    0.1437500000E+001
 0.5151515    0.2812500000E+000    0.1618750000E+001
 0.5252525    0.1500000000E+000    0.1450000000E+001
 0.5353535    0.2750000000E+000    0.1637500000E+001
 0.5454545    0.3312500000E+000    0.1487500000E+001
 0.5555556    0.2437500000E+000    0.1750000000E+001
 0.5656566    0.4000000000E+000    0.1725000000E+001
 0.5757576    0.3812500000E+000    0.1543750000E+001
 0.5858586    0.2812500000E+000    0.1731250000E+001
 0.5959596    0.2500000000E+000    0.1562500000E+001
 0.6060606    0.4125000000E+000    0.1943750000E+001
 0.6161616    0.1125000000E+000    0.1687500000E+001
 0.6262626    0.1937500000E+000    0.1743750000E+001
 0.6363636    0.3375000000E+000    0.1418750000E+001
 0.6464646    0.2062500000E+000    0.1768750000E+001
 0.6565657    0.1375000000E+000    0.1525000000E+001
 0.6666667    0.3062500000E+000    0.1706250000E+001
 0.6767677    0.1812500000E+000    0.1581250000E+001
 0.6868687    0.1812500000E+000    0.1650000000E+001
 0.6969697    0.2187500000E+000    0.1468750000E+001
 0.7070707    0.2812500000E+000    0.1637500000E+001
 0.7171717    0.2562500000E+000    0.1643750000E+001
 0.7272727    0.8750000000E-001    0.1500000000E+001
 0.7373737    0.1375000000E+000    0.1587500000E+001
 0.7474747    0.3000000000E+000    0.1850000000E+001
 0.7575758    0.2625000000E+000    0.1693750000E+001
 0.7676768    0.2375000000E+000    0.1631250000E+001
 0.7777778    0.2062500000E+000    0.1618750000E+001
 0.7878788    0.1125000000E+000    0.1643750000E+001
 0.7979798    0.2312500000E+000    0.1581250000E+001
 0.8080808    0.2500000000E+000    0.1593750000E+001
 0.8181818    0.1750000000E+000    0.1756250000E+001
 0.8282828    0.8125000000E-001    0.1531250000E+001
 0.8383838    0.6250000000E-002    0.1462500000E+001
 0.8484848    0.1125000000E+000    0.1443750000E+001
 0.8585859    0.2562500000E+000    0.1600000000E+001
 0.8686869    0.2562500000E+000    0.1781250000E+001
 0.8787879    0.2062500000E+000    0.1650000000E+001
 0.8888889    0.8750000000E-001    0.1562500000E+001
 0.8989899    0.1812500000E+000    0.1587500000E+001
 0.9090909    0.0000000000E+000    0.1393750000E+001
 0.9191919    0.1187500000E+000    0.1581250000E+001
 0.9292929    0.2437500000E+000    0.1587500000E+001
 0.9393939    0.1812500000E+000    0.1606250000E+001
 0.9494949    0.2000000000E+000    0.1643750000E+001
 0.9595960    0.2500000000E-001    0.1550000000E+001
 0.9696970    0.5000000000E-001    0.1550000000E+001
 0.9797980    0.8750000000E-001    0.1637500000E+001
 0.9898990    0.1687500000E+000    0.1662500000E+001
 1.0000000    0.1312500000E+000    0.1587500000E+001


# Weightfunction after cycle       8057
 0.0000000    0.3926562500E+001    0.2073437500E+001
 0.0101010    0.3864062500E+001    0.1993750000E+001
 0.0202020    0.3948437500E+001    0.2056250000E+001
 0.0303030    0.3867187500E+001    0.2028125000E+001
 0.0404040    0.3867187500E+001    0.1893750000E+001
 0.0505051    0.4065625000E+001    0.1996875000E+001
 0.0606061    0.4262500000E+001    0.2103125000E+001
 0.0707071    0.4212500000E+001    0.1923437500E+001
 0.0808081    0.4392187500E+001    0.2045312500E+001
 0.0909091    0.4543750000E+001    0.2067187500E+001
 0.1010101    0.4623437500E+001    0.2040625000E+001
 0.1111111    0.4773437500E+001    0.2157812500E+001
 0.1212121    0.4717187500E+001    0.2010937500E+001
 0.1313131    0.4778125000E+001    0.2057812500E+001
 0.1414141    0.4792187500E+001    0.2093750000E+001
 0.1515152    0.4826562500E+001    0.1987500000E+001
 0.1616162    0.4715625000E+001    0.2014062500E+001
 0.1717172    0.4645312500E+001    0.1957812500E+001
 0.1818182    0.4510937500E+001    0.1950000000E+001
 0.1919192    0.4593750000E+001    0.1957812500E+001
 0.2020202    0.4482812500E+001    0.1942187500E+001
 0.2121212    0.4418750000E+001    0.1935937500E+001
 0.2222222    0.4326562500E+001    0.1929687500E+001
 0.2323232    0.4246875000E+001    0.1946875000E+001
 0.2424242    0.4212500000E+001    0.1895312500E+001
 0.2525253    0.3901562500E+001    0.2032812500E+001
 0.2626263    0.3850000000E+001    0.1967187500E+001
 0.2727273    0.3740625000E+001    0.1903125000E+001
 0.2828283    0.3632812500E+001    0.1946875000E+001
 0.2929293    0.3507812500E+001    0.1929687500E+001
 0.3030303    0.3470312500E+001    0.1868750000E+001
 0.3131313    0.3367187500E+001    0.1881250000E+001
 0.3232323    0.3042187500E+001    0.1878125000E+001
 0.3333333    0.3050000000E+001    0.1887500000E+001
 0.3434343    0.2851562500E+001    0.1893750000E+001
 0.3535354    0.2625000000E+001    0.1825000000E+001
 0.3636364    0.2493750000E+001    0.1825000000E+001
 0.3737374    0.2189062500E+001    0.1925000000E+001
 0.3838384    0.2175000000E+001    0.1865625000E+001
 0.3939394    0.2053125000E+001    0.1742187500E+001
 0.4040404    0.1893750000E+001    0.1851562500E+001
 0.4141414    0.1784375000E+001    0.1854687500E+001
 0.4242424    0.1707812500E+001    0.1787500000E+001
 0.4343434    0.1373437500E+001    0.1864062500E+001
 0.4444444    0.1206250000E+001    0.1835937500E+001
 0.4545455    0.9796875000E+000    0.1737500000E+001
 0.4646465    0.7171875000E+000    0.1846875000E+001
 0.4747475    0.6750000000E+000    0.1775000000E+001
 0.4848485    0.5375000000E+000    0.1750000000E+001
 0.4949495    0.2343750000E+000    0.1682812500E+001
 0.5050505    0.2218750000E+000    0.1800000000E+001
 0.5151515    0.1593750000E+000    0.1673437500E+001
 0.5252525    0.1437500000E+000    0.1750000000E+001
 0.5353535    0.2234375000E+000    0.1717187500E+001
 0.5454545    0.2546875000E+000    0.1701562500E+001
 0.5555556    0.2375000000E+000    0.1679687500E+001
 0.5656566    0.2640625000E+000    0.1717187500E+001
 0.5757576    0.1203125000E+000    0.1681250000E+001
 0.5858586    0.2296875000E+000    0.1715625000E+001
 0.5959596    0.2234375000E+000    0.1670312500E+001
 0.6060606    0.3062500000E+000    0.1689062500E+001
 0.6161616    0.1546875000E+000    0.1746875000E+001
 0.6262626    0.2890625000E+000    0.1757812500E+001
 0.6363636    0.2265625000E+000    0.1781250000E+001
 0.6464646    0.1531250000E+000    0.1671875000E+001
 0.6565657    0.1437500000E+000    0.1767187500E+001
 0.6666667    0.2484375000E+000    0.1726562500E+001
 0.6767677    0.1671875000E+000    0.1731250000E+001
 0.6868687    0.1343750000E+000    0.1760937500E+001
 0.6969697    0.1875000000E+000    0.1645312500E+001
 0.7070707    0.1781250000E+000    0.1676562500E+001
 0.7171717    0.1859375000E+000    0.1754687500E+001
 0.7272727    0.1625000000E+000    0.1714062500E+001
 0.7373737    0.2046875000E+000    0.1735937500E+001
 0.7474747    0.1843750000E+000    0.1695312500E+001
 0.7575758    0.8750000000E-001    0.1678125000E+001
 0.7676768    0.1531250000E+000    0.1728125000E+001
 0.7777778    0.1203125000E+000    0.1654687500E+001
 0.7878788    0.1625000000E+000    0.1707812500E+001
 0.7979798    0.9531250000E-001    0.1678125000E+001
 0.8080808    0.1203125000E+000    0.1662500000E+001
 0.8181818    0.8125000000E-001    0.1675000000E+001
 0.8282828    0.1281250000E+000    0.1735937500E+001
 0.8383838    0.1015625000E+000    0.1693750000E+001
 0.8484848    0.8437500000E-001    0.1656250000E+001
 0.8585859    0.1125000000E+000    0.1687500000E+001
 0.8686869    0.7187500000E-001    0.1706250000E+001
 0.8787879    0.1000000000E+000    0.1664062500E+001
 0.8888889    0.1406250000E+000    0.1732812500E+001
 0.8989899    0.1406250000E+000    0.1712500000E+001
 0.9090909    0.6562500000E-001    0.1707812500E+001
 0.9191919    0.5312500000E-001    0.1687500000E+001
 0.9292929    0.6562500000E-001    0.1732812500E+001
 0.9393939    0.3906250000E-001    0.1740625000E+001
 0.9494949    0.9062500000E-001    0.1737500000E+001
 0.9595960    0.1218750000E+000    0.1770312500E+001
 0.9696970    0.8125000000E-001    0.1735937500E+001
 0.9797980    0.5468750000E-001    0.1714062500E+001
 0.9898990    0.3750000000E-001    0.1715625000E+001
 1.0000000    0.0000000000E+000    0.1698437500E+001


# Weightfunction after cycle      26306
 0.0000000    0.4164843750E+001    0.2385937500E+001
 0.0101010    0.4093750000E+001    0.2359765625E+001
 0.0202020    0.4181250000E+001    0.2385937500E+001
 0.0303030    0.4189843750E+001    0.2374218750E+001
 0.0404040    0.4238671875E+001    0.2345703125E+001
 0.0505051    0.4334765625E+001    0.2387500000E+001
 0.0606061    0.4455468750E+001    0.2404687500E+001
 0.0707071    0.4497656250E+001    0.2352734375E+001
 0.0808081    0.4578125000E+001    0.2343750000E+001
 0.0909091    0.4751562500E+001    0.2380078125E+001
 0.1010101    0.4784375000E+001    0.2382812500E+001
 0.1111111    0.4879296875E+001    0.2370312500E+001
 0.1212121    0.4926171875E+001    0.2366015625E+001
 0.1313131    0.4977734375E+001    0.2352343750E+001
 0.1414141    0.4975781250E+001    0.2333593750E+001
 0.1515152    0.4924609375E+001    0.2360546875E+001
 0.1616162    0.4875781250E+001    0.2359375000E+001
 0.1717172    0.4839062500E+001    0.2362500000E+001
 0.1818182    0.4769140625E+001    0.2394921875E+001
 0.1919192    0.4715234375E+001    0.2335546875E+001
 0.2020202    0.4617187500E+001    0.2329296875E+001
 0.2121212    0.4507421875E+001    0.2322656250E+001
 0.2222222    0.4463281250E+001    0.2351953125E+001
 0.2323232    0.4347265625E+001    0.2286328125E+001
 0.2424242    0.4225781250E+001    0.2326953125E+001
 0.2525253    0.4056250000E+001    0.2341796875E+001
 0.2626263    0.3880859375E+001    0.2305078125E+001
 0.2727273    0.3846093750E+001    0.2323046875E+001
 0.2828283    0.3590234375E+001    0.2308984375E+001
 0.2929293    0.3457031250E+001    0.2284765625E+001
 0.3030303    0.3406250000E+001    0.2342187500E+001
 0.3131313    0.3198437500E+001    0.2306250000E+001
 0.3232323    0.3087890625E+001    0.2284375000E+001
 0.3333333    0.2942968750E+001    0.2259375000E+001
 0.3434343    0.2776171875E+001    0.2329296875E+001
 0.3535354    0.2631250000E+001    0.2257031250E+001
 0.3636364    0.2422656250E+001    0.2308203125E+001
 0.3737374    0.2233203125E+001    0.2332812500E+001
 0.3838384    0.2098437500E+001    0.2278125000E+001
 0.3939394    0.1983593750E+001    0.2242968750E+001
 0.4040404    0.1818750000E+001    0.2253906250E+001
 0.4141414    0.1666796875E+001    0.2273437500E+001
 0.4242424    0.1508203125E+001    0.2231250000E+001
 0.4343434    0.1341796875E+001    0.2311718750E+001
 0.4444444    0.1126562500E+001    0.2246875000E+001
 0.4545455    0.9917968750E+000    0.2226953125E+001
 0.4646465    0.8074218750E+000    0.2250390625E+001
 0.4747475    0.6707031250E+000    0.2220312500E+001
 0.4848485    0.4265625000E+000    0.2194921875E+001
 0.4949495    0.2960937500E+000    0.2214062500E+001
 0.5050505    0.1699218750E+000    0.2228906250E+001
 0.5151515    0.1902343750E+000    0.2239453125E+001
 0.5252525    0.1953125000E+000    0.2166015625E+001
 0.5353535    0.2546875000E+000    0.2258203125E+001
 0.5454545    0.2179687500E+000    0.2236328125E+001
 0.5555556    0.1660156250E+000    0.2220703125E+001
 0.5656566    0.1875000000E+000    0.2237500000E+001
 0.5757576    0.1886718750E+000    0.2234765625E+001
 0.5858586    0.2062500000E+000    0.2229687500E+001
 0.5959596    0.1660156250E+000    0.2210546875E+001
 0.6060606    0.2082031250E+000    0.2194531250E+001
 0.6161616    0.1656250000E+000    0.2249218750E+001
 0.6262626    0.1757812500E+000    0.2267578125E+001
 0.6363636    0.1882812500E+000    0.2218359375E+001
 0.6464646    0.2308593750E+000    0.2212890625E+001
 0.6565657    0.1839843750E+000    0.2211328125E+001
 0.6666667    0.1800781250E+000    0.2237109375E+001
 0.6767677    0.1464843750E+000    0.2234375000E+001
 0.6868687    0.1757812500E+000    0.2278125000E+001
 0.6969697    0.1683593750E+000    0.2226171875E+001
 0.7070707    0.1500000000E+000    0.2239062500E+001
 0.7171717    0.1640625000E+000    0.2264062500E+001
 0.7272727    0.1621093750E+000    0.2238281250E+001
 0.7373737    0.1433593750E+000    0.2218359375E+001
 0.7474747    0.9101562500E-001    0.2211328125E+001
 0.7575758    0.1347656250E+000    0.2199609375E+001
 0.7676768    0.1367187500E+000    0.2222656250E+001
 0.7777778    0.1332031250E+000    0.2205468750E+001
 0.7878788    0.1273437500E+000    0.2236328125E+001
 0.7979798    0.1613281250E+000    0.2260546875E+001
 0.8080808    0.1339843750E+000    0.2240234375E+001
 0.8181818    0.1503906250E+000    0.2260546875E+001
 0.8282828    0.9882812500E-001    0.2227734375E+001
 0.8383838    0.9882812500E-001    0.2234765625E+001
 0.8484848    0.6132812500E-001    0.2226953125E+001
 0.8585859    0.4414062500E-001    0.2182421875E+001
 0.8686869    0.8242187500E-001    0.2212109375E+001
 0.8787879    0.1253906250E+000    0.2263281250E+001
 0.8888889    0.1156250000E+000    0.2235937500E+001
 0.8989899    0.3007812500E-001    0.2181250000E+001
 0.9090909    0.4257812500E-001    0.2199609375E+001
 0.9191919    0.6484375000E-001    0.2238671875E+001
 0.9292929    0.5976562500E-001    0.2249609375E+001
 0.9393939    0.3437500000E-001    0.2232812500E+001
 0.9494949    0.6132812500E-001    0.2247656250E+001
 0.9595960    0.1601562500E-001    0.2215234375E+001
 0.9696970    0.5937500000E-001    0.2262109375E+001
 0.9797980    0.3398437500E-001    0.2237109375E+001
 0.9898990    0.0000000000E+000    0.2206250000E+001
 1.0000000    0.3554687500E-001    0.2251953125E+001


# Weightfunction after cycle      43449
 0.0000000    0.4213183594E+001    0.2467578125E+001
 0.0101010    0.4206347656E+001    0.2479980469E+001
 0.0202020    0.4260351562E+001    0.2489746094E+001
 0.0303030    0.4286035156E+001    0.2488671875E+001
 0.0404040    0.4305273437E+001    0.2437988281E+001
 0.0505051    0.4403125000E+001    0.2455566406E+001
 0.0606061    0.4548046875E+001    0.2505468750E+001
 0.0707071    0.4589550781E+001    0.2446679688E+001
 0.0808081    0.4706640625E+001    0.2438183594E+001
 0.0909091    0.4837207031E+001    0.2473339844E+001
 0.1010101    0.4880175781E+001    0.2456054688E+001
 0.1111111    0.4975683594E+001    0.2453710938E+001
 0.1212121    0.4967968750E+001    0.2454101563E+001
 0.1313131    0.5046191406E+001    0.2459082031E+001
 0.1414141    0.5014355469E+001    0.2412109375E+001
 0.1515152    0.4952343750E+001    0.2433203125E+001
 0.1616162    0.4911718750E+001    0.2436132813E+001
 0.1717172    0.4908691406E+001    0.2442968750E+001
 0.1818182    0.4779296875E+001    0.2439746094E+001
 0.1919192    0.4721679687E+001    0.2446191406E+001
 0.2020202    0.4627246094E+001    0.2427636719E+001
 0.2121212    0.4550585937E+001    0.2416601563E+001
 0.2222222    0.4444433594E+001    0.2440039063E+001
 0.2323232    0.4344238281E+001    0.2403808594E+001
 0.2424242    0.4240820312E+001    0.2432128906E+001
 0.2525253    0.4079003906E+001    0.2424414063E+001
 0.2626263    0.3934375000E+001    0.2396777344E+001
 0.2727273    0.3834179688E+001    0.2393652344E+001
 0.2828283    0.3647851563E+001    0.2395703125E+001
 0.2929293    0.3508105469E+001    0.2379003906E+001
 0.3030303    0.3374023438E+001    0.2401757813E+001
 0.3131313    0.3211816406E+001    0.2378710938E+001
 0.3232323    0.3075781250E+001    0.2372167969E+001
 0.3333333    0.2951464844E+001    0.2357031250E+001
 0.3434343    0.2777539063E+001    0.2402343750E+001
 0.3535354    0.2620996094E+001    0.2341894531E+001
 0.3636364    0.2456347656E+001    0.2392968750E+001
 0.3737374    0.2262207031E+001    0.2403222656E+001
 0.3838384    0.2133593750E+001    0.2344824219E+001
 0.3939394    0.1991406250E+001    0.2340722656E+001
 0.4040404    0.1813281250E+001    0.2340917969E+001
 0.4141414    0.1648242188E+001    0.2355078125E+001
 0.4242424    0.1453222656E+001    0.2327441406E+001
 0.4343434    0.1312792969E+001    0.2371679688E+001
 0.4444444    0.1131347656E+001    0.2315332031E+001
 0.4545455    0.9525390625E+000    0.2314746094E+001
 0.4646465    0.7942382812E+000    0.2297656250E+001
 0.4747475    0.6396484375E+000    0.2303027344E+001
 0.4848485    0.4413085937E+000    0.2280175781E+001
 0.4949495    0.2964843750E+000    0.2287792969E+001
 0.5050505    0.2102539062E+000    0.2302832031E+001
 0.5151515    0.1883789062E+000    0.2292675781E+001
 0.5252525    0.1741210937E+000    0.2266894531E+001
 0.5353535    0.2278320312E+000    0.2303027344E+001
 0.5454545    0.2046875000E+000    0.2294921875E+001
 0.5555556    0.1941406250E+000    0.2304003906E+001
 0.5656566    0.1934570312E+000    0.2324609375E+001
 0.5757576    0.1759765625E+000    0.2299902344E+001
 0.5858586    0.2028320312E+000    0.2289648438E+001
 0.5959596    0.1649414062E+000    0.2296093750E+001
 0.6060606    0.1997070312E+000    0.2285644531E+001
 0.6161616    0.1833984375E+000    0.2294238281E+001
 0.6262626    0.1925781250E+000    0.2328417969E+001
 0.6363636    0.1857421875E+000    0.2310839844E+001
 0.6464646    0.1841796875E+000    0.2281347656E+001
 0.6565657    0.1644531250E+000    0.2292675781E+001
 0.6666667    0.1633789062E+000    0.2297558594E+001
 0.6767677    0.1725585937E+000    0.2294824219E+001
 0.6868687    0.1615234375E+000    0.2327441406E+001
 0.6969697    0.1634765625E+000    0.2304492188E+001
 0.7070707    0.1428710937E+000    0.2292187500E+001
 0.7171717    0.1570312500E+000    0.2318359375E+001
 0.7272727    0.1463867187E+000    0.2294335938E+001
 0.7373737    0.1326171875E+000    0.2288867188E+001
 0.7474747    0.1115234375E+000    0.2292382813E+001
 0.7575758    0.1527343750E+000    0.2305664063E+001
 0.7676768    0.1322265625E+000    0.2284765625E+001
 0.7777778    0.1326171875E+000    0.2291113281E+001
 0.7878788    0.1252929687E+000    0.2294238281E+001
 0.7979798    0.1316406250E+000    0.2304492188E+001
 0.8080808    0.1230468750E+000    0.2298437500E+001
 0.8181818    0.1128906250E+000    0.2293066406E+001
 0.8282828    0.9785156250E-001    0.2275195313E+001
 0.8383838    0.1043945312E+000    0.2298828125E+001
 0.8484848    0.8662109375E-001    0.2297656250E+001
 0.8585859    0.7187500000E-001    0.2274609375E+001
 0.8686869    0.8457031250E-001    0.2295800781E+001
 0.8787879    0.9228515625E-001    0.2306054688E+001
 0.8888889    0.9521484375E-001    0.2299707031E+001
 0.8989899    0.5205078125E-001    0.2274609375E+001
 0.9090909    0.6591796875E-001    0.2298828125E+001
 0.9191919    0.4863281250E-001    0.2301171875E+001
 0.9292929    0.5009765625E-001    0.2294238281E+001
 0.9393939    0.3769531250E-001    0.2298730469E+001
 0.9494949    0.1855468750E-002    0.2264941406E+001
 0.9595960    0.1005859375E-001    0.2276757813E+001
 0.9696970    0.4775390625E-001    0.2322851563E+001
 0.9797980    0.3691406250E-001    0.2315527344E+001
 0.9898990    0.2148437500E-001    0.2290820313E+001
 1.0000000    0.0000000000E+000    0.2304296875E+001


# Weightfunction after cycle      60666
 0.0000000    0.4224584961E+001    0.2486206055E+001
 0.0101010    0.4226196289E+001    0.2498291016E+001
 0.0202020    0.4280541992E+001    0.2513110352E+001
 0.0303030    0.4299633789E+001    0.2504467773E+001
 0.0404040    0.4320336914E+001    0.2463354492E+001
 0.0505051    0.4418603516E+001    0.2476025391E+001
 0.0606061    0.4557690430E+001    0.2519873047E+001
 0.0707071    0.4623217773E+001    0.2475219727E+001
 0.0808081    0.4729980469E+001    0.2468408203E+001
 0.0909091    0.4860742188E+001    0.2495019531E+001
 0.1010101    0.4914331055E+001    0.2478393555E+001
 0.1111111    0.4996289063E+001    0.2467919922E+001
 0.1212121    0.5005859375E+001    0.2479370117E+001
 0.1313131    0.5072265625E+001    0.2478906250E+001
 0.1414141    0.5041381836E+001    0.2442138672E+001
 0.1515152    0.4980688477E+001    0.2458691406E+001
 0.1616162    0.4946777344E+001    0.2458544922E+001
 0.1717172    0.4928393555E+001    0.2469018555E+001
 0.1818182    0.4811547852E+001    0.2463964844E+001
 0.1919192    0.4752807617E+001    0.2470092773E+001
 0.2020202    0.4665039063E+001    0.2448535156E+001
 0.2121212    0.4586181641E+001    0.2439648438E+001
 0.2222222    0.4473779297E+001    0.2458325195E+001
 0.2323232    0.4363061523E+001    0.2427685547E+001
 0.2424242    0.4253515625E+001    0.2454907227E+001
 0.2525253    0.4105200195E+001    0.2447436523E+001
 0.2626263    0.3952148437E+001    0.2420141602E+001
 0.2727273    0.3853369141E+001    0.2423901367E+001
 0.2828283    0.3669140625E+001    0.2416845703E+001
 0.2929293    0.3536547852E+001    0.2410766602E+001
 0.3030303    0.3401049805E+001    0.2420166016E+001
 0.3131313    0.3235986328E+001    0.2404443359E+001
 0.3232323    0.3096655273E+001    0.2397900391E+001
 0.3333333    0.2965258789E+001    0.2382617188E+001
 0.3434343    0.2796948242E+001    0.2424145508E+001
 0.3535354    0.2638061523E+001    0.2372924805E+001
 0.3636364    0.2471386719E+001    0.2410009766E+001
 0.3737374    0.2287304688E+001    0.2420141602E+001
 0.3838384    0.2149169922E+001    0.2370239258E+001
 0.3939394    0.1999682617E+001    0.2375122070E+001
 0.4040404    0.1833984375E+001    0.2362744141E+001
 0.4141414    0.1661303711E+001    0.2381445313E+001
 0.4242424    0.1469287109E+001    0.2352978516E+001
 0.4343434    0.1329931641E+001    0.2390673828E+001
 0.4444444    0.1146484375E+001    0.2351074219E+001
 0.4545455    0.9662841797E+000    0.2342529297E+001
 0.4646465    0.8029785156E+000    0.2325219727E+001
 0.4747475    0.6483398438E+000    0.2332495117E+001
 0.4848485    0.4445068359E+000    0.2313354492E+001
 0.4949495    0.3019775391E+000    0.2319873047E+001
 0.5050505    0.2137451172E+000    0.2327709961E+001
 0.5151515    0.1940185547E+000    0.2321923828E+001
 0.5252525    0.1835205078E+000    0.2298925781E+001
 0.5353535    0.2258300781E+000    0.2323242188E+001
 0.5454545    0.2105468750E+000    0.2323559570E+001
 0.5555556    0.1971679687E+000    0.2331616211E+001
 0.5656566    0.1990966797E+000    0.2349072266E+001
 0.5757576    0.1946289062E+000    0.2323925781E+001
 0.5858586    0.2055908203E+000    0.2318432617E+001
 0.5959596    0.1748779297E+000    0.2321386719E+001
 0.6060606    0.2012939453E+000    0.2316503906E+001
 0.6161616    0.1860107422E+000    0.2323803711E+001
 0.6262626    0.1912841797E+000    0.2348217773E+001
 0.6363636    0.1852294922E+000    0.2334350586E+001
 0.6464646    0.1875488281E+000    0.2311669922E+001
 0.6565657    0.1717529297E+000    0.2316088867E+001
 0.6666667    0.1705566406E+000    0.2318701172E+001
 0.6767677    0.1823242187E+000    0.2325585938E+001
 0.6868687    0.1682128906E+000    0.2351562500E+001
 0.6969697    0.1690673828E+000    0.2325732422E+001
 0.7070707    0.1469238281E+000    0.2316723633E+001
 0.7171717    0.1580566406E+000    0.2339184570E+001
 0.7272727    0.1512451172E+000    0.2315942383E+001
 0.7373737    0.1409912109E+000    0.2317163086E+001
 0.7474747    0.1206054687E+000    0.2313867188E+001
 0.7575758    0.1526855469E+000    0.2326782227E+001
 0.7676768    0.1342285156E+000    0.2309887695E+001
 0.7777778    0.1312011719E+000    0.2316210938E+001
 0.7878788    0.1312011719E+000    0.2319091797E+001
 0.7979798    0.1289062500E+000    0.2323681641E+001
 0.8080808    0.1239746094E+000    0.2322875977E+001
 0.8181818    0.1129638672E+000    0.2315014648E+001
 0.8282828    0.9372558594E-001    0.2297216797E+001
 0.8383838    0.1025146484E+000    0.2323486328E+001
 0.8484848    0.8420410156E-001    0.2314208984E+001
 0.8585859    0.7839355469E-001    0.2302880859E+001
 0.8686869    0.8911132812E-001    0.2321069336E+001
 0.8787879    0.8461914062E-001    0.2322705078E+001
 0.8888889    0.9184570312E-001    0.2324047852E+001
 0.8989899    0.5209960938E-001    0.2298559570E+001
 0.9090909    0.6572265625E-001    0.2323632813E+001
 0.9191919    0.4848632812E-001    0.2319213867E+001
 0.9292929    0.5983886719E-001    0.2321069336E+001
 0.9393939    0.4108886719E-001    0.2324438477E+001
 0.9494949    0.1044921875E-001    0.2298803711E+001
 0.9595960    0.1599121094E-001    0.2305297852E+001
 0.9696970    0.3852539062E-001    0.2336181641E+001
 0.9797980    0.3889160156E-001    0.2337524414E+001
 0.9898990    0.1804199219E-001    0.2312280273E+001
 1.0000000    0.0000000000E+000    0.2323852539E+001


# Weightfunction after cycle      70961
 0.0000000    0.4227197266E+001    0.2489794922E+001
 0.0101010    0.4226715088E+001    0.2498809814E+001
 0.0202020    0.4281628418E+001    0.2514837646E+001
 0.0303030    0.4300848389E+001    0.2505676270E+001
 0.0404040    0.4322680664E+001    0.2466302490E+001
 0.0505051    0.4420965576E+001    0.2478570557E+001
 0.0606061    0.4558056641E+001    0.2519488525E+001
 0.0707071    0.4623553467E+001    0.2477178955E+001
 0.0808081    0.4731170654E+001    0.2470269775E+001
 0.0909091    0.4861291504E+001    0.2495440674E+001
 0.1010101    0.4916595459E+001    0.2479016113E+001
 0.1111111    0.4999993896E+001    0.2470214844E+001
 0.1212121    0.5008483887E+001    0.2481115723E+001
 0.1313131    0.5073492432E+001    0.2480865479E+001
 0.1414141    0.5044604492E+001    0.2445660400E+001
 0.1515152    0.4983593750E+001    0.2461071777E+001
 0.1616162    0.4951336670E+001    0.2460198975E+001
 0.1717172    0.4930505371E+001    0.2471325684E+001
 0.1818182    0.4814587402E+001    0.2466033936E+001
 0.1919192    0.4755517578E+001    0.2469836426E+001
 0.2020202    0.4666278076E+001    0.2451153564E+001
 0.2121212    0.4589788818E+001    0.2441247559E+001
 0.2222222    0.4474438477E+001    0.2459613037E+001
 0.2323232    0.4365795898E+001    0.2429602051E+001
 0.2424242    0.4254675293E+001    0.2455584717E+001
 0.2525253    0.4107836914E+001    0.2447491455E+001
 0.2626263    0.3954302979E+001    0.2421929932E+001
 0.2727273    0.3854046631E+001    0.2427313232E+001
 0.2828283    0.3672656250E+001    0.2419879150E+001
 0.2929293    0.3541162109E+001    0.2414141846E+001
 0.3030303    0.3403747559E+001    0.2422412109E+001
 0.3131313    0.3238751221E+001    0.2406768799E+001
 0.3232323    0.3099145508E+001    0.2399304199E+001
 0.3333333    0.2967895508E+001    0.2385211182E+001
 0.3434343    0.2799676514E+001    0.2423767090E+001
 0.3535354    0.2640789795E+001    0.2374816895E+001
 0.3636364    0.2473773193E+001    0.2410357666E+001
 0.3737374    0.2291284180E+001    0.2421435547E+001
 0.3838384    0.2151586914E+001    0.2370349121E+001
 0.3939394    0.2000030518E+001    0.2377716064E+001
 0.4040404    0.1834930420E+001    0.2364886475E+001
 0.4141414    0.1663281250E+001    0.2383233643E+001
 0.4242424    0.1471966553E+001    0.2355450439E+001
 0.4343434    0.1329522705E+001    0.2392071533E+001
 0.4444444    0.1149182129E+001    0.2353094482E+001
 0.4545455    0.9693542480E+000    0.2345501709E+001
 0.4646465    0.8049011230E+000    0.2327099609E+001
 0.4747475    0.6486267090E+000    0.2334002686E+001
 0.4848485    0.4475097656E+000    0.2316284180E+001
 0.4949495    0.3029113770E+000    0.2321783447E+001
 0.5050505    0.2133239746E+000    0.2328930664E+001
 0.5151515    0.1956298828E+000    0.2321917725E+001
 0.5252525    0.1863281250E+000    0.2300689697E+001
 0.5353535    0.2254455566E+000    0.2325030518E+001
 0.5454545    0.2122375488E+000    0.2325054932E+001
 0.5555556    0.1971435547E+000    0.2332092285E+001
 0.5656566    0.2004699707E+000    0.2349572754E+001
 0.5757576    0.1968322754E+000    0.2325042725E+001
 0.5858586    0.2059509277E+000    0.2319677734E+001
 0.5959596    0.1757263184E+000    0.2321875000E+001
 0.6060606    0.2035583496E+000    0.2319274902E+001
 0.6161616    0.1853637695E+000    0.2325000000E+001
 0.6262626    0.1914245605E+000    0.2347833252E+001
 0.6363636    0.1864257812E+000    0.2335668945E+001
 0.6464646    0.1881347656E+000    0.2314782715E+001
 0.6565657    0.1740905762E+000    0.2317980957E+001
 0.6666667    0.1715576172E+000    0.2319006348E+001
 0.6767677    0.1836181641E+000    0.2327111816E+001
 0.6868687    0.1691650391E+000    0.2352990723E+001
 0.6969697    0.1692077637E+000    0.2327380371E+001
 0.7070707    0.1480224609E+000    0.2318878174E+001
 0.7171717    0.1582458496E+000    0.2340496826E+001
 0.7272727    0.1518066406E+000    0.2317974854E+001
 0.7373737    0.1417175293E+000    0.2319970703E+001
 0.7474747    0.1231262207E+000    0.2316400146E+001
 0.7575758    0.1533508301E+000    0.2328900146E+001
 0.7676768    0.1349365234E+000    0.2312139893E+001
 0.7777778    0.1322937012E+000    0.2319042969E+001
 0.7878788    0.1307861328E+000    0.2320220947E+001
 0.7979798    0.1289733887E+000    0.2325256348E+001
 0.8080808    0.1220703125E+000    0.2322863770E+001
 0.8181818    0.1132629395E+000    0.2316735840E+001
 0.8282828    0.9447021484E-001    0.2299877930E+001
 0.8383838    0.1038452148E+000    0.2325939941E+001
 0.8484848    0.8417358398E-001    0.2315820313E+001
 0.8585859    0.7875976563E-001    0.2304522705E+001
 0.8686869    0.9006347656E-001    0.2323718262E+001
 0.8787879    0.8441772461E-001    0.2324493408E+001
 0.8888889    0.9225463867E-001    0.2326092529E+001
 0.8989899    0.5190429688E-001    0.2300482178E+001
 0.9090909    0.6513671875E-001    0.2324542236E+001
 0.9191919    0.4949951172E-001    0.2322326660E+001
 0.9292929    0.5895996094E-001    0.2321978760E+001
 0.9393939    0.4216918945E-001    0.2326605225E+001
 0.9494949    0.1204833984E-001    0.2301519775E+001
 0.9595960    0.1688232422E-001    0.2308593750E+001
 0.9696970    0.3643188477E-001    0.2336437988E+001
 0.9797980    0.3646240234E-001    0.2337030029E+001
 0.9898990    0.1725463867E-001    0.2314245605E+001
 1.0000000    0.0000000000E+000    0.2325170898E+001


