# Lambda, (Probability, Probability_biased(/observed)) per Fractional
 0.0000000   0.1516891849E-001   0.5996717102E+000   0.9194234286E+000   0.1047754594E+001
 0.0101010   0.1512254350E-001   0.6006473170E+000   0.9360082382E+000   0.1064988930E+001
 0.0202020   0.1497414108E-001   0.5800684671E+000   0.9667924602E+000   0.1072017864E+001
 0.0303030   0.1392765640E-001   0.6028300949E+000   0.9307167172E+000   0.1066857012E+001
 0.0404040   0.1272315179E-001   0.6095644390E+000   0.9243929953E+000   0.1099668397E+001
 0.0505051   0.1154112401E-001   0.6108475328E+000   0.9429592388E+000   0.1106522880E+001
 0.0606061   0.1048970330E-001   0.6083382873E+000   0.9462913395E+000   0.1049695364E+001
 0.0707071   0.8856026307E-002   0.6207250770E+000   0.9399129163E+000   0.1079504733E+001
 0.0808081   0.7698797807E-002   0.5852881532E+000   0.9356313809E+000   0.9973308949E+000
 0.0909091   0.6709796549E-002   0.5980014106E+000   0.9342552331E+000   0.1053075359E+001
 0.1010101   0.5902103767E-002   0.5925729370E+000   0.9440661911E+000   0.1023367754E+001
 0.1111111   0.5539544342E-002   0.6248324955E+000   0.9317603609E+000   0.1055197850E+001
 0.1212121   0.5123733349E-002   0.6382138727E+000   0.9427685812E+000   0.1048241603E+001
 0.1313131   0.5033947797E-002   0.6299762590E+000   0.9467670490E+000   0.1065512284E+001
 0.1414141   0.4976961818E-002   0.6829930857E+000   0.9568221405E+000   0.1032344727E+001
 0.1515152   0.5118436502E-002   0.6869410665E+000   0.9455705595E+000   0.1047667368E+001
 0.1616162   0.5422478821E-002   0.7294539867E+000   0.9456475494E+000   0.1039598995E+001
 0.1717172   0.5742339920E-002   0.7256806281E+000   0.9432636607E+000   0.1008219564E+001
 0.1818182   0.6232951961E-002   0.7399578933E+000   0.9458840014E+000   0.1024937815E+001
 0.1919192   0.6849237102E-002   0.7914980234E+000   0.9456716853E+000   0.1080195269E+001
 0.2020202   0.7600521200E-002   0.7393277348E+000   0.9572718253E+000   0.1073973172E+001
 0.2121212   0.8489666329E-002   0.8332706971E+000   0.9585610810E+000   0.1073740571E+001
 0.2222222   0.9627036483E-002   0.8082199997E+000   0.9647932968E+000   0.1027612736E+001
 0.2323232   0.1113240540E-001   0.8371161822E+000   0.9620375790E+000   0.1034329111E+001
 0.2424242   0.1296964396E-001   0.9280677899E+000   0.9672577899E+000   0.1073791452E+001
 0.2525253   0.1481044191E-001   0.8990805001E+000   0.9627408652E+000   0.1023825688E+001
 0.2626263   0.1737609944E-001   0.8370516479E+000   0.9641686359E+000   0.1025744653E+001
 0.2727273   0.2027481571E-001   0.9851199085E+000   0.9655582361E+000   0.1049121129E+001
 0.2828283   0.2403771200E-001   0.9562389105E+000   0.9704254086E+000   0.1060605840E+001
 0.2929293   0.2850206279E-001   0.1050675370E+001   0.9867166022E+000   0.1054252905E+001
 0.3030303   0.3362392704E-001   0.1008086528E+001   0.9834836579E+000   0.1037745449E+001
 0.3131313   0.4046511757E-001   0.1022010752E+001   0.9893809774E+000   0.1051745167E+001
 0.3232323   0.4841634190E-001   0.9906660623E+000   0.9773088109E+000   0.1053213466E+001
 0.3333333   0.5768442405E-001   0.1041207809E+001   0.9733025764E+000   0.1015037703E+001
 0.3434343   0.7083155728E-001   0.1060754110E+001   0.9904272011E+000   0.9840580574E+000
 0.3535354   0.8628937945E-001   0.1091586321E+001   0.9953421269E+000   0.1049848009E+001
 0.3636364   0.1040029614E+000   0.1105742110E+001   0.9894812436E+000   0.1011555946E+001
 0.3737374   0.1239483168E+000   0.1103213884E+001   0.9922922866E+000   0.1021986681E+001
 0.3838384   0.1519736009E+000   0.1133723424E+001   0.9814909447E+000   0.9916975712E+000
 0.3939394   0.1868801223E+000   0.1104569104E+001   0.9902115843E+000   0.1020242167E+001
 0.4040404   0.2286255982E+000   0.1164901084E+001   0.1006100207E+001   0.1012995169E+001
 0.4141414   0.2828273686E+000   0.1099311457E+001   0.1012407076E+001   0.9741870205E+000
 0.4242424   0.3462590749E+000   0.1105347312E+001   0.1019555492E+001   0.9745722672E+000
 0.4343434   0.4274229353E+000   0.1179444079E+001   0.1013074419E+001   0.9828587046E+000
 0.4444444   0.5228738476E+000   0.1159802874E+001   0.1022954052E+001   0.9982758395E+000
 0.4545455   0.6526226731E+000   0.1136236466E+001   0.1027830014E+001   0.1064392888E+001
 0.4646465   0.8114826862E+000   0.1143240336E+001   0.1033352923E+001   0.9789262812E+000
 0.4747475   0.1004774472E+001   0.1152187827E+001   0.1028075860E+001   0.9792679151E+000
 0.4848485   0.1236402734E+001   0.1097303301E+001   0.1027810091E+001   0.9979342057E+000
 0.4949495   0.1541872766E+001   0.1123424509E+001   0.1032776233E+001   0.1026936737E+001
 0.5050505   0.1715913707E+001   0.1115460217E+001   0.1025089858E+001   0.9726169587E+000
 0.5151515   0.1740081036E+001   0.1106694940E+001   0.1025207996E+001   0.9700728770E+000
 0.5252525   0.1734827017E+001   0.1143726241E+001   0.1022660950E+001   0.9258785441E+000
 0.5353535   0.1726146487E+001   0.1105578876E+001   0.1021514899E+001   0.9368399017E+000
 0.5454545   0.1730280805E+001   0.1186633959E+001   0.1026020408E+001   0.9531801748E+000
 0.5555556   0.1727236760E+001   0.1139167082E+001   0.1030646508E+001   0.1006962061E+001
 0.5656566   0.1694206867E+001   0.1123071468E+001   0.1032047354E+001   0.9296437850E+000
 0.5757576   0.1718690413E+001   0.1100803338E+001   0.1030792046E+001   0.9464565304E+000
 0.5858586   0.1722984983E+001   0.1095393845E+001   0.1016407643E+001   0.9795659361E+000
 0.5959596   0.1708838790E+001   0.1068304623E+001   0.1031049393E+001   0.1018832019E+001
 0.6060606   0.1712701129E+001   0.1094399258E+001   0.1030012735E+001   0.9674124945E+000
 0.6161616   0.1725679849E+001   0.1133260296E+001   0.1033809900E+001   0.9440505560E+000
 0.6262626   0.1752513721E+001   0.1136585710E+001   0.1024834286E+001   0.9826842533E+000
 0.6363636   0.1742001847E+001   0.1136851440E+001   0.1021374842E+001   0.9363456229E+000
 0.6464646   0.1760588543E+001   0.1155733417E+001   0.1011615490E+001   0.9583337573E+000
 0.6565657   0.1757050603E+001   0.1080148566E+001   0.1029014421E+001   0.9687426858E+000
 0.6666667   0.1787901618E+001   0.1112070268E+001   0.1028662406E+001   0.9646358111E+000
 0.6767677   0.1782089095E+001   0.1109754625E+001   0.1037184020E+001   0.9467618202E+000
 0.6868687   0.1769239283E+001   0.1111261691E+001   0.1042914531E+001   0.9872127187E+000
 0.6969697   0.1783147260E+001   0.1091491418E+001   0.1009656923E+001   0.9350517757E+000
 0.7070707   0.1774931198E+001   0.1079693029E+001   0.1021697790E+001   0.9117334500E+000
 0.7171717   0.1773179770E+001   0.1115042642E+001   0.1011716097E+001   0.9413610982E+000
 0.7272727   0.1784837537E+001   0.1132945216E+001   0.1036506500E+001   0.9819137600E+000
 0.7373737   0.1807588617E+001   0.1138013057E+001   0.1025204171E+001   0.9640252315E+000
 0.7474747   0.1790414307E+001   0.1088686074E+001   0.1019193459E+001   0.9285243890E+000
 0.7575758   0.1824001062E+001   0.1102629279E+001   0.1034336524E+001   0.9390132743E+000
 0.7676768   0.1827820755E+001   0.1135568346E+001   0.1027464156E+001   0.9459840581E+000
 0.7777778   0.1824964317E+001   0.1152548460E+001   0.1036973683E+001   0.9720499919E+000
 0.7878788   0.1823861216E+001   0.1116413047E+001   0.1025930800E+001   0.9647084991E+000
 0.7979798   0.1832149047E+001   0.1105825625E+001   0.1032146363E+001   0.9406923682E+000
 0.8080808   0.1857697312E+001   0.1137568909E+001   0.1031867681E+001   0.9422769676E+000
 0.8181818   0.1854355867E+001   0.1111386964E+001   0.1026422461E+001   0.9502072336E+000
 0.8282828   0.1877225019E+001   0.1175408787E+001   0.1033274574E+001   0.1006773072E+001
 0.8383838   0.1884507956E+001   0.1145453483E+001   0.1037005184E+001   0.9870019233E+000
 0.8484848   0.1880825174E+001   0.1089585758E+001   0.1030804941E+001   0.9321587914E+000
 0.8585859   0.1919863492E+001   0.1165576796E+001   0.1043556322E+001   0.1002200994E+001
 0.8686869   0.1888984928E+001   0.1121139235E+001   0.1019489148E+001   0.9783229704E+000
 0.8787879   0.1940355672E+001   0.1156587548E+001   0.1046179085E+001   0.9856717321E+000
 0.8888889   0.1925297973E+001   0.1120152240E+001   0.1033632310E+001   0.9670272478E+000
 0.8989899   0.1905025244E+001   0.1193747917E+001   0.1017572506E+001   0.1015779121E+001
 0.9090909   0.1972600478E+001   0.1138741915E+001   0.1038389263E+001   0.9642941773E+000
 0.9191919   0.1960739350E+001   0.1111303449E+001   0.1034934767E+001   0.9618373212E+000
 0.9292929   0.1943963185E+001   0.1066645712E+001   0.1018533075E+001   0.9370288906E+000
 0.9393939   0.1958013034E+001   0.1174888716E+001   0.1024476326E+001   0.9978106360E+000
 0.9494949   0.1971567453E+001   0.1120938040E+001   0.1020926991E+001   0.9701819091E+000
 0.9595960   0.2011159064E+001   0.1132778186E+001   0.1034629370E+001   0.9843560784E+000
 0.9696970   0.2046572461E+001   0.1157688427E+001   0.1050813983E+001   0.9881067816E+000
 0.9797980   0.1992264210E+001   0.1104307171E+001   0.1021836951E+001   0.9334817139E+000
 0.9898990   0.2034990795E+001   0.1139504938E+001   0.1033504299E+001   0.9798348818E+000
 1.0000000   0.2030869792E+001   0.1167808924E+001   0.1029669789E+001   0.1007187394E+001


 0.0000000   0.1535146835E-001   0.6069298690E+000   0.9240684934E+000   0.1053315465E+001
 0.0101010   0.1542734616E-001   0.6127955025E+000   0.9420978283E+000   0.1072189909E+001
 0.0202020   0.1499236708E-001   0.5808141522E+000   0.9463517974E+000   0.1049618966E+001
 0.0303030   0.1397414791E-001   0.6048836734E+000   0.9217966155E+000   0.1056900495E+001
 0.0404040   0.1293090515E-001   0.6195601641E+000   0.9225965684E+000   0.1097810104E+001
 0.0505051   0.1162214207E-001   0.6151776407E+000   0.9318135987E+000   0.1093721660E+001
 0.0606061   0.1058137270E-001   0.6136964394E+000   0.9423622553E+000   0.1045602438E+001
 0.0707071   0.9011011199E-002   0.6316311913E+000   0.9296635624E+000   0.1068004378E+001
 0.0808081   0.7714367060E-002   0.5865118145E+000   0.9221140900E+000   0.9831718644E+000
 0.0909091   0.6868490813E-002   0.6121866066E+000   0.9333634817E+000   0.1052337403E+001
 0.1010101   0.5996896288E-002   0.6021312349E+000   0.9276311199E+000   0.1005807532E+001
 0.1111111   0.5594817430E-002   0.6311100985E+000   0.9312746022E+000   0.1054915604E+001
 0.1212121   0.5152226636E-002   0.6418068152E+000   0.9355456536E+000   0.1040474803E+001
 0.1313131   0.5094807970E-002   0.6376361646E+000   0.9459901786E+000   0.1064908379E+001
 0.1414141   0.5084793774E-002   0.6978385990E+000   0.9442343812E+000   0.1019022159E+001
 0.1515152   0.5166414186E-002   0.6934274441E+000   0.9443789590E+000   0.1046612863E+001
 0.1616162   0.5426801063E-002   0.7300852676E+000   0.9484700122E+000   0.1042966704E+001
 0.1717172   0.5771271927E-002   0.7293866597E+000   0.9421268574E+000   0.1007260242E+001
 0.1818182   0.6267876019E-002   0.7441547712E+000   0.9456599140E+000   0.1024955257E+001
 0.1919192   0.6901538013E-002   0.7975963615E+000   0.9463968139E+000   0.1081298113E+001
 0.2020202   0.7640969436E-002   0.7433130060E+000   0.9606818549E+000   0.1078072665E+001
 0.2121212   0.8494458719E-002   0.8337979903E+000   0.9502102671E+000   0.1064656672E+001
 0.2222222   0.9604992662E-002   0.8064243976E+000   0.9578755001E+000   0.1020503636E+001
 0.2323232   0.1106351011E-001   0.8319922990E+000   0.9542704990E+000   0.1026238964E+001
 0.2424242   0.1293678149E-001   0.9257794459E+000   0.9535398222E+000   0.1058831449E+001
 0.2525253   0.1474439755E-001   0.8951323220E+000   0.9585316259E+000   0.1019608277E+001
 0.2626263   0.1734358966E-001   0.8355426011E+000   0.9592419637E+000   0.1020762535E+001
 0.2727273   0.2025652437E-001   0.9842983500E+000   0.9711111576E+000   0.1055422614E+001
 0.2828283   0.2345957296E-001   0.9333037958E+000   0.9697137016E+000   0.1060097176E+001
 0.2929293   0.2815658920E-001   0.1038010985E+001   0.9707341312E+000   0.1037439934E+001
 0.3030303   0.3358855337E-001   0.1007094725E+001   0.9787641566E+000   0.1033027866E+001
 0.3131313   0.4000716153E-001   0.1010513323E+001   0.9868731217E+000   0.1049345684E+001
 0.3232323   0.4843299529E-001   0.9910744642E+000   0.9778157686E+000   0.1054027437E+001
 0.3333333   0.5766993220E-001   0.1041017289E+001   0.9885193718E+000   0.1031168829E+001
 0.3434343   0.7073176018E-001   0.1059331885E+001   0.9875364318E+000   0.9814350848E+000
 0.3535354   0.8535875603E-001   0.1079887371E+001   0.9862357504E+000   0.1040507166E+001
 0.3636364   0.1027529910E+000   0.1092527210E+001   0.9893402725E+000   0.1011668714E+001
 0.3737374   0.1238333360E+000   0.1102265726E+001   0.9876652642E+000   0.1017479554E+001
 0.3838384   0.1511471562E+000   0.1127635116E+001   0.9806759920E+000   0.9911258115E+000
 0.3939394   0.1878743107E+000   0.1110521133E+001   0.1000171716E+001   0.1030766097E+001
 0.4040404   0.2283321926E+000   0.1163485532E+001   0.9984114891E+000   0.1005509079E+001
 0.4141414   0.2807047790E+000   0.1091135720E+001   0.1013056692E+001   0.9750597013E+000
 0.4242424   0.3443027789E+000   0.1099177345E+001   0.1016079422E+001   0.9714962468E+000
 0.4343434   0.4204910554E+000   0.1160395243E+001   0.1007248264E+001   0.9774545154E+000
 0.4444444   0.5226224723E+000   0.1159324426E+001   0.1013976914E+001   0.9897665926E+000
 0.4545455   0.6484230132E+000   0.1129001792E+001   0.1016086829E+001   0.1052499215E+001
 0.4646465   0.8044345864E+000   0.1133388133E+001   0.1030869454E+001   0.9768216517E+000
 0.4747475   0.9938318658E+000   0.1139717596E+001   0.1017019782E+001   0.9689827707E+000
 0.4848485   0.1237556665E+001   0.1098402387E+001   0.1030454035E+001   0.1000755409E+001
 0.4949495   0.1538935607E+001   0.1121361007E+001   0.1029411838E+001   0.1023851341E+001
 0.5050505   0.1722086837E+001   0.1119549590E+001   0.1038561604E+001   0.9856493822E+000
 0.5151515   0.1727071632E+001   0.1098495916E+001   0.1018545376E+001   0.9640133517E+000
 0.5252525   0.1733787609E+001   0.1143119014E+001   0.1028378440E+001   0.9312914175E+000
 0.5353535   0.1711737493E+001   0.1096424907E+001   0.1031360671E+001   0.9461097791E+000
 0.5454545   0.1708759744E+001   0.1171954721E+001   0.1037762343E+001   0.9643333794E+000
 0.5555556   0.1714887439E+001   0.1131099524E+001   0.1037699290E+001   0.1014110273E+001
 0.5656566   0.1708585132E+001   0.1132679981E+001   0.1032376778E+001   0.9301767143E+000
 0.5757576   0.1706483821E+001   0.1093059755E+001   0.1033852649E+001   0.9495078262E+000
 0.5858586   0.1714377780E+001   0.1089996188E+001   0.1027991950E+001   0.9909819788E+000
 0.5959596   0.1719075496E+001   0.1074777608E+001   0.1045899448E+001   0.1033768605E+001
 0.6060606   0.1715401622E+001   0.1096199673E+001   0.1030408361E+001   0.9680298792E+000
 0.6161616   0.1719359751E+001   0.1129186942E+001   0.1028790565E+001   0.9397056292E+000
 0.6262626   0.1754047418E+001   0.1137658039E+001   0.1025243667E+001   0.9833264845E+000
 0.6363636   0.1731417454E+001   0.1130021072E+001   0.1022622944E+001   0.9377279298E+000
 0.6464646   0.1756634294E+001   0.1153216379E+001   0.1029131447E+001   0.9751747675E+000
 0.6565657   0.1762249563E+001   0.1083418585E+001   0.1037049990E+001   0.9765555612E+000
 0.6666667   0.1767009776E+001   0.1099150623E+001   0.1031245264E+001   0.9673035242E+000
 0.6767677   0.1763447637E+001   0.1098221054E+001   0.1024041294E+001   0.9350023006E+000
 0.6868687   0.1771640735E+001   0.1112846008E+001   0.1040090927E+001   0.9847899820E+000
 0.6969697   0.1774278191E+001   0.1086136666E+001   0.1021737627E+001   0.9464801483E+000
 0.7070707   0.1788530389E+001   0.1088039704E+001   0.1024875015E+001   0.9148010010E+000
 0.7171717   0.1785373010E+001   0.1122786854E+001   0.1023473432E+001   0.9525426957E+000
 0.7272727   0.1800595037E+001   0.1143025485E+001   0.1038159215E+001   0.9837292160E+000
 0.7373737   0.1804130467E+001   0.1135913428E+001   0.1026701288E+001   0.9656782149E+000
 0.7474747   0.1791216076E+001   0.1089247952E+001   0.1022231550E+001   0.9315287414E+000
 0.7575758   0.1817664644E+001   0.1098873852E+001   0.1034749213E+001   0.9396265212E+000
 0.7676768   0.1834850386E+001   0.1140013454E+001   0.1039896785E+001   0.9576739264E+000
 0.7777778   0.1830249183E+001   0.1155965000E+001   0.1040365149E+001   0.9754768161E+000
 0.7878788   0.1822303119E+001   0.1115535458E+001   0.1025726412E+001   0.9647612816E+000
 0.7979798   0.1840324817E+001   0.1110836079E+001   0.1032801695E+001   0.9415287084E+000
 0.8080808   0.1853598653E+001   0.1135136561E+001   0.1034010634E+001   0.9444736824E+000
 0.8181818   0.1861669689E+001   0.1115846586E+001   0.1033906945E+001   0.9573790694E+000
 0.8282828   0.1883734188E+001   0.1179564965E+001   0.1037179467E+001   0.1010834484E+001
 0.8383838   0.1891946876E+001   0.1150053556E+001   0.1036371178E+001   0.9866490194E+000
 0.8484848   0.1887503622E+001   0.1093529311E+001   0.1030236232E+001   0.9318811315E+000
 0.8585859   0.1905970196E+001   0.1157220967E+001   0.1038282809E+001   0.9973897246E+000
 0.8686869   0.1904424368E+001   0.1130379920E+001   0.1029436654E+001   0.9881197085E+000
 0.8787879   0.1919246232E+001   0.1144082941E+001   0.1033347898E+001   0.9738299320E+000
 0.8888889   0.1944493030E+001   0.1131397291E+001   0.1045261765E+001   0.9781556997E+000
 0.8989899   0.1920461304E+001   0.1203502781E+001   0.1022852457E+001   0.1021309099E+001
 0.9090909   0.1970819837E+001   0.1137791653E+001   0.1035883830E+001   0.9622118474E+000
 0.9191919   0.1972388947E+001   0.1117982494E+001   0.1046392947E+001   0.9727332078E+000
 0.9292929   0.1956618433E+001   0.1073662889E+001   0.1023531739E+001   0.9418667151E+000
 0.9393939   0.1966464089E+001   0.1180040247E+001   0.1030767464E+001   0.1004193010E+001
 0.9494949   0.1981176908E+001   0.1126478405E+001   0.1032801588E+001   0.9817155585E+000
 0.9595960   0.2010291704E+001   0.1132366944E+001   0.1038676677E+001   0.9884577153E+000
 0.9696970   0.2032690379E+001   0.1149914216E+001   0.1043969976E+001   0.9819205201E+000
 0.9797980   0.2013268560E+001   0.1116026010E+001   0.1033429720E+001   0.9443118707E+000
 0.9898990   0.2030875518E+001   0.1137278195E+001   0.1036521855E+001   0.9829453279E+000
 1.0000000   0.2045116497E+001   0.1176081470E+001   0.1035307901E+001   0.1012959612E+001


 0.0000000   0.1501147425E-001   0.5947063846E+000   0.9221725732E+000   0.1051306034E+001
 0.0101010   0.1511505009E-001   0.6016232363E+000   0.9393907953E+000   0.1069263325E+001
 0.0202020   0.1461800931E-001   0.5674738885E+000   0.9371686158E+000   0.1039583678E+001
 0.0303030   0.1362448864E-001   0.5909590717E+000   0.9157606602E+000   0.1050131372E+001
 0.0404040   0.1261221124E-001   0.6055311121E+000   0.9158800281E+000   0.1089975247E+001
 0.0505051   0.1143688694E-001   0.6066145963E+000   0.9267449855E+000   0.1087929296E+001
 0.0606061   0.1026430730E-001   0.5965294700E+000   0.9358403089E+000   0.1038515803E+001
 0.0707071   0.8874953825E-002   0.6233713049E+000   0.9322262916E+000   0.1071102982E+001
 0.0808081   0.7634499981E-002   0.5816312465E+000   0.9258035914E+000   0.9872480910E+000
 0.0909091   0.6740377625E-002   0.6020012547E+000   0.9349378389E+000   0.1054264534E+001
 0.1010101   0.5898173232E-002   0.5934345233E+000   0.9223786878E+000   0.1000256751E+001
 0.1111111   0.5507441829E-002   0.6225292973E+000   0.9290253132E+000   0.1052519529E+001
 0.1212121   0.5130926100E-002   0.6404655750E+000   0.9325716338E+000   0.1037316871E+001
 0.1313131   0.5004235463E-002   0.6275863997E+000   0.9424119464E+000   0.1061033406E+001
 0.1414141   0.5005738088E-002   0.6883993195E+000   0.9459735113E+000   0.1021046338E+001
 0.1515152   0.5063264602E-002   0.6809780218E+000   0.9405833284E+000   0.1042556740E+001
 0.1616162   0.5346225864E-002   0.7207217891E+000   0.9479979301E+000   0.1042597998E+001
 0.1717172   0.5723452871E-002   0.7248281562E+000   0.9426249416E+000   0.1007938171E+001
 0.1818182   0.6239937012E-002   0.7423586014E+000   0.9424548383E+000   0.1021628815E+001
 0.1919192   0.6832089197E-002   0.7911912458E+000   0.9443047437E+000   0.1079063506E+001
 0.2020202   0.7625134825E-002   0.7432954296E+000   0.9547831809E+000   0.1071607796E+001
 0.2121212   0.8523707856E-002   0.8383866534E+000   0.9538700090E+000   0.1068911411E+001
 0.2222222   0.9622824289E-002   0.8095801342E+000   0.9570667782E+000   0.1019789157E+001
 0.2323232   0.1100030506E-001   0.8289374577E+000   0.9570424621E+000   0.1029368482E+001
 0.2424242   0.1279257845E-001   0.9173393993E+000   0.9539776126E+000   0.1059470425E+001
 0.2525253   0.1479380797E-001   0.8999758384E+000   0.9529879205E+000   0.1013857597E+001
 0.2626263   0.1723157319E-001   0.8318503486E+000   0.9600475137E+000   0.1021767153E+001
 0.2727273   0.2030446583E-001   0.9886533921E+000   0.9770840624E+000   0.1062067303E+001
 0.2828283   0.2372518192E-001   0.9458083569E+000   0.9692047905E+000   0.1059693708E+001
 0.2929293   0.2849055449E-001   0.1052479081E+001   0.9661466319E+000   0.1032686176E+001
 0.3030303   0.3360114324E-001   0.1009540489E+001   0.9746205880E+000   0.1028802994E+001
 0.3131313   0.4000904186E-001   0.1012635436E+001   0.9786603831E+000   0.1040763195E+001
 0.3232323   0.4829930324E-001   0.9903677498E+000   0.9733787585E+000   0.1049395994E+001
 0.3333333   0.5806563857E-001   0.1050312112E+001   0.9889052863E+000   0.1031720234E+001
 0.3434343   0.7057595368E-001   0.1059168363E+001   0.9838465097E+000   0.9779090380E+000
 0.3535354   0.8517759115E-001   0.1079807662E+001   0.9850112721E+000   0.1039365249E+001
 0.3636364   0.1028898335E+000   0.1096228073E+001   0.9854691808E+000   0.1007855653E+001
 0.3737374   0.1239849376E+000   0.1105880817E+001   0.9897620273E+000   0.1019786730E+001
 0.3838384   0.1518151628E+000   0.1134943984E+001   0.9841294938E+000   0.9947596214E+000
 0.3939394   0.1870880529E+000   0.1108143870E+001   0.9996439449E+000   0.1030370829E+001
 0.4040404   0.2281577082E+000   0.1164983172E+001   0.9997176566E+000   0.1006969802E+001
 0.4141414   0.2790289999E+000   0.1086848412E+001   0.1006587423E+001   0.9689728651E+000
 0.4242424   0.3455897178E+000   0.1105550841E+001   0.1010981918E+001   0.9667618782E+000
 0.4343434   0.4215163815E+000   0.1165612781E+001   0.1006591026E+001   0.9769576583E+000
 0.4444444   0.5213713916E+000   0.1158923499E+001   0.1012160774E+001   0.9881363689E+000
 0.4545455   0.6502757388E+000   0.1134552059E+001   0.1018693767E+001   0.1055351825E+001
 0.4646465   0.8009002685E+000   0.1130725097E+001   0.1025627196E+001   0.9719944662E+000
 0.4747475   0.9930810440E+000   0.1141194563E+001   0.1015423647E+001   0.9676016164E+000
 0.4848485   0.1235108225E+001   0.1098479748E+001   0.1031655989E+001   0.1002067285E+001
 0.4949495   0.1538781174E+001   0.1123550333E+001   0.1023325412E+001   0.1017944646E+001
 0.5050505   0.1719619257E+001   0.1120240459E+001   0.1039860829E+001   0.9870248080E+000
 0.5151515   0.1719794580E+001   0.1096113024E+001   0.1018140722E+001   0.9637694010E+000
 0.5252525   0.1713839312E+001   0.1132286477E+001   0.1034401256E+001   0.9368807917E+000
 0.5353535   0.1707732869E+001   0.1096105438E+001   0.1031345075E+001   0.9462319797E+000
 0.5454545   0.1705153611E+001   0.1171882324E+001   0.1027581200E+001   0.9550103983E+000
 0.5555556   0.1710256670E+001   0.1130360985E+001   0.1034634170E+001   0.1011260719E+001
 0.5656566   0.1709370192E+001   0.1135526815E+001   0.1036322409E+001   0.9338664716E+000
 0.5757576   0.1706474203E+001   0.1095297566E+001   0.1031614163E+001   0.9475886665E+000
 0.5858586   0.1721891316E+001   0.1097020774E+001   0.1027049486E+001   0.9902162983E+000
 0.5959596   0.1722115405E+001   0.1078888533E+001   0.1038626283E+001   0.1026727918E+001
 0.6060606   0.1712261294E+001   0.1096439207E+001   0.1032756294E+001   0.9703756646E+000
 0.6161616   0.1724429651E+001   0.1134841578E+001   0.1032170420E+001   0.9429288479E+000
 0.6262626   0.1743828773E+001   0.1133352261E+001   0.1022028877E+001   0.9803845666E+000
 0.6363636   0.1733331131E+001   0.1133592474E+001   0.1028860878E+001   0.9435841349E+000
 0.6464646   0.1746812713E+001   0.1149122835E+001   0.1032160065E+001   0.9781857147E+000
 0.6565657   0.1755258945E+001   0.1081336171E+001   0.1036933049E+001   0.9765863290E+000
 0.6666667   0.1762546602E+001   0.1098625139E+001   0.1030513950E+001   0.9667570243E+000
 0.6767677   0.1759633464E+001   0.1098095408E+001   0.1027981143E+001   0.9387350112E+000
 0.6868687   0.1768394285E+001   0.1113087188E+001   0.1039666193E+001   0.9845298635E+000
 0.6969697   0.1776879838E+001   0.1089962323E+001   0.1027682724E+001   0.9521247086E+000
 0.7070707   0.1784786793E+001   0.1087991318E+001   0.1034070010E+001   0.9231416079E+000
 0.7171717   0.1785733527E+001   0.1125319054E+001   0.1024803556E+001   0.9539182533E+000
 0.7272727   0.1798630871E+001   0.1144122625E+001   0.1035970692E+001   0.9817970741E+000
 0.7373737   0.1805171886E+001   0.1138902431E+001   0.1030623108E+001   0.9695068026E+000
 0.7474747   0.1803576204E+001   0.1099015801E+001   0.1028659421E+001   0.9375215168E+000
 0.7575758   0.1817489169E+001   0.1101023470E+001   0.1035047995E+001   0.9400334502E+000
 0.7676768   0.1832515218E+001   0.1140899986E+001   0.1042306750E+001   0.9600318382E+000
 0.7777778   0.1830572824E+001   0.1158542952E+001   0.1042399786E+001   0.9775255737E+000
 0.7878788   0.1829832310E+001   0.1122444091E+001   0.1032029199E+001   0.9708295115E+000
 0.7979798   0.1849038534E+001   0.1118387031E+001   0.1035324971E+001   0.9439651721E+000
 0.8080808   0.1855641253E+001   0.1138720375E+001   0.1042098457E+001   0.9519985052E+000
 0.8181818   0.1867608884E+001   0.1121704490E+001   0.1039211357E+001   0.9624297032E+000
 0.8282828   0.1886730113E+001   0.1183866392E+001   0.1042720772E+001   0.1016381665E+001
 0.8383838   0.1895247828E+001   0.1154425207E+001   0.1041512829E+001   0.9916870536E+000
 0.8484848   0.1884350131E+001   0.1093943527E+001   0.1027241270E+001   0.9293061596E+000
 0.8585859   0.1906617592E+001   0.1159990548E+001   0.1038015077E+001   0.9972764089E+000
 0.8686869   0.1914182145E+001   0.1138504184E+001   0.1034179685E+001   0.9928156034E+000
 0.8787879   0.1915543618E+001   0.1144219974E+001   0.1031166486E+001   0.9719143755E+000
 0.8888889   0.1940050266E+001   0.1131129665E+001   0.1044818901E+001   0.9778823411E+000
 0.8989899   0.1928452137E+001   0.1210991425E+001   0.1026988877E+001   0.1025587234E+001
 0.9090909   0.1967264234E+001   0.1138070538E+001   0.1041580401E+001   0.9676428752E+000
 0.9191919   0.1968140985E+001   0.1117864885E+001   0.1040276230E+001   0.9671866013E+000
 0.9292929   0.1959016316E+001   0.1077185554E+001   0.1030803749E+001   0.9486953734E+000
 0.9393939   0.1983175337E+001   0.1192511509E+001   0.1041937536E+001   0.1015221564E+001
 0.9494949   0.1981169828E+001   0.1128786962E+001   0.1035388262E+001   0.9843162885E+000
 0.9595960   0.2016613984E+001   0.1138260179E+001   0.1041746355E+001   0.9915220183E+000
 0.9696970   0.2024326444E+001   0.1147533640E+001   0.1043907439E+001   0.9820033681E+000
 0.9797980   0.2021540298E+001   0.1122911873E+001   0.1037580522E+001   0.9482415265E+000
 0.9898990   0.2041070490E+001   0.1145333801E+001   0.1037963657E+001   0.9844546268E+000
 1.0000000   0.2045175486E+001   0.1178529885E+001   0.1036641686E+001   0.1014410950E+001


 0.0000000   0.1522124361E-001   0.6011324851E+000   0.9252832673E+000   0.1054832632E+001
 0.0101010   0.1532068612E-001   0.6079026429E+000   0.9352794962E+000   0.1064563757E+001
 0.0202020   0.1480784252E-001   0.5730469978E+000   0.9291284121E+000   0.1030645590E+001
 0.0303030   0.1387315830E-001   0.5998647473E+000   0.9158847150E+000   0.1050254023E+001
 0.0404040   0.1284087744E-001   0.6145832685E+000   0.9178542272E+000   0.1092304321E+001
 0.0505051   0.1166073450E-001   0.6165548818E+000   0.9278295254E+000   0.1089182131E+001
 0.0606061   0.1037869437E-001   0.6012925001E+000   0.9367817455E+000   0.1039541123E+001
 0.0707071   0.9047213767E-002   0.6334850387E+000   0.9339269685E+000   0.1073036982E+001
 0.0808081   0.7761939163E-002   0.5894923474E+000   0.9266086751E+000   0.9880881612E+000
 0.0909091   0.6805782943E-002   0.6059434118E+000   0.9296877146E+000   0.1048324762E+001
 0.1010101   0.6014265569E-002   0.6032241095E+000   0.9246949122E+000   0.1002749819E+001
 0.1111111   0.5582027515E-002   0.6289884271E+000   0.9305204716E+000   0.1054193757E+001
 0.1212121   0.5218938548E-002   0.6494160544E+000   0.9358072522E+000   0.1040896478E+001
 0.1313131   0.5080824519E-002   0.6352004374E+000   0.9390282374E+000   0.1057204053E+001
 0.1414141   0.5032221411E-002   0.6898788912E+000   0.9475594561E+000   0.1022739051E+001
 0.1515152   0.5147015515E-002   0.6900789100E+000   0.9368299642E+000   0.1038377069E+001
 0.1616162   0.5397372199E-002   0.7253431648E+000   0.9466456948E+000   0.1041091389E+001
 0.1717172   0.5830183061E-002   0.7360374996E+000   0.9468437656E+000   0.1012430411E+001
 0.1818182   0.6301334410E-002   0.7473204610E+000   0.9404448811E+000   0.1019430974E+001
 0.1919192   0.6896259048E-002   0.7961269363E+000   0.9449189254E+000   0.1079745178E+001
 0.2020202   0.7712755335E-002   0.7494873306E+000   0.9551948240E+000   0.1072049793E+001
 0.2121212   0.8578192750E-002   0.8411092441E+000   0.9552261215E+000   0.1070411095E+001
 0.2222222   0.9737327993E-002   0.8166536205E+000   0.9530747093E+000   0.1015516506E+001
 0.2323232   0.1115688965E-001   0.8381099156E+000   0.9633688592E+000   0.1036153637E+001
 0.2424242   0.1290707726E-001   0.9226578333E+000   0.9526112032E+000   0.1057933165E+001
 0.2525253   0.1503335914E-001   0.9116910920E+000   0.9513978487E+000   0.1012147068E+001
 0.2626263   0.1740657391E-001   0.8376727318E+000   0.9601697703E+000   0.1021878193E+001
 0.2727273   0.2049939011E-001   0.9950255627E+000   0.9726961857E+000   0.1057278047E+001
 0.2828283   0.2391054744E-001   0.9502194620E+000   0.9694267173E+000   0.1059916568E+001
 0.2929293   0.2854609314E-001   0.1051235589E+001   0.9671394524E+000   0.1033728075E+001
 0.3030303   0.3379162343E-001   0.1012090970E+001   0.9754799287E+000   0.1029690885E+001
 0.3131313   0.4020573827E-001   0.1014434047E+001   0.9797221035E+000   0.1041872839E+001
 0.3232323   0.4874720654E-001   0.9964285513E+000   0.9763439496E+000   0.1052573106E+001
 0.3333333   0.5841448906E-001   0.1053320546E+001   0.9880337994E+000   0.1030791773E+001
 0.3434343   0.7075416412E-001   0.1058524843E+001   0.9853088052E+000   0.9793442258E+000
 0.3535354   0.8533629122E-001   0.1078439088E+001   0.9893611311E+000   0.1043935649E+001
 0.3636364   0.1030993831E+000   0.1095028261E+001   0.9871814338E+000   0.1009587955E+001
 0.3737374   0.1243685290E+000   0.1105835940E+001   0.9919225321E+000   0.1021993696E+001
 0.3838384   0.1528990633E+000   0.1139475281E+001   0.9936740438E+000   0.1004388517E+001
 0.3939394   0.1866046701E+000   0.1101826993E+001   0.1000682086E+001   0.1031421625E+001
 0.4040404   0.2286887959E+000   0.1164046153E+001   0.1001425447E+001   0.1008671150E+001
 0.4141414   0.2789644035E+000   0.1083201439E+001   0.1008362465E+001   0.9706634561E+000
 0.4242424   0.3451836169E+000   0.1100801183E+001   0.1010664580E+001   0.9664403789E+000
 0.4343434   0.4243880577E+000   0.1169886700E+001   0.1007943817E+001   0.9782523618E+000
 0.4444444   0.5221022689E+000   0.1156921676E+001   0.1014657388E+001   0.9905552323E+000
 0.4545455   0.6487703287E+000   0.1128388528E+001   0.1021702742E+001   0.1058449319E+001
 0.4646465   0.8011962827E+000   0.1127608455E+001   0.1024127602E+001   0.9705551720E+000
 0.4747475   0.9924406946E+000   0.1136895039E+001   0.1016892548E+001   0.9689832489E+000
 0.4848485   0.1235385458E+001   0.1095293048E+001   0.1029263843E+001   0.9997250849E+000
 0.4949495   0.1541256532E+001   0.1121841248E+001   0.1026163173E+001   0.1020748429E+001
 0.5050505   0.1720642761E+001   0.1117404642E+001   0.1038566774E+001   0.9857781019E+000
 0.5151515   0.1719375015E+001   0.1092421350E+001   0.1027715499E+001   0.9728146988E+000
 0.5252525   0.1712289330E+001   0.1127727514E+001   0.1040565665E+001   0.9424464427E+000
 0.5353535   0.1709852728E+001   0.1094036740E+001   0.1034172254E+001   0.9488081294E+000
 0.5454545   0.1703809783E+001   0.1167299791E+001   0.1032477169E+001   0.9595426862E+000
 0.5555556   0.1714031895E+001   0.1129316234E+001   0.1030717016E+001   0.1007413251E+001
 0.5656566   0.1705611660E+001   0.1129489584E+001   0.1035703167E+001   0.9332910280E+000
 0.5757576   0.1707226837E+001   0.1092356582E+001   0.1031544421E+001   0.9475069163E+000
 0.5858586   0.1716811946E+001   0.1090366872E+001   0.1028401083E+001   0.9915009128E+000
 0.5959596   0.1721596318E+001   0.1075193070E+001   0.1038132245E+001   0.1026220382E+001
 0.6060606   0.1717562303E+001   0.1096396961E+001   0.1034649234E+001   0.9721361189E+000
 0.6161616   0.1723998461E+001   0.1131012583E+001   0.1030193765E+001   0.9411055254E+000
 0.6262626   0.1742609695E+001   0.1129020968E+001   0.1028933140E+001   0.9869890783E+000
 0.6363636   0.1734320697E+001   0.1130695411E+001   0.1027165293E+001   0.9420115018E+000
 0.6464646   0.1749517025E+001   0.1147305538E+001   0.1033293244E+001   0.9792413560E+000
 0.6565657   0.1756138145E+001   0.1078497189E+001   0.1039671903E+001   0.9791475098E+000
 0.6666667   0.1757503334E+001   0.1092058459E+001   0.1031476899E+001   0.9676423316E+000
 0.6767677   0.1765269789E+001   0.1098170460E+001   0.1030548830E+001   0.9410622118E+000
 0.6868687   0.1770775369E+001   0.1111103100E+001   0.1040757917E+001   0.9855452912E+000
 0.6969697   0.1771781137E+001   0.1083438604E+001   0.1028506991E+001   0.9528705853E+000
 0.7070707   0.1781806394E+001   0.1082780447E+001   0.1033601649E+001   0.9227062641E+000
 0.7171717   0.1780958278E+001   0.1118802868E+001   0.1028835176E+001   0.9576531299E+000
 0.7272727   0.1800136312E+001   0.1141502137E+001   0.1036463988E+001   0.9822462378E+000
 0.7373737   0.1802641058E+001   0.1133751887E+001   0.1029458418E+001   0.9683931009E+000
 0.7474747   0.1806445636E+001   0.1097324667E+001   0.1027088303E+001   0.9360721228E+000
 0.7575758   0.1819666878E+001   0.1098898147E+001   0.1035134951E+001   0.9400948745E+000
 0.7676768   0.1829125394E+001   0.1135231074E+001   0.1038944146E+001   0.9569167985E+000
 0.7777778   0.1831616996E+001   0.1155581551E+001   0.1037087709E+001   0.9725259414E+000
 0.7878788   0.1829524644E+001   0.1118748578E+001   0.1029009480E+001   0.9679707932E+000
 0.7979798   0.1849150185E+001   0.1114959651E+001   0.1032591839E+001   0.9414556438E+000
 0.8080808   0.1855914312E+001   0.1135329178E+001   0.1040334397E+001   0.9503692242E+000
 0.8181818   0.1870646625E+001   0.1120018220E+001   0.1038167342E+001   0.9614448757E+000
 0.8282828   0.1884580969E+001   0.1178822775E+001   0.1038627265E+001   0.1012372660E+001
 0.8383838   0.1894879788E+001   0.1150594417E+001   0.1039323813E+001   0.9895842855E+000
 0.8484848   0.1885287849E+001   0.1091067890E+001   0.1030612003E+001   0.9323381285E+000
 0.8585859   0.1907868548E+001   0.1157124552E+001   0.1035332821E+001   0.9946808538E+000
 0.8686869   0.1913527762E+001   0.1134558630E+001   0.1034724501E+001   0.9933200845E+000
 0.8787879   0.1919293530E+001   0.1142877504E+001   0.1030281700E+001   0.9710623022E+000
 0.8888889   0.1938767084E+001   0.1126849336E+001   0.1040922072E+001   0.9742169770E+000
 0.8989899   0.1935740199E+001   0.1211769670E+001   0.1032311968E+001   0.1030883814E+001
 0.9090909   0.1969028981E+001   0.1135532054E+001   0.1039034936E+001   0.9652600830E+000
 0.9191919   0.1963136726E+001   0.1111538379E+001   0.1037033581E+001   0.9641537812E+000
 0.9292929   0.1964107598E+001   0.1076610346E+001   0.1025999949E+001   0.9442565907E+000
 0.9393939   0.1978839815E+001   0.1186186322E+001   0.1035769374E+001   0.1009192719E+001
 0.9494949   0.1981647581E+001   0.1125531118E+001   0.1030399566E+001   0.9795553796E+000
 0.9595960   0.2007669559E+001   0.1129670553E+001   0.1037598565E+001   0.9875557647E+000
 0.9696970   0.2023868375E+001   0.1143689009E+001   0.1038853496E+001   0.9772308825E+000
 0.9797980   0.2016274952E+001   0.1116487414E+001   0.1029716381E+001   0.9410369456E+000
 0.9898990   0.2040819556E+001   0.1141614529E+001   0.1036143603E+001   0.9827100544E+000
 1.0000000   0.2043999767E+001   0.1174171863E+001   0.1036627079E+001   0.1014377719E+001


 0.0000000   0.1532251496E-001   0.6042015406E+000   0.9296013611E+000   0.1059760501E+001
 0.0101010   0.1537191809E-001   0.6089976143E+000   0.9346381310E+000   0.1063838952E+001
 0.0202020   0.1489404805E-001   0.5754968067E+000   0.9289845159E+000   0.1030491024E+001
 0.0303030   0.1399568146E-001   0.6042320548E+000   0.9178888129E+000   0.1052557303E+001
 0.0404040   0.1294128250E-001   0.6184364278E+000   0.9201221263E+000   0.1095008633E+001
 0.0505051   0.1172826137E-001   0.6191718207E+000   0.9279592148E+000   0.1089339716E+001
 0.0606061   0.1042312774E-001   0.6029382516E+000   0.9358008869E+000   0.1038457762E+001
 0.0707071   0.9106792998E-002   0.6366763073E+000   0.9340870409E+000   0.1073226160E+001
 0.0808081   0.7840457569E-002   0.5945399733E+000   0.9276732515E+000   0.9892282216E+000
 0.0909091   0.6865449020E-002   0.6103158290E+000   0.9267880646E+000   0.1045060214E+001
 0.1010101   0.6095538072E-002   0.6104355973E+000   0.9289975788E+000   0.1007420620E+001
 0.1111111   0.5616598076E-002   0.6319107478E+000   0.9296563905E+000   0.1053219997E+001
 0.1212121   0.5241140133E-002   0.6511759054E+000   0.9371253065E+000   0.1042367658E+001
 0.1313131   0.5101773881E-002   0.6368387956E+000   0.9373390737E+000   0.1055307484E+001
 0.1414141   0.5100269993E-002   0.6981327246E+000   0.9454177991E+000   0.1020432478E+001
 0.1515152   0.5191403943E-002   0.6949600077E+000   0.9365693353E+000   0.1038093280E+001
 0.1616162   0.5424160011E-002   0.7278223052E+000   0.9426927644E+000   0.1036749163E+001
 0.1717172   0.5855646785E-002   0.7381155170E+000   0.9474366845E+000   0.1013069368E+001
 0.1818182   0.6350120541E-002   0.7519483792E+000   0.9404192450E+000   0.1019408183E+001
 0.1919192   0.6959606030E-002   0.8022045492E+000   0.9456744124E+000   0.1080613761E+001
 0.2020202   0.7789372664E-002   0.7557687605E+000   0.9534233384E+000   0.1070066838E+001
 0.2121212   0.8655790842E-002   0.8474129031E+000   0.9506961443E+000   0.1065340099E+001
 0.2222222   0.9821232450E-002   0.8224240393E+000   0.9546253729E+000   0.1017173751E+001
 0.2323232   0.1122940947E-001   0.8422605758E+000   0.9650442907E+000   0.1037960741E+001
 0.2424242   0.1295406011E-001   0.9245925389E+000   0.9523619039E+000   0.1057661489E+001
 0.2525253   0.1504717511E-001   0.9111258474E+000   0.9539690801E+000   0.1014887455E+001
 0.2626263   0.1747704002E-001   0.8397706148E+000   0.9605650309E+000   0.1022303869E+001
 0.2727273   0.2062503758E-001   0.9995850675E+000   0.9713622711E+000   0.1055833317E+001
 0.2828283   0.2399790483E-001   0.9522246977E+000   0.9690591764E+000   0.1059519914E+001
 0.2929293   0.2862132324E-001   0.1052385361E+001   0.9662290287E+000   0.1032760032E+001
 0.3030303   0.3396356754E-001   0.1015676745E+001   0.9736973817E+000   0.1027814316E+001
 0.3131313   0.4037170086E-001   0.1017055226E+001   0.9784878759E+000   0.1040565418E+001
 0.3232323   0.4884338548E-001   0.9968593842E+000   0.9768643687E+000   0.1053139321E+001
 0.3333333   0.5843157151E-001   0.1052008511E+001   0.9863252865E+000   0.1029014368E+001
 0.3434343   0.7090836984E-001   0.1059200714E+001   0.9830209237E+000   0.9770749851E+000
 0.3535354   0.8519402302E-001   0.1074985724E+001   0.9884177597E+000   0.1042945354E+001
 0.3636364   0.1033117422E+000   0.1095596559E+001   0.9913794339E+000   0.1013886211E+001
 0.3737374   0.1241060624E+000   0.1101805441E+001   0.9924983620E+000   0.1022591997E+001
 0.3838384   0.1531645586E+000   0.1139698772E+001   0.9980442942E+000   0.1008810837E+001
 0.3939394   0.1867447512E+000   0.1100958672E+001   0.1000645083E+001   0.1031388543E+001
 0.4040404   0.2284301912E+000   0.1160942014E+001   0.9982280873E+000   0.1005455587E+001
 0.4141414   0.2790003338E+000   0.1081675205E+001   0.1005169008E+001   0.9675941351E+000
 0.4242424   0.3457938793E+000   0.1101051740E+001   0.1009051924E+001   0.9649030202E+000
 0.4343434   0.4243336639E+000   0.1167938164E+001   0.1010743926E+001   0.9809747968E+000
 0.4444444   0.5244134352E+000   0.1160256207E+001   0.1012745641E+001   0.9886937443E+000
 0.4545455   0.6464419424E+000   0.1122610042E+001   0.1019657889E+001   0.1056336101E+001
 0.4646465   0.8012128704E+000   0.1125897950E+001   0.1024977875E+001   0.9713657299E+000
 0.4747475   0.9907118377E+000   0.1133169490E+001   0.1019014397E+001   0.9710098919E+000
 0.4848485   0.1234350942E+001   0.1092693130E+001   0.1029396361E+001   0.9998587021E+000
 0.4949495   0.1538327896E+001   0.1117987899E+001   0.1025449481E+001   0.1020043505E+001
 0.5050505   0.1714355323E+001   0.1111609663E+001   0.1039176158E+001   0.9863613486E+000
 0.5151515   0.1716040604E+001   0.1088626347E+001   0.1029220551E+001   0.9742441280E+000
 0.5252525   0.1719201861E+001   0.1130539164E+001   0.1040080069E+001   0.9420112552E+000
 0.5353535   0.1712284900E+001   0.1093908359E+001   0.1033050807E+001   0.9477838985E+000
 0.5454545   0.1704787378E+001   0.1166173679E+001   0.1033887071E+001   0.9608577039E+000
 0.5555556   0.1713099949E+001   0.1126966711E+001   0.1033247339E+001   0.1009891317E+001
 0.5656566   0.1704112308E+001   0.1126761502E+001   0.1032433549E+001   0.9303492768E+000
 0.5757576   0.1710609590E+001   0.1092838073E+001   0.1032904290E+001   0.9487606522E+000
 0.5858586   0.1718539602E+001   0.1089785887E+001   0.1029807272E+001   0.9928615150E+000
 0.5959596   0.1725661977E+001   0.1076075082E+001   0.1038260367E+001   0.1026352066E+001
 0.6060606   0.1716955081E+001   0.1094324116E+001   0.1032593018E+001   0.9702088962E+000
 0.6161616   0.1728390281E+001   0.1132150315E+001   0.1033846898E+001   0.9444473769E+000
 0.6262626   0.1743906631E+001   0.1128123963E+001   0.1031073150E+001   0.9890467010E+000
 0.6363636   0.1734120534E+001   0.1128826553E+001   0.1026599190E+001   0.9414969468E+000
 0.6464646   0.1746265404E+001   0.1143412354E+001   0.1031592058E+001   0.9776339533E+000
 0.6565657   0.1754473252E+001   0.1075817999E+001   0.1036644742E+001   0.9763013615E+000
 0.6666667   0.1755981233E+001   0.1089434974E+001   0.1032478542E+001   0.9685867359E+000
 0.6767677   0.1763487036E+001   0.1095374568E+001   0.1032752080E+001   0.9430787692E+000
 0.6868687   0.1767479895E+001   0.1107330042E+001   0.1041978184E+001   0.9867056615E+000
 0.6969697   0.1773496861E+001   0.1082820252E+001   0.1032529592E+001   0.9566020542E+000
 0.7070707   0.1781912783E+001   0.1081180112E+001   0.1035052675E+001   0.9240061401E+000
 0.7171717   0.1785314440E+001   0.1119814939E+001   0.1030101440E+001   0.9588364864E+000
 0.7272727   0.1795633521E+001   0.1136896040E+001   0.1035643264E+001   0.9814732581E+000
 0.7373737   0.1800659410E+001   0.1130764206E+001   0.1028875099E+001   0.9678491284E+000
 0.7474747   0.1809583065E+001   0.1097540315E+001   0.1030119121E+001   0.9388389666E+000
 0.7575758   0.1820643573E+001   0.1097797398E+001   0.1036039175E+001   0.9409206909E+000
 0.7676768   0.1831375359E+001   0.1134879813E+001   0.1039770422E+001   0.9576825339E+000
 0.7777778   0.1828430870E+001   0.1151797663E+001   0.1035181729E+001   0.9707433735E+000
 0.7878788   0.1834763298E+001   0.1120226881E+001   0.1030457114E+001   0.9693373092E+000
 0.7979798   0.1847305133E+001   0.1112134507E+001   0.1032872251E+001   0.9417159241E+000
 0.8080808   0.1855222766E+001   0.1133161099E+001   0.1038573190E+001   0.9487649742E+000
 0.8181818   0.1871063931E+001   0.1118545547E+001   0.1036389532E+001   0.9598031556E+000
 0.8282828   0.1882858450E+001   0.1175934417E+001   0.1038575778E+001   0.1012327439E+001
 0.8383838   0.1891186065E+001   0.1146585833E+001   0.1036440671E+001   0.9868439629E+000
 0.8484848   0.1888954827E+001   0.1091509178E+001   0.1029496138E+001   0.9313332337E+000
 0.8585859   0.1906012280E+001   0.1154221256E+001   0.1033705471E+001   0.9931222708E+000
 0.8686869   0.1914070046E+001   0.1133135162E+001   0.1036309686E+001   0.9948467165E+000
 0.8787879   0.1920019349E+001   0.1141551749E+001   0.1030332621E+001   0.9711150586E+000
 0.8888889   0.1938714670E+001   0.1125086271E+001   0.1039577564E+001   0.9729633993E+000
 0.8989899   0.1932699068E+001   0.1208005633E+001   0.1031737573E+001   0.1030315266E+001
 0.9090909   0.1967364672E+001   0.1132827731E+001   0.1036147248E+001   0.9625821496E+000
 0.9191919   0.1959495873E+001   0.1107770973E+001   0.1038108632E+001   0.9651580134E+000
 0.9292929   0.1969192861E+001   0.1077738107E+001   0.1027108555E+001   0.9452815073E+000
 0.9393939   0.1978903560E+001   0.1184400590E+001   0.1035971180E+001   0.1009394296E+001
 0.9494949   0.1986137078E+001   0.1126346509E+001   0.1032198257E+001   0.9812701279E+000
 0.9595960   0.2007242627E+001   0.1127693712E+001   0.1035663462E+001   0.9857188233E+000
 0.9696970   0.2019020754E+001   0.1139195287E+001   0.1035589092E+001   0.9741648929E+000
 0.9797980   0.2014894233E+001   0.1114007318E+001   0.1029770137E+001   0.9410906864E+000
 0.9898990   0.2046271570E+001   0.1142904292E+001   0.1036845593E+001   0.9833806651E+000
 1.0000000   0.2042103307E+001   0.1171278709E+001   0.1037169411E+001   0.1014913387E+001


 0.0000000   0.1506673652E-001   0.5965112069E+000   0.9320291943E+000   0.1062385208E+001
 0.0101010   0.1508823214E-001   0.6001689543E+000   0.9344323042E+000   0.1063461465E+001
 0.0202020   0.1465564856E-001   0.5685685710E+000   0.9327161423E+000   0.1034491085E+001
 0.0303030   0.1378313081E-001   0.5974550398E+000   0.9228526028E+000   0.1058106871E+001
 0.0404040   0.1273650822E-001   0.6111048983E+000   0.9241457657E+000   0.1099648960E+001
 0.0505051   0.1158250954E-001   0.6139427185E+000   0.9300228601E+000   0.1091615249E+001
 0.0606061   0.1023101067E-001   0.5942113651E+000   0.9372291837E+000   0.1039902707E+001
 0.0707071   0.8969765881E-002   0.6296250101E+000   0.9376511945E+000   0.1077176167E+001
 0.0808081   0.7719089209E-002   0.5876968323E+000   0.9317180623E+000   0.9934076489E+000
 0.0909091   0.6781705393E-002   0.6053021912E+000   0.9308425115E+000   0.1049490743E+001
 0.1010101   0.6005009268E-002   0.6037944609E+000   0.9324230001E+000   0.1010999062E+001
 0.1111111   0.5512230431E-002   0.6226692212E+000   0.9317530796E+000   0.1055453235E+001
 0.1212121   0.5163346908E-002   0.6440973244E+000   0.9395486241E+000   0.1044922412E+001
 0.1313131   0.4985947004E-002   0.6248900416E+000   0.9399380751E+000   0.1058091098E+001
 0.1414141   0.5043352949E-002   0.6931254263E+000   0.9453904380E+000   0.1020265555E+001
 0.1515152   0.5116790460E-002   0.6877336310E+000   0.9409338862E+000   0.1042790524E+001
 0.1616162   0.5344607600E-002   0.7200395183E+000   0.9441041095E+000   0.1038161524E+001
 0.1717172   0.5768846047E-002   0.7301062258E+000   0.9490121344E+000   0.1014617326E+001
 0.1818182   0.6255484621E-002   0.7437289009E+000   0.9421855102E+000   0.1021185288E+001
 0.1919192   0.6794277999E-002   0.7863056872E+000   0.9483546863E+000   0.1083530576E+001
 0.2020202   0.7664181672E-002   0.7466204557E+000   0.9560041842E+000   0.1072818961E+001
 0.2121212   0.8528847159E-002   0.8383517783E+000   0.9540412796E+000   0.1068944677E+001
 0.2222222   0.9622082065E-002   0.8089962379E+000   0.9552711222E+000   0.1017724762E+001
 0.2323232   0.1107155533E-001   0.8337691633E+000   0.9657693856E+000   0.1038600763E+001
 0.2424242   0.1274994690E-001   0.9136934088E+000   0.9574249142E+000   0.1063141136E+001
 0.2525253   0.1484314958E-001   0.9023958625E+000   0.9541994889E+000   0.1014995897E+001
 0.2626263   0.1721972593E-001   0.8307429558E+000   0.9637526534E+000   0.1025558268E+001
 0.2727273   0.2036570948E-001   0.9909966691E+000   0.9735571068E+000   0.1058076537E+001
 0.2828283   0.2374228391E-001   0.9458804478E+000   0.9702867594E+000   0.1060719253E+001
 0.2929293   0.2830175669E-001   0.1044831175E+001   0.9702223601E+000   0.1036888701E+001
 0.3030303   0.3357390223E-001   0.1008072268E+001   0.9748386558E+000   0.1028880470E+001
 0.3131313   0.3997841499E-001   0.1011208473E+001   0.9795334911E+000   0.1041537114E+001
 0.3232323   0.4822479943E-001   0.9882031009E+000   0.9776870766E+000   0.1053884350E+001
 0.3333333   0.5798461649E-001   0.1048170940E+001   0.9878360736E+000   0.1030451782E+001
 0.3434343   0.7041759227E-001   0.1056111021E+001   0.9839573933E+000   0.9778741084E+000
 0.3535354   0.8465957638E-001   0.1072549390E+001   0.9886858766E+000   0.1043087799E+001
 0.3636364   0.1029342399E+000   0.1095994754E+001   0.9896375835E+000   0.1011968543E+001
 0.3737374   0.1237640600E+000   0.1103199619E+001   0.9906446305E+000   0.1020544630E+001
 0.3838384   0.1528975531E+000   0.1142299459E+001   0.9962630824E+000   0.1006874823E+001
 0.3939394   0.1858519769E+000   0.1100113355E+001   0.1003585438E+001   0.1034279959E+001
 0.4040404   0.2279631880E+000   0.1163240157E+001   0.9966042924E+000   0.1003684878E+001
 0.4141414   0.2796358313E+000   0.1088510469E+001   0.1005531613E+001   0.9678128588E+000
 0.4242424   0.3460459512E+000   0.1106297262E+001   0.1007951933E+001   0.9637213810E+000
 0.4343434   0.4243432680E+000   0.1172674061E+001   0.1008887665E+001   0.9790413687E+000
 0.4444444   0.5233279450E+000   0.1162523274E+001   0.1012336286E+001   0.9881610445E+000
 0.4545455   0.6460682433E+000   0.1126485043E+001   0.1018300947E+001   0.1054788309E+001
 0.4646465   0.8009070040E+000   0.1130006241E+001   0.1023326892E+001   0.9696705256E+000
 0.4747475   0.9919292220E+000   0.1139136702E+001   0.1020773019E+001   0.9725547020E+000
 0.4848485   0.1235297003E+001   0.1097939947E+001   0.1027919969E+001   0.9982902428E+000
 0.4949495   0.1537577024E+001   0.1121947945E+001   0.1026034080E+001   0.1020487602E+001
 0.5050505   0.1709934563E+001   0.1113213856E+001   0.1038719316E+001   0.9857949764E+000
 0.5151515   0.1716542907E+001   0.1093335838E+001   0.1030840711E+001   0.9756463643E+000
 0.5252525   0.1719808956E+001   0.1135498552E+001   0.1037941611E+001   0.9399478567E+000
 0.5353535   0.1712011960E+001   0.1098144139E+001   0.1031381660E+001   0.9461251145E+000
 0.5454545   0.1707207565E+001   0.1172538144E+001   0.1029025352E+001   0.9562106315E+000
 0.5555556   0.1715485934E+001   0.1133086816E+001   0.1034001007E+001   0.1010491874E+001
 0.5656566   0.1706799421E+001   0.1133088712E+001   0.1031253752E+001   0.9291610129E+000
 0.5757576   0.1714488671E+001   0.1099732787E+001   0.1030716713E+001   0.9466238089E+000
 0.5858586   0.1718520220E+001   0.1094167777E+001   0.1029487907E+001   0.9924199671E+000
 0.5959596   0.1724566774E+001   0.1079728335E+001   0.1032362527E+001   0.1020384465E+001
 0.6060606   0.1715006747E+001   0.1097489841E+001   0.1030005971E+001   0.9676478407E+000
 0.6161616   0.1732830359E+001   0.1139635486E+001   0.1030995500E+001   0.9417157343E+000
 0.6262626   0.1739509131E+001   0.1129816590E+001   0.1029129753E+001   0.9870495992E+000
 0.6363636   0.1732961834E+001   0.1132620905E+001   0.1027314774E+001   0.9420263565E+000
 0.6464646   0.1745016783E+001   0.1147201953E+001   0.1030926717E+001   0.9768718662E+000
 0.6565657   0.1755383679E+001   0.1080716420E+001   0.1033295213E+001   0.9730157819E+000
 0.6666667   0.1750757554E+001   0.1090573879E+001   0.1030258353E+001   0.9663738041E+000
 0.6767677   0.1759790572E+001   0.1097486048E+001   0.1030612919E+001   0.9409986336E+000
 0.6868687   0.1770945521E+001   0.1113974991E+001   0.1039261316E+001   0.9840004048E+000
 0.6969697   0.1768371043E+001   0.1084044174E+001   0.1030576024E+001   0.9546635870E+000
 0.7070707   0.1783321368E+001   0.1086397750E+001   0.1032721258E+001   0.9218007210E+000
 0.7171717   0.1784988753E+001   0.1124125145E+001   0.1028519101E+001   0.9572347143E+000
 0.7272727   0.1796438927E+001   0.1141992223E+001   0.1031888379E+001   0.9777831058E+000
 0.7373737   0.1799824847E+001   0.1134797473E+001   0.1028820281E+001   0.9676672546E+000
 0.7474747   0.1811042337E+001   0.1102854453E+001   0.1028183190E+001   0.9369484104E+000
 0.7575758   0.1817779694E+001   0.1100490129E+001   0.1034375124E+001   0.9392829309E+000
 0.7676768   0.1830694732E+001   0.1139032394E+001   0.1036432014E+001   0.9544791550E+000
 0.7777778   0.1829988867E+001   0.1157427335E+001   0.1034039736E+001   0.9695419086E+000
 0.7878788   0.1836187752E+001   0.1125617071E+001   0.1031444240E+001   0.9701352457E+000
 0.7979798   0.1845817742E+001   0.1115719786E+001   0.1032874038E+001   0.9415907573E+000
 0.8080808   0.1856929666E+001   0.1138776996E+001   0.1035529336E+001   0.9458569601E+000
 0.8181818   0.1873767183E+001   0.1124678296E+001   0.1037581596E+001   0.9607777496E+000
 0.8282828   0.1884672225E+001   0.1181813372E+001   0.1038433288E+001   0.1012052266E+001
 0.8383838   0.1893453484E+001   0.1152589323E+001   0.1036448296E+001   0.9867183497E+000
 0.8484848   0.1888995692E+001   0.1095934065E+001   0.1029842372E+001   0.9315210141E+000
 0.8585859   0.1906225985E+001   0.1159005237E+001   0.1029802928E+001   0.9892397289E+000
 0.8686869   0.1913542545E+001   0.1137390643E+001   0.1034762902E+001   0.9932280704E+000
 0.8787879   0.1920607711E+001   0.1146505931E+001   0.1029107208E+001   0.9698294769E+000
 0.8888889   0.1936904388E+001   0.1128568050E+001   0.1040275322E+001   0.9734853554E+000
 0.8989899   0.1932341233E+001   0.1212651988E+001   0.1031203903E+001   0.1029643679E+001
 0.9090909   0.1965556387E+001   0.1136350088E+001   0.1033479460E+001   0.9599744999E+000
 0.9191919   0.1963170191E+001   0.1114323318E+001   0.1037987369E+001   0.9649153354E+000
 0.9292929   0.1970285867E+001   0.1082684372E+001   0.1026864823E+001   0.9449299468E+000
 0.9393939   0.1983694269E+001   0.1192055191E+001   0.1036167444E+001   0.1009449591E+001
 0.9494949   0.1986667717E+001   0.1131190300E+001   0.1028873004E+001   0.9779772447E+000
 0.9595960   0.2005143834E+001   0.1131056911E+001   0.1031828387E+001   0.9819364654E+000
 0.9696970   0.2018266591E+001   0.1143361508E+001   0.1034362330E+001   0.9728798847E+000
 0.9797980   0.2021312994E+001   0.1122062368E+001   0.1030320630E+001   0.9414669938E+000
 0.9898990   0.2041590368E+001   0.1144887571E+001   0.1034308175E+001   0.9808420072E+000
 1.0000000   0.2044751576E+001   0.1177526613E+001   0.1037268153E+001   0.1014873347E+001


 0.0000000   0.1486849016E-001   0.5897251324E+000   0.9320206525E+000   0.1062330638E+001
 0.0101010   0.1491805325E-001   0.5944710027E+000   0.9350680367E+000   0.1064140072E+001
 0.0202020   0.1446924813E-001   0.5623505506E+000   0.9316391024E+000   0.1033252916E+001
 0.0303030   0.1364820658E-001   0.5926745677E+000   0.9262511477E+000   0.1061958693E+001
 0.0404040   0.1260096084E-001   0.6056927838E+000   0.9285988221E+000   0.1104901060E+001
 0.0505051   0.1142473574E-001   0.6066730500E+000   0.9295626913E+000   0.1091029081E+001
 0.0606061   0.1012287081E-001   0.5889920919E+000   0.9413266561E+000   0.1044404981E+001
 0.0707071   0.8849145440E-002   0.6222795791E+000   0.9368560519E+000   0.1076217286E+001
 0.0808081   0.7625408918E-002   0.5816125658E+000   0.9309112663E+000   0.9925055479E+000
 0.0909091   0.6716852167E-002   0.6005960472E+000   0.9338676480E+000   0.1052857040E+001
 0.1010101   0.5932897393E-002   0.5976207017E+000   0.9339737230E+000   0.1012637729E+001
 0.1111111   0.5433071125E-002   0.6148352777E+000   0.9318489020E+000   0.1055517233E+001
 0.1212121   0.5100202072E-002   0.6373689853E+000   0.9373480602E+000   0.1042431053E+001
 0.1313131   0.4933238640E-002   0.6194003170E+000   0.9402024282E+000   0.1058344015E+001
 0.1414141   0.4982900348E-002   0.6860535615E+000   0.9443591442E+000   0.1019109574E+001
 0.1515152   0.5052598069E-002   0.6803317432E+000   0.9410888503E+000   0.1042918249E+001
 0.1616162   0.5279731280E-002   0.7125833654E+000   0.9431653955E+000   0.1037085521E+001
 0.1717172   0.5697819363E-002   0.7224189550E+000   0.9483647841E+000   0.1013882436E+001
 0.1818182   0.6193557638E-002   0.7376956699E+000   0.9432633857E+000   0.1022310397E+001
 0.1919192   0.6738316327E-002   0.7812370871E+000   0.9498564026E+000   0.1085200545E+001
 0.2020202   0.7584645769E-002   0.7402062525E+000   0.9583614821E+000   0.1075418913E+001
 0.2121212   0.8489334655E-002   0.8359743753E+000   0.9560531017E+000   0.1071153594E+001
 0.2222222   0.9571112953E-002   0.8061637024E+000   0.9574217100E+000   0.1019972905E+001
 0.2323232   0.1098371170E-001   0.8286472092E+000   0.9657592752E+000   0.1038546061E+001
 0.2424242   0.1266554828E-001   0.9092838217E+000   0.9584404494E+000   0.1064223891E+001
 0.2525253   0.1480564411E-001   0.9017407380E+000   0.9576127183E+000   0.1018583612E+001
 0.2626263   0.1713023136E-001   0.8279174075E+000   0.9622455785E+000   0.1023911332E+001
 0.2727273   0.2031828064E-001   0.9904737233E+000   0.9737440519E+000   0.1058235051E+001
 0.2828283   0.2374745161E-001   0.9477943573E+000   0.9707493997E+000   0.1061180228E+001
 0.2929293   0.2824828234E-001   0.1044739771E+001   0.9706072873E+000   0.1037256302E+001
 0.3030303   0.3356898758E-001   0.1009744375E+001   0.9772626227E+000   0.1031395286E+001
 0.3131313   0.4000382121E-001   0.1013677855E+001   0.9794252587E+000   0.1041378082E+001
 0.3232323   0.4822946337E-001   0.9900829123E+000   0.9759393255E+000   0.1051955990E+001
 0.3333333   0.5790645849E-001   0.1048647881E+001   0.9877748274E+000   0.1030344410E+001
 0.3434343   0.7057721040E-001   0.1060415934E+001   0.9825491166E+000   0.9764333301E+000
 0.3535354   0.8476913068E-001   0.1075876179E+001   0.9888648269E+000   0.1043232568E+001
 0.3636364   0.1029503612E+000   0.1098145387E+001   0.9907323871E+000   0.1013045297E+001
 0.3737374   0.1239790779E+000   0.1107111368E+001   0.9916011197E+000   0.1021486879E+001
 0.3838384   0.1527436133E+000   0.1143209564E+001   0.9973868141E+000   0.1007967985E+001
 0.3939394   0.1860432128E+000   0.1103233487E+001   0.1002349566E+001   0.1032962694E+001
 0.4040404   0.2280662117E+000   0.1165866884E+001   0.9966733785E+000   0.1003712096E+001
 0.4141414   0.2804664564E+000   0.1093714757E+001   0.1007608383E+001   0.9697707986E+000
 0.4242424   0.3454948409E+000   0.1106529470E+001   0.1009622728E+001   0.9652781213E+000
 0.4343434   0.4236848777E+000   0.1172968416E+001   0.1009671770E+001   0.9797609288E+000
 0.4444444   0.5233136636E+000   0.1164590271E+001   0.1011067921E+001   0.9868813194E+000
 0.4545455   0.6458261402E+000   0.1128095867E+001   0.1017048874E+001   0.1053446913E+001
 0.4646465   0.8010886209E+000   0.1132303022E+001   0.1026033517E+001   0.9721942041E+000
 0.4747475   0.9921217406E+000   0.1141414748E+001   0.1020927089E+001   0.9726604451E+000
 0.4848485   0.1239336001E+001   0.1103518498E+001   0.1027525159E+001   0.9978647000E+000
 0.4949495   0.1539078235E+001   0.1125070860E+001   0.1028764526E+001   0.1023160108E+001
 0.5050505   0.1711774919E+001   0.1116423897E+001   0.1037329960E+001   0.9844348638E+000
 0.5151515   0.1713841154E+001   0.1093585746E+001   0.1030484695E+001   0.9752682515E+000
 0.5252525   0.1720191190E+001   0.1137801366E+001   0.1036084755E+001   0.9382267139E+000
 0.5353535   0.1714606396E+001   0.1101793856E+001   0.1031282910E+001   0.9459946032E+000
 0.5454545   0.1710221301E+001   0.1176728623E+001   0.1030380580E+001   0.9574295566E+000
 0.5555556   0.1717436706E+001   0.1136423271E+001   0.1033708090E+001   0.1010162985E+001
 0.5656566   0.1709107562E+001   0.1136669417E+001   0.1029392074E+001   0.9274444979E+000
 0.5757576   0.1716495613E+001   0.1103007853E+001   0.1033392691E+001   0.9490414096E+000
 0.5858586   0.1719877880E+001   0.1097009120E+001   0.1031424410E+001   0.9942447840E+000
 0.5959596   0.1724811584E+001   0.1081831188E+001   0.1030240561E+001   0.1018244146E+001
 0.6060606   0.1718550570E+001   0.1101743115E+001   0.1028796113E+001   0.9664704410E+000
 0.6161616   0.1732200023E+001   0.1141277640E+001   0.1030967812E+001   0.9416507039E+000
 0.6262626   0.1739673009E+001   0.1131962952E+001   0.1030497652E+001   0.9883198562E+000
 0.6363636   0.1731335254E+001   0.1133600688E+001   0.1027963113E+001   0.9425810905E+000
 0.6464646   0.1745181525E+001   0.1149381570E+001   0.1030590334E+001   0.9765119101E+000
 0.6565657   0.1752728046E+001   0.1081029593E+001   0.1034234369E+001   0.9738590512E+000
 0.6666667   0.1752441004E+001   0.1093593303E+001   0.1032287080E+001   0.9682358704E+000
 0.6767677   0.1756593714E+001   0.1097470105E+001   0.1030935687E+001   0.9412536133E+000
 0.6868687   0.1769683763E+001   0.1115191007E+001   0.1037616105E+001   0.9824012149E+000
 0.6969697   0.1771310021E+001   0.1087806169E+001   0.1030272224E+001   0.9543418887E+000
 0.7070707   0.1782764744E+001   0.1088019388E+001   0.1031754924E+001   0.9208993125E+000
 0.7171717   0.1786137218E+001   0.1126879171E+001   0.1027040382E+001   0.9558181439E+000
 0.7272727   0.1794846912E+001   0.1143040068E+001   0.1030115965E+001   0.9760624328E+000
 0.7373737   0.1797951168E+001   0.1135662701E+001   0.1028169360E+001   0.9670142142E+000
 0.7474747   0.1809042322E+001   0.1103625377E+001   0.1027924261E+001   0.9366729264E+000
 0.7575758   0.1811937238E+001   0.1098933487E+001   0.1033912123E+001   0.9388228737E+000
 0.7676768   0.1828669912E+001   0.1139826674E+001   0.1035920522E+001   0.9539678481E+000
 0.7777778   0.1829701503E+001   0.1159334835E+001   0.1032540654E+001   0.9680954743E+000
 0.7878788   0.1838268645E+001   0.1128927150E+001   0.1031486830E+001   0.9701343619E+000
 0.7979798   0.1846832021E+001   0.1118348264E+001   0.1031793807E+001   0.9405663007E+000
 0.8080808   0.1855477217E+001   0.1139940570E+001   0.1035001057E+001   0.9453345317E+000
 0.8181818   0.1873373732E+001   0.1126472166E+001   0.1037489990E+001   0.9606523820E+000
 0.8282828   0.1883149232E+001   0.1182990235E+001   0.1036511626E+001   0.1010136792E+001
 0.8383838   0.1892607767E+001   0.1154154430E+001   0.1035059676E+001   0.9853547730E+000
 0.8484848   0.1890490213E+001   0.1098781265E+001   0.1029691462E+001   0.9313452063E+000
 0.8585859   0.1902338434E+001   0.1158729726E+001   0.1028462277E+001   0.9879101928E+000
 0.8686869   0.1912217982E+001   0.1138655320E+001   0.1034065811E+001   0.9925170730E+000
 0.8787879   0.1918735441E+001   0.1147456124E+001   0.1027628554E+001   0.9683951258E+000
 0.8888889   0.1936819965E+001   0.1130556249E+001   0.1038064973E+001   0.9713759250E+000
 0.8989899   0.1933020488E+001   0.1215268307E+001   0.1030993275E+001   0.1029389926E+001
 0.9090909   0.1963794903E+001   0.1137381406E+001   0.1034393895E+001   0.9607833486E+000
 0.9191919   0.1967485157E+001   0.1118788736E+001   0.1038270417E+001   0.9651377252E+000
 0.9292929   0.1966194344E+001   0.1082386636E+001   0.1024493300E+001   0.9427078661E+000
 0.9393939   0.1987347012E+001   0.1196406279E+001   0.1034254707E+001   0.1007543654E+001
 0.9494949   0.1986452969E+001   0.1133110015E+001   0.1029162705E+001   0.9782113323E+000
 0.9595960   0.2004570340E+001   0.1132774803E+001   0.1029140952E+001   0.9793376448E+000
 0.9696970   0.2017080050E+001   0.1144752295E+001   0.1032536211E+001   0.9711213259E+000
 0.9797980   0.2023288863E+001   0.1125186916E+001   0.1030644289E+001   0.9417229975E+000
 0.9898990   0.2043772691E+001   0.1148180528E+001   0.1033171993E+001   0.9797232104E+000
 1.0000000   0.2044189611E+001   0.1179328271E+001   0.1033025375E+001   0.1010679517E+001


 0.0000000   0.1514378407E-001   0.5985589734E+000   0.9306951654E+000   0.1060835052E+001
 0.0101010   0.1519813774E-001   0.6035297307E+000   0.9324015264E+000   0.1061120718E+001
 0.0202020   0.1472572444E-001   0.5703318170E+000   0.9313742662E+000   0.1032974018E+001
 0.0303030   0.1392706845E-001   0.6026847257E+000   0.9269117470E+000   0.1062731329E+001
 0.0404040   0.1284508475E-001   0.6152838023E+000   0.9297165315E+000   0.1106246852E+001
 0.0505051   0.1162300866E-001   0.6150591326E+000   0.9300333696E+000   0.1091597182E+001
 0.0606061   0.1031118635E-001   0.5978664398E+000   0.9386487407E+000   0.1041448771E+001
 0.0707071   0.9026390251E-002   0.6325401436E+000   0.9386292578E+000   0.1078269737E+001
 0.0808081   0.7783270231E-002   0.5915923134E+000   0.9323277842E+000   0.9940300556E+000
 0.0909091   0.6835099475E-002   0.6090476750E+000   0.9324837962E+000   0.1051311951E+001
 0.1010101   0.6051497458E-002   0.6074512378E+000   0.9336479692E+000   0.1012299066E+001
 0.1111111   0.5511491725E-002   0.6215446290E+000   0.9311052839E+000   0.1054690063E+001
 0.1212121   0.5196774258E-002   0.6471830968E+000   0.9378889896E+000   0.1043047593E+001
 0.1313131   0.5022694325E-002   0.6284428906E+000   0.9384760308E+000   0.1056415847E+001
 0.1414141   0.5055550369E-002   0.6936398465E+000   0.9424297239E+000   0.1017042026E+001
 0.1515152   0.5146563400E-002   0.6905785440E+000   0.9424342645E+000   0.1044424230E+001
 0.1616162   0.5369270331E-002   0.7221524712E+000   0.9457376530E+000   0.1039928847E+001
 0.1717172   0.5774805918E-002   0.7296382939E+000   0.9467403604E+000   0.1012160314E+001
 0.1818182   0.6283814681E-002   0.7458477600E+000   0.9439423674E+000   0.1023060960E+001
 0.1919192   0.6844317742E-002   0.7907721960E+000   0.9522657164E+000   0.1087968772E+001
 0.2020202   0.7679204204E-002   0.7468328866E+000   0.9573420370E+000   0.1074290367E+001
 0.2121212   0.8608125214E-002   0.8447294930E+000   0.9566091121E+000   0.1071791924E+001
 0.2222222   0.9682292431E-002   0.8126972017E+000   0.9564215078E+000   0.1018921979E+001
 0.2323232   0.1111495541E-001   0.8356377333E+000   0.9655166954E+000   0.1038300099E+001
 0.2424242   0.1281735648E-001   0.9169881066E+000   0.9575700954E+000   0.1063272734E+001
 0.2525253   0.1496315571E-001   0.9081704154E+000   0.9577209913E+000   0.1018713398E+001
 0.2626263   0.1733383880E-001   0.8348497270E+000   0.9638052767E+000   0.1025585702E+001
 0.2727273   0.2050589083E-001   0.9961492567E+000   0.9709621719E+000   0.1055226933E+001
 0.2828283   0.2401095201E-001   0.9549843567E+000   0.9700389346E+000   0.1060418796E+001
 0.2929293   0.2845346968E-001   0.1048675413E+001   0.9708911982E+000   0.1037574598E+001
 0.3030303   0.3374232098E-001   0.1011434870E+001   0.9750650719E+000   0.1029090776E+001
 0.3131313   0.4026543719E-001   0.1016765193E+001   0.9795877118E+000   0.1041565758E+001
 0.3232323   0.4832529649E-001   0.9886064354E+000   0.9770054428E+000   0.1053120261E+001
 0.3333333   0.5823680113E-001   0.1050969133E+001   0.9870517773E+000   0.1029604975E+001
 0.3434343   0.7062316001E-001   0.1057422805E+001   0.9812170127E+000   0.9751235115E+000
 0.3535354   0.8510309970E-001   0.1076365357E+001   0.9890629831E+000   0.1043456594E+001
 0.3636364   0.1032940723E+000   0.1097986845E+001   0.9892425116E+000   0.1011536384E+001
 0.3737374   0.1242700442E+000   0.1105857408E+001   0.9949627092E+000   0.1024964492E+001
 0.3838384   0.1527730364E+000   0.1139460487E+001   0.9958522464E+000   0.1006431580E+001
 0.3939394   0.1860323627E+000   0.1099339613E+001   0.1000933791E+001   0.1031518482E+001
 0.4040404   0.2280778531E+000   0.1161879006E+001   0.9962482125E+000   0.1003298325E+001
 0.4141414   0.2803533165E+000   0.1089478371E+001   0.1005657011E+001   0.9679065949E+000
 0.4242424   0.3453113449E+000   0.1102102622E+001   0.1008337582E+001   0.9640632557E+000
 0.4343434   0.4238549454E+000   0.1169365779E+001   0.1012636975E+001   0.9826523933E+000
 0.4444444   0.5232633725E+000   0.1160435991E+001   0.1010983561E+001   0.9868131389E+000
 0.4545455   0.6456666788E+000   0.1123902231E+001   0.1017133042E+001   0.1053549213E+001
 0.4646465   0.8028327124E+000   0.1130828992E+001   0.1026211271E+001   0.9723765851E+000
 0.4747475   0.9905774573E+000   0.1135681952E+001   0.1021821460E+001   0.9735265034E+000
 0.4848485   0.1239396521E+001   0.1099741453E+001   0.1028288832E+001   0.9986206602E+000
 0.4949495   0.1534506848E+001   0.1117835200E+001   0.1027356186E+001   0.1021774103E+001
 0.5050505   0.1710814232E+001   0.1111923965E+001   0.1033236132E+001   0.9805638587E+000
 0.5151515   0.1713015003E+001   0.1089264151E+001   0.1031929635E+001   0.9766497832E+000
 0.5252525   0.1718382042E+001   0.1132659124E+001   0.1036219722E+001   0.9383623991E+000
 0.5353535   0.1713207726E+001   0.1097073441E+001   0.1031840590E+001   0.9465197458E+000
 0.5454545   0.1710185192E+001   0.1172618977E+001   0.1028827576E+001   0.9560002241E+000
 0.5555556   0.1716379752E+001   0.1131781344E+001   0.1031381077E+001   0.1007903440E+001
 0.5656566   0.1708763033E+001   0.1132495252E+001   0.1030174515E+001   0.9281627684E+000
 0.5757576   0.1713548190E+001   0.1097291461E+001   0.1033799898E+001   0.9494290030E+000
 0.5858586   0.1720891008E+001   0.1093844943E+001   0.1033508685E+001   0.9962682247E+000
 0.5959596   0.1724465917E+001   0.1077859671E+001   0.1030591361E+001   0.1018605479E+001
 0.6060606   0.1721566034E+001   0.1099845001E+001   0.1030253140E+001   0.9678530892E+000
 0.6161616   0.1733683937E+001   0.1138290115E+001   0.1030332496E+001   0.9410839330E+000
 0.6262626   0.1739285102E+001   0.1127781939E+001   0.1028791781E+001   0.9866979657E+000
 0.6363636   0.1733711707E+001   0.1131216108E+001   0.1030319119E+001   0.9447549657E+000
 0.6464646   0.1744712641E+001   0.1145083879E+001   0.1032504099E+001   0.9783392926E+000
 0.6565657   0.1751563338E+001   0.1076561052E+001   0.1037959477E+001   0.9773807250E+000
 0.6666667   0.1753912213E+001   0.1090711917E+001   0.1033992214E+001   0.9698491225E+000
 0.6767677   0.1757212139E+001   0.1094045388E+001   0.1029827201E+001   0.9402550486E+000
 0.6868687   0.1770814610E+001   0.1112029887E+001   0.1037083000E+001   0.9819105690E+000
 0.6969697   0.1771817299E+001   0.1084340418E+001   0.1030988396E+001   0.9550189846E+000
 0.7070707   0.1785536718E+001   0.1085928305E+001   0.1031794291E+001   0.9209476655E+000
 0.7171717   0.1784842496E+001   0.1122153322E+001   0.1029828881E+001   0.9584270234E+000
 0.7272727   0.1794727625E+001   0.1138996423E+001   0.1029938156E+001   0.9759079589E+000
 0.7373737   0.1798532496E+001   0.1132086287E+001   0.1028981917E+001   0.9677923285E+000
 0.7474747   0.1808864047E+001   0.1099685879E+001   0.1027844780E+001   0.9366139428E+000
 0.7575758   0.1812283372E+001   0.1095327858E+001   0.1036327399E+001   0.9410295205E+000
 0.7676768   0.1827250889E+001   0.1134988468E+001   0.1035906714E+001   0.9539688226E+000
 0.7777778   0.1832018541E+001   0.1156773352E+001   0.1034368146E+001   0.9698228232E+000
 0.7878788   0.1838373880E+001   0.1125072603E+001   0.1031648932E+001   0.9703007466E+000
 0.7979798   0.1845321638E+001   0.1113554601E+001   0.1030591966E+001   0.9394842043E+000
 0.8080808   0.1856811166E+001   0.1136800075E+001   0.1035553059E+001   0.9458522853E+000
 0.8181818   0.1870559052E+001   0.1120875128E+001   0.1036663304E+001   0.9599006964E+000
 0.8282828   0.1882852549E+001   0.1178697883E+001   0.1037064671E+001   0.1010690269E+001
 0.8383838   0.1890550285E+001   0.1148897564E+001   0.1034378112E+001   0.9847200699E+000
 0.8484848   0.1891916986E+001   0.1095793347E+001   0.1030951789E+001   0.9324985410E+000
 0.8585859   0.1903439954E+001   0.1155375935E+001   0.1029225723E+001   0.9886577241E+000
 0.8686869   0.1909692410E+001   0.1133203936E+001   0.1034716456E+001   0.9931558274E+000
 0.8787879   0.1919626288E+001   0.1144003755E+001   0.1026457375E+001   0.9673053363E+000
 0.8888889   0.1935336048E+001   0.1125768462E+001   0.1036527017E+001   0.9699506926E+000
 0.8989899   0.1935345323E+001   0.1212506157E+001   0.1029568047E+001   0.1027981667E+001
 0.9090909   0.1962535364E+001   0.1132706147E+001   0.1033725595E+001   0.9601763866E+000
 0.9191919   0.1963759302E+001   0.1112793669E+001   0.1036729902E+001   0.9637195499E+000
 0.9292929   0.1968774376E+001   0.1080044620E+001   0.1027195047E+001   0.9452074967E+000
 0.9393939   0.1985845108E+001   0.1191352058E+001   0.1033246340E+001   0.1006575774E+001
 0.9494949   0.1988798437E+001   0.1130509799E+001   0.1030834877E+001   0.9798147793E+000
 0.9595960   0.2003771735E+001   0.1128392775E+001   0.1029158708E+001   0.9793685965E+000
 0.9696970   0.2018432521E+001   0.1141543313E+001   0.1032798275E+001   0.9713817424E+000
 0.9797980   0.2022437443E+001   0.1120809104E+001   0.1029621436E+001   0.9408018947E+000
 0.9898990   0.2044200224E+001   0.1144434095E+001   0.1032418847E+001   0.9790230769E+000
 1.0000000   0.2044281154E+001   0.1175286989E+001   0.1032950167E+001   0.1010620439E+001


 0.0000000   0.1513878307E-001   0.5986609771E+000   0.9326324712E+000   0.1063064046E+001
 0.0101010   0.1512899828E-001   0.6010850319E+000   0.9316282405E+000   0.1060261417E+001
 0.0202020   0.1467720442E-001   0.5687373116E+000   0.9318254690E+000   0.1033494655E+001
 0.0303030   0.1385910986E-001   0.6000442234E+000   0.9257294279E+000   0.1061396526E+001
 0.0404040   0.1277518596E-001   0.6122420939E+000   0.9283911728E+000   0.1104691447E+001
 0.0505051   0.1160427975E-001   0.6143755826E+000   0.9317233367E+000   0.1093602118E+001
 0.0606061   0.1027791349E-001   0.5962356572E+000   0.9389162963E+000   0.1041766006E+001
 0.0707071   0.8968227854E-002   0.6287790562E+000   0.9361423697E+000   0.1075433908E+001
 0.0808081   0.7772522358E-002   0.5910712566E+000   0.9318268333E+000   0.9935153840E+000
 0.0909091   0.6802494608E-002   0.6064459547E+000   0.9300387633E+000   0.1048575852E+001
 0.1010101   0.6033936093E-002   0.6059917607E+000   0.9326559742E+000   0.1011243284E+001
 0.1111111   0.5491432958E-002   0.6195926984E+000   0.9312732492E+000   0.1054900955E+001
 0.1212121   0.5180078272E-002   0.6454269313E+000   0.9362061474E+000   0.1041196431E+001
 0.1313131   0.5009504745E-002   0.6271065091E+000   0.9390877535E+000   0.1057125123E+001
 0.1414141   0.5027772543E-002   0.6901741050E+000   0.9428047007E+000   0.1017466591E+001
 0.1515152   0.5121941351E-002   0.6876188949E+000   0.9424039766E+000   0.1044411093E+001
 0.1616162   0.5354036839E-002   0.7204642465E+000   0.9473869415E+000   0.1041762774E+001
 0.1717172   0.5769940923E-002   0.7293887153E+000   0.9472348931E+000   0.1012708827E+001
 0.1818182   0.6268246098E-002   0.7443724776E+000   0.9448299370E+000   0.1024042953E+001
 0.1919192   0.6828773734E-002   0.7893714190E+000   0.9513778715E+000   0.1086975666E+001
 0.2020202   0.7648765212E-002   0.7442451177E+000   0.9569730143E+000   0.1073897269E+001
 0.2121212   0.8610139383E-002   0.8453502994E+000   0.9577080045E+000   0.1073044120E+001
 0.2222222   0.9682056417E-002   0.8130843931E+000   0.9557389307E+000   0.1018214713E+001
 0.2323232   0.1110099728E-001   0.8350063163E+000   0.9634566271E+000   0.1036105002E+001
 0.2424242   0.1280825998E-001   0.9167962350E+000   0.9565725520E+000   0.1062185851E+001
 0.2525253   0.1499942413E-001   0.9108276116E+000   0.9589742622E+000   0.1020066435E+001
 0.2626263   0.1732944440E-001   0.8350560794E+000   0.9627428234E+000   0.1024475183E+001
 0.2727273   0.2049630702E-001   0.9961823415E+000   0.9698507991E+000   0.1054039727E+001
 0.2828283   0.2401674857E-001   0.9556932890E+000   0.9674660077E+000   0.1057626833E+001
 0.2929293   0.2840619375E-001   0.1047457341E+001   0.9699635207E+000   0.1036603481E+001
 0.3030303   0.3372050476E-001   0.1011287138E+001   0.9763059566E+000   0.1030420569E+001
 0.3131313   0.4025323151E-001   0.1016966039E+001   0.9788891678E+000   0.1040843376E+001
 0.3232323   0.4838903039E-001   0.9904060231E+000   0.9757114957E+000   0.1051746079E+001
 0.3333333   0.5827045008E-001   0.1052103024E+001   0.9855861023E+000   0.1028096221E+001
 0.3434343   0.7045004912E-001   0.1055359136E+001   0.9818325983E+000   0.9757543596E+000
 0.3535354   0.8516055862E-001   0.1077631509E+001   0.9884152766E+000   0.1042793663E+001
 0.3636364   0.1033213475E+000   0.1098826806E+001   0.9912696508E+000   0.1013629033E+001
 0.3737374   0.1243142157E+000   0.1106804511E+001   0.9955348419E+000   0.1025573936E+001
 0.3838384   0.1528566140E+000   0.1140654824E+001   0.9958797450E+000   0.1006479058E+001
 0.3939394   0.1863500964E+000   0.1101768735E+001   0.1001437131E+001   0.1032057389E+001
 0.4040404   0.2274954028E+000   0.1159492277E+001   0.9958565022E+000   0.1002923459E+001
 0.4141414   0.2800379517E+000   0.1088797849E+001   0.1004645757E+001   0.9669522143E+000
 0.4242424   0.3450209902E+000   0.1101727406E+001   0.1007215866E+001   0.9630096289E+000
 0.4343434   0.4239299526E+000   0.1170158455E+001   0.1011221698E+001   0.9812982165E+000
 0.4444444   0.5231843345E+000   0.1160841786E+001   0.1011017432E+001   0.9868655027E+000
 0.4545455   0.6450328752E+000   0.1123361294E+001   0.1015985426E+001   0.1052381094E+001
 0.4646465   0.8031907449E+000   0.1131899888E+001   0.1027009625E+001   0.9731520916E+000
 0.4747475   0.9902043475E+000   0.1135822740E+001   0.1021395776E+001   0.9731399730E+000
 0.4848485   0.1239215608E+001   0.1100131613E+001   0.1027773627E+001   0.9981398429E+000
 0.4949495   0.1532347509E+001   0.1116821238E+001   0.1025520839E+001   0.1019968678E+001
 0.5050505   0.1709116431E+001   0.1111376814E+001   0.1031590783E+001   0.9790215350E+000
 0.5151515   0.1710987070E+001   0.1088519513E+001   0.1031601871E+001   0.9763586739E+000
 0.5252525   0.1719356987E+001   0.1133869327E+001   0.1035210526E+001   0.9374668455E+000
 0.5353535   0.1712030013E+001   0.1096868332E+001   0.1030717420E+001   0.9455079425E+000
 0.5454545   0.1712211994E+001   0.1174596652E+001   0.1027596334E+001   0.9548748147E+000
 0.5555556   0.1716454572E+001   0.1132397519E+001   0.1031565058E+001   0.1008102950E+001
 0.5656566   0.1712128944E+001   0.1135294323E+001   0.1029203229E+001   0.9273058009E+000
 0.5757576   0.1713397830E+001   0.1097744669E+001   0.1031601265E+001   0.9474283371E+000
 0.5858586   0.1720134474E+001   0.1093911643E+001   0.1032966865E+001   0.9957654047E+000
 0.5959596   0.1723998550E+001   0.1078107211E+001   0.1031996190E+001   0.1020013921E+001
 0.6060606   0.1723933663E+001   0.1101909168E+001   0.1028700445E+001   0.9664133405E+000
 0.6161616   0.1732485671E+001   0.1138073046E+001   0.1030641283E+001   0.9413843859E+000
 0.6262626   0.1738699605E+001   0.1127966914E+001   0.1030535866E+001   0.9883900229E+000
 0.6363636   0.1735583215E+001   0.1133004376E+001   0.1030136860E+001   0.9446063185E+000
 0.6464646   0.1743508339E+001   0.1144866556E+001   0.1032531187E+001   0.9783840964E+000
 0.6565657   0.1749566869E+001   0.1075872509E+001   0.1038749900E+001   0.9781441481E+000
 0.6666667   0.1753730576E+001   0.1091145151E+001   0.1034622550E+001   0.9704593380E+000
 0.6767677   0.1760049924E+001   0.1096361001E+001   0.1031074041E+001   0.9414118547E+000
 0.6868687   0.1769715702E+001   0.1111896375E+001   0.1035947514E+001   0.9808546756E+000
 0.6969697   0.1773422707E+001   0.1085866464E+001   0.1031385602E+001   0.9554056095E+000
 0.7070707   0.1786127048E+001   0.1086831362E+001   0.1033373371E+001   0.9223751453E+000
 0.7171717   0.1783967425E+001   0.1122164870E+001   0.1029971238E+001   0.9585782597E+000
 0.7272727   0.1795909755E+001   0.1140317447E+001   0.1029780637E+001   0.9757777889E+000
 0.7373737   0.1801290506E+001   0.1134390153E+001   0.1029963466E+001   0.9687344569E+000
 0.7474747   0.1810040646E+001   0.1100952282E+001   0.1029246485E+001   0.9379095785E+000
 0.7575758   0.1812772306E+001   0.1096172070E+001   0.1036802909E+001   0.9414797189E+000
 0.7676768   0.1825703947E+001   0.1134595531E+001   0.1034990227E+001   0.9531434703E+000
 0.7777778   0.1831049564E+001   0.1156740545E+001   0.1034127206E+001   0.9696158833E+000
 0.7878788   0.1839339510E+001   0.1126227313E+001   0.1031604959E+001   0.9702783669E+000
 0.7979798   0.1844639589E+001   0.1113700499E+001   0.1031714151E+001   0.9405255809E+000
 0.8080808   0.1856074837E+001   0.1136918373E+001   0.1035574185E+001   0.9458900825E+000
 0.8181818   0.1867789768E+001   0.1119776240E+001   0.1037054089E+001   0.9602813274E+000
 0.8282828   0.1882971901E+001   0.1179362947E+001   0.1038232724E+001   0.1011848407E+001
 0.8383838   0.1888262874E+001   0.1148082182E+001   0.1034534009E+001   0.9848877467E+000
 0.8484848   0.1892369451E+001   0.1096604334E+001   0.1031372502E+001   0.9328973243E+000
 0.8585859   0.1907677837E+001   0.1158528222E+001   0.1032306217E+001   0.9916361927E+000
 0.8686869   0.1909230024E+001   0.1133496947E+001   0.1034920148E+001   0.9933707687E+000
 0.8787879   0.1919699380E+001   0.1144620271E+001   0.1027897200E+001   0.9686811350E+000
 0.8888889   0.1937105689E+001   0.1127362165E+001   0.1038467901E+001   0.9717859211E+000
 0.8989899   0.1935743480E+001   0.1213362972E+001   0.1031509900E+001   0.1029940673E+001
 0.9090909   0.1960074230E+001   0.1131852233E+001   0.1032945968E+001   0.9594709968E+000
 0.9191919   0.1962015589E+001   0.1112362377E+001   0.1036096289E+001   0.9631493967E+000
 0.9292929   0.1968519546E+001   0.1080445656E+001   0.1029741151E+001   0.9475689129E+000
 0.9393939   0.1986353253E+001   0.1192253706E+001   0.1034796228E+001   0.1008105374E+001
 0.9494949   0.1989364728E+001   0.1131398039E+001   0.1031726846E+001   0.9806817836E+000
 0.9595960   0.2005702256E+001   0.1130045578E+001   0.1029571905E+001   0.9797809674E+000
 0.9696970   0.2017452115E+001   0.1141560260E+001   0.1033282529E+001   0.9718562090E+000
 0.9797980   0.2021060635E+001   0.1120607031E+001   0.1030630452E+001   0.9417422886E+000
 0.9898990   0.2045682240E+001   0.1145837359E+001   0.1032633871E+001   0.9792461331E+000
 1.0000000   0.2044562205E+001   0.1176037252E+001   0.1034689566E+001   0.1012342038E+001


 0.0000000   0.1513697247E-001   0.5984537594E+000   0.9307711314E+000   0.1060956685E+001
 0.0101010   0.1515278028E-001   0.6018935088E+000   0.9316695689E+000   0.1060322737E+001
 0.0202020   0.1464510924E-001   0.5673650602E+000   0.9307196963E+000   0.1032282141E+001
 0.0303030   0.1389079323E-001   0.6012797287E+000   0.9272501387E+000   0.1063154422E+001
 0.0404040   0.1277996419E-001   0.6123323244E+000   0.9294787734E+000   0.1106000482E+001
 0.0505051   0.1160328838E-001   0.6141839132E+000   0.9299870542E+000   0.1091578877E+001
 0.0606061   0.1028480803E-001   0.5965004433E+000   0.9381258268E+000   0.1040902970E+001
 0.0707071   0.8967369465E-002   0.6285764288E+000   0.9343809190E+000   0.1073424827E+001
 0.0808081   0.7774154719E-002   0.5910614488E+000   0.9319539896E+000   0.9936643448E+000
 0.0909091   0.6800878778E-002   0.6061645372E+000   0.9285089316E+000   0.1046865141E+001
 0.1010101   0.6041299821E-002   0.6065938416E+000   0.9326984360E+000   0.1011302948E+001
 0.1111111   0.5492218366E-002   0.6195409186E+000   0.9315384029E+000   0.1055215524E+001
 0.1212121   0.5182280396E-002   0.6455550196E+000   0.9364042466E+000   0.1041430776E+001
 0.1313131   0.5005697883E-002   0.6264879825E+000   0.9389726339E+000   0.1057009773E+001
 0.1414141   0.5028970749E-002   0.6901821806E+000   0.9414136298E+000   0.1015979046E+001
 0.1515152   0.5134193580E-002   0.6891075910E+000   0.9421751696E+000   0.1044171586E+001
 0.1616162   0.5359962136E-002   0.7210981711E+000   0.9463073277E+000   0.1040589631E+001
 0.1717172   0.5773650019E-002   0.7296922305E+000   0.9473854700E+000   0.1012883458E+001
 0.1818182   0.6279532749E-002   0.7455438497E+000   0.9446321126E+000   0.1023842336E+001
 0.1919192   0.6853488153E-002   0.7920487904E+000   0.9526922225E+000   0.1088492012E+001
 0.2020202   0.7642470371E-002   0.7434641336E+000   0.9579352222E+000   0.1074991523E+001
 0.2121212   0.8631083273E-002   0.8472145965E+000   0.9558359169E+000   0.1070961006E+001
 0.2222222   0.9693730224E-002   0.8138803050E+000   0.9560903334E+000   0.1018602809E+001
 0.2323232   0.1110385940E-001   0.8350323723E+000   0.9638625321E+000   0.1036555478E+001
 0.2424242   0.1280249852E-001   0.9161762193E+000   0.9572171743E+000   0.1062915965E+001
 0.2525253   0.1500705524E-001   0.9110845400E+000   0.9585326615E+000   0.1019610438E+001
 0.2626263   0.1737009184E-001   0.8368251262E+000   0.9625409625E+000   0.1024274177E+001
 0.2727273   0.2048677635E-001   0.9954935298E+000   0.9691034616E+000   0.1053241705E+001
 0.2828283   0.2403321586E-001   0.9561318955E+000   0.9669802981E+000   0.1057110100E+001
 0.2929293   0.2845574783E-001   0.1049046882E+001   0.9716197910E+000   0.1038387532E+001
 0.3030303   0.3380408922E-001   0.1013564171E+001   0.9751318752E+000   0.1029195276E+001
 0.3131313   0.4030989839E-001   0.1018166952E+001   0.9804129697E+000   0.1042477664E+001
 0.3232323   0.4846614406E-001   0.9917596063E+000   0.9755440677E+000   0.1051579771E+001
 0.3333333   0.5828770514E-001   0.1052176135E+001   0.9861908366E+000   0.1028740898E+001
 0.3434343   0.7052467131E-001   0.1056237636E+001   0.9813952973E+000   0.9753329054E+000
 0.3535354   0.8512930050E-001   0.1076991904E+001   0.9874292078E+000   0.1041767380E+001
 0.3636364   0.1031816532E+000   0.1097092536E+001   0.9899093540E+000   0.1012251690E+001
 0.3737374   0.1243242576E+000   0.1106643136E+001   0.9944848771E+000   0.1024506092E+001
 0.3838384   0.1528433467E+000   0.1140297413E+001   0.9961686592E+000   0.1006784610E+001
 0.3939394   0.1865356924E+000   0.1102616177E+001   0.1001394822E+001   0.1032027689E+001
 0.4040404   0.2278188678E+000   0.1160877833E+001   0.9947624675E+000   0.1001835158E+001
 0.4141414   0.2800761507E+000   0.1088699654E+001   0.1004521708E+001   0.9668458451E+000
 0.4242424   0.3447673888E+000   0.1100668175E+001   0.1006451614E+001   0.9622918837E+000
 0.4343434   0.4238627879E+000   0.1169707991E+001   0.1012275394E+001   0.9823339667E+000
 0.4444444   0.5231211679E+000   0.1160438660E+001   0.1010924750E+001   0.9867883284E+000
 0.4545455   0.6455985111E+000   0.1124091646E+001   0.1017114900E+001   0.1053565222E+001
 0.4646465   0.8025953078E+000   0.1130804509E+001   0.1028999580E+001   0.9750508273E+000
 0.4747475   0.9900793809E+000   0.1135422094E+001   0.1021050389E+001   0.9728240100E+000
 0.4848485   0.1240633836E+001   0.1101141131E+001   0.1029062254E+001   0.9994047789E+000
 0.4949495   0.1531896104E+001   0.1116239285E+001   0.1025481614E+001   0.1019943407E+001
 0.5050505   0.1707784350E+001   0.1110259010E+001   0.1030795738E+001   0.9782801850E+000
 0.5151515   0.1711215810E+001   0.1088418386E+001   0.1031246961E+001   0.9760359195E+000
 0.5252525   0.1717921474E+001   0.1132665967E+001   0.1036355801E+001   0.9385166284E+000
 0.5353535   0.1712350821E+001   0.1096825312E+001   0.1030794204E+001   0.9455911172E+000
 0.5454545   0.1710893116E+001   0.1173425972E+001   0.1028302436E+001   0.9555438202E+000
 0.5555556   0.1718132762E+001   0.1133247862E+001   0.1033866683E+001   0.1010365838E+001
 0.5656566   0.1710972490E+001   0.1134270450E+001   0.1027305745E+001   0.9256086487E+000
 0.5757576   0.1713803271E+001   0.1097755661E+001   0.1032951974E+001   0.9486816169E+000
 0.5858586   0.1719061037E+001   0.1092981311E+001   0.1032885060E+001   0.9956999598E+000
 0.5959596   0.1725849804E+001   0.1079020377E+001   0.1032591315E+001   0.1020615886E+001
 0.6060606   0.1725463957E+001   0.1102637433E+001   0.1028202862E+001   0.9659588986E+000
 0.6161616   0.1731811403E+001   0.1137372373E+001   0.1030128658E+001   0.9409288320E+000
 0.6262626   0.1739750034E+001   0.1128392661E+001   0.1030670444E+001   0.9885324142E+000
 0.6363636   0.1735655175E+001   0.1132794644E+001   0.1031273840E+001   0.9456616368E+000
 0.6464646   0.1745328459E+001   0.1145802075E+001   0.1031104092E+001   0.9770450029E+000
 0.6565657   0.1749557116E+001   0.1075622761E+001   0.1038776144E+001   0.9781820393E+000
 0.6666667   0.1754507153E+001   0.1091381003E+001   0.1035207440E+001   0.9710210367E+000
 0.6767677   0.1759577940E+001   0.1095818667E+001   0.1029338369E+001   0.9398397781E+000
 0.6868687   0.1767217619E+001   0.1110075294E+001   0.1036731926E+001   0.9816105964E+000
 0.6969697   0.1772282503E+001   0.1084922458E+001   0.1031185008E+001   0.9552326620E+000
 0.7070707   0.1786800111E+001   0.1086994583E+001   0.1034263282E+001   0.9231819049E+000
 0.7171717   0.1784255254E+001   0.1122091642E+001   0.1030991680E+001   0.9595408956E+000
 0.7272727   0.1798341500E+001   0.1141602787E+001   0.1031576706E+001   0.9774928382E+000
 0.7373737   0.1799796439E+001   0.1133192444E+001   0.1029434193E+001   0.9682496924E+000
 0.7474747   0.1809973641E+001   0.1100662102E+001   0.1029989725E+001   0.9385995070E+000
 0.7575758   0.1811995791E+001   0.1095454271E+001   0.1036573781E+001   0.9412843377E+000
 0.7676768   0.1822755477E+001   0.1132506544E+001   0.1033159581E+001   0.9514704094E+000
 0.7777778   0.1829441379E+001   0.1155462752E+001   0.1033485847E+001   0.9690275881E+000
 0.7878788   0.1840522481E+001   0.1126696320E+001   0.1032468777E+001   0.9711039154E+000
 0.7979798   0.1848130413E+001   0.1115555283E+001   0.1032952835E+001   0.9416674695E+000
 0.8080808   0.1855259562E+001   0.1136161515E+001   0.1034628820E+001   0.9450393202E+000
 0.8181818   0.1868830430E+001   0.1120146297E+001   0.1037459788E+001   0.9606699348E+000
 0.8282828   0.1883062833E+001   0.1179152688E+001   0.1038114094E+001   0.1011746421E+001
 0.8383838   0.1887724192E+001   0.1147494620E+001   0.1033958231E+001   0.9843528605E+000
 0.8484848   0.1892546153E+001   0.1096458259E+001   0.1031879738E+001   0.9333687036E+000
 0.8585859   0.1906434706E+001   0.1157510963E+001   0.1031954571E+001   0.9913117556E+000
 0.8686869   0.1909406748E+001   0.1133345035E+001   0.1034357706E+001   0.9928442828E+000
 0.8787879   0.1919166194E+001   0.1144043103E+001   0.1028431496E+001   0.9691977074E+000
 0.8888889   0.1937796371E+001   0.1127508620E+001   0.1038261942E+001   0.9716062760E+000
 0.8989899   0.1936431818E+001   0.1213519436E+001   0.1032015653E+001   0.1030459539E+001
 0.9090909   0.1958060596E+001   0.1130433280E+001   0.1032533789E+001   0.9591010573E+000
 0.9191919   0.1963070736E+001   0.1112708436E+001   0.1036937498E+001   0.9639443668E+000
 0.9292929   0.1972750182E+001   0.1082522377E+001   0.1030785561E+001   0.9485427589E+000
 0.9393939   0.1981770537E+001   0.1189233560E+001   0.1033629551E+001   0.1006982356E+001
 0.9494949   0.1988393844E+001   0.1130589667E+001   0.1031689686E+001   0.9806596734E+000
 0.9595960   0.2003549194E+001   0.1128576757E+001   0.1029377489E+001   0.9796091507E+000
 0.9696970   0.2018315931E+001   0.1141790299E+001   0.1033733316E+001   0.9722932961E+000
 0.9797980   0.2022350048E+001   0.1121067916E+001   0.1031891210E+001   0.9429070136E+000
 0.9898990   0.2044511618E+001   0.1144922209E+001   0.1032795773E+001   0.9794128593E+000
 1.0000000   0.2047149324E+001   0.1177258586E+001   0.1035462307E+001   0.1013111737E+001


