# Lambda, (Probability, Probability_biased(/observed)) per Fractional
 0.0000000   0.1475014416E-001   0.9303759982E+000   0.9145756802E+000   0.1021603160E+001
 0.0101010   0.1483196325E-001   0.8788984010E+000   0.9332064351E+000   0.9925438331E+000
 0.0202020   0.1437632126E-001   0.8988838211E+000   0.9329476757E+000   0.1022592549E+001
 0.0303030   0.1369695545E-001   0.8963017255E+000   0.9218743405E+000   0.1000049363E+001
 0.0404040   0.1237109382E-001   0.8721004475E+000   0.9152070586E+000   0.9905650542E+000
 0.0505051   0.1127366547E-001   0.8985786643E+000   0.9168002654E+000   0.9990227385E+000
 0.0606061   0.9796008495E-002   0.8560773705E+000   0.9182372224E+000   0.9876766752E+000
 0.0707071   0.8731193475E-002   0.9034611724E+000   0.9231005624E+000   0.1000182346E+001
 0.0808081   0.7441705877E-002   0.8660020071E+000   0.9271005460E+000   0.1033699244E+001
 0.0909091   0.6650314238E-002   0.9085737217E+000   0.9371958577E+000   0.1034901406E+001
 0.1010101   0.5804600370E-002   0.8995880290E+000   0.9277882405E+000   0.1009565588E+001
 0.1111111   0.5324224627E-002   0.9080995551E+000   0.9345387641E+000   0.1008677265E+001
 0.1212121   0.5049544586E-002   0.9098835484E+000   0.9176065283E+000   0.9866128155E+000
 0.1313131   0.4712910519E-002   0.8980340769E+000   0.9428308466E+000   0.1033475834E+001
 0.1414141   0.4934929365E-002   0.9247892822E+000   0.9307149478E+000   0.1015597672E+001
 0.1515152   0.5126529803E-002   0.9621733320E+000   0.9375934340E+000   0.9989642262E+000
 0.1616162   0.5221430230E-002   0.8743445233E+000   0.9351158096E+000   0.1021895721E+001
 0.1717172   0.5432269579E-002   0.9103389362E+000   0.9391407869E+000   0.1007427230E+001
 0.1818182   0.6027655192E-002   0.9313102473E+000   0.9533616766E+000   0.1018794570E+001
 0.1919192   0.6445953317E-002   0.9184889689E+000   0.9502618006E+000   0.1024071314E+001
 0.2020202   0.7310719362E-002   0.9247986717E+000   0.9458483617E+000   0.1019613742E+001
 0.2121212   0.8159925912E-002   0.9270192739E+000   0.9477244286E+000   0.1021411665E+001
 0.2222222   0.9238432141E-002   0.9413569466E+000   0.9551505510E+000   0.1021853167E+001
 0.2323232   0.1049648590E-001   0.9617601967E+000   0.9592468929E+000   0.1031183216E+001
 0.2424242   0.1187016091E-001   0.9724453779E+000   0.9722593581E+000   0.1034837574E+001
 0.2525253   0.1377513245E-001   0.9596710467E+000   0.9619521361E+000   0.1003916493E+001
 0.2626263   0.1630710065E-001   0.9505632912E+000   0.9682601643E+000   0.1006044212E+001
 0.2727273   0.1891527704E-001   0.9909472667E+000   0.9709058505E+000   0.1018991384E+001
 0.2828283   0.2236640338E-001   0.9673656916E+000   0.9771682573E+000   0.1022938304E+001
 0.2929293   0.2638203877E-001   0.9761307325E+000   0.9608255659E+000   0.9927778823E+000
 0.3030303   0.3216715633E-001   0.1030894633E+001   0.9558368149E+000   0.1021140381E+001
 0.3131313   0.3859870731E-001   0.1012904469E+001   0.9756630476E+000   0.1005650584E+001
 0.3232323   0.4666626603E-001   0.9872525226E+000   0.9866274138E+000   0.1011331595E+001
 0.3333333   0.5643320457E-001   0.1014542926E+001   0.9865549523E+000   0.1031832171E+001
 0.3434343   0.6591107389E-001   0.9666427048E+000   0.9807762041E+000   0.1006905939E+001
 0.3535354   0.8121639152E-001   0.1015754163E+001   0.9890534761E+000   0.9952779525E+000
 0.3636364   0.1000721405E+000   0.1075325457E+001   0.9825506744E+000   0.9746656715E+000
 0.3737374   0.1221361848E+000   0.1005477423E+001   0.9873486785E+000   0.1027230978E+001
 0.3838384   0.1475385485E+000   0.9897078608E+000   0.9908155394E+000   0.1011023076E+001
 0.3939394   0.1797405144E+000   0.9966795189E+000   0.1011848022E+001   0.1005911230E+001
 0.4040404   0.2209664399E+000   0.9996794446E+000   0.9870746278E+000   0.9758837908E+000
 0.4141414   0.2694630740E+000   0.1009571218E+001   0.1005902629E+001   0.9945226121E+000
 0.4242424   0.3426187881E+000   0.1006594766E+001   0.9943185898E+000   0.9952407174E+000
 0.4343434   0.4143064471E+000   0.1034091737E+001   0.1010693880E+001   0.9590801274E+000
 0.4444444   0.5185223696E+000   0.1044532793E+001   0.1014191506E+001   0.9857510892E+000
 0.4545455   0.6408458615E+000   0.1040805186E+001   0.1027609604E+001   0.1020209504E+001
 0.4646465   0.7897321749E+000   0.1035021291E+001   0.1044941703E+001   0.1027385237E+001
 0.4747475   0.9855907250E+000   0.1069039228E+001   0.1029944507E+001   0.1028486332E+001
 0.4848485   0.1215111583E+001   0.1024026259E+001   0.1016326026E+001   0.9985918753E+000
 0.4949495   0.1531498321E+001   0.1022242266E+001   0.1037126649E+001   0.1012161405E+001
 0.5050505   0.1710203917E+001   0.1037772397E+001   0.1043179694E+001   0.1004980353E+001
 0.5151515   0.1716008351E+001   0.1047260425E+001   0.1042996804E+001   0.1005049504E+001
 0.5252525   0.1718414067E+001   0.1036561159E+001   0.1019701807E+001   0.9765752996E+000
 0.5353535   0.1752770084E+001   0.1056124055E+001   0.1022596043E+001   0.9873415594E+000
 0.5454545   0.1676897263E+001   0.1009322398E+001   0.1040212179E+001   0.1043263343E+001
 0.5555556   0.1725672904E+001   0.1047363709E+001   0.1024540984E+001   0.9767880715E+000
 0.5656566   0.1733578584E+001   0.1048213453E+001   0.1039012951E+001   0.9969907665E+000
 0.5757576   0.1706282255E+001   0.1015242439E+001   0.1035612673E+001   0.9845755242E+000
 0.5858586   0.1721426469E+001   0.1030800739E+001   0.1040809713E+001   0.1001522809E+001
 0.5959596   0.1750826554E+001   0.1061696687E+001   0.1036711212E+001   0.1007368718E+001
 0.6060606   0.1724733500E+001   0.1042636126E+001   0.1027065866E+001   0.9829797347E+000
 0.6161616   0.1734809431E+001   0.1056720284E+001   0.1043660288E+001   0.9859000295E+000
 0.6262626   0.1757481180E+001   0.1033598792E+001   0.1036895171E+001   0.9806817979E+000
 0.6363636   0.1737913217E+001   0.1037603387E+001   0.1035856206E+001   0.9977301490E+000
 0.6464646   0.1750703805E+001   0.1026124798E+001   0.1038906329E+001   0.1004118626E+001
 0.6565657   0.1766479807E+001   0.1039626811E+001   0.1040720553E+001   0.1006363370E+001
 0.6666667   0.1757997337E+001   0.1077269071E+001   0.1028688254E+001   0.9891341629E+000
 0.6767677   0.1765779009E+001   0.1008397538E+001   0.1039261290E+001   0.9908948507E+000
 0.6868687   0.1759579191E+001   0.1036223140E+001   0.1036516591E+001   0.9989269911E+000
 0.6969697   0.1780354953E+001   0.1021049807E+001   0.1024351883E+001   0.9920597770E+000
 0.7070707   0.1813056628E+001   0.1059846967E+001   0.1042033054E+001   0.9918895595E+000
 0.7171717   0.1762013773E+001   0.1023092010E+001   0.1031897250E+001   0.9814264996E+000
 0.7272727   0.1799827777E+001   0.1042499979E+001   0.1037336017E+001   0.9852032015E+000
 0.7373737   0.1791895097E+001   0.1027467488E+001   0.1033883676E+001   0.9710059942E+000
 0.7474747   0.1814060900E+001   0.1054908122E+001   0.1033967506E+001   0.9942832437E+000
 0.7575758   0.1820531529E+001   0.1044269889E+001   0.1043731845E+001   0.1004310121E+001
 0.7676768   0.1833073487E+001   0.1061419698E+001   0.1035484967E+001   0.9939694051E+000
 0.7777778   0.1833668344E+001   0.1038105722E+001   0.1038974979E+001   0.9975386543E+000
 0.7878788   0.1853501810E+001   0.1048335515E+001   0.1028510264E+001   0.9838095453E+000
 0.7979798   0.1864812670E+001   0.1045809756E+001   0.1036704425E+001   0.9783732224E+000
 0.8080808   0.1854146200E+001   0.1034232579E+001   0.1037764911E+001   0.9898788647E+000
 0.8181818   0.1854603586E+001   0.1031411052E+001   0.1038123764E+001   0.9776817136E+000
 0.8282828   0.1880882930E+001   0.1045030433E+001   0.1028316107E+001   0.9784742891E+000
 0.8383838   0.1896459790E+001   0.1058584088E+001   0.1040686047E+001   0.1009134725E+001
 0.8484848   0.1893795410E+001   0.1036903874E+001   0.1041582858E+001   0.9950013490E+000
 0.8585859   0.1883405310E+001   0.1026242166E+001   0.1027296626E+001   0.9857723664E+000
 0.8686869   0.1900487884E+001   0.1028570747E+001   0.1021070606E+001   0.9818573628E+000
 0.8787879   0.1916252287E+001   0.1023744576E+001   0.1035935964E+001   0.9794636786E+000
 0.8888889   0.1928644907E+001   0.1041213626E+001   0.1029135416E+001   0.9896607735E+000
 0.8989899   0.1931552458E+001   0.1055307174E+001   0.1029316228E+001   0.1005618668E+001
 0.9090909   0.1956854786E+001   0.1056391654E+001   0.1036339275E+001   0.9943523946E+000
 0.9191919   0.1974489927E+001   0.1059917388E+001   0.1048386608E+001   0.1004267567E+001
 0.9292929   0.2004078740E+001   0.1077588311E+001   0.1034169324E+001   0.1006863384E+001
 0.9393939   0.1993165416E+001   0.1027246836E+001   0.1047801986E+001   0.9720432574E+000
 0.9494949   0.1974686962E+001   0.1015167324E+001   0.1027220833E+001   0.9720538960E+000
 0.9595960   0.1984449912E+001   0.1012247208E+001   0.1033240950E+001   0.9649685906E+000
 0.9696970   0.2021139756E+001   0.1029880574E+001   0.1031246998E+001   0.9638355801E+000
 0.9797980   0.2004673460E+001   0.1027242142E+001   0.1033590653E+001   0.9911342191E+000
 0.9898990   0.2037364448E+001   0.1038021217E+001   0.1044418399E+001   0.9873149629E+000
 1.0000000   0.2062554877E+001   0.1060546480E+001   0.1030791380E+001   0.9857989629E+000


 0.0000000   0.1528486824E-001   0.9465758486E+000   0.9187868588E+000   0.1026257362E+001
 0.0101010   0.1523960172E-001   0.8866355441E+000   0.9244557159E+000   0.9831890076E+000
 0.0202020   0.1496252717E-001   0.9185276489E+000   0.9348004291E+000   0.1024573625E+001
 0.0303030   0.1415170746E-001   0.9092232209E+000   0.9295543828E+000   0.1008331757E+001
 0.0404040   0.1292655501E-001   0.8946902296E+000   0.9241321992E+000   0.1000176568E+001
 0.0505051   0.1166487399E-001   0.9128564687E+000   0.9118629740E+000   0.9935944485E+000
 0.0606061   0.1028726616E-001   0.8826638244E+000   0.9185166372E+000   0.9879292933E+000
 0.0707071   0.9086396279E-002   0.9231218730E+000   0.9244800462E+000   0.1001628429E+001
 0.0808081   0.7794839806E-002   0.8906048969E+000   0.9268068760E+000   0.1033321679E+001
 0.0909091   0.6873660734E-002   0.9220141467E+000   0.9317778159E+000   0.1028868603E+001
 0.1010101   0.6136657974E-002   0.9337588865E+000   0.9395242881E+000   0.1022286484E+001
 0.1111111   0.5654037431E-002   0.9468196430E+000   0.9410193350E+000   0.1015622680E+001
 0.1212121   0.5268102913E-002   0.9320073533E+000   0.9290952517E+000   0.9989170595E+000
 0.1313131   0.5061292798E-002   0.9468835503E+000   0.9382405329E+000   0.1028394311E+001
 0.1414141   0.5138523358E-002   0.9454349851E+000   0.9356296136E+000   0.1020911037E+001
 0.1515152   0.5343116479E-002   0.9845912186E+000   0.9418337106E+000   0.1003433374E+001
 0.1616162   0.5575858927E-002   0.9167193093E+000   0.9432132638E+000   0.1030694628E+001
 0.1717172   0.5746154384E-002   0.9454326182E+000   0.9452594277E+000   0.1013941578E+001
 0.1818182   0.6325580907E-002   0.9595726979E+000   0.9497220489E+000   0.1014855908E+001
 0.1919192   0.6944268548E-002   0.9715044257E+000   0.9484193396E+000   0.1022036163E+001
 0.2020202   0.7788057263E-002   0.9672699759E+000   0.9505493014E+000   0.1024631594E+001
 0.2121212   0.8710594165E-002   0.9715872684E+000   0.9476506130E+000   0.1021282565E+001
 0.2222222   0.9834137637E-002   0.9838385327E+000   0.9495674032E+000   0.1015830842E+001
 0.2323232   0.1114944538E-001   0.1003015454E+001   0.9607802985E+000   0.1032781513E+001
 0.2424242   0.1274137754E-001   0.1024840977E+001   0.9671141585E+000   0.1029311276E+001
 0.2525253   0.1476937482E-001   0.1010229877E+001   0.9612732626E+000   0.1003159338E+001
 0.2626263   0.1727369264E-001   0.9886008093E+000   0.9628421910E+000   0.1000366285E+001
 0.2727273   0.2016869907E-001   0.1037402310E+001   0.9690210228E+000   0.1016963873E+001
 0.2828283   0.2368034742E-001   0.1005574112E+001   0.9694869764E+000   0.1014848003E+001
 0.2929293   0.2784768015E-001   0.1011626369E+001   0.9615477392E+000   0.9934758755E+000
 0.3030303   0.3367853941E-001   0.1059708321E+001   0.9673082215E+000   0.1033345394E+001
 0.3131313   0.4039620645E-001   0.1040801231E+001   0.9779844953E+000   0.1007994483E+001
 0.3232323   0.4834810340E-001   0.1004236793E+001   0.9805968786E+000   0.1005101301E+001
 0.3333333   0.5790340293E-001   0.1022047991E+001   0.9891003176E+000   0.1034444170E+001
 0.3434343   0.6864930281E-001   0.9884966641E+000   0.9857418841E+000   0.1011954821E+001
 0.3535354   0.8385027280E-001   0.1029629290E+001   0.9854565922E+000   0.9916103267E+000
 0.3636364   0.1016999736E+000   0.1072948965E+001   0.9844783202E+000   0.9765304740E+000
 0.3737374   0.1241377627E+000   0.1003375228E+001   0.9847586912E+000   0.1024486672E+001
 0.3838384   0.1498412433E+000   0.9868800463E+000   0.9933907833E+000   0.1013601669E+001
 0.3939394   0.1837574552E+000   0.1000428392E+001   0.9994725762E+000   0.9935601941E+000
 0.4040404   0.2256285893E+000   0.1002213062E+001   0.9931152424E+000   0.9818082907E+000
 0.4141414   0.2773871942E+000   0.1020365100E+001   0.9986107009E+000   0.9872652844E+000
 0.4242424   0.3461304891E+000   0.9984235965E+000   0.9991614462E+000   0.1000039551E+001
 0.4343434   0.4206693178E+000   0.1030883766E+001   0.1004446676E+001   0.9531057158E+000
 0.4444444   0.5271984053E+000   0.1042701881E+001   0.1011197911E+001   0.9827937642E+000
 0.4545455   0.6446605859E+000   0.1027965333E+001   0.1022675512E+001   0.1015261691E+001
 0.4646465   0.7944009287E+000   0.1022211310E+001   0.1030211454E+001   0.1012853341E+001
 0.4747475   0.9874539172E+000   0.1051587361E+001   0.1024052053E+001   0.1022552614E+001
 0.4848485   0.1222391695E+001   0.1011432280E+001   0.1019240683E+001   0.1001407093E+001
 0.4949495   0.1532841722E+001   0.1004537394E+001   0.1028816435E+001   0.1004002524E+001
 0.5050505   0.1708856980E+001   0.1018102308E+001   0.1037548931E+001   0.9995072896E+000
 0.5151515   0.1709234830E+001   0.1024161666E+001   0.1032458190E+001   0.9948460526E+000
 0.5252525   0.1696322563E+001   0.1004632071E+001   0.1026728924E+001   0.9832575164E+000
 0.5353535   0.1728666604E+001   0.1022663395E+001   0.1025847116E+001   0.9904325014E+000
 0.5454545   0.1687163525E+001   0.9970389385E+000   0.1037217537E+001   0.1040209454E+001
 0.5555556   0.1721059082E+001   0.1025572360E+001   0.1016777781E+001   0.9693396793E+000
 0.5656566   0.1726609077E+001   0.1025018497E+001   0.1039607240E+001   0.9975126280E+000
 0.5757576   0.1721510620E+001   0.1005680624E+001   0.1031732117E+001   0.9808386269E+000
 0.5858586   0.1736760720E+001   0.1021075181E+001   0.1032642346E+001   0.9936155282E+000
 0.5959596   0.1752913836E+001   0.1043636821E+001   0.1039634660E+001   0.1010160416E+001
 0.6060606   0.1723160115E+001   0.1022746238E+001   0.1032703229E+001   0.9883271716E+000
 0.6161616   0.1736310481E+001   0.1038405891E+001   0.1043103184E+001   0.9853259568E+000
 0.6262626   0.1750181411E+001   0.1010592018E+001   0.1034397610E+001   0.9782721798E+000
 0.6363636   0.1739778994E+001   0.1019832539E+001   0.1029552472E+001   0.9916103267E+000
 0.6464646   0.1735450247E+001   0.9986910603E+000   0.1035578579E+001   0.1000853752E+001
 0.6565657   0.1756336437E+001   0.1014864339E+001   0.1032489706E+001   0.9983558139E+000
 0.6666667   0.1763105863E+001   0.1060756874E+001   0.1036572402E+001   0.9966668071E+000
 0.6767677   0.1754523939E+001   0.9837533230E+000   0.1030394705E+001   0.9823932509E+000
 0.6868687   0.1772124609E+001   0.1024637420E+001   0.1032939167E+001   0.9954310128E+000
 0.6969697   0.1772875144E+001   0.9982744795E+000   0.1027314058E+001   0.9948803070E+000
 0.7070707   0.1800755854E+001   0.1033518167E+001   0.1041939731E+001   0.9917526143E+000
 0.7171717   0.1771386640E+001   0.1009834598E+001   0.1033440369E+001   0.9828464633E+000
 0.7272727   0.1793850765E+001   0.1020147341E+001   0.1032998677E+001   0.9810362486E+000
 0.7373737   0.1794609009E+001   0.1010315086E+001   0.1037793413E+001   0.9746306707E+000
 0.7474747   0.1806946824E+001   0.1031667222E+001   0.1038107755E+001   0.9982161612E+000
 0.7575758   0.1823686863E+001   0.1027061163E+001   0.1040694152E+001   0.1001338584E+001
 0.7676768   0.1833139790E+001   0.1042159852E+001   0.1042518022E+001   0.1000671940E+001
 0.7777778   0.1824554338E+001   0.1014166092E+001   0.1039533459E+001   0.9980264444E+000
 0.7878788   0.1852629397E+001   0.1028791394E+001   0.1039018798E+001   0.9938131498E+000
 0.7979798   0.1858661309E+001   0.1023408980E+001   0.1038934449E+001   0.9804302087E+000
 0.8080808   0.1875096049E+001   0.1026902579E+001   0.1049053650E+001   0.1000598161E+001
 0.8181818   0.1863302278E+001   0.1017408796E+001   0.1034360717E+001   0.9740905048E+000
 0.8282828   0.1870856789E+001   0.1020561555E+001   0.1028112038E+001   0.9782326555E+000
 0.8383838   0.1899902617E+001   0.1041224912E+001   0.1044492794E+001   0.1012776928E+001
 0.8484848   0.1900528635E+001   0.1021671649E+001   0.1043343798E+001   0.9966351876E+000
 0.8585859   0.1885766895E+001   0.1008847586E+001   0.1033186232E+001   0.9913758156E+000
 0.8686869   0.1902923807E+001   0.1011164817E+001   0.1021504818E+001   0.9822272487E+000
 0.8787879   0.1922189757E+001   0.1008246384E+001   0.1033750508E+001   0.9773499453E+000
 0.8888889   0.1925583921E+001   0.1020660967E+001   0.1031429231E+001   0.9918184882E+000
 0.8989899   0.1926131445E+001   0.1033212832E+001   0.1035563345E+001   0.1011672881E+001
 0.9090909   0.1948479771E+001   0.1032746545E+001   0.1031232864E+001   0.9894048686E+000
 0.9191919   0.1962144725E+001   0.1034140671E+001   0.1044218804E+001   0.1000226633E+001
 0.9292929   0.1991408778E+001   0.1051308063E+001   0.1038680604E+001   0.1011206494E+001
 0.9393939   0.1973776866E+001   0.9987597015E+000   0.1040907781E+001   0.9656006768E+000
 0.9494949   0.1973878886E+001   0.9963028212E+000   0.1028445557E+001   0.9731656353E+000
 0.9595960   0.2003151154E+001   0.1003209542E+001   0.1035584645E+001   0.9671105065E+000
 0.9696970   0.2012725626E+001   0.1006946935E+001   0.1032111482E+001   0.9645967586E+000
 0.9797980   0.2019521171E+001   0.1016035972E+001   0.1035442603E+001   0.9928619308E+000
 0.9898990   0.2029352497E+001   0.1015141270E+001   0.1043864589E+001   0.9867435631E+000
 1.0000000   0.2059658066E+001   0.1039802384E+001   0.1037714575E+001   0.9923718290E+000


 0.0000000   0.1530964835E-001   0.9469106135E+000   0.9220582656E+000   0.1029801688E+001
 0.0101010   0.1534213156E-001   0.8914711073E+000   0.9290003817E+000   0.9879171344E+000
 0.0202020   0.1505556179E-001   0.9230692763E+000   0.9390802312E+000   0.1029154768E+001
 0.0303030   0.1421909634E-001   0.9123967337E+000   0.9304365203E+000   0.1009181113E+001
 0.0404040   0.1292097972E-001   0.8931725957E+000   0.9218544780E+000   0.9976051128E+000
 0.0505051   0.1172764246E-001   0.9166070896E+000   0.9203801444E+000   0.1002768167E+001
 0.0606061   0.1030670779E-001   0.8832128175E+000   0.9229806561E+000   0.9926248836E+000
 0.0707071   0.9124386796E-002   0.9258083730E+000   0.9308865705E+000   0.1008462118E+001
 0.0808081   0.7822547625E-002   0.8926395994E+000   0.9297009294E+000   0.1036437891E+001
 0.0909091   0.6941802783E-002   0.9299761522E+000   0.9364782634E+000   0.1033948656E+001
 0.1010101   0.6169847905E-002   0.9376210231E+000   0.9395145625E+000   0.1022166977E+001
 0.1111111   0.5633186314E-002   0.9421341461E+000   0.9388125215E+000   0.1013132950E+001
 0.1212121   0.5302640241E-002   0.9369303355E+000   0.9349628720E+000   0.1005118526E+001
 0.1313131   0.5099963579E-002   0.9529107649E+000   0.9391835505E+000   0.1029318256E+001
 0.1414141   0.5152352508E-002   0.9467797298E+000   0.9407571515E+000   0.1026396568E+001
 0.1515152   0.5278708136E-002   0.9714915227E+000   0.9440093529E+000   0.1005644148E+001
 0.1616162   0.5591738666E-002   0.9181666559E+000   0.9481132045E+000   0.1035938638E+001
 0.1717172   0.5772563453E-002   0.9485758329E+000   0.9472303113E+000   0.1015947404E+001
 0.1818182   0.6347463429E-002   0.9616736666E+000   0.9492439430E+000   0.1014236933E+001
 0.1919192   0.6977398221E-002   0.9749039609E+000   0.9492683002E+000   0.1022842024E+001
 0.2020202   0.7772183544E-002   0.9640768810E+000   0.9542176137E+000   0.1028476205E+001
 0.2121212   0.8751616690E-002   0.9749276146E+000   0.9546051225E+000   0.1028667820E+001
 0.2222222   0.9878528289E-002   0.9870288397E+000   0.9520422196E+000   0.1018369838E+001
 0.2323232   0.1119097154E-001   0.1005477137E+001   0.9632508449E+000   0.1035326876E+001
 0.2424242   0.1277831833E-001   0.1026511570E+001   0.9693266253E+000   0.1031556106E+001
 0.2525253   0.1490011399E-001   0.1017882706E+001   0.9593683325E+000   0.1001064728E+001
 0.2626263   0.1724882222E-001   0.9859281549E+000   0.9639115476E+000   0.1001370609E+001
 0.2727273   0.2034266105E-001   0.1045026098E+001   0.9716937355E+000   0.1019660162E+001
 0.2828283   0.2374231100E-001   0.1006929473E+001   0.9720766649E+000   0.1017450438E+001
 0.2929293   0.2803832542E-001   0.1017262979E+001   0.9661355271E+000   0.9981096400E+000
 0.3030303   0.3387081126E-001   0.1064409504E+001   0.9673753650E+000   0.1033307009E+001
 0.3131313   0.4019020635E-001   0.1034183249E+001   0.9787232850E+000   0.1008648459E+001
 0.3232323   0.4843510194E-001   0.1004770680E+001   0.9823665436E+000   0.1006807901E+001
 0.3333333   0.5773736187E-001   0.1017827514E+001   0.9848973836E+000   0.1029938806E+001
 0.3434343   0.6891273949E-001   0.9910341970E+000   0.9859071718E+000   0.1012016662E+001
 0.3535354   0.8410643401E-001   0.1031467806E+001   0.9882857344E+000   0.9943511756E+000
 0.3636364   0.1020345726E+000   0.1075116738E+001   0.9832810127E+000   0.9752389090E+000
 0.3737374   0.1241547885E+000   0.1002242890E+001   0.9907267968E+000   0.1030585726E+001
 0.3838384   0.1505099376E+000   0.9900297038E+000   0.9966815036E+000   0.1016850982E+001
 0.3939394   0.1850644048E+000   0.1006268747E+001   0.9947825922E+000   0.9887925859E+000
 0.4040404   0.2261842504E+000   0.1003409805E+001   0.9991928560E+000   0.9877114560E+000
 0.4141414   0.2783880062E+000   0.1022750634E+001   0.9994352108E+000   0.9879751462E+000
 0.4242424   0.3462329927E+000   0.9974553839E+000   0.1000325681E+001   0.1001098129E+001
 0.4343434   0.4221052558E+000   0.1033093602E+001   0.1007054013E+001   0.9554779646E+000
 0.4444444   0.5248271823E+000   0.1036698424E+001   0.1010266299E+001   0.9817837001E+000
 0.4545455   0.6447250071E+000   0.1026767030E+001   0.1024952266E+001   0.1017413521E+001
 0.4646465   0.7963118629E+000   0.1023373515E+001   0.1026791324E+001   0.1009383276E+001
 0.4747475   0.9894941362E+000   0.1052426547E+001   0.1024359487E+001   0.1022750611E+001
 0.4848485   0.1226468134E+001   0.1013520967E+001   0.1012712734E+001   0.9948873457E+000
 0.4949495   0.1535718659E+001   0.1005149139E+001   0.1024980326E+001   0.1000152360E+001
 0.5050505   0.1706378524E+001   0.1015339146E+001   0.1033655269E+001   0.9956502893E+000
 0.5151515   0.1708410336E+001   0.1022372175E+001   0.1030430683E+001   0.9927866136E+000
 0.5252525   0.1701303007E+001   0.1006306593E+001   0.1027028566E+001   0.9834396746E+000
 0.5353535   0.1725378580E+001   0.1019426503E+001   0.1028121831E+001   0.9925229234E+000
 0.5454545   0.1691219933E+001   0.9981713021E+000   0.1035938847E+001   0.1038816377E+001
 0.5555556   0.1714378400E+001   0.1020298536E+001   0.1020494737E+001   0.9727795583E+000
 0.5656566   0.1724088910E+001   0.1022227099E+001   0.1038889102E+001   0.9967173557E+000
 0.5757576   0.1725210803E+001   0.1006566783E+001   0.1030260137E+001   0.9793348970E+000
 0.5858586   0.1727822877E+001   0.1014534921E+001   0.1025170466E+001   0.9863209297E+000
 0.5959596   0.1746346372E+001   0.1038410951E+001   0.1035496789E+001   0.1006032652E+001
 0.6060606   0.1719953410E+001   0.1019551079E+001   0.1026377590E+001   0.9821686878E+000
 0.6161616   0.1736615550E+001   0.1037273997E+001   0.1042404691E+001   0.9845612370E+000
 0.6262626   0.1742080477E+001   0.1004641373E+001   0.1033664835E+001   0.9774750020E+000
 0.6363636   0.1741704740E+001   0.1019669348E+001   0.1030076784E+001   0.9920096065E+000
 0.6464646   0.1736165991E+001   0.9978385736E+000   0.1033560586E+001   0.9987969925E+000
 0.6565657   0.1753930627E+001   0.1012191629E+001   0.1033170590E+001   0.9989077424E+000
 0.6666667   0.1756725041E+001   0.1055580372E+001   0.1036113744E+001   0.9961196579E+000
 0.6767677   0.1758777925E+001   0.9848905466E+000   0.1032577667E+001   0.9843696221E+000
 0.6868687   0.1770286237E+001   0.1022279138E+001   0.1029947329E+001   0.9924420584E+000
 0.6969697   0.1773561317E+001   0.9973970382E+000   0.1026350614E+001   0.9938413745E+000
 0.7070707   0.1799471632E+001   0.1031474113E+001   0.1040564204E+001   0.9903378105E+000
 0.7171717   0.1774868411E+001   0.1010539025E+001   0.1032044693E+001   0.9814145338E+000
 0.7272727   0.1801551289E+001   0.1023230016E+001   0.1035736018E+001   0.9835310872E+000
 0.7373737   0.1801678871E+001   0.1013011624E+001   0.1037877786E+001   0.9746060525E+000
 0.7474747   0.1804177176E+001   0.1028782324E+001   0.1031419368E+001   0.9916791147E+000
 0.7575758   0.1824518724E+001   0.1026229303E+001   0.1039749314E+001   0.1000322880E+001
 0.7676768   0.1829420988E+001   0.1038729487E+001   0.1038583816E+001   0.9967894310E+000
 0.7777778   0.1828769129E+001   0.1015222455E+001   0.1037143356E+001   0.9956256782E+000
 0.7878788   0.1850382860E+001   0.1026243495E+001   0.1034177795E+001   0.9890773713E+000
 0.7979798   0.1858047136E+001   0.1021776103E+001   0.1036928630E+001   0.9784330765E+000
 0.8080808   0.1862566770E+001   0.1018750008E+001   0.1042123085E+001   0.9938818070E+000
 0.8181818   0.1861373620E+001   0.1015069494E+001   0.1031456395E+001   0.9712519131E+000
 0.8282828   0.1873775012E+001   0.1020859916E+001   0.1031312928E+001   0.9811736967E+000
 0.8383838   0.1899744538E+001   0.1039820710E+001   0.1041114677E+001   0.1009393823E+001
 0.8484848   0.1897533233E+001   0.1018770508E+001   0.1043036705E+001   0.9962356816E+000
 0.8585859   0.1888834082E+001   0.1009209688E+001   0.1031005135E+001   0.9891775736E+000
 0.8686869   0.1905148285E+001   0.1011065714E+001   0.1022488917E+001   0.9830687504E+000
 0.8787879   0.1929522527E+001   0.1010811831E+001   0.1033587566E+001   0.9770917723E+000
 0.8888889   0.1924560019E+001   0.1018827276E+001   0.1031368590E+001   0.9916545037E+000
 0.8989899   0.1924699664E+001   0.1031138231E+001   0.1030047230E+001   0.1006176803E+001
 0.9090909   0.1947958128E+001   0.1031163462E+001   0.1030561587E+001   0.9886554670E+000
 0.9191919   0.1968013211E+001   0.1035921006E+001   0.1044551709E+001   0.1000438904E+001
 0.9292929   0.1988005202E+001   0.1048183076E+001   0.1035224409E+001   0.1007734333E+001
 0.9393939   0.1979862653E+001   0.1000571363E+001   0.1037826557E+001   0.9626397908E+000
 0.9494949   0.1981791381E+001   0.9990307193E+000   0.1029663220E+001   0.9742140331E+000
 0.9595960   0.2001578267E+001   0.1001153243E+001   0.1031238572E+001   0.9629491873E+000
 0.9696970   0.2012217587E+001   0.1005418791E+001   0.1030894822E+001   0.9633570281E+000
 0.9797980   0.2025501233E+001   0.1017754976E+001   0.1035098514E+001   0.9924262370E+000
 0.9898990   0.2019419883E+001   0.1008894306E+001   0.1035516243E+001   0.9787477468E+000
 1.0000000   0.2058457365E+001   0.1037881108E+001   0.1034249273E+001   0.9889525580E+000


 0.0000000   0.1504343741E-001   0.9326486611E+000   0.9209796077E+000   0.1028546710E+001
 0.0101010   0.1505664413E-001   0.8769543245E+000   0.9288106794E+000   0.9876671220E+000
 0.0202020   0.1477444465E-001   0.9079788125E+000   0.9377399022E+000   0.1027635644E+001
 0.0303030   0.1401570050E-001   0.9014751354E+000   0.9307276883E+000   0.1009447579E+001
 0.0404040   0.1274412028E-001   0.8830331855E+000   0.9244105193E+000   0.1000322291E+001
 0.0505051   0.1153562131E-001   0.9037341715E+000   0.9244355198E+000   0.1007137329E+001
 0.0606061   0.1016331908E-001   0.8729878090E+000   0.9250855149E+000   0.9948399363E+000
 0.0707071   0.8961955842E-002   0.9114806120E+000   0.9360518026E+000   0.1014008228E+001
 0.0808081   0.7744684198E-002   0.8858472991E+000   0.9339793896E+000   0.1041156658E+001
 0.0909091   0.6795700527E-002   0.9125590817E+000   0.9359860899E+000   0.1033354743E+001
 0.1010101   0.6049488307E-002   0.9215072120E+000   0.9348729244E+000   0.1017067281E+001
 0.1111111   0.5528912039E-002   0.9268843049E+000   0.9402981059E+000   0.1014686540E+001
 0.1212121   0.5220516590E-002   0.9246041453E+000   0.9394117882E+000   0.1009851906E+001
 0.1313131   0.5068848030E-002   0.9493397113E+000   0.9416068123E+000   0.1031923638E+001
 0.1414141   0.5108282459E-002   0.9409044115E+000   0.9403101543E+000   0.1025858733E+001
 0.1515152   0.5187411176E-002   0.9569500228E+000   0.9445607599E+000   0.1006182373E+001
 0.1616162   0.5478127757E-002   0.9016417760E+000   0.9517570571E+000   0.1039869196E+001
 0.1717172   0.5691398279E-002   0.9374530737E+000   0.9444193686E+000   0.1012883029E+001
 0.1818182   0.6276140852E-002   0.9531196363E+000   0.9504157481E+000   0.1015439333E+001
 0.1919192   0.6909431990E-002   0.9676936468E+000   0.9524367368E+000   0.1026205869E+001
 0.2020202   0.7730140881E-002   0.9611324669E+000   0.9555304084E+000   0.1029840822E+001
 0.2121212   0.8674712402E-002   0.9686488964E+000   0.9566328028E+000   0.1030802429E+001
 0.2222222   0.9830195722E-002   0.9845255200E+000   0.9530308645E+000   0.1019377531E+001
 0.2323232   0.1123495565E-001   0.1011819371E+001   0.9663300560E+000   0.1038585724E+001
 0.2424242   0.1281093304E-001   0.1031568628E+001   0.9689169819E+000   0.1031069764E+001
 0.2525253   0.1488364867E-001   0.1019165639E+001   0.9581504663E+000   0.9997450612E+000
 0.2626263   0.1727598717E-001   0.9898192926E+000   0.9655972412E+000   0.1003072779E+001
 0.2727273   0.2036428161E-001   0.1048614083E+001   0.9691307784E+000   0.1016920979E+001
 0.2828283   0.2387544928E-001   0.1014973807E+001   0.9709308218E+000   0.1016201436E+001
 0.2929293   0.2814467026E-001   0.1023539368E+001   0.9700138007E+000   0.1002067281E+001
 0.3030303   0.3392923878E-001   0.1068770553E+001   0.9699017473E+000   0.1035954938E+001
 0.3131313   0.4030563887E-001   0.1039609624E+001   0.9800357239E+000   0.1009951658E+001
 0.3232323   0.4863093005E-001   0.1011222047E+001   0.9798341323E+000   0.1004163398E+001
 0.3333333   0.5801220126E-001   0.1025094289E+001   0.9868830808E+000   0.1031964869E+001
 0.3434343   0.6938165366E-001   0.1000140448E+001   0.9852989168E+000   0.1011342862E+001
 0.3535354   0.8457635601E-001   0.1039687076E+001   0.9898536312E+000   0.9958800143E+000
 0.3636364   0.1022785417E+000   0.1080239416E+001   0.9853049353E+000   0.9771985108E+000
 0.3737374   0.1243671131E+000   0.1006334314E+001   0.9923632157E+000   0.1032237524E+001
 0.3838384   0.1510547339E+000   0.9959662181E+000   0.9950622991E+000   0.1015149388E+001
 0.3939394   0.1859808543E+000   0.1013646550E+001   0.9980732800E+000   0.9920149673E+000
 0.4040404   0.2272098656E+000   0.1010346597E+001   0.1001567705E+001   0.9900106226E+000
 0.4141414   0.2781070308E+000   0.1024137866E+001   0.1004620449E+001   0.9930523853E+000
 0.4242424   0.3445746339E+000   0.9950285714E+000   0.9986038342E+000   0.9993261039E+000
 0.4343434   0.4233158838E+000   0.1038510030E+001   0.1009675637E+001   0.9579184969E+000
 0.4444444   0.5247120670E+000   0.1038925458E+001   0.1011964319E+001   0.9833857779E+000
 0.4545455   0.6463501637E+000   0.1031792772E+001   0.1022903578E+001   0.1015330271E+001
 0.4646465   0.7969707491E+000   0.1026645690E+001   0.1026816279E+001   0.1009358468E+001
 0.4747475   0.9951680133E+000   0.1060967784E+001   0.1023607445E+001   0.1021949796E+001
 0.4848485   0.1229217775E+001   0.1018198655E+001   0.1015868608E+001   0.9979388899E+000
 0.4949495   0.1532868550E+001   0.1005659537E+001   0.1024900614E+001   0.1000025696E+001
 0.5050505   0.1705388500E+001   0.1017153044E+001   0.1031711453E+001   0.9937293670E+000
 0.5151515   0.1710569291E+001   0.1026088265E+001   0.1031568662E+001   0.9938344388E+000
 0.5252525   0.1697554160E+001   0.1006466922E+001   0.1027562818E+001   0.9839031569E+000
 0.5353535   0.1729717284E+001   0.1024410124E+001   0.1029114616E+001   0.9934327719E+000
 0.5454545   0.1703730206E+001   0.1007936176E+001   0.1034779248E+001   0.1037602837E+001
 0.5555556   0.1711850098E+001   0.1021206400E+001   0.1024357307E+001   0.9764137972E+000
 0.5656566   0.1724129339E+001   0.1024671820E+001   0.1035829479E+001   0.9937333571E+000
 0.5757576   0.1724819017E+001   0.1008721264E+001   0.1031430911E+001   0.9803998762E+000
 0.5858586   0.1726937116E+001   0.1016416070E+001   0.1030135505E+001   0.9910493706E+000
 0.5959596   0.1747285580E+001   0.1041429761E+001   0.1034347536E+001   0.1004866980E+001
 0.6060606   0.1719582502E+001   0.1021745048E+001   0.1024468046E+001   0.9802934744E+000
 0.6161616   0.1729841780E+001   0.1035674793E+001   0.1040211223E+001   0.9824414616E+000
 0.6262626   0.1740536252E+001   0.1006127774E+001   0.1031470675E+001   0.9753524388E+000
 0.6363636   0.1742221044E+001   0.1022386966E+001   0.1033273390E+001   0.9950394397E+000
 0.6464646   0.1739404786E+001   0.1002067376E+001   0.1031993614E+001   0.9972339777E+000
 0.6565657   0.1752233193E+001   0.1013606650E+001   0.1032952214E+001   0.9986477922E+000
 0.6666667   0.1754308514E+001   0.1056624567E+001   0.1036240235E+001   0.9961925697E+000
 0.6767677   0.1758628518E+001   0.9871389608E+000   0.1030514763E+001   0.9823550101E+000
 0.6868687   0.1773053691E+001   0.1026301847E+001   0.1027588799E+001   0.9901210145E+000
 0.6969697   0.1773432457E+001   0.9996862932E+000   0.1025493916E+001   0.9929632738E+000
 0.7070707   0.1792200761E+001   0.1029739102E+001   0.1038297937E+001   0.9881326301E+000
 0.7171717   0.1783259721E+001   0.1017721030E+001   0.1031899481E+001   0.9812284806E+000
 0.7272727   0.1796873882E+001   0.1022990158E+001   0.1030487490E+001   0.9784992733E+000
 0.7373737   0.1800754122E+001   0.1014889313E+001   0.1036197892E+001   0.9729810077E+000
 0.7474747   0.1807033770E+001   0.1032851291E+001   0.1030464776E+001   0.9907128748E+000
 0.7575758   0.1822905564E+001   0.1027749977E+001   0.1037019296E+001   0.9976476149E+000
 0.7676768   0.1830464208E+001   0.1041782992E+001   0.1035893691E+001   0.9941589645E+000
 0.7777778   0.1830617610E+001   0.1018655156E+001   0.1036231408E+001   0.9947016139E+000
 0.7878788   0.1851292392E+001   0.1029179331E+001   0.1033736973E+001   0.9886074483E+000
 0.7979798   0.1853401109E+001   0.1021634737E+001   0.1031729617E+001   0.9734797664E+000
 0.8080808   0.1859070175E+001   0.1019245439E+001   0.1038337887E+001   0.9902234263E+000
 0.8181818   0.1856749617E+001   0.1014945643E+001   0.1028981270E+001   0.9688738966E+000
 0.8282828   0.1874779099E+001   0.1023825708E+001   0.1031107763E+001   0.9809305554E+000
 0.8383838   0.1895066364E+001   0.1039716414E+001   0.1038555440E+001   0.1006863344E+001
 0.8484848   0.1894268699E+001   0.1019426162E+001   0.1038447061E+001   0.9918034937E+000
 0.8585859   0.1893953358E+001   0.1014341277E+001   0.1031878101E+001   0.9899667319E+000
 0.8686869   0.1907307973E+001   0.1014608841E+001   0.1023806615E+001   0.9842875335E+000
 0.8787879   0.1922878016E+001   0.1009716414E+001   0.1033347198E+001   0.9768167942E+000
 0.8888889   0.1929189754E+001   0.1023696621E+001   0.1033675287E+001   0.9938237987E+000
 0.8989899   0.1927582123E+001   0.1035127930E+001   0.1025961165E+001   0.1002136443E+001
 0.9090909   0.1955812754E+001   0.1037773056E+001   0.1031981649E+001   0.9899693919E+000
 0.9191919   0.1969658664E+001   0.1039242310E+001   0.1040885571E+001   0.9968788616E+000
 0.9292929   0.1985014547E+001   0.1049084667E+001   0.1034713616E+001   0.1007187870E+001
 0.9393939   0.1975713030E+001   0.1000838695E+001   0.1034536438E+001   0.9595411250E+000
 0.9494949   0.1974751351E+001   0.9978391644E+000   0.1028105226E+001   0.9726923928E+000
 0.9595960   0.2001748514E+001   0.1003609388E+001   0.1031318312E+001   0.9629765745E+000
 0.9696970   0.2016302364E+001   0.1009845502E+001   0.1033182627E+001   0.9654477573E+000
 0.9797980   0.2028994694E+001   0.1021924597E+001   0.1034929617E+001   0.9922158008E+000
 0.9898990   0.2021783662E+001   0.1012467157E+001   0.1032984840E+001   0.9763073953E+000
 1.0000000   0.2050157624E+001   0.1036144203E+001   0.1030561523E+001   0.9853781524E+000


 0.0000000   0.1517453032E-001   0.9405430676E+000   0.9225700856E+000   0.1030323156E+001
 0.0101010   0.1516632776E-001   0.8831239585E+000   0.9300975167E+000   0.9890357010E+000
 0.0202020   0.1489823331E-001   0.9153596447E+000   0.9363866675E+000   0.1026152888E+001
 0.0303030   0.1418034699E-001   0.9118391684E+000   0.9321952850E+000   0.1011039506E+001
 0.0404040   0.1288502117E-001   0.8925750469E+000   0.9250933251E+000   0.1001061369E+001
 0.0505051   0.1164428223E-001   0.9120210833E+000   0.9271527336E+000   0.1010097832E+001
 0.0606061   0.1025266580E-001   0.8804442492E+000   0.9244524120E+000   0.9941592943E+000
 0.0707071   0.9040164558E-002   0.9192071906E+000   0.9342654751E+000   0.1012073334E+001
 0.0808081   0.7808773901E-002   0.8929567853E+000   0.9334541931E+000   0.1040571402E+001
 0.0909091   0.6847366959E-002   0.9192693999E+000   0.9347232660E+000   0.1031960757E+001
 0.1010101   0.6080885922E-002   0.9260605729E+000   0.9338420294E+000   0.1015945953E+001
 0.1111111   0.5566994315E-002   0.9330374311E+000   0.9352583783E+000   0.1009248314E+001
 0.1212121   0.5230790922E-002   0.9261944170E+000   0.9376666877E+000   0.1007976154E+001
 0.1313131   0.5086591257E-002   0.9524269136E+000   0.9416018320E+000   0.1031918387E+001
 0.1414141   0.5092941282E-002   0.9378463922E+000   0.9392436089E+000   0.1024695360E+001
 0.1515152   0.5210085696E-002   0.9608949079E+000   0.9433399163E+000   0.1004882084E+001
 0.1616162   0.5473354246E-002   0.9006330259E+000   0.9522299102E+000   0.1040386033E+001
 0.1717172   0.5720919436E-002   0.9420822745E+000   0.9459368026E+000   0.1014510669E+001
 0.1818182   0.6273430804E-002   0.9524721567E+000   0.9531888417E+000   0.1018402354E+001
 0.1919192   0.6899039686E-002   0.9659988915E+000   0.9541884226E+000   0.1028093434E+001
 0.2020202   0.7713295778E-002   0.9588005309E+000   0.9533241398E+000   0.1027463180E+001
 0.2121212   0.8659413320E-002   0.9667011017E+000   0.9561956881E+000   0.1030331630E+001
 0.2222222   0.9765770205E-002   0.9778308965E+000   0.9533320944E+000   0.1019699936E+001
 0.2323232   0.1120704889E-001   0.1009056154E+001   0.9641031030E+000   0.1036192462E+001
 0.2424242   0.1282706408E-001   0.1032611769E+001   0.9689438178E+000   0.1031098527E+001
 0.2525253   0.1481454845E-001   0.1014182759E+001   0.9611853355E+000   0.1002911879E+001
 0.2626263   0.1723547634E-001   0.9872537080E+000   0.9711706972E+000   0.1008862747E+001
 0.2727273   0.2026984338E-001   0.1043492727E+001   0.9662561305E+000   0.1013904778E+001
 0.2828283   0.2382573601E-001   0.1012609620E+001   0.9702837252E+000   0.1015524371E+001
 0.2929293   0.2806785974E-001   0.1020493225E+001   0.9705789471E+000   0.1002651303E+001
 0.3030303   0.3372115383E-001   0.1061952842E+001   0.9710868838E+000   0.1037220993E+001
 0.3131313   0.4015624451E-001   0.1035499785E+001   0.9810356470E+000   0.1010982306E+001
 0.3232323   0.4835906037E-001   0.1005319831E+001   0.9785455569E+000   0.1002843028E+001
 0.3333333   0.5785074306E-001   0.1021988131E+001   0.9836313489E+000   0.1028564801E+001
 0.3434343   0.6925488520E-001   0.9980658588E+000   0.9843932798E+000   0.1010413489E+001
 0.3535354   0.8447808727E-001   0.1038221910E+001   0.9893949530E+000   0.9954187428E+000
 0.3636364   0.1016394838E+000   0.1073224021E+001   0.9863514841E+000   0.9782366450E+000
 0.3737374   0.1236560322E+000   0.1000332725E+001   0.9943464374E+000   0.1034300641E+001
 0.3838384   0.1510220242E+000   0.9955039701E+000   0.9954120124E+000   0.1015506364E+001
 0.3939394   0.1849883185E+000   0.1007987287E+001   0.9960933815E+000   0.9900472849E+000
 0.4040404   0.2269589118E+000   0.1008980749E+001   0.9999060845E+000   0.9883683733E+000
 0.4141414   0.2773723417E+000   0.1021179411E+001   0.1007013099E+001   0.9954176835E+000
 0.4242424   0.3433613368E+000   0.9912793986E+000   0.1003523683E+001   0.1004249712E+001
 0.4343434   0.4229750703E+000   0.1037416960E+001   0.1012740884E+001   0.9608268084E+000
 0.4444444   0.5235971463E+000   0.1036461200E+001   0.1011676227E+001   0.9831060182E+000
 0.4545455   0.6451482791E+000   0.1029619129E+001   0.1022159829E+001   0.1014592231E+001
 0.4646465   0.7993240015E+000   0.1029422133E+001   0.1023503629E+001   0.1006102341E+001
 0.4747475   0.9954455348E+000   0.1061000852E+001   0.1024243809E+001   0.1022585333E+001
 0.4848485   0.1229380416E+001   0.1018081204E+001   0.1018656646E+001   0.1000677920E+001
 0.4949495   0.1530997224E+001   0.1004183099E+001   0.1028750745E+001   0.1003782583E+001
 0.5050505   0.1696838293E+001   0.1011802785E+001   0.1030499203E+001   0.9925619450E+000
 0.5151515   0.1711569840E+001   0.1026434205E+001   0.1032910559E+001   0.9951274490E+000
 0.5252525   0.1699469404E+001   0.1007352941E+001   0.1025252148E+001   0.9816908599E+000
 0.5353535   0.1723409412E+001   0.1020421590E+001   0.1029308504E+001   0.9936201359E+000
 0.5454545   0.1703927866E+001   0.1007803487E+001   0.1033566875E+001   0.1036387364E+001
 0.5555556   0.1708627098E+001   0.1019031308E+001   0.1027494064E+001   0.9794039387E+000
 0.5656566   0.1724191178E+001   0.1024454821E+001   0.1036714901E+001   0.9945829944E+000
 0.5757576   0.1730474747E+001   0.1011778279E+001   0.1033669250E+001   0.9825276676E+000
 0.5858586   0.1724580201E+001   0.1014777517E+001   0.1029741095E+001   0.9906701241E+000
 0.5959596   0.1740969886E+001   0.1037408477E+001   0.1034006340E+001   0.1004535709E+001
 0.6060606   0.1715135464E+001   0.1018850336E+001   0.1022095822E+001   0.9780237357E+000
 0.6161616   0.1733239100E+001   0.1037451835E+001   0.1039089910E+001   0.9813826181E+000
 0.6262626   0.1737253346E+001   0.1003981390E+001   0.1031752618E+001   0.9756192377E+000
 0.6363636   0.1744303937E+001   0.1023355791E+001   0.1030010823E+001   0.9918977951E+000
 0.6464646   0.1741407745E+001   0.1002972847E+001   0.1031938930E+001   0.9971813352E+000
 0.6565657   0.1748268663E+001   0.1011062873E+001   0.1033412799E+001   0.9990932818E+000
 0.6666667   0.1754486267E+001   0.1056469947E+001   0.1035673088E+001   0.9956475408E+000
 0.6767677   0.1762501888E+001   0.9890681436E+000   0.1033103605E+001   0.9848230628E+000
 0.6868687   0.1770936354E+001   0.1024822421E+001   0.1031902813E+001   0.9942779303E+000
 0.6969697   0.1776963903E+001   0.1001428927E+001   0.1027315272E+001   0.9947270524E+000
 0.7070707   0.1791047631E+001   0.1028821720E+001   0.1036430691E+001   0.9863557979E+000
 0.7171717   0.1785449415E+001   0.1018718377E+001   0.1030357028E+001   0.9797619653E+000
 0.7272727   0.1799163614E+001   0.1024040093E+001   0.1030395880E+001   0.9784124805E+000
 0.7373737   0.1801622367E+001   0.1015127208E+001   0.1034192714E+001   0.9710983577E+000
 0.7474747   0.1810717444E+001   0.1034700491E+001   0.1030738510E+001   0.9909762474E+000
 0.7575758   0.1822974230E+001   0.1027534177E+001   0.1035246175E+001   0.9959420124E+000
 0.7676768   0.1828850104E+001   0.1040606596E+001   0.1034734924E+001   0.9930470816E+000
 0.7777778   0.1834151393E+001   0.1020368806E+001   0.1037986847E+001   0.9963868975E+000
 0.7878788   0.1846825345E+001   0.1026441746E+001   0.1032813355E+001   0.9877243492E+000
 0.7979798   0.1847964389E+001   0.1018385652E+001   0.1031567525E+001   0.9733270202E+000
 0.8080808   0.1857203685E+001   0.1017969981E+001   0.1039121526E+001   0.9909709511E+000
 0.8181818   0.1860834331E+001   0.1016926563E+001   0.1029378214E+001   0.9692478476E+000
 0.8282828   0.1877374625E+001   0.1024989255E+001   0.1032116078E+001   0.9818899990E+000
 0.8383838   0.1894692750E+001   0.1039254017E+001   0.1038910940E+001   0.1007208198E+001
 0.8484848   0.1893157851E+001   0.1018576050E+001   0.1036342986E+001   0.9897941241E+000
 0.8585859   0.1899810654E+001   0.1017226298E+001   0.1032916900E+001   0.9909635364E+000
 0.8686869   0.1907427630E+001   0.1014421228E+001   0.1024040620E+001   0.9845127025E+000
 0.8787879   0.1922211515E+001   0.1009116478E+001   0.1034213659E+001   0.9776360501E+000
 0.8888889   0.1930322153E+001   0.1024043863E+001   0.1032726197E+001   0.9929114975E+000
 0.8989899   0.1931229417E+001   0.1036829743E+001   0.1027064979E+001   0.1003214824E+001
 0.9090909   0.1957411625E+001   0.1038364237E+001   0.1032832270E+001   0.9907855823E+000
 0.9191919   0.1974662702E+001   0.1041624565E+001   0.1042360287E+001   0.9982914294E+000
 0.9292929   0.1986710911E+001   0.1049721190E+001   0.1032806005E+001   0.1005331206E+001
 0.9393939   0.1979796623E+001   0.1002658973E+001   0.1032651602E+001   0.9577931157E+000
 0.9494949   0.1977530796E+001   0.9989961694E+000   0.1027683078E+001   0.9722931920E+000
 0.9595960   0.2000543781E+001   0.1002756999E+001   0.1029463870E+001   0.9612452122E+000
 0.9696970   0.2010003488E+001   0.1006441482E+001   0.1031477002E+001   0.9638541455E+000
 0.9797980   0.2024168749E+001   0.1019241500E+001   0.1034591085E+001   0.9918914396E+000
 0.9898990   0.2029152663E+001   0.1015905766E+001   0.1031830644E+001   0.9752167226E+000
 1.0000000   0.2049828428E+001   0.1035721288E+001   0.1028823102E+001   0.9837161464E+000


 0.0000000   0.1470127128E-001   0.9156359205E+000   0.9241939040E+000   0.1032093931E+001
 0.0101010   0.1471407004E-001   0.8609512280E+000   0.9311488695E+000   0.9901127122E+000
 0.0202020   0.1438145777E-001   0.8879007078E+000   0.9354766456E+000   0.1025113216E+001
 0.0303030   0.1370284077E-001   0.8854142306E+000   0.9341215559E+000   0.1013086785E+001
 0.0404040   0.1248202752E-001   0.8688588756E+000   0.9262653082E+000   0.1002288127E+001
 0.0505051   0.1127592673E-001   0.8874602328E+000   0.9288159562E+000   0.1011867987E+001
 0.0606061   0.9956439341E-002   0.8591591375E+000   0.9275989168E+000   0.9975017872E+000
 0.0707071   0.8788130909E-002   0.8979209320E+000   0.9354170094E+000   0.1013278849E+001
 0.0808081   0.7583233512E-002   0.8713778658E+000   0.9360944553E+000   0.1043471473E+001
 0.0909091   0.6674809578E-002   0.9004561788E+000   0.9336541839E+000   0.1030737816E+001
 0.1010101   0.5908152341E-002   0.9041255130E+000   0.9354747909E+000   0.1017680164E+001
 0.1111111   0.5448162255E-002   0.9175565151E+000   0.9379901153E+000   0.1012154288E+001
 0.1212121   0.5109903214E-002   0.9091843948E+000   0.9382593122E+000   0.1008571489E+001
 0.1313131   0.4977707235E-002   0.9365666083E+000   0.9449876154E+000   0.1035586083E+001
 0.1414141   0.4996535824E-002   0.9245630856E+000   0.9438759939E+000   0.1029706594E+001
 0.1515152   0.5111742320E-002   0.9473369559E+000   0.9457076073E+000   0.1007362563E+001
 0.1616162   0.5375903875E-002   0.8888946793E+000   0.9544403439E+000   0.1042757964E+001
 0.1717172   0.5625569818E-002   0.9308806884E+000   0.9456064548E+000   0.1014114417E+001
 0.1818182   0.6182420696E-002   0.9432139866E+000   0.9541727772E+000   0.1019411431E+001
 0.1919192   0.6850634510E-002   0.9638806991E+000   0.9562457917E+000   0.1030267529E+001
 0.2020202   0.7627987857E-002   0.9528022512E+000   0.9556717154E+000   0.1029950713E+001
 0.2121212   0.8559404304E-002   0.9601780776E+000   0.9583572565E+000   0.1032618068E+001
 0.2222222   0.9693012684E-002   0.9752602800E+000   0.9530573248E+000   0.1019363864E+001
 0.2323232   0.1112954831E-001   0.1006945833E+001   0.9643002924E+000   0.1036361519E+001
 0.2424242   0.1275922987E-001   0.1032140380E+001   0.9677475157E+000   0.1029782881E+001
 0.2525253   0.1474112693E-001   0.1014058458E+001   0.9629971001E+000   0.1004760725E+001
 0.2626263   0.1719024772E-001   0.9894460502E+000   0.9703524734E+000   0.1007971064E+001
 0.2727273   0.2026063028E-001   0.1048084954E+001   0.9652984089E+000   0.1012857924E+001
 0.2828283   0.2377414029E-001   0.1015324920E+001   0.9703779031E+000   0.1015580923E+001
 0.2929293   0.2812316491E-001   0.1027470881E+001   0.9715160262E+000   0.1003577827E+001
 0.3030303   0.3365023595E-001   0.1064867126E+001   0.9716382697E+000   0.1037766996E+001
 0.3131313   0.4018790238E-001   0.1041350099E+001   0.9822623208E+000   0.1012204548E+001
 0.3232323   0.4816788514E-001   0.1006209644E+001   0.9779263323E+000   0.1002166965E+001
 0.3333333   0.5797636276E-001   0.1029182463E+001   0.9845262477E+000   0.1029457988E+001
 0.3434343   0.6943370856E-001   0.1005503645E+001   0.9834167255E+000   0.1009369361E+001
 0.3535354   0.8484524079E-001   0.1047799303E+001   0.9865302744E+000   0.9924955610E+000
 0.3636364   0.1019422085E+000   0.1081649299E+001   0.9861764214E+000   0.9780225593E+000
 0.3737374   0.1241953897E+000   0.1009576297E+001   0.9938312516E+000   0.1033721986E+001
 0.3838384   0.1512420596E+000   0.1001797153E+001   0.9955966637E+000   0.1015652723E+001
 0.3939394   0.1852600004E+000   0.1014371203E+001   0.9972253418E+000   0.9911313689E+000
 0.4040404   0.2270776214E+000   0.1014412232E+001   0.9962759759E+000   0.9847394107E+000
 0.4141414   0.2786787770E+000   0.1030973005E+001   0.1009313048E+001   0.9976498739E+000
 0.4242424   0.3432736778E+000   0.9958402909E+000   0.1001317054E+001   0.1002000031E+001
 0.4343434   0.4228130161E+000   0.1042056872E+001   0.1010574495E+001   0.9587318053E+000
 0.4444444   0.5227046443E+000   0.1039720574E+001   0.1012493870E+001   0.9838598657E+000
 0.4545455   0.6455552709E+000   0.1035273248E+001   0.1019710624E+001   0.1012119286E+001
 0.4646465   0.7971698563E+000   0.1031634879E+001   0.1021231521E+001   0.1003827331E+001
 0.4747475   0.9950716426E+000   0.1065754269E+001   0.1022301758E+001   0.1020604202E+001
 0.4848485   0.1228519066E+001   0.1022309816E+001   0.1021016843E+001   0.1002954966E+001
 0.4949495   0.1530066630E+001   0.1008447628E+001   0.1025567238E+001   0.1000634942E+001
 0.5050505   0.1702256595E+001   0.1019964228E+001   0.1029527099E+001   0.9915846038E+000
 0.5151515   0.1713546026E+001   0.1032611046E+001   0.1033356230E+001   0.9955156312E+000
 0.5252525   0.1702726449E+001   0.1014186188E+001   0.1022037930E+001   0.9785727237E+000
 0.5353535   0.1720487276E+001   0.1023639756E+001   0.1029232064E+001   0.9935052427E+000
 0.5454545   0.1705213703E+001   0.1013463159E+001   0.1031501883E+001   0.1034273946E+001
 0.5555556   0.1711976223E+001   0.1025988439E+001   0.1027027026E+001   0.9789182592E+000
 0.5656566   0.1722060559E+001   0.1028159075E+001   0.1034347955E+001   0.9922711873E+000
 0.5757576   0.1725232895E+001   0.1013613339E+001   0.1031047675E+001   0.9799952530E+000
 0.5858586   0.1725869109E+001   0.1020468955E+001   0.1031340688E+001   0.9921679754E+000
 0.5959596   0.1735046178E+001   0.1038900780E+001   0.1031385359E+001   0.1001947977E+001
 0.6060606   0.1719074933E+001   0.1026151005E+001   0.1021409009E+001   0.9773261033E+000
 0.6161616   0.1732703425E+001   0.1042169120E+001   0.1037537502E+001   0.9798758862E+000
 0.6262626   0.1740542641E+001   0.1010768443E+001   0.1031764751E+001   0.9755903483E+000
 0.6363636   0.1743055619E+001   0.1027590870E+001   0.1030855009E+001   0.9926696750E+000
 0.6464646   0.1740475024E+001   0.1007305025E+001   0.1029750655E+001   0.9950255990E+000
 0.6565657   0.1749086988E+001   0.1016449718E+001   0.1032893650E+001   0.9985500612E+000
 0.6666667   0.1755063392E+001   0.1061951012E+001   0.1036181832E+001   0.9960954128E+000
 0.6767677   0.1760349123E+001   0.9926586530E+000   0.1028758609E+001   0.9806405518E+000
 0.6868687   0.1771589415E+001   0.1030180305E+001   0.1031195709E+001   0.9935555024E+000
 0.6969697   0.1779712601E+001   0.1007850007E+001   0.1026016169E+001   0.9934280582E+000
 0.7070707   0.1790872243E+001   0.1033718039E+001   0.1034039437E+001   0.9840393647E+000
 0.7171717   0.1789320427E+001   0.1025886255E+001   0.1033114193E+001   0.9823430995E+000
 0.7272727   0.1797536807E+001   0.1028083985E+001   0.1030641301E+001   0.9786050335E+000
 0.7373737   0.1802134476E+001   0.1020348193E+001   0.1033511956E+001   0.9704189831E+000
 0.7474747   0.1811266430E+001   0.1040041835E+001   0.1031483962E+001   0.9916519159E+000
 0.7575758   0.1819861506E+001   0.1030762444E+001   0.1034290673E+001   0.9949816217E+000
 0.7676768   0.1824686390E+001   0.1043280758E+001   0.1031848178E+001   0.9902356690E+000
 0.7777778   0.1836096508E+001   0.1026412658E+001   0.1038217001E+001   0.9965665976E+000
 0.7878788   0.1845232127E+001   0.1030537949E+001   0.1033896082E+001   0.9887189028E+000
 0.7979798   0.1844681894E+001   0.1021514793E+001   0.1031537746E+001   0.9732586567E+000
 0.8080808   0.1856393358E+001   0.1022468510E+001   0.1038598645E+001   0.9904313229E+000
 0.8181818   0.1861517859E+001   0.1022241693E+001   0.1029778156E+001   0.9695843129E+000
 0.8282828   0.1881362198E+001   0.1032155863E+001   0.1034495546E+001   0.9841129593E+000
 0.8383838   0.1889874547E+001   0.1041646588E+001   0.1035132288E+001   0.1003503335E+001
 0.8484848   0.1894721064E+001   0.1024368978E+001   0.1036815300E+001   0.9902042567E+000
 0.8585859   0.1902841901E+001   0.1023798451E+001   0.1032707042E+001   0.9907212137E+000
 0.8686869   0.1908395206E+001   0.1019865915E+001   0.1025575389E+001   0.9859474387E+000
 0.8787879   0.1919128185E+001   0.1012391775E+001   0.1031828314E+001   0.9753408448E+000
 0.8888889   0.1935775291E+001   0.1031925174E+001   0.1032933745E+001   0.9930699577E+000
 0.8989899   0.1935725500E+001   0.1044291760E+001   0.1029001686E+001   0.1005064976E+001
 0.9090909   0.1954818574E+001   0.1042025907E+001   0.1031091033E+001   0.9890743107E+000
 0.9191919   0.1974815073E+001   0.1046765077E+001   0.1041606992E+001   0.9975287121E+000
 0.9292929   0.1984237236E+001   0.1053506898E+001   0.1031728765E+001   0.1004241076E+001
 0.9393939   0.1976209908E+001   0.1005704143E+001   0.1031915246E+001   0.9570705424E+000
 0.9494949   0.1976124230E+001   0.1003134835E+001   0.1027200732E+001   0.9717966377E+000
 0.9595960   0.2004166128E+001   0.1009452437E+001   0.1031136255E+001   0.9627669421E+000
 0.9696970   0.2013156244E+001   0.1012916629E+001   0.1034028147E+001   0.9661980649E+000
 0.9797980   0.2022733585E+001   0.1023466353E+001   0.1033641661E+001   0.9909402025E+000
 0.9898990   0.2033040967E+001   0.1022796738E+001   0.1032879281E+001   0.9761674375E+000
 1.0000000   0.2045669333E+001   0.1038640675E+001   0.1030002543E+001   0.9848031328E+000


 0.0000000   0.1441750002E-001   0.9009878588E+000   0.9261419872E+000   0.1034236243E+001
 0.0101010   0.1441031129E-001   0.8460190481E+000   0.9320812722E+000   0.9910723337E+000
 0.0202020   0.1410247648E-001   0.8736106577E+000   0.9365849613E+000   0.1026294774E+001
 0.0303030   0.1344375711E-001   0.8716007426E+000   0.9360842359E+000   0.1015182780E+001
 0.0404040   0.1224313598E-001   0.8551018124E+000   0.9282564676E+000   0.1004410457E+001
 0.0505051   0.1105132494E-001   0.8727142198E+000   0.9306207019E+000   0.1013801553E+001
 0.0606061   0.9774829645E-002   0.8463301377E+000   0.9292531003E+000   0.9992485413E+000
 0.0707071   0.8615823293E-002   0.8832820588E+000   0.9357631238E+000   0.1013621225E+001
 0.0808081   0.7454405930E-002   0.8594610131E+000   0.9367029587E+000   0.1044116248E+001
 0.0909091   0.6558369009E-002   0.8877293906E+000   0.9348007544E+000   0.1031970472E+001
 0.1010101   0.5807209502E-002   0.8916729282E+000   0.9377962994E+000   0.1020172917E+001
 0.1111111   0.5361585787E-002   0.9060185659E+000   0.9388920516E+000   0.1013095006E+001
 0.1212121   0.5030888198E-002   0.8981420137E+000   0.9395127178E+000   0.1009886394E+001
 0.1313131   0.4903318001E-002   0.9256790346E+000   0.9441528806E+000   0.1034638097E+001
 0.1414141   0.4919352722E-002   0.9133485737E+000   0.9459872429E+000   0.1031976690E+001
 0.1515152   0.5027881622E-002   0.9349354304E+000   0.9450140857E+000   0.1006591505E+001
 0.1616162   0.5307935328E-002   0.8806137912E+000   0.9540586834E+000   0.1042307518E+001
 0.1717172   0.5569464185E-002   0.9247023579E+000   0.9468338099E+000   0.1015398086E+001
 0.1818182   0.6095430059E-002   0.9330761273E+000   0.9556815866E+000   0.1020990616E+001
 0.1919192   0.6768449907E-002   0.9555265372E+000   0.9557403832E+000   0.1029689933E+001
 0.2020202   0.7556740997E-002   0.9470837098E+000   0.9554387847E+000   0.1029666614E+001
 0.2121212   0.8480998370E-002   0.9545886645E+000   0.9586966790E+000   0.1032950622E+001
 0.2222222   0.9607386074E-002   0.9699024287E+000   0.9553807155E+000   0.1021816087E+001
 0.2323232   0.1103007227E-001   0.1001308668E+001   0.9650405930E+000   0.1037123838E+001
 0.2424242   0.1267996684E-001   0.1029185059E+001   0.9662697265E+000   0.1028177346E+001
 0.2525253   0.1469231799E-001   0.1014106750E+001   0.9623354504E+000   0.1004038140E+001
 0.2626263   0.1708710526E-001   0.9868235989E+000   0.9711050969E+000   0.1008720475E+001
 0.2727273   0.2020799789E-001   0.1048884990E+001   0.9677703726E+000   0.1015419073E+001
 0.2828283   0.2372224065E-001   0.1016522462E+001   0.9713469344E+000   0.1016562452E+001
 0.2929293   0.2800918018E-001   0.1026754877E+001   0.9741539436E+000   0.1006270488E+001
 0.3030303   0.3361975940E-001   0.1067487885E+001   0.9715315959E+000   0.1037619742E+001
 0.3131313   0.4020077622E-001   0.1045194007E+001   0.9813559581E+000   0.1011238084E+001
 0.3232323   0.4810483634E-001   0.1008278917E+001   0.9773443612E+000   0.1001538408E+001
 0.3333333   0.5798129933E-001   0.1032738584E+001   0.9845038964E+000   0.1029401562E+001
 0.3434343   0.6954119912E-001   0.1010453913E+001   0.9842375688E+000   0.1010179429E+001
 0.3535354   0.8495522336E-001   0.1052693042E+001   0.9849254887E+000   0.9908492543E+000
 0.3636364   0.1022703107E+000   0.1088787329E+001   0.9880844925E+000   0.9798833890E+000
 0.3737374   0.1242276106E+000   0.1013241223E+001   0.9920678371E+000   0.1031854657E+001
 0.3838384   0.1516000281E+000   0.1007552164E+001   0.9970202696E+000   0.1017072347E+001
 0.3939394   0.1855794645E+000   0.1019544570E+001   0.9983632692E+000   0.9922304808E+000
 0.4040404   0.2279141299E+000   0.1021580135E+001   0.9966339701E+000   0.9850616280E+000
 0.4141414   0.2800021618E+000   0.1039359597E+001   0.1008812871E+001   0.9971234580E+000
 0.4242424   0.3428660715E+000   0.9980096710E+000   0.1002585914E+001   0.1003237542E+001
 0.4343434   0.4241805081E+000   0.1048950102E+001   0.1009387208E+001   0.9575746777E+000
 0.4444444   0.5239944146E+000   0.1045798428E+001   0.1011213791E+001   0.9825844368E+000
 0.4545455   0.6463578934E+000   0.1040053465E+001   0.1018999626E+001   0.1011381104E+001
 0.4646465   0.7985760907E+000   0.1036937307E+001   0.1020718844E+001   0.1003291174E+001
 0.4747475   0.9971085796E+000   0.1071534681E+001   0.1020889613E+001   0.1019161676E+001
 0.4848485   0.1230861306E+001   0.1027710508E+001   0.1021114155E+001   0.1003018349E+001
 0.4949495   0.1533026830E+001   0.1013803552E+001   0.1026797843E+001   0.1001803460E+001
 0.5050505   0.1703278249E+001   0.1024015579E+001   0.1027722466E+001   0.9898146948E+000
 0.5151515   0.1714219435E+001   0.1036497967E+001   0.1031464693E+001   0.9936614531E+000
 0.5252525   0.1705466474E+001   0.1019241373E+001   0.1024956985E+001   0.9813361252E+000
 0.5353535   0.1721423254E+001   0.1027648027E+001   0.1028600753E+001   0.9928639639E+000
 0.5454545   0.1707431449E+001   0.1018200899E+001   0.1028921342E+001   0.1031653342E+001
 0.5555556   0.1711854214E+001   0.1029372502E+001   0.1026735169E+001   0.9786086500E+000
 0.5656566   0.1719246669E+001   0.1029938120E+001   0.1034377627E+001   0.9922677902E+000
 0.5757576   0.1724048858E+001   0.1016331073E+001   0.1029942476E+001   0.9789133437E+000
 0.5858586   0.1725964333E+001   0.1023964278E+001   0.1030669570E+001   0.9914905103E+000
 0.5959596   0.1732582596E+001   0.1040921622E+001   0.1031172093E+001   0.1001708632E+001
 0.6060606   0.1718898622E+001   0.1029503384E+001   0.1020407703E+001   0.9763366607E+000
 0.6161616   0.1731547610E+001   0.1044983545E+001   0.1033133492E+001   0.9756853001E+000
 0.6262626   0.1739665449E+001   0.1013663463E+001   0.1029797114E+001   0.9736985726E+000
 0.6363636   0.1742904186E+001   0.1030964124E+001   0.1027899803E+001   0.9897921536E+000
 0.6464646   0.1741719284E+001   0.1011422040E+001   0.1030181895E+001   0.9954103330E+000
 0.6565657   0.1749821945E+001   0.1020303550E+001   0.1028331430E+001   0.9941076118E+000
 0.6666667   0.1754975053E+001   0.1065475997E+001   0.1034781173E+001   0.9947169993E+000
 0.6767677   0.1763699098E+001   0.9978991783E+000   0.1028206872E+001   0.9800831500E+000
 0.6868687   0.1771672151E+001   0.1033700134E+001   0.1029710763E+001   0.9920929022E+000
 0.6969697   0.1777020496E+001   0.1009716637E+001   0.1025745874E+001   0.9931344573E+000
 0.7070707   0.1789747181E+001   0.1036549925E+001   0.1034064621E+001   0.9840317320E+000
 0.7171717   0.1789532322E+001   0.1029465237E+001   0.1033111799E+001   0.9823092797E+000
 0.7272727   0.1796712223E+001   0.1031075274E+001   0.1029790803E+001   0.9777660785E+000
 0.7373737   0.1801854459E+001   0.1023627539E+001   0.1032789585E+001   0.9697095720E+000
 0.7474747   0.1811311849E+001   0.1043572789E+001   0.1031907882E+001   0.9920276107E+000
 0.7575758   0.1817660676E+001   0.1032985219E+001   0.1032796378E+001   0.9935122154E+000
 0.7676768   0.1822210695E+001   0.1045376188E+001   0.1033182447E+001   0.9914842921E+000
 0.7777778   0.1836848435E+001   0.1030293275E+001   0.1039060473E+001   0.9973442055E+000
 0.7878788   0.1843940820E+001   0.1033287101E+001   0.1032358729E+001   0.9872170252E+000
 0.7979798   0.1842019029E+001   0.1023477584E+001   0.1031326984E+001   0.9730285573E+000
 0.8080808   0.1854850278E+001   0.1025061313E+001   0.1037309634E+001   0.9891703297E+000
 0.8181818   0.1860002440E+001   0.1024851509E+001   0.1029466263E+001   0.9692595269E+000
 0.8282828   0.1880433269E+001   0.1035122727E+001   0.1032945632E+001   0.9826069779E+000
 0.8383838   0.1889745628E+001   0.1045085487E+001   0.1035529584E+001   0.1003856257E+001
 0.8484848   0.1893917324E+001   0.1027384949E+001   0.1035792007E+001   0.9891952026E+000
 0.8585859   0.1903389481E+001   0.1027544111E+001   0.1031998609E+001   0.9900097920E+000
 0.8686869   0.1908333738E+001   0.1023269753E+001   0.1025749309E+001   0.9860829738E+000
 0.8787879   0.1917795323E+001   0.1015097896E+001   0.1032078667E+001   0.9755461670E+000
 0.8888889   0.1937102601E+001   0.1036112558E+001   0.1034287999E+001   0.9943400185E+000
 0.8989899   0.1936140018E+001   0.1048035248E+001   0.1029493069E+001   0.1005512640E+001
 0.9090909   0.1956267028E+001   0.1046312088E+001   0.1032733880E+001   0.9906184022E+000
 0.9191919   0.1973957967E+001   0.1049836674E+001   0.1040966464E+001   0.9968832785E+000
 0.9292929   0.1982126936E+001   0.1055932847E+001   0.1031866442E+001   0.1004342834E+001
 0.9393939   0.1974364015E+001   0.1008150666E+001   0.1030183017E+001   0.9554332715E+000
 0.9494949   0.1984412382E+001   0.1010736722E+001   0.1029349316E+001   0.9737980644E+000
 0.9595960   0.2001884175E+001   0.1011700902E+001   0.1031177654E+001   0.9627746804E+000
 0.9696970   0.2012190396E+001   0.1015842406E+001   0.1033903034E+001   0.9660501381E+000
 0.9797980   0.2025481425E+001   0.1028310325E+001   0.1033807006E+001   0.9910668927E+000
 0.9898990   0.2031671153E+001   0.1025551954E+001   0.1033276563E+001   0.9765115487E+000
 1.0000000   0.2043751360E+001   0.1041163654E+001   0.1030850682E+001   0.9855824055E+000


 0.0000000   0.1449759036E-001   0.9046408568E+000   0.9277285204E+000   0.1035984323E+001
 0.0101010   0.1448857491E-001   0.8493444338E+000   0.9328163314E+000   0.9918312965E+000
 0.0202020   0.1418312806E-001   0.8772956165E+000   0.9370885794E+000   0.1026823215E+001
 0.0303030   0.1346439043E-001   0.8716357340E+000   0.9333485600E+000   0.1012192859E+001
 0.0404040   0.1233935069E-001   0.8605356305E+000   0.9304443079E+000   0.1006754829E+001
 0.0505051   0.1111877095E-001   0.8767300318E+000   0.9318153555E+000   0.1015079840E+001
 0.0606061   0.9808680115E-002   0.8479936031E+000   0.9304959028E+000   0.1000562140E+001
 0.0707071   0.8659725558E-002   0.8864579728E+000   0.9372143996E+000   0.1015170100E+001
 0.0808081   0.7493861925E-002   0.8627207129E+000   0.9368530989E+000   0.1044259792E+001
 0.0909091   0.6588833078E-002   0.8905219956E+000   0.9363340558E+000   0.1033639584E+001
 0.1010101   0.5837438909E-002   0.8949769117E+000   0.9393850171E+000   0.1021877886E+001
 0.1111111   0.5381518593E-002   0.9080297525E+000   0.9389635750E+000   0.1013149078E+001
 0.1212121   0.5058612329E-002   0.9017437488E+000   0.9399897433E+000   0.1010376110E+001
 0.1313131   0.4915000252E-002   0.9264997530E+000   0.9446201185E+000   0.1035126508E+001
 0.1414141   0.4938624059E-002   0.9155581976E+000   0.9462845956E+000   0.1032277532E+001
 0.1515152   0.5037549356E-002   0.9353352117E+000   0.9451615754E+000   0.1006725647E+001
 0.1616162   0.5321588929E-002   0.8815614279E+000   0.9540665861E+000   0.1042292383E+001
 0.1717172   0.5617185231E-002   0.9312337139E+000   0.9497101796E+000   0.1018459521E+001
 0.1818182   0.6124472440E-002   0.9361227639E+000   0.9543511791E+000   0.1019546041E+001
 0.1919192   0.6783131918E-002   0.9561701747E+000   0.9572915496E+000   0.1031337600E+001
 0.2020202   0.7570778057E-002   0.9474269622E+000   0.9540078953E+000   0.1028101114E+001
 0.2121212   0.8514265862E-002   0.9569029557E+000   0.9603116305E+000   0.1034667061E+001
 0.2222222   0.9653788709E-002   0.9731325259E+000   0.9554799551E+000   0.1021898924E+001
 0.2323232   0.1104149350E-001   0.1000849634E+001   0.9664164735E+000   0.1038578805E+001
 0.2424242   0.1273629783E-001   0.1032214503E+001   0.9678146261E+000   0.1029797741E+001
 0.2525253   0.1479305908E-001   0.1019536413E+001   0.9637494661E+000   0.1005490503E+001
 0.2626263   0.1720424349E-001   0.9921058448E+000   0.9721057116E+000   0.1009736821E+001
 0.2727273   0.2026631414E-001   0.1050342040E+001   0.9687646998E+000   0.1016439177E+001
 0.2828283   0.2380861146E-001   0.1018701008E+001   0.9727544680E+000   0.1018012290E+001
 0.2929293   0.2815633291E-001   0.1030608843E+001   0.9738067125E+000   0.1005888871E+001
 0.3030303   0.3368538636E-001   0.1067975482E+001   0.9723170359E+000   0.1038434931E+001
 0.3131313   0.4034279041E-001   0.1047320976E+001   0.9822469614E+000   0.1012133138E+001
 0.3232323   0.4819083728E-001   0.1008574102E+001   0.9780192898E+000   0.1002207190E+001
 0.3333333   0.5811642041E-001   0.1033600503E+001   0.9839368494E+000   0.1028785194E+001
 0.3434343   0.6976587680E-001   0.1012205721E+001   0.9836899025E+000   0.1009594305E+001
 0.3535354   0.8518980024E-001   0.1054024394E+001   0.9835036455E+000   0.9893962972E+000
 0.3636364   0.1025466072E+000   0.1090099586E+001   0.9876918876E+000   0.9794717067E+000
 0.3737374   0.1243526765E+000   0.1012747667E+001   0.9921610023E+000   0.1031928027E+001
 0.3838384   0.1515604601E+000   0.1005785960E+001   0.9949154319E+000   0.1014902033E+001
 0.3939394   0.1861668565E+000   0.1021245274E+001   0.9995392500E+000   0.9933765846E+000
 0.4040404   0.2283861847E+000   0.1022168313E+001   0.9965606955E+000   0.9849667428E+000
 0.4141414   0.2803341491E+000   0.1039038995E+001   0.1007483874E+001   0.9957871525E+000
 0.4242424   0.3435625733E+000   0.9985446313E+000   0.1001429183E+001   0.1002057208E+001
 0.4343434   0.4231513832E+000   0.1044843588E+001   0.1009203142E+001   0.9573782272E+000
 0.4444444   0.5239035311E+000   0.1044056613E+001   0.1012268697E+001   0.9835870456E+000
 0.4545455   0.6467352287E+000   0.1039107603E+001   0.1018497127E+001   0.1010859310E+001
 0.4646465   0.7993353391E+000   0.1036374232E+001   0.1019403146E+001   0.1001975091E+001
 0.4747475   0.9970012510E+000   0.1069820407E+001   0.1019440659E+001   0.1017691967E+001
 0.4848485   0.1233905676E+001   0.1028714912E+001   0.1020954866E+001   0.1002839014E+001
 0.4949495   0.1532724535E+001   0.1012090989E+001   0.1028800862E+001   0.1003734833E+001
 0.5050505   0.1704757826E+001   0.1023375585E+001   0.1027209295E+001   0.9892978928E+000
 0.5151515   0.1714114700E+001   0.1034887914E+001   0.1030914935E+001   0.9931091961E+000
 0.5252525   0.1706850980E+001   0.1018546496E+001   0.1025058867E+001   0.9814112909E+000
 0.5353535   0.1721564015E+001   0.1026198320E+001   0.1027763871E+001   0.9920335345E+000
 0.5454545   0.1710634428E+001   0.1018588583E+001   0.1028661706E+001   0.1031369497E+001
 0.5555556   0.1713827387E+001   0.1029021054E+001   0.1026839560E+001   0.9786858289E+000
 0.5656566   0.1721683563E+001   0.1029858765E+001   0.1035906580E+001   0.9937118381E+000
 0.5757576   0.1726158995E+001   0.1016056424E+001   0.1028082853E+001   0.9771235746E+000
 0.5858586   0.1728762830E+001   0.1024093953E+001   0.1030841333E+001   0.9916331305E+000
 0.5959596   0.1731736854E+001   0.1038860844E+001   0.1030786653E+001   0.1001311371E+001
 0.6060606   0.1719980519E+001   0.1028614018E+001   0.1021029286E+001   0.9769091209E+000
 0.6161616   0.1732357173E+001   0.1043911901E+001   0.1033100506E+001   0.9756319000E+000
 0.6262626   0.1740886685E+001   0.1012861245E+001   0.1029660378E+001   0.9735470845E+000
 0.6363636   0.1738805797E+001   0.1027004898E+001   0.1027579797E+001   0.9894614476E+000
 0.6464646   0.1741531675E+001   0.1009803860E+001   0.1028366046E+001   0.9936331146E+000
 0.6565657   0.1752112804E+001   0.1020114681E+001   0.1027673084E+001   0.9934485216E+000
 0.6666667   0.1751736031E+001   0.1061922400E+001   0.1034521582E+001   0.9944447811E+000
 0.6767677   0.1766720364E+001   0.9981168394E+000   0.1028497338E+001   0.9803376652E+000
 0.6868687   0.1771981791E+001   0.1032337883E+001   0.1029281683E+001   0.9916568832E+000
 0.6969697   0.1775086610E+001   0.1007112576E+001   0.1026508613E+001   0.9938502829E+000
 0.7070707   0.1788212195E+001   0.1034115352E+001   0.1034546593E+001   0.9844679345E+000
 0.7171717   0.1791565128E+001   0.1029096581E+001   0.1034462821E+001   0.9835714366E+000
 0.7272727   0.1794333554E+001   0.1028173542E+001   0.1028278419E+001   0.9763078363E+000
 0.7373737   0.1803182474E+001   0.1022853241E+001   0.1032212204E+001   0.9691453549E+000
 0.7474747   0.1811580874E+001   0.1042170177E+001   0.1032178305E+001   0.9922649544E+000
 0.7575758   0.1818301827E+001   0.1031807467E+001   0.1032324066E+001   0.9930352232E+000
 0.7676768   0.1821779050E+001   0.1043568861E+001   0.1032038630E+001   0.9903640533E+000
 0.7777778   0.1836445141E+001   0.1028529843E+001   0.1037670531E+001   0.9959873545E+000
 0.7878788   0.1843908075E+001   0.1031726752E+001   0.1033349721E+001   0.9881421503E+000
 0.7979798   0.1844047854E+001   0.1023075785E+001   0.1033034490E+001   0.9746173169E+000
 0.8080808   0.1853860283E+001   0.1022985269E+001   0.1037106234E+001   0.9889538168E+000
 0.8181818   0.1859945666E+001   0.1023290834E+001   0.1029163759E+001   0.9689526180E+000
 0.8282828   0.1879718009E+001   0.1033184818E+001   0.1032805199E+001   0.9824509840E+000
 0.8383838   0.1889607392E+001   0.1043449517E+001   0.1033931871E+001   0.1002284556E+001
 0.8484848   0.1891982412E+001   0.1024803672E+001   0.1034639750E+001   0.9880722493E+000
 0.8585859   0.1901356791E+001   0.1024914944E+001   0.1030622812E+001   0.9886674261E+000
 0.8686869   0.1907732084E+001   0.1021420542E+001   0.1027214440E+001   0.9874689286E+000
 0.8787879   0.1919737178E+001   0.1014609311E+001   0.1032556930E+001   0.9759759760E+000
 0.8888889   0.1934085194E+001   0.1032954779E+001   0.1033274832E+001   0.9933433307E+000
 0.8989899   0.1936074852E+001   0.1046435989E+001   0.1029769736E+001   0.1005759927E+001
 0.9090909   0.1955224448E+001   0.1044193829E+001   0.1032451933E+001   0.9903253702E+000
 0.9191919   0.1970077842E+001   0.1046209409E+001   0.1038815161E+001   0.9948003941E+000
 0.9292929   0.1978899270E+001   0.1052640124E+001   0.1030362337E+001   0.1002855980E+001
 0.9393939   0.1978308194E+001   0.1008657124E+001   0.1031425564E+001   0.9565638462E+000
 0.9494949   0.1983705246E+001   0.1008868714E+001   0.1027152622E+001   0.9716977608E+000
 0.9595960   0.1999902308E+001   0.1009190999E+001   0.1031998752E+001   0.9635193391E+000
 0.9696970   0.2012406200E+001   0.1014435197E+001   0.1032642335E+001   0.9648501734E+000
 0.9797980   0.2024042150E+001   0.1026046114E+001   0.1032477973E+001   0.9897702338E+000
 0.9898990   0.2029027374E+001   0.1022688928E+001   0.1032775058E+001   0.9760153377E+000
 1.0000000   0.2039299131E+001   0.1037345123E+001   0.1029194582E+001   0.9839765912E+000


 0.0000000   0.1437924987E-001   0.8994686745E+000   0.9284312273E+000   0.1036757836E+001
 0.0101010   0.1438549672E-001   0.8453809856E+000   0.9344037185E+000   0.9935083848E+000
 0.0202020   0.1405706741E-001   0.8716419053E+000   0.9380675211E+000   0.1027884802E+001
 0.0303030   0.1333923176E-001   0.8656624645E+000   0.9340555351E+000   0.1012948620E+001
 0.0404040   0.1221265861E-001   0.8538001078E+000   0.9303976358E+000   0.1006693462E+001
 0.0505051   0.1104853191E-001   0.8733395190E+000   0.9344996136E+000   0.1017992966E+001
 0.0606061   0.9707332495E-002   0.8413008906E+000   0.9303643068E+000   0.1000409835E+001
 0.0707071   0.8586406984E-002   0.8811197378E+000   0.9372035086E+000   0.1015147344E+001
 0.0808081   0.7420832026E-002   0.8564195605E+000   0.9363038159E+000   0.1043636269E+001
 0.0909091   0.6530942333E-002   0.8848739973E+000   0.9387502440E+000   0.1036295680E+001
 0.1010101   0.5798276721E-002   0.8911644630E+000   0.9400901583E+000   0.1022633910E+001
 0.1111111   0.5329608354E-002   0.9014880381E+000   0.9413713249E+000   0.1015736094E+001
 0.1212121   0.5016577622E-002   0.8964554612E+000   0.9406350359E+000   0.1011058808E+001
 0.1313131   0.4879572159E-002   0.9220892240E+000   0.9452097427E+000   0.1035761444E+001
 0.1414141   0.4900228264E-002   0.9106798707E+000   0.9463063555E+000   0.1032290125E+001
 0.1515152   0.4985697155E-002   0.9279900148E+000   0.9455202984E+000   0.1007096864E+001
 0.1616162   0.5294385306E-002   0.8792173278E+000   0.9526501334E+000   0.1040733711E+001
 0.1717172   0.5556870957E-002   0.9235059449E+000   0.9503150476E+000   0.1019097174E+001
 0.1818182   0.6076534687E-002   0.9310854531E+000   0.9534179872E+000   0.1018538104E+001
 0.1919192   0.6733528262E-002   0.9515181033E+000   0.9566719516E+000   0.1030658950E+001
 0.2020202   0.7498903634E-002   0.9407461212E+000   0.9540310533E+000   0.1028114972E+001
 0.2121212   0.8443703562E-002   0.9513122855E+000   0.9617245286E+000   0.1036178172E+001
 0.2222222   0.9589022734E-002   0.9689870796E+000   0.9557102562E+000   0.1022134199E+001
 0.2323232   0.1098566093E-001   0.9982438482E+000   0.9651072565E+000   0.1037160632E+001
 0.2424242   0.1266177556E-001   0.1028704881E+001   0.9671475542E+000   0.1029076838E+001
 0.2525253   0.1466003484E-001   0.1012859465E+001   0.9637511815E+000   0.1005481438E+001
 0.2626263   0.1706832356E-001   0.9866945593E+000   0.9730950344E+000   0.1010753530E+001
 0.2727273   0.2011101941E-001   0.1044863365E+001   0.9700055341E+000   0.1017730088E+001
 0.2828283   0.2372099108E-001   0.1017454360E+001   0.9743590058E+000   0.1019680472E+001
 0.2929293   0.2807081280E-001   0.1030011798E+001   0.9748166478E+000   0.1006921208E+001
 0.3030303   0.3356189234E-001   0.1066683625E+001   0.9725686770E+000   0.1038692471E+001
 0.3131313   0.4016675789E-001   0.1045321986E+001   0.9809421935E+000   0.1010777759E+001
 0.3232323   0.4800281491E-001   0.1007115974E+001   0.9778398953E+000   0.1002012541E+001
 0.3333333   0.5797314726E-001   0.1033594458E+001   0.9814688867E+000   0.1026193662E+001
 0.3434343   0.6959436383E-001   0.1012206772E+001   0.9823447928E+000   0.1008202889E+001
 0.3535354   0.8495793502E-001   0.1053747237E+001   0.9835786172E+000   0.9894610362E+000
 0.3636364   0.1021416884E+000   0.1088472221E+001   0.9863453285E+000   0.9781257951E+000
 0.3737374   0.1240626585E+000   0.1012876829E+001   0.9919986371E+000   0.1031748015E+001
 0.3838384   0.1515653520E+000   0.1008298277E+001   0.9941209960E+000   0.1014080691E+001
 0.3939394   0.1860712080E+000   0.1023237176E+001   0.9998057735E+000   0.9936307381E+000
 0.4040404   0.2282209369E+000   0.1023947068E+001   0.9966651500E+000   0.9850593478E+000
 0.4141414   0.2801946806E+000   0.1041082548E+001   0.1006437527E+001   0.9947422144E+000
 0.4242424   0.3434748446E+000   0.1000750944E+001   0.1002397791E+001   0.1003015596E+001
 0.4343434   0.4234005560E+000   0.1048036431E+001   0.1008645353E+001   0.9568387526E+000
 0.4444444   0.5231277534E+000   0.1045080929E+001   0.1012081208E+001   0.9833942533E+000
 0.4545455   0.6470423764E+000   0.1042164241E+001   0.1018094565E+001   0.1010448858E+001
 0.4646465   0.7993140876E+000   0.1038901799E+001   0.1017333581E+001   0.9999301133E+000
 0.4747475   0.9965703474E+000   0.1071994541E+001   0.1018936490E+001   0.1017177681E+001
 0.4848485   0.1230715348E+001   0.1028584863E+001   0.1021436724E+001   0.1003301490E+001
 0.4949495   0.1534278990E+001   0.1015615278E+001   0.1026921237E+001   0.1001890188E+001
 0.5050505   0.1703268056E+001   0.1025002203E+001   0.1027996697E+001   0.9900455456E+000
 0.5151515   0.1711200418E+001   0.1035675618E+001   0.1030664521E+001   0.9928572475E+000
 0.5252525   0.1706473157E+001   0.1020831712E+001   0.1024770553E+001   0.9811246611E+000
 0.5353535   0.1717684574E+001   0.1026410242E+001   0.1026699323E+001   0.9909952975E+000
 0.5454545   0.1710789149E+001   0.1021192276E+001   0.1028322972E+001   0.1031018741E+001
 0.5555556   0.1712906977E+001   0.1031004116E+001   0.1025752728E+001   0.9776394107E+000
 0.5656566   0.1720667431E+001   0.1031788573E+001   0.1034597500E+001   0.9924453652E+000
 0.5757576   0.1728243256E+001   0.1019791387E+001   0.1028474821E+001   0.9774855605E+000
 0.5858586   0.1728146640E+001   0.1026252942E+001   0.1031654003E+001   0.9924041770E+000
 0.5959596   0.1730634550E+001   0.1040759266E+001   0.1028106309E+001   0.9986968894E+000
 0.6060606   0.1724062063E+001   0.1033597011E+001   0.1021116706E+001   0.9769822162E+000
 0.6161616   0.1733180164E+001   0.1046982828E+001   0.1033199090E+001   0.9757144670E+000
 0.6262626   0.1739915466E+001   0.1014792007E+001   0.1030007347E+001   0.9738646312E+000
 0.6363636   0.1740865322E+001   0.1030756419E+001   0.1027152644E+001   0.9890394627E+000
 0.6464646   0.1740357049E+001   0.1011610769E+001   0.1027816757E+001   0.9930916569E+000
 0.6565657   0.1752274949E+001   0.1022724419E+001   0.1026403964E+001   0.9922109558E+000
 0.6666667   0.1751730298E+001   0.1064537094E+001   0.1033017327E+001   0.9929880806E+000
 0.6767677   0.1766587092E+001   0.1000502226E+001   0.1027850281E+001   0.9797103303E+000
 0.6868687   0.1774911923E+001   0.1036594392E+001   0.1028036500E+001   0.9904465250E+000
 0.6969697   0.1775773311E+001   0.1009986187E+001   0.1025970113E+001   0.9933181921E+000
 0.7070707   0.1784861713E+001   0.1034722625E+001   0.1033535752E+001   0.9834954068E+000
 0.7171717   0.1788117666E+001   0.1029648680E+001   0.1034050650E+001   0.9831689295E+000
 0.7272727   0.1795611001E+001   0.1031442308E+001   0.1029286888E+001   0.9772547853E+000
 0.7373737   0.1802846456E+001   0.1025184018E+001   0.1032481609E+001   0.9693878348E+000
 0.7474747   0.1811234814E+001   0.1044540083E+001   0.1031944253E+001   0.9920292431E+000
 0.7575758   0.1816644397E+001   0.1033408558E+001   0.1032099816E+001   0.9928087907E+000
 0.7676768   0.1821096719E+001   0.1045749964E+001   0.1032338962E+001   0.9906415634E+000
 0.7777778   0.1835099266E+001   0.1030310055E+001   0.1036732817E+001   0.9950765658E+000
 0.7878788   0.1842682821E+001   0.1033583222E+001   0.1033655055E+001   0.9884234565E+000
 0.7979798   0.1843341737E+001   0.1025205468E+001   0.1032348631E+001   0.9739597275E+000
 0.8080808   0.1855287351E+001   0.1026296864E+001   0.1037304434E+001   0.9891321362E+000
 0.8181818   0.1859437226E+001   0.1025533346E+001   0.1029276857E+001   0.9690486377E+000
 0.8282828   0.1879567225E+001   0.1035649061E+001   0.1034933131E+001   0.9844645414E+000
 0.8383838   0.1892383509E+001   0.1047558914E+001   0.1035607558E+001   0.1003898114E+001
 0.8484848   0.1891690296E+001   0.1027171717E+001   0.1033492646E+001   0.9869661202E+000
 0.8585859   0.1902111946E+001   0.1027849945E+001   0.1030304473E+001   0.9883513771E+000
 0.8686869   0.1910754199E+001   0.1025560925E+001   0.1028194544E+001   0.9884004395E+000
 0.8787879   0.1919576805E+001   0.1017025870E+001   0.1032034431E+001   0.9754715776E+000
 0.8888889   0.1934313994E+001   0.1035624036E+001   0.1033779011E+001   0.9938172965E+000
 0.8989899   0.1936722397E+001   0.1049366842E+001   0.1030883045E+001   0.1006836409E+001
 0.9090909   0.1955188257E+001   0.1046748921E+001   0.1031949698E+001   0.9898329417E+000
 0.9191919   0.1969754294E+001   0.1048616603E+001   0.1039054048E+001   0.9950184177E+000
 0.9292929   0.1979856140E+001   0.1055745661E+001   0.1030244961E+001   0.1002730912E+001
 0.9393939   0.1977631727E+001   0.1010798223E+001   0.1031778188E+001   0.9568805465E+000
 0.9494949   0.1984726688E+001   0.1011876851E+001   0.1027774804E+001   0.9722758561E+000
 0.9595960   0.2001688342E+001   0.1012582658E+001   0.1031525678E+001   0.9630672598E+000
 0.9696970   0.2016615946E+001   0.1019063620E+001   0.1034969434E+001   0.9670140607E+000
 0.9797980   0.2027288937E+001   0.1030225787E+001   0.1033269790E+001   0.9905186044E+000
 0.9898990   0.2029744406E+001   0.1025572671E+001   0.1032571669E+001   0.9758125918E+000
 1.0000000   0.2040964866E+001   0.1040752116E+001   0.1030590372E+001   0.9853004201E+000


 0.0000000   0.1458354201E-001   0.9103714638E+000   0.9287593469E+000   0.1037161770E+001
 0.0101010   0.1456817402E-001   0.8543553443E+000   0.9349890921E+000   0.9941667607E+000
 0.0202020   0.1423025281E-001   0.8805657643E+000   0.9362053698E+000   0.1025881478E+001
 0.0303030   0.1348545373E-001   0.8733516371E+000   0.9321355261E+000   0.1010903022E+001
 0.0404040   0.1236738631E-001   0.8628389102E+000   0.9301582445E+000   0.1006470860E+001
 0.0505051   0.1117760324E-001   0.8817247567E+000   0.9326988688E+000   0.1016068100E+001
 0.0606061   0.9822389901E-002   0.8495215880E+000   0.9302671496E+000   0.1000341561E+001
 0.0707071   0.8662565592E-002   0.8871065853E+000   0.9356437117E+000   0.1013494499E+001
 0.0808081   0.7496884534E-002   0.8634170201E+000   0.9356813015E+000   0.1042980134E+001
 0.0909091   0.6590649534E-002   0.8911270136E+000   0.9361592160E+000   0.1033472816E+001
 0.1010101   0.5862501552E-002   0.8991821959E+000   0.9397992843E+000   0.1022354491E+001
 0.1111111   0.5376610754E-002   0.9075677927E+000   0.9405098827E+000   0.1014843324E+001
 0.1212121   0.5066846028E-002   0.9035760157E+000   0.9368861053E+000   0.1007065643E+001
 0.1313131   0.4927495484E-002   0.9292300454E+000   0.9439699272E+000   0.1034440286E+001
 0.1414141   0.4947493449E-002   0.9175726517E+000   0.9472842515E+000   0.1033394270E+001
 0.1515152   0.5026333592E-002   0.9336294106E+000   0.9442408113E+000   0.1005770446E+001
 0.1616162   0.5331455968E-002   0.8835524342E+000   0.9500745302E+000   0.1037957523E+001
 0.1717172   0.5593517451E-002   0.9276842600E+000   0.9496150025E+000   0.1018383312E+001
 0.1818182   0.6119050530E-002   0.9356715109E+000   0.9518361097E+000   0.1016884979E+001
 0.1919192   0.6760802160E-002   0.9534071453E+000   0.9552514069E+000   0.1029165785E+001
 0.2020202   0.7529551886E-002   0.9426481094E+000   0.9550484937E+000   0.1029248665E+001
 0.2121212   0.8468402887E-002   0.9521326233E+000   0.9602783789E+000   0.1034657506E+001
 0.2222222   0.9612231692E-002   0.9693345111E+000   0.9554435389E+000   0.1021885923E+001
 0.2323232   0.1102526138E-001   0.9997816307E+000   0.9621010335E+000   0.1033967385E+001
 0.2424242   0.1273945221E-001   0.1032886854E+001   0.9670917870E+000   0.1029054737E+001
 0.2525253   0.1471037935E-001   0.1014247317E+001   0.9645659837E+000   0.1006367937E+001
 0.2626263   0.1711538014E-001   0.9873797646E+000   0.9714598583E+000   0.1009091588E+001
 0.2727273   0.2016437256E-001   0.1045480499E+001   0.9698918999E+000   0.1017647688E+001
 0.2828283   0.2378202877E-001   0.1017974300E+001   0.9724621303E+000   0.1017732193E+001
 0.2929293   0.2806991606E-001   0.1027860394E+001   0.9746972756E+000   0.1006834338E+001
 0.3030303   0.3354943823E-001   0.1064094620E+001   0.9727527169E+000   0.1038926618E+001
 0.3131313   0.4023379759E-001   0.1044913018E+001   0.9799017090E+000   0.1009742166E+001
 0.3232323   0.4802145269E-001   0.1005434723E+001   0.9793534880E+000   0.1003599867E+001
 0.3333333   0.5798852850E-001   0.1031742187E+001   0.9821533274E+000   0.1026946454E+001
 0.3434343   0.6965924602E-001   0.1011066557E+001   0.9822340811E+000   0.1008125743E+001
 0.3535354   0.8486961265E-001   0.1050486626E+001   0.9842101784E+000   0.9901322036E+000
 0.3636364   0.1023195816E+000   0.1088125229E+001   0.9856587762E+000   0.9774803352E+000
 0.3737374   0.1241358758E+000   0.1011390040E+001   0.9906149251E+000   0.1030346142E+001
 0.3838384   0.1516613580E+000   0.1006861744E+001   0.9935475609E+000   0.1013532418E+001
 0.3939394   0.1861636446E+000   0.1021639821E+001   0.9993496522E+000   0.9932133745E+000
 0.4040404   0.2276983510E+000   0.1019501138E+001   0.9967423972E+000   0.9851713451E+000
 0.4141414   0.2798353335E+000   0.1037608778E+001   0.1004940392E+001   0.9932984208E+000
 0.4242424   0.3438053775E+000   0.9996536239E+000   0.1001924435E+001   0.1002578227E+001
 0.4343434   0.4232212962E+000   0.1045437984E+001   0.1009256045E+001   0.9574527245E+000
 0.4444444   0.5228623919E+000   0.1042402330E+001   0.1012364356E+001   0.9837049721E+000
 0.4545455   0.6475520557E+000   0.1040839908E+001   0.1017700465E+001   0.1010094269E+001
 0.4646465   0.7991174245E+000   0.1036509861E+001   0.1017197874E+001   0.9998329082E+000
 0.4747475   0.9965226960E+000   0.1069738470E+001   0.1019424682E+001   0.1017701858E+001
 0.4848485   0.1232284146E+001   0.1027777675E+001   0.1021364368E+001   0.1003266724E+001
 0.4949495   0.1534140614E+001   0.1013434913E+001   0.1026501624E+001   0.1001517043E+001
 0.5050505   0.1702941137E+001   0.1022697610E+001   0.1028930820E+001   0.9909810423E+000
 0.5151515   0.1715657142E+001   0.1036237211E+001   0.1030801781E+001   0.9930254057E+000
 0.5252525   0.1707430955E+001   0.1019303814E+001   0.1027504284E+001   0.9837775595E+000
 0.5353535   0.1716131198E+001   0.1023372765E+001   0.1029075684E+001   0.9933249640E+000
 0.5454545   0.1711381594E+001   0.1019444760E+001   0.1028992070E+001   0.1031726927E+001
 0.5555556   0.1712382312E+001   0.1028568360E+001   0.1026573989E+001   0.9784575561E+000
 0.5656566   0.1718864248E+001   0.1028587306E+001   0.1035418259E+001   0.9932686275E+000
 0.5757576   0.1727558858E+001   0.1017290827E+001   0.1029003179E+001   0.9780231153E+000
 0.5858586   0.1728201368E+001   0.1024174540E+001   0.1032502890E+001   0.9932567102E+000
 0.5959596   0.1733066130E+001   0.1040077875E+001   0.1030105647E+001   0.1000675247E+001
 0.6060606   0.1723905792E+001   0.1031377576E+001   0.1022217459E+001   0.9780707847E+000
 0.6161616   0.1735263733E+001   0.1046085412E+001   0.1032467018E+001   0.9750584093E+000
 0.6262626   0.1738180702E+001   0.1011695038E+001   0.1028656849E+001   0.9726229409E+000
 0.6363636   0.1741534740E+001   0.1029031864E+001   0.1028019076E+001   0.9899095662E+000
 0.6464646   0.1740661312E+001   0.1009706543E+001   0.1028844007E+001   0.9941201747E+000
 0.6565657   0.1752589152E+001   0.1020803850E+001   0.1026358146E+001   0.9922025684E+000
 0.6666667   0.1750335574E+001   0.1061501675E+001   0.1032994544E+001   0.9930021127E+000
 0.6767677   0.1764901760E+001   0.9974918350E+000   0.1030508682E+001   0.9822797681E+000
 0.6868687   0.1771481742E+001   0.1032463092E+001   0.1029016802E+001   0.9914268587E+000
 0.6969697   0.1776064138E+001   0.1008073880E+001   0.1027045519E+001   0.9943953567E+000
 0.7070707   0.1782905437E+001   0.1031462606E+001   0.1033034349E+001   0.9830538527E+000
 0.7171717   0.1787229926E+001   0.1027020726E+001   0.1034708599E+001   0.9838301041E+000
 0.7272727   0.1794879631E+001   0.1028901547E+001   0.1030011498E+001   0.9779781545E+000
 0.7373737   0.1802456001E+001   0.1022853806E+001   0.1033511673E+001   0.9703900670E+000
 0.7474747   0.1810863962E+001   0.1042178203E+001   0.1032473181E+001   0.9925736306E+000
 0.7575758   0.1815503643E+001   0.1030635414E+001   0.1032308483E+001   0.9930454485E+000
 0.7676768   0.1819903573E+001   0.1042915281E+001   0.1032585930E+001   0.9909144136E+000
 0.7777778   0.1834118484E+001   0.1027641350E+001   0.1035269437E+001   0.9937079435E+000
 0.7878788   0.1844062725E+001   0.1032229722E+001   0.1034780850E+001   0.9895357955E+000
 0.7979798   0.1843980519E+001   0.1023451325E+001   0.1032227576E+001   0.9738807606E+000
 0.8080808   0.1855202247E+001   0.1024138957E+001   0.1036684739E+001   0.9885769923E+000
 0.8181818   0.1859900818E+001   0.1023679149E+001   0.1029532661E+001   0.9693245496E+000
 0.8282828   0.1876874785E+001   0.1032038405E+001   0.1035957581E+001   0.9854746953E+000
 0.8383838   0.1889571945E+001   0.1043851071E+001   0.1034152676E+001   0.1002524057E+001
 0.8484848   0.1892965331E+001   0.1025749901E+001   0.1034630372E+001   0.9880883819E+000
 0.8585859   0.1902024075E+001   0.1025688439E+001   0.1031742954E+001   0.9897671000E+000
 0.8686869   0.1912669179E+001   0.1024477227E+001   0.1030371230E+001   0.9905287256E+000
 0.8787879   0.1918729902E+001   0.1014486232E+001   0.1033071777E+001   0.9764874052E+000
 0.8888889   0.1934035777E+001   0.1033345275E+001   0.1034516993E+001   0.9945627410E+000
 0.8989899   0.1938350307E+001   0.1048088694E+001   0.1032172477E+001   0.1008132244E+001
 0.9090909   0.1956877656E+001   0.1045498522E+001   0.1032365521E+001   0.9902676278E+000
 0.9191919   0.1971711372E+001   0.1047499494E+001   0.1040320156E+001   0.9962669188E+000
 0.9292929   0.1978220700E+001   0.1052703869E+001   0.1030081978E+001   0.1002608562E+001
 0.9393939   0.1977857878E+001   0.1008834526E+001   0.1031989242E+001   0.9571109139E+000
 0.9494949   0.1984268297E+001   0.1009562362E+001   0.1027351532E+001   0.9719106097E+000
 0.9595960   0.2001427572E+001   0.1010368296E+001   0.1032225344E+001   0.9637553657E+000
 0.9696970   0.2015284015E+001   0.1016295887E+001   0.1034543138E+001   0.9666507346E+000
 0.9797980   0.2029187800E+001   0.1029069758E+001   0.1035978959E+001   0.9931516210E+000
 0.9898990   0.2031734289E+001   0.1024466598E+001   0.1033341772E+001   0.9765757017E+000
 1.0000000   0.2041812356E+001   0.1039042731E+001   0.1030622043E+001   0.9853663559E+000


