# Lambda, (Probability, Probability_biased(/observed)) per Fractional
 0.0000000   0.5873359363E-001   0.1030391374E+001   0.8052362473E+000   0.9901428896E+000
 0.0101010   0.5967776920E-001   0.1077976468E+001   0.8192490839E+000   0.1029175071E+001
 0.0202020   0.5733222786E-001   0.9973216685E+000   0.7999933169E+000   0.9618475754E+000
 0.0303030   0.5718802810E-001   0.1073865322E+001   0.8091089652E+000   0.1005625414E+001
 0.0404040   0.5310308972E-001   0.1037210615E+001   0.8110162278E+000   0.1015058794E+001
 0.0505051   0.5067082050E-001   0.1072766610E+001   0.8176683802E+000   0.1025385305E+001
 0.0606061   0.4607908307E-001   0.1037153874E+001   0.8022598823E+000   0.9926436528E+000
 0.0707071   0.4259732501E-001   0.1027322200E+001   0.8126156487E+000   0.1011365582E+001
 0.0808081   0.3952207827E-001   0.1026589725E+001   0.8158266882E+000   0.9995714426E+000
 0.0909091   0.3667414020E-001   0.1026857955E+001   0.8179384144E+000   0.1001058383E+001
 0.1010101   0.3471678215E-001   0.1064312196E+001   0.8272815136E+000   0.1023053512E+001
 0.1111111   0.3254166628E-001   0.1017206822E+001   0.8160487900E+000   0.9728982450E+000
 0.1212121   0.3168910716E-001   0.1025449746E+001   0.8124622735E+000   0.9821240333E+000
 0.1313131   0.3070720157E-001   0.9950107609E+000   0.8300170821E+000   0.1002463252E+001
 0.1414141   0.3147183703E-001   0.9990135829E+000   0.8331147887E+000   0.9954292519E+000
 0.1515152   0.3200271253E-001   0.1001288383E+001   0.8348894541E+000   0.1003901915E+001
 0.1616162   0.3375199164E-001   0.1016928275E+001   0.8421598909E+000   0.9975775909E+000
 0.1717172   0.3448452273E-001   0.1009025796E+001   0.8466593454E+000   0.1014011177E+001
 0.1818182   0.3650933150E-001   0.1003083463E+001   0.8553715902E+000   0.1007947551E+001
 0.1919192   0.3935871477E-001   0.1012089812E+001   0.8563186018E+000   0.1003486730E+001
 0.2020202   0.4177850353E-001   0.9956658620E+000   0.8537829418E+000   0.9844027210E+000
 0.2121212   0.4472886495E-001   0.9649380133E+000   0.8791141220E+000   0.1023106617E+001
 0.2222222   0.4957720212E-001   0.1002722383E+001   0.8647247983E+000   0.9764224865E+000
 0.2323232   0.5437666105E-001   0.1019007060E+001   0.8848585723E+000   0.9957720206E+000
 0.2424242   0.5990809423E-001   0.9997873243E+000   0.8779762921E+000   0.9869903832E+000
 0.2525253   0.6569147057E-001   0.9819293736E+000   0.8778197590E+000   0.9929043501E+000
 0.2626263   0.7340541041E-001   0.9903734710E+000   0.8980141438E+000   0.9954678737E+000
 0.2727273   0.8080466584E-001   0.9840030005E+000   0.8999506678E+000   0.9992721234E+000
 0.2828283   0.9123644673E-001   0.9606772775E+000   0.9152376503E+000   0.9811874541E+000
 0.2929293   0.1025953486E+000   0.9823833019E+000   0.9178322037E+000   0.9964430748E+000
 0.3030303   0.1154103372E+000   0.9757394427E+000   0.9277383547E+000   0.9765431797E+000
 0.3131313   0.1299072504E+000   0.9718088366E+000   0.9284121476E+000   0.9834033813E+000
 0.3232323   0.1480764587E+000   0.9935922351E+000   0.9303258916E+000   0.9991176361E+000
 0.3333333   0.1659823610E+000   0.9754144713E+000   0.9295734959E+000   0.9857158630E+000
 0.3434343   0.1868843983E+000   0.9669548991E+000   0.9427012298E+000   0.9955933946E+000
 0.3535354   0.2141324476E+000   0.9670219567E+000   0.9542880208E+000   0.1003631562E+001
 0.3636364   0.2458863918E+000   0.9788447247E+000   0.9799028950E+000   0.9869372782E+000
 0.3737374   0.2774437525E+000   0.9766215079E+000   0.9730447886E+000   0.9861020812E+000
 0.3838384   0.3183235297E+000   0.9958825095E+000   0.9830361663E+000   0.1008019967E+001
 0.3939394   0.3731014447E+000   0.1005574910E+001   0.9953210229E+000   0.9843254773E+000
 0.4040404   0.4209692389E+000   0.9771682851E+000   0.1001337640E+001   0.1014749820E+001
 0.4141414   0.4811262822E+000   0.9824555177E+000   0.9988020552E+000   0.9780494308E+000
 0.4242424   0.5640799395E+000   0.1021426291E+001   0.1028380482E+001   0.1003332243E+001
 0.4343434   0.6565068504E+000   0.9953357323E+000   0.1030165325E+001   0.9890566508E+000
 0.4444444   0.7417537717E+000   0.1021519140E+001   0.1037295735E+001   0.9923105396E+000
 0.4545455   0.8553141420E+000   0.9897957441E+000   0.1054464314E+001   0.9839489145E+000
 0.4646465   0.9836457588E+000   0.9864686563E+000   0.1061140126E+001   0.1009091722E+001
 0.4747475   0.1130165239E+001   0.9950417106E+000   0.1063283241E+001   0.9836640786E+000
 0.4848485   0.1337197321E+001   0.1004094485E+001   0.1077576593E+001   0.9956223610E+000
 0.4949495   0.1543806188E+001   0.1000617807E+001   0.1096155288E+001   0.1005470926E+001
 0.5050505   0.1678283974E+001   0.1014318187E+001   0.1089714419E+001   0.9956416719E+000
 0.5151515   0.1673106920E+001   0.1000189670E+001   0.1099063106E+001   0.1008999996E+001
 0.5252525   0.1641487661E+001   0.1010954991E+001   0.1084926723E+001   0.9947340590E+000
 0.5353535   0.1648464068E+001   0.9914670255E+000   0.1083127170E+001   0.9757562600E+000
 0.5454545   0.1644738720E+001   0.1006818054E+001   0.1090150533E+001   0.1006035770E+001
 0.5555556   0.1659952504E+001   0.9893263410E+000   0.1098300584E+001   0.1024178373E+001
 0.5656566   0.1647046068E+001   0.1025934624E+001   0.1081783690E+001   0.9962692766E+000
 0.5757576   0.1652500825E+001   0.9913019607E+000   0.1090064955E+001   0.1001179076E+001
 0.5858586   0.1672460257E+001   0.1019796276E+001   0.1085746885E+001   0.9890663063E+000
 0.5959596   0.1686470017E+001   0.1006554982E+001   0.1087326490E+001   0.1010115201E+001
 0.6060606   0.1652453604E+001   0.9824555177E+000   0.1086337048E+001   0.1012379405E+001
 0.6161616   0.1659633180E+001   0.9743002838E+000   0.1087385468E+001   0.9920594977E+000
 0.6262626   0.1655892300E+001   0.9789633650E+000   0.1088985600E+001   0.9891145836E+000
 0.6363636   0.1668039719E+001   0.9927153282E+000   0.1095193610E+001   0.1015686399E+001
 0.6464646   0.1715393416E+001   0.1013348431E+001   0.1089266395E+001   0.9981279519E+000
 0.6565657   0.1708863373E+001   0.1004966233E+001   0.1101900106E+001   0.1008522050E+001
 0.6666667   0.1696610271E+001   0.1003991319E+001   0.1092791590E+001   0.1009704844E+001
 0.6767677   0.1702718602E+001   0.9962074809E+000   0.1069996397E+001   0.9954485628E+000
 0.6868687   0.1683730657E+001   0.9893160245E+000   0.1100675568E+001   0.1001980479E+001
 0.6969697   0.1706368848E+001   0.1000148404E+001   0.1118729866E+001   0.1023975608E+001
 0.7070707   0.1710556682E+001   0.9911884786E+000   0.1090480774E+001   0.1003617079E+001
 0.7171717   0.1693469434E+001   0.9807842364E+000   0.1080832487E+001   0.9877435088E+000
 0.7272727   0.1698580501E+001   0.9842248063E+000   0.1091346813E+001   0.1004070885E+001
 0.7373737   0.1716900843E+001   0.9954234230E+000   0.1087855740E+001   0.1006740619E+001
 0.7474747   0.1737747004E+001   0.1008050882E+001   0.1109640968E+001   0.1033491060E+001
 0.7575758   0.1753161572E+001   0.1011940222E+001   0.1094586107E+001   0.1014503606E+001
 0.7676768   0.1748723242E+001   0.9951861423E+000   0.1104517833E+001   0.1014527744E+001
 0.7777778   0.1775276888E+001   0.1005229305E+001   0.1098265044E+001   0.1013301501E+001
 0.7878788   0.1726763070E+001   0.9692503318E+000   0.1077851070E+001   0.9790729092E+000
 0.7979798   0.1766961279E+001   0.9967903661E+000   0.1102929671E+001   0.1008208248E+001
 0.8080808   0.1781170492E+001   0.1008344904E+001   0.1094251555E+001   0.1015729848E+001
 0.8181818   0.1785242699E+001   0.9974867333E+000   0.1092657576E+001   0.1000160425E+001
 0.8282828   0.1801065874E+001   0.1005910198E+001   0.1087442580E+001   0.1004983326E+001
 0.8383838   0.1799141458E+001   0.9971617619E+000   0.1100340089E+001   0.1013185636E+001
 0.8484848   0.1805399912E+001   0.1002366462E+001   0.1093532888E+001   0.1004437792E+001
 0.8585859   0.1807400832E+001   0.9926585872E+000   0.1094219969E+001   0.1002936369E+001
 0.8686869   0.1817511668E+001   0.9952428833E+000   0.1103290567E+001   0.1011225578E+001
 0.8787879   0.1825427606E+001   0.9901052407E+000   0.1098839297E+001   0.1001212870E+001
 0.8888889   0.1828530468E+001   0.9975434743E+000   0.1095599218E+001   0.1007884790E+001
 0.8989899   0.1826735543E+001   0.9850501304E+000   0.1096753493E+001   0.1002366697E+001
 0.9090909   0.1828597406E+001   0.9801497685E+000   0.1099891518E+001   0.1002318420E+001
 0.9191919   0.1863220681E+001   0.1003351693E+001   0.1099614316E+001   0.1005398510E+001
 0.9292929   0.1865282699E+001   0.9820325391E+000   0.1091725748E+001   0.9809605508E+000
 0.9393939   0.1879883627E+001   0.1004079010E+001   0.1093199118E+001   0.1004597108E+001
 0.9494949   0.1871054154E+001   0.9686158639E+000   0.1091454810E+001   0.9874441897E+000
 0.9595960   0.1885140661E+001   0.9885938659E+000   0.1113268605E+001   0.1003742600E+001
 0.9696970   0.1897202435E+001   0.9992766550E+000   0.1099650875E+001   0.1009120689E+001
 0.9797980   0.1885493357E+001   0.9955369051E+000   0.1107667105E+001   0.1025926010E+001
 0.9898990   0.1901913186E+001   0.9958567182E+000   0.1087125629E+001   0.9876904038E+000
 1.0000000   0.1869601948E+001   0.9657633374E+000   0.1072210186E+001   0.9830026798E+000


 0.0000000   0.5917058176E-001   0.1035293612E+001   0.7924038650E+000   0.9750938409E+000
 0.0101010   0.5951125247E-001   0.1072106293E+001   0.8008916051E+000   0.1006867462E+001
 0.0202020   0.5784594436E-001   0.1003578635E+001   0.7906664086E+000   0.9513459093E+000
 0.0303030   0.5714381967E-001   0.1070177997E+001   0.8013465140E+000   0.9967238492E+000
 0.0404040   0.5309897473E-001   0.1034368657E+001   0.7945786406E+000   0.9952308086E+000
 0.0505051   0.5072520843E-001   0.1071058533E+001   0.8037545237E+000   0.1008692024E+001
 0.0606061   0.4626042469E-001   0.1038463020E+001   0.7924054388E+000   0.9811852558E+000
 0.0707071   0.4251821519E-001   0.1022683917E+001   0.7950048104E+000   0.9901888153E+000
 0.0808081   0.4007300867E-001   0.1038128573E+001   0.8069510188E+000   0.9894375249E+000
 0.0909091   0.3690702536E-001   0.1030627032E+001   0.8071818082E+000   0.9886337634E+000
 0.1010101   0.3499183152E-001   0.1069887969E+001   0.8128027440E+000   0.1005901517E+001
 0.1111111   0.3280783740E-001   0.1022796270E+001   0.8071149715E+000   0.9629682525E+000
 0.1212121   0.3207143877E-001   0.1035058454E+001   0.8118922255E+000   0.9821702809E+000
 0.1313131   0.3137940860E-001   0.1014084972E+001   0.8210379780E+000   0.9923615948E+000
 0.1414141   0.3171994808E-001   0.1004208336E+001   0.8210932200E+000   0.9818005984E+000
 0.1515152   0.3232625473E-001   0.1008718144E+001   0.8317301463E+000   0.1000852369E+001
 0.1616162   0.3383486971E-001   0.1016710903E+001   0.8339423576E+000   0.9885836774E+000
 0.1717172   0.3526890472E-001   0.1029229148E+001   0.8439037865E+000   0.1011468221E+001
 0.1818182   0.3683627731E-001   0.1009371360E+001   0.8434742293E+000   0.9946727071E+000
 0.1919192   0.3933324321E-001   0.1008741660E+001   0.8484667952E+000   0.9950304645E+000
 0.2020202   0.4223416692E-001   0.1003845147E+001   0.8482200339E+000   0.9787215003E+000
 0.2121212   0.4566103516E-001   0.9824248648E+000   0.8660281440E+000   0.1008632398E+001
 0.2222222   0.4949942583E-001   0.9984835443E+000   0.8551893752E+000   0.9663788724E+000
 0.2323232   0.5468026147E-001   0.1021967991E+001   0.8719977085E+000   0.9820343332E+000
 0.2424242   0.6003114975E-001   0.9991733412E+000   0.8699476953E+000   0.9786976498E+000
 0.2525253   0.6619314136E-001   0.9867935781E+000   0.8787626971E+000   0.9947156380E+000
 0.2626263   0.7405730472E-001   0.9965082170E+000   0.8950921171E+000   0.9929721673E+000
 0.2727273   0.8223506698E-001   0.9987552825E+000   0.8976704575E+000   0.9974870648E+000
 0.2828283   0.9133131064E-001   0.9591154798E+000   0.9079478477E+000   0.9741016606E+000
 0.2929293   0.1036027662E+000   0.9893881549E+000   0.9188062282E+000   0.9982478954E+000
 0.3030303   0.1167558158E+000   0.9844864167E+000   0.9126376880E+000   0.9613678847E+000
 0.3131313   0.1304754057E+000   0.9734601187E+000   0.9304170230E+000   0.9862654099E+000
 0.3232323   0.1485990834E+000   0.9944440522E+000   0.9312168237E+000   0.1000823748E+001
 0.3333333   0.1676862625E+000   0.9828037305E+000   0.9370572010E+000   0.9943960415E+000
 0.3434343   0.1882373835E+000   0.9713619866E+000   0.9457707631E+000   0.9995835228E+000
 0.3535354   0.2145945131E+000   0.9665281830E+000   0.9568860033E+000   0.1007117892E+001
 0.3636364   0.2466515821E+000   0.9792763603E+000   0.9731761884E+000   0.9808966648E+000
 0.3737374   0.2821849202E+000   0.9906658468E+000   0.9761906738E+000   0.9900314020E+000
 0.3838384   0.3215394636E+000   0.1003265091E+001   0.9843867961E+000   0.1010161215E+001
 0.3939394   0.3703959847E+000   0.9956250680E+000   0.9975890960E+000   0.9873076762E+000
 0.4040404   0.4225443903E+000   0.9782129235E+000   0.9992547298E+000   0.1013397726E+001
 0.4141414   0.4835363270E+000   0.9847477034E+000   0.1001152011E+001   0.9810850837E+000
 0.4242424   0.5614543336E+000   0.1013964780E+001   0.1019655066E+001   0.9955647154E+000
 0.4343434   0.6517704936E+000   0.9855237249E+000   0.1036060804E+001   0.9954621583E+000
 0.4444444   0.7425181194E+000   0.1019848956E+001   0.1041567525E+001   0.9971436178E+000
 0.4545455   0.8510686384E+000   0.9822602542E+000   0.1051550530E+001   0.9819651667E+000
 0.4646465   0.9872968866E+000   0.9874938264E+000   0.1061489531E+001   0.1010180295E+001
 0.4747475   0.1138081219E+001   0.9993431775E+000   0.1076490409E+001   0.9966284472E+000
 0.4848485   0.1328718532E+001   0.9950711403E+000   0.1080589542E+001   0.9991542140E+000
 0.4949495   0.1544747497E+001   0.9985619304E+000   0.1099441186E+001   0.1009240586E+001
 0.5050505   0.1664991014E+001   0.1003604763E+001   0.1087246727E+001   0.9941313010E+000
 0.5151515   0.1648395627E+001   0.9827932790E+000   0.1092004353E+001   0.1003270808E+001
 0.5252525   0.1646410003E+001   0.1011286592E+001   0.1092877596E+001   0.1002774718E+001
 0.5353535   0.1643227225E+001   0.9856857226E+000   0.1088152947E+001   0.9810183023E+000
 0.5454545   0.1647838269E+001   0.1006029504E+001   0.1101724577E+001   0.1017478544E+001
 0.5555556   0.1662149749E+001   0.9879981097E+000   0.1097033361E+001   0.1023763148E+001
 0.5656566   0.1646942571E+001   0.1023138556E+001   0.1086839331E+001   0.1001675211E+001
 0.5757576   0.1657967611E+001   0.9919330872E+000   0.1095442801E+001   0.1006872232E+001
 0.5858586   0.1669823969E+001   0.1015477630E+001   0.1097566826E+001   0.1000582858E+001
 0.5959596   0.1680086113E+001   0.1000074780E+001   0.1097008372E+001   0.1019873134E+001
 0.6060606   0.1662489215E+001   0.9857902373E+000   0.1096799059E+001   0.1022894990E+001
 0.6161616   0.1664400823E+001   0.9744974268E+000   0.1096068687E+001   0.1000730731E+001
 0.6262626   0.1663299075E+001   0.9807238885E+000   0.1094348014E+001   0.9947299483E+000
 0.6363636   0.1683166437E+001   0.9990505365E+000   0.1097733465E+001   0.1018804632E+001
 0.6464646   0.1700255330E+001   0.1001731338E+001   0.1087973071E+001   0.9976897940E+000
 0.6565657   0.1692763956E+001   0.9928475906E+000   0.1102161662E+001   0.1009517251E+001
 0.6666667   0.1695340567E+001   0.1000568612E+001   0.1093581280E+001   0.1011191556E+001
 0.6767677   0.1700409433E+001   0.9922074382E+000   0.1088230850E+001   0.1013171146E+001
 0.6868687   0.1692584820E+001   0.9918703784E+000   0.1098843593E+001   0.1001062253E+001
 0.6969697   0.1707312201E+001   0.9980367441E+000   0.1106612421E+001   0.1013643386E+001
 0.7070707   0.1709553315E+001   0.9879693682E+000   0.1099711273E+001   0.1012870630E+001
 0.7171717   0.1706716187E+001   0.9858242045E+000   0.1093590124E+001   0.1000151164E+001
 0.7272727   0.1713288986E+001   0.9901040804E+000   0.1100856570E+001   0.1013578990E+001
 0.7373737   0.1721363449E+001   0.9953533299E+000   0.1094172721E+001   0.1013345255E+001
 0.7474747   0.1736693170E+001   0.1004757038E+001   0.1111666647E+001   0.1036153477E+001
 0.7575758   0.1735442446E+001   0.9990453107E+000   0.1095066005E+001   0.1015708838E+001
 0.7676768   0.1738573166E+001   0.9867752881E+000   0.1101784360E+001   0.1012775228E+001
 0.7777778   0.1770685580E+001   0.9999598141E+000   0.1105983395E+001   0.1021187295E+001
 0.7878788   0.1746715682E+001   0.9778392835E+000   0.1093037345E+001   0.9936113604E+000
 0.7979798   0.1755238834E+001   0.9875408581E+000   0.1098834107E+001   0.1005217008E+001
 0.8080808   0.1778668857E+001   0.1004247529E+001   0.1102621889E+001   0.1024266394E+001
 0.8181818   0.1794301622E+001   0.9998788152E+000   0.1099741972E+001   0.1007399328E+001
 0.8282828   0.1808992188E+001   0.1007646868E+001   0.1107060291E+001   0.1023880016E+001
 0.8383838   0.1794575574E+001   0.9919827317E+000   0.1098141715E+001   0.1011918996E+001
 0.8484848   0.1790089694E+001   0.9912197746E+000   0.1094905911E+001   0.1006452464E+001
 0.8585859   0.1794459160E+001   0.9829265352E+000   0.1100401006E+001   0.1009357453E+001
 0.8686869   0.1817384886E+001   0.9925235951E+000   0.1108088186E+001   0.1016383807E+001
 0.8787879   0.1820991381E+001   0.9850690860E+000   0.1105065399E+001   0.1007640218E+001
 0.8888889   0.1827662988E+001   0.9944153107E+000   0.1102078071E+001   0.1014604561E+001
 0.8989899   0.1813734962E+001   0.9754354460E+000   0.1093361392E+001   0.1000015217E+001
 0.9090909   0.1837520206E+001   0.9823098987E+000   0.1104984609E+001   0.1007714154E+001
 0.9191919   0.1860687696E+001   0.9993196617E+000   0.1100542426E+001   0.1007001025E+001
 0.9292929   0.1866227768E+001   0.9799138998E+000   0.1095876846E+001   0.9854282577E+000
 0.9393939   0.1880456192E+001   0.1001710435E+001   0.1106405852E+001   0.1017495240E+001
 0.9494949   0.1874526272E+001   0.9678293907E+000   0.1097357129E+001   0.9935278837E+000
 0.9595960   0.1893166071E+001   0.9901589506E+000   0.1113276191E+001   0.1004501494E+001
 0.9696970   0.1904975759E+001   0.1000699255E+001   0.1105211885E+001   0.1014983783E+001
 0.9797980   0.1890292807E+001   0.9954134258E+000   0.1103140601E+001   0.1022499072E+001
 0.9898990   0.1890771509E+001   0.9873866989E+000   0.1094376814E+001   0.9950233093E+000
 1.0000000   0.1884182639E+001   0.9707035442E+000   0.1091525295E+001   0.1001460556E+001


 0.0000000   0.5861740291E-001   0.1026488804E+001   0.7911402520E+000   0.9733700684E+000
 0.0101010   0.5924145455E-001   0.1068155342E+001   0.8000509737E+000   0.1005636206E+001
 0.0202020   0.5775353295E-001   0.1002829259E+001   0.7962146853E+000   0.9578555682E+000
 0.0303030   0.5648173647E-001   0.1058680077E+001   0.8007539878E+000   0.9958141339E+000
 0.0404040   0.5302305641E-001   0.1033769998E+001   0.7970560548E+000   0.9981607040E+000
 0.0505051   0.5026230791E-001   0.1062188856E+001   0.8038782799E+000   0.1008672381E+001
 0.0606061   0.4612308720E-001   0.1036262393E+001   0.7962359910E+000   0.9857574047E+000
 0.0707071   0.4245360488E-001   0.1022000064E+001   0.7962835150E+000   0.9916094633E+000
 0.0808081   0.3997547455E-001   0.1036484402E+001   0.8091673456E+000   0.9919829990E+000
 0.0909091   0.3683644684E-001   0.1029532752E+001   0.8079046521E+000   0.9893474974E+000
 0.1010101   0.3485236653E-001   0.1066531903E+001   0.8166176496E+000   0.1010447473E+001
 0.1111111   0.3267194790E-001   0.1019427884E+001   0.8101871599E+000   0.9664660440E+000
 0.1212121   0.3193481248E-001   0.1031527362E+001   0.8143309789E+000   0.9849496737E+000
 0.1313131   0.3134617317E-001   0.1013874196E+001   0.8248338977E+000   0.9967767065E+000
 0.1414141   0.3163704441E-001   0.1002437275E+001   0.8239244556E+000   0.9850151223E+000
 0.1515152   0.3210728222E-001   0.1002739068E+001   0.8315743116E+000   0.1000491311E+001
 0.1616162   0.3346196545E-001   0.1006362321E+001   0.8325253406E+000   0.9867327478E+000
 0.1717172   0.3500181542E-001   0.1022305326E+001   0.8458612076E+000   0.1013638489E+001
 0.1818182   0.3658097536E-001   0.1003229916E+001   0.8445060315E+000   0.9957167592E+000
 0.1919192   0.3935287626E-001   0.1010105250E+001   0.8526123335E+000   0.9997186989E+000
 0.2020202   0.4205729124E-001   0.1000492964E+001   0.8531984955E+000   0.9842951882E+000
 0.2121212   0.4538416506E-001   0.9772999841E+000   0.8634737299E+000   0.1005482961E+001
 0.2222222   0.4953782323E-001   0.1000109652E+001   0.8649179189E+000   0.9772027996E+000
 0.2323232   0.5411515311E-001   0.1012268101E+001   0.8736875779E+000   0.9837668108E+000
 0.2424242   0.6024822542E-001   0.1003640979E+001   0.8750948764E+000   0.9843175365E+000
 0.2525253   0.6583993823E-001   0.9823645593E+000   0.8831566152E+000   0.9995159680E+000
 0.2626263   0.7429656761E-001   0.1000579686E+001   0.8979636364E+000   0.9959849387E+000
 0.2727273   0.8207556123E-001   0.9976675550E+000   0.8977227064E+000   0.9973721288E+000
 0.2828283   0.9216385653E-001   0.9686832684E+000   0.9102582408E+000   0.9764110317E+000
 0.2929293   0.1032065162E+000   0.9864439706E+000   0.9155171772E+000   0.9945019702E+000
 0.3030303   0.1158763688E+000   0.9779035704E+000   0.9151493771E+000   0.9638465055E+000
 0.3131313   0.1303570827E+000   0.9734061582E+000   0.9302753049E+000   0.9859441725E+000
 0.3232323   0.1492037230E+000   0.9993412930E+000   0.9360321676E+000   0.1005824570E+001
 0.3333333   0.1672459674E+000   0.9810585233E+000   0.9391234927E+000   0.9964159413E+000
 0.3434343   0.1894239613E+000   0.9783181024E+000   0.9452182860E+000   0.9988263637E+000
 0.3535354   0.2166224608E+000   0.9764934678E+000   0.9544061157E+000   0.1004333620E+001
 0.3636364   0.2458381299E+000   0.9768785143E+000   0.9767521936E+000   0.9843303069E+000
 0.3737374   0.2831164430E+000   0.9947831753E+000   0.9788639705E+000   0.9925704396E+000
 0.3838384   0.3229206279E+000   0.1008433246E+001   0.9862897017E+000   0.1011938423E+001
 0.3939394   0.3713439666E+000   0.9990238898E+000   0.1000405917E+001   0.9899237639E+000
 0.4040404   0.4234149754E+000   0.9810637266E+000   0.1004152254E+001   0.1018187962E+001
 0.4141414   0.4817154565E+000   0.9818754462E+000   0.1004240302E+001   0.9839408082E+000
 0.4242424   0.5617792206E+000   0.1015416116E+001   0.1009978514E+001   0.9859457688E+000
 0.4343434   0.6561753027E+000   0.9930296528E+000   0.1030395478E+001   0.9898471412E+000
 0.4444444   0.7428160565E+000   0.1021127639E+001   0.1038773236E+001   0.9942960467E+000
 0.4545455   0.8555664323E+000   0.9882928874E+000   0.1050366227E+001   0.9806891324E+000
 0.4646465   0.9894600751E+000   0.9905008341E+000   0.1065559772E+001   0.1013877935E+001
 0.4747475   0.1143916811E+001   0.1005323389E+001   0.1076152659E+001   0.9961429730E+000
 0.4848485   0.1331000292E+001   0.9976293972E+000   0.1075406242E+001   0.9941890942E+000
 0.4949495   0.1545685021E+001   0.1000019460E+001   0.1088851931E+001   0.9993467596E+000
 0.5050505   0.1666353104E+001   0.1005281762E+001   0.1088946067E+001   0.9955124320E+000
 0.5151515   0.1659257506E+001   0.9901123188E+000   0.1088408495E+001   0.9997937253E+000
 0.5252525   0.1653705984E+001   0.1016633695E+001   0.1092243365E+001   0.1002018976E+001
 0.5353535   0.1642305236E+001   0.9859722019E+000   0.1087491268E+001   0.9802517445E+000
 0.5454545   0.1650000052E+001   0.1008207769E+001   0.1096163009E+001   0.1012166695E+001
 0.5555556   0.1664264937E+001   0.9900984432E+000   0.1099395473E+001   0.1025789572E+001
 0.5656566   0.1655492234E+001   0.1029326354E+001   0.1090141444E+001   0.1004544333E+001
 0.5757576   0.1657214076E+001   0.9923272032E+000   0.1092807870E+001   0.1004276153E+001
 0.5858586   0.1663431047E+001   0.1012451952E+001   0.1096520145E+001   0.9994553084E+000
 0.5959596   0.1681316809E+001   0.1001660244E+001   0.1093153173E+001   0.1016112764E+001
 0.6060606   0.1665655976E+001   0.9885096929E+000   0.1093725151E+001   0.1019851313E+001
 0.6161616   0.1674399190E+001   0.9811868721E+000   0.1099275314E+001   0.1003484385E+001
 0.6262626   0.1660186766E+001   0.9797230017E+000   0.1091260571E+001   0.9917515346E+000
 0.6363636   0.1690277998E+001   0.1004126623E+001   0.1096383688E+001   0.1017375442E+001
 0.6464646   0.1694407310E+001   0.9991366287E+000   0.1081787754E+001   0.9918457166E+000
 0.6565657   0.1687779907E+001   0.9907679384E+000   0.1094954639E+001   0.1002742103E+001
 0.6666667   0.1697973738E+001   0.1002976687E+001   0.1098904129E+001   0.1015937170E+001
 0.6767677   0.1700883250E+001   0.9933297116E+000   0.1087654372E+001   0.1012458819E+001
 0.6868687   0.1693957090E+001   0.9935205004E+000   0.1096158869E+001   0.9984432502E+000
 0.6969697   0.1717301995E+001   0.1004731944E+001   0.1102160845E+001   0.1009390718E+001
 0.7070707   0.1714924233E+001   0.9919178745E+000   0.1102363584E+001   0.1015137421E+001
 0.7171717   0.1712935489E+001   0.9902597465E+000   0.1095909761E+001   0.1002098791E+001
 0.7272727   0.1715226993E+001   0.9920687711E+000   0.1099863624E+001   0.1012489149E+001
 0.7373737   0.1724223233E+001   0.9978566093E+000   0.1094758485E+001   0.1013711919E+001
 0.7474747   0.1731459802E+001   0.1002582968E+001   0.1108237577E+001   0.1032778201E+001
 0.7575758   0.1734153355E+001   0.9991539731E+000   0.1097338812E+001   0.1017640429E+001
 0.7676768   0.1737758357E+001   0.9871533580E+000   0.1100114874E+001   0.1011065244E+001
 0.7777778   0.1759847275E+001   0.9946860465E+000   0.1101634596E+001   0.1016995521E+001
 0.7878788   0.1747349083E+001   0.9790274899E+000   0.1092046526E+001   0.9925385135E+000
 0.7979798   0.1756170168E+001   0.9889068805E+000   0.1095934874E+001   0.1002390916E+001
 0.8080808   0.1773244922E+001   0.1002038353E+001   0.1098597444E+001   0.1020350957E+001
 0.8181818   0.1791433753E+001   0.9991314253E+000   0.1099743613E+001   0.1007226127E+001
 0.8282828   0.1794476550E+001   0.1000413179E+001   0.1102362136E+001   0.1019358054E+001
 0.8383838   0.1792146535E+001   0.9914842636E+000   0.1100479204E+001   0.1013897091E+001
 0.8484848   0.1790498007E+001   0.9922907799E+000   0.1096891185E+001   0.1008102499E+001
 0.8585859   0.1794225167E+001   0.9836359064E+000   0.1099197375E+001   0.1008078555E+001
 0.8686869   0.1813231505E+001   0.9910992171E+000   0.1106668914E+001   0.1014905956E+001
 0.8787879   0.1808797682E+001   0.9793067353E+000   0.1100194363E+001   0.1003024649E+001
 0.8888889   0.1826861936E+001   0.9948265364E+000   0.1102218602E+001   0.1014557962E+001
 0.8989899   0.1818731893E+001   0.9789563777E+000   0.1095003821E+001   0.1001343739E+001
 0.9090909   0.1837276646E+001   0.9830167101E+000   0.1099187628E+001   0.1002253633E+001
 0.9191919   0.1857017208E+001   0.9981982947E+000   0.1100464628E+001   0.1006755217E+001
 0.9292929   0.1865196280E+001   0.9802069115E+000   0.1096232393E+001   0.9855770221E+000
 0.9393939   0.1873191404E+001   0.9986908767E+000   0.1101830359E+001   0.1013111708E+001
 0.9494949   0.1864717901E+001   0.9635857387E+000   0.1096283459E+001   0.9923836718E+000
 0.9595960   0.1880510898E+001   0.9843782483E+000   0.1110912112E+001   0.1002194570E+001
 0.9696970   0.1901760527E+001   0.9998616261E+000   0.1111285401E+001   0.1020384479E+001
 0.9797980   0.1893967239E+001   0.9981982947E+000   0.1100581661E+001   0.1019950284E+001
 0.9898990   0.1894393069E+001   0.9901209910E+000   0.1093111627E+001   0.9937006245E+000
 1.0000000   0.1885989848E+001   0.9724626209E+000   0.1095972502E+001   0.1005366430E+001


 0.0000000   0.5916215605E-001   0.1033298343E+001   0.7878102766E+000   0.9694504019E+000
 0.0101010   0.5967375486E-001   0.1073114754E+001   0.7976247880E+000   0.1002769999E+001
 0.0202020   0.5825027336E-001   0.1008789387E+001   0.7930321010E+000   0.9542014222E+000
 0.0303030   0.5681874713E-001   0.1062190590E+001   0.7985239806E+000   0.9932225845E+000
 0.0404040   0.5369488658E-001   0.1044109847E+001   0.7978037441E+000   0.9992798280E+000
 0.0505051   0.5080620101E-001   0.1070853679E+001   0.8014802274E+000   0.1005847393E+001
 0.0606061   0.4677608913E-001   0.1048164324E+001   0.7965347338E+000   0.9863076677E+000
 0.0707071   0.4297315392E-001   0.1031781353E+001   0.7943853729E+000   0.9894266961E+000
 0.0808081   0.4017181529E-001   0.1038830511E+001   0.8048050313E+000   0.9868156101E+000
 0.0909091   0.3721576600E-001   0.1037393431E+001   0.8045213225E+000   0.9853845685E+000
 0.1010101   0.3511038512E-001   0.1071596454E+001   0.8126147998E+000   0.1005678475E+001
 0.1111111   0.3302301115E-001   0.1027666615E+001   0.8074594498E+000   0.9633884001E+000
 0.1212121   0.3223860009E-001   0.1038596019E+001   0.8118983580E+000   0.9821870291E+000
 0.1313131   0.3157455263E-001   0.1018569913E+001   0.8208764380E+000   0.9921757710E+000
 0.1414141   0.3198849749E-001   0.1010902431E+001   0.8230500751E+000   0.9841498044E+000
 0.1515152   0.3238639299E-001   0.1008790697E+001   0.8288683752E+000   0.9974181654E+000
 0.1616162   0.3379680923E-001   0.1013754321E+001   0.8312959888E+000   0.9854559422E+000
 0.1717172   0.3517472392E-001   0.1024648355E+001   0.8433984083E+000   0.1010872098E+001
 0.1818182   0.3690204375E-001   0.1009368411E+001   0.8413175858E+000   0.9921388946E+000
 0.1919192   0.3966355728E-001   0.1015397072E+001   0.8499490078E+000   0.9967781817E+000
 0.2020202   0.4239490029E-001   0.1005866757E+001   0.8524968422E+000   0.9836656532E+000
 0.2121212   0.4560651576E-001   0.9795002078E+000   0.8619659054E+000   0.1003910788E+001
 0.2222222   0.4984453963E-001   0.1003650222E+001   0.8639564869E+000   0.9762951346E+000
 0.2323232   0.5439663086E-001   0.1014852108E+001   0.8709419987E+000   0.9808547211E+000
 0.2424242   0.6052599323E-001   0.1005611305E+001   0.8758399117E+000   0.9853357965E+000
 0.2525253   0.6622617517E-001   0.9855236287E+000   0.8807319789E+000   0.9969542367E+000
 0.2626263   0.7442058210E-001   0.9996088444E+000   0.8954315870E+000   0.9933581944E+000
 0.2727273   0.8223966377E-001   0.9970281269E+000   0.8964063041E+000   0.9960918051E+000
 0.2828283   0.9222129695E-001   0.9667328610E+000   0.9098240514E+000   0.9761238378E+000
 0.2929293   0.1037491487E+000   0.9890174225E+000   0.9138206959E+000   0.9928407355E+000
 0.3030303   0.1165149310E+000   0.9807014859E+000   0.9158321897E+000   0.9647421203E+000
 0.3131313   0.1309904746E+000   0.9755583910E+000   0.9280510523E+000   0.9837667659E+000
 0.3232323   0.1497742665E+000   0.1000519301E+001   0.9357748250E+000   0.1005732006E+001
 0.3333333   0.1683796068E+000   0.9851057359E+000   0.9401651653E+000   0.9977036600E+000
 0.3434343   0.1904611250E+000   0.9810826985E+000   0.9467957855E+000   0.1000676372E+001
 0.3535354   0.2173912302E+000   0.9773766833E+000   0.9519626785E+000   0.1001945634E+001
 0.3636364   0.2468675272E+000   0.9783840802E+000   0.9721504970E+000   0.9798721439E+000
 0.3737374   0.2835970505E+000   0.9938461153E+000   0.9776835078E+000   0.9915548203E+000
 0.3838384   0.3228942601E+000   0.1005693836E+001   0.9869283785E+000   0.1012778964E+001
 0.3939394   0.3712746621E+000   0.9962054413E+000   0.9974382081E+000   0.9871677201E+000
 0.4040404   0.4218015723E+000   0.9747501155E+000   0.1001342282E+001   0.1015524470E+001
 0.4141414   0.4845591088E+000   0.9850690556E+000   0.1006560470E+001   0.9863945056E+000
 0.4242424   0.5652919482E+000   0.1019072957E+001   0.1010063302E+001   0.9862089341E+000
 0.4343434   0.6552793642E+000   0.9890606527E+000   0.1027633752E+001   0.9873747037E+000
 0.4444444   0.7421964599E+000   0.1017587407E+001   0.1041983573E+001   0.9975513962E+000
 0.4545455   0.8595734902E+000   0.9903051612E+000   0.1049382021E+001   0.9799494653E+000
 0.4646465   0.9914242859E+000   0.9898518981E+000   0.1066130036E+001   0.1014606129E+001
 0.4747475   0.1146288614E+001   0.1004753249E+001   0.1071443328E+001   0.9919652188E+000
 0.4848485   0.1332764476E+001   0.9963194121E+000   0.1078200016E+001   0.9969542367E+000
 0.4949495   0.1545047706E+001   0.9969731065E+000   0.1089619132E+001   0.1000233856E+001
 0.5050505   0.1661503742E+001   0.9997149552E+000   0.1088974612E+001   0.9957206622E+000
 0.5151515   0.1656362560E+001   0.9857803904E+000   0.1093133364E+001   0.1004317618E+001
 0.5252525   0.1652282957E+001   0.1013082286E+001   0.1097021035E+001   0.1006586110E+001
 0.5353535   0.1645006847E+001   0.9849917651E+000   0.1088602423E+001   0.9814328476E+000
 0.5454545   0.1650722257E+001   0.1005991208E+001   0.1096031672E+001   0.1012230576E+001
 0.5555556   0.1666175513E+001   0.9886231098E+000   0.1101308667E+001   0.1027762671E+001
 0.5656566   0.1660227390E+001   0.1029550408E+001   0.1093498414E+001   0.1007822064E+001
 0.5757576   0.1662146270E+001   0.9926579372E+000   0.1094392479E+001   0.1005916388E+001
 0.5858586   0.1661803269E+001   0.1008795937E+001   0.1095277627E+001   0.9985054239E+000
 0.5959596   0.1677517850E+001   0.9967635051E+000   0.1092878304E+001   0.1016043119E+001
 0.6060606   0.1673262699E+001   0.9904073419E+000   0.1098956980E+001   0.1024917242E+001
 0.6161616   0.1668665853E+001   0.9752505389E+000   0.1098179753E+001   0.1002667697E+001
 0.6262626   0.1659676242E+001   0.9768408897E+000   0.1094728705E+001   0.9950854367E+000
 0.6363636   0.1682216943E+001   0.9967045547E+000   0.1097801919E+001   0.1018877842E+001
 0.6464646   0.1688208723E+001   0.9928583686E+000   0.1089701829E+001   0.9992845863E+000
 0.6565657   0.1681068850E+001   0.9842280299E+000   0.1093464015E+001   0.1001560216E+001
 0.6666667   0.1693016441E+001   0.9974132695E+000   0.1100243110E+001   0.1017361152E+001
 0.6767677   0.1696516171E+001   0.9881685367E+000   0.1088277131E+001   0.1013223859E+001
 0.6868687   0.1694454276E+001   0.9911933472E+000   0.1099085961E+001   0.1001292565E+001
 0.6969697   0.1713620791E+001   0.9999363467E+000   0.1100390880E+001   0.1007954105E+001
 0.7070707   0.1709165702E+001   0.9859821318E+000   0.1100027510E+001   0.1013171519E+001
 0.7171717   0.1712236978E+001   0.9872476004E+000   0.1097486356E+001   0.1003724027E+001
 0.7272727   0.1714582674E+001   0.9890829229E+000   0.1102736875E+001   0.1015319866E+001
 0.7373737   0.1722214082E+001   0.9940675068E+000   0.1096999572E+001   0.1015972934E+001
 0.7474747   0.1730861798E+001   0.9995957444E+000   0.1105405437E+001   0.1030327364E+001
 0.7575758   0.1733749874E+001   0.9962892819E+000   0.1099354521E+001   0.1019696260E+001
 0.7676768   0.1732122570E+001   0.9813591104E+000   0.1097196863E+001   0.1008567919E+001
 0.7777778   0.1751810526E+001   0.9875344924E+000   0.1101793002E+001   0.1017327844E+001
 0.7878788   0.1749269379E+001   0.9775207843E+000   0.1095991132E+001   0.9963059261E+000
 0.7979798   0.1755819244E+001   0.9861039626E+000   0.1099092748E+001   0.1005463165E+001
 0.8080808   0.1772289632E+001   0.9988595193E+000   0.1100671555E+001   0.1022464368E+001
 0.8181818   0.1788624607E+001   0.9949360427E+000   0.1099315162E+001   0.1007017921E+001
 0.8282828   0.1797191445E+001   0.9992865823E+000   0.1101838062E+001   0.1019059845E+001
 0.8383838   0.1793013771E+001   0.9893501647E+000   0.1101484970E+001   0.1015009390E+001
 0.8484848   0.1799341202E+001   0.9945640002E+000   0.1101017031E+001   0.1012079502E+001
 0.8585859   0.1793589226E+001   0.9806962459E+000   0.1097705149E+001   0.1006894207E+001
 0.8686869   0.1810231186E+001   0.9868519777E+000   0.1107200455E+001   0.1015579190E+001
 0.8787879   0.1808784455E+001   0.9767190589E+000   0.1099623835E+001   0.1002687920E+001
 0.8888889   0.1831979418E+001   0.9949845130E+000   0.1103051307E+001   0.1015510195E+001
 0.8989899   0.1825496837E+001   0.9800084912E+000   0.1099788653E+001   0.1005903302E+001
 0.9090909   0.1837016397E+001   0.9802875231E+000   0.1097798391E+001   0.1001170040E+001
 0.9191919   0.1851496297E+001   0.9926081569E+000   0.1099680706E+001   0.1006222105E+001
 0.9292929   0.1866633921E+001   0.9783775301E+000   0.1099308921E+001   0.9885238194E+000
 0.9393939   0.1867625096E+001   0.9930994102E+000   0.1101321325E+001   0.1012828925E+001
 0.9494949   0.1856265381E+001   0.9566903327E+000   0.1098452127E+001   0.9945287222E+000
 0.9595960   0.1884511534E+001   0.9838730175E+000   0.1112071741E+001   0.1003424258E+001
 0.9696970   0.1903155162E+001   0.9979582332E+000   0.1112451839E+001   0.1021642381E+001
 0.9797980   0.1890494686E+001   0.9937426246E+000   0.1102127591E+001   0.1021569818E+001
 0.9898990   0.1907750458E+001   0.9944749195E+000   0.1101555971E+001   0.1001560216E+001
 1.0000000   0.1896821793E+001   0.9754706204E+000   0.1101696288E+001   0.1010801914E+001


 0.0000000   0.5940538046E-001   0.1036179456E+001   0.7872965733E+000   0.9688330132E+000
 0.0101010   0.5991684918E-001   0.1076066776E+001   0.7963685668E+000   0.1001205933E+001
 0.0202020   0.5830436605E-001   0.1008395896E+001   0.7911542516E+000   0.9519564328E+000
 0.0303030   0.5683840598E-001   0.1061158217E+001   0.7949179642E+000   0.9887523970E+000
 0.0404040   0.5363745990E-001   0.1041619065E+001   0.7948350629E+000   0.9955766040E+000
 0.0505051   0.5094227297E-001   0.1072307108E+001   0.8022566782E+000   0.1006837163E+001
 0.0606061   0.4713189757E-001   0.1054745900E+001   0.7985836639E+000   0.9888598125E+000
 0.0707071   0.4317759953E-001   0.1035324271E+001   0.7950117873E+000   0.9902219922E+000
 0.0808081   0.4035822102E-001   0.1042275932E+001   0.8047163979E+000   0.9867219602E+000
 0.0909091   0.3745291328E-001   0.1042628499E+001   0.8062272782E+000   0.9874890775E+000
 0.1010101   0.3525523740E-001   0.1074599844E+001   0.8142598879E+000   0.1007729757E+001
 0.1111111   0.3317785158E-001   0.1031124943E+001   0.8069385955E+000   0.9627816270E+000
 0.1212121   0.3248721726E-001   0.1045226584E+001   0.8137511504E+000   0.9844434222E+000
 0.1313131   0.3173736940E-001   0.1022473404E+001   0.8200606905E+000   0.9912048910E+000
 0.1414141   0.3212925082E-001   0.1014012838E+001   0.8216868054E+000   0.9825346595E+000
 0.1515152   0.3255206044E-001   0.1012615161E+001   0.8285371676E+000   0.9970347922E+000
 0.1616162   0.3378644772E-001   0.1012108346E+001   0.8325437269E+000   0.9869500992E+000
 0.1717172   0.3536894528E-001   0.1028948679E+001   0.8406298307E+000   0.1007569109E+001
 0.1818182   0.3706631620E-001   0.1012525970E+001   0.8402636908E+000   0.9909111620E+000
 0.1919192   0.3996028035E-001   0.1021645500E+001   0.8510602465E+000   0.9980965890E+000
 0.2020202   0.4276751680E-001   0.1013370662E+001   0.8526216038E+000   0.9838245953E+000
 0.2121212   0.4603289813E-001   0.9873551855E+000   0.8627579366E+000   0.1004848552E+001
 0.2222222   0.5015411834E-001   0.1008553292E+001   0.8605591674E+000   0.9724708792E+000
 0.2323232   0.5471873242E-001   0.1019516455E+001   0.8699768854E+000   0.9797827332E+000
 0.2424242   0.6069695078E-001   0.1007123086E+001   0.8777751820E+000   0.9875280512E+000
 0.2525253   0.6674561000E-001   0.9919448558E+000   0.8821434059E+000   0.9985671257E+000
 0.2626263   0.7439814834E-001   0.9979909647E+000   0.8938076975E+000   0.9915718145E+000
 0.2727273   0.8222444681E-001   0.9955303390E+000   0.8970787219E+000   0.9968541822E+000
 0.2828283   0.9243138627E-001   0.9676586374E+000   0.9088064641E+000   0.9750469484E+000
 0.2929293   0.1041909762E+000   0.9919207217E+000   0.9149958735E+000   0.9941326744E+000
 0.3030303   0.1168446535E+000   0.9821810510E+000   0.9172724880E+000   0.9662740544E+000
 0.3131313   0.1318213337E+000   0.9804528418E+000   0.9287155946E+000   0.9844861983E+000
 0.3232323   0.1496782724E+000   0.9985607386E+000   0.9359654236E+000   0.1005952174E+001
 0.3333333   0.1686781935E+000   0.9855524755E+000   0.9397892856E+000   0.9973199660E+000
 0.3434343   0.1906915234E+000   0.9809753969E+000   0.9470791444E+000   0.1000991102E+001
 0.3535354   0.2175729913E+000   0.9769051337E+000   0.9549546061E+000   0.1005109961E+001
 0.3636364   0.2464478454E+000   0.9754340048E+000   0.9696789275E+000   0.9773958292E+000
 0.3737374   0.2842128502E+000   0.9946919424E+000   0.9764341224E+000   0.9903027915E+000
 0.3838384   0.3239777318E+000   0.1007739030E+001   0.9879538465E+000   0.1013846733E+001
 0.3939394   0.3711487346E+000   0.9945555325E+000   0.9962897429E+000   0.9860460985E+000
 0.4040404   0.4208152282E+000   0.9711895566E+000   0.1001738536E+001   0.1015941809E+001
 0.4141414   0.4843660763E+000   0.9833793600E+000   0.1006345785E+001   0.9861991417E+000
 0.4242424   0.5631460582E+000   0.1013866985E+001   0.1015184111E+001   0.9912239026E+000
 0.4343434   0.6525579124E+000   0.9836553278E+000   0.1027632268E+001   0.9873883161E+000
 0.4444444   0.7416301643E+000   0.1015471376E+001   0.1041620721E+001   0.9972192046E+000
 0.4545455   0.8602228518E+000   0.9897476062E+000   0.1048673449E+001   0.9793026908E+000
 0.4646465   0.9921024519E+000   0.9892240019E+000   0.1065591530E+001   0.1014109093E+001
 0.4747475   0.1140531269E+001   0.9983897015E+000   0.1069293620E+001   0.9899900510E+000
 0.4848485   0.1330285095E+001   0.9931557565E+000   0.1082550402E+001   0.1000992053E+001
 0.4949495   0.1548627981E+001   0.9979668306E+000   0.1091107772E+001   0.1001615633E+001
 0.5050505   0.1660449403E+001   0.9977643143E+000   0.1090848470E+001   0.9974492447E+000
 0.5151515   0.1656063315E+001   0.9843037997E+000   0.1092796537E+001   0.1004023449E+001
 0.5252525   0.1656047454E+001   0.1014052712E+001   0.1104158820E+001   0.1013150909E+001
 0.5353535   0.1649386785E+001   0.9863132233E+000   0.1091853416E+001   0.9843787829E+000
 0.5454545   0.1650620140E+001   0.1004603700E+001   0.1093326738E+001   0.1009747836E+001
 0.5555556   0.1661194173E+001   0.9843688568E+000   0.1098417002E+001   0.1025079726E+001
 0.5656566   0.1655309129E+001   0.1025148088E+001   0.1096280797E+001   0.1010401835E+001
 0.5757576   0.1663683501E+001   0.9922669931E+000   0.1094576076E+001   0.1006100465E+001
 0.5858586   0.1656687588E+001   0.1004365507E+001   0.1094022135E+001   0.9973760501E+000
 0.5959596   0.1675842007E+001   0.9944558483E+000   0.1090631110E+001   0.1013969358E+001
 0.6060606   0.1668620389E+001   0.9863583435E+000   0.1097240091E+001   0.1023331611E+001
 0.6161616   0.1667249816E+001   0.9731391696E+000   0.1097766611E+001   0.1002305753E+001
 0.6262626   0.1659927420E+001   0.9757015782E+000   0.1094330022E+001   0.9947381933E+000
 0.6363636   0.1679685294E+001   0.9938934195E+000   0.1096039273E+001   0.1017257411E+001
 0.6464646   0.1680496211E+001   0.9870204564E+000   0.1090056573E+001   0.9996251201E+000
 0.6565657   0.1680702687E+001   0.9827172470E+000   0.1096002706E+001   0.1003900825E+001
 0.6666667   0.1695493401E+001   0.9975565514E+000   0.1100971518E+001   0.1018050194E+001
 0.6767677   0.1693751885E+001   0.9852586694E+000   0.1091227776E+001   0.1015986487E+001
 0.6868687   0.1692143855E+001   0.9885377549E+000   0.1095993127E+001   0.9984901288E+000
 0.6969697   0.1709030172E+001   0.9959437661E+000   0.1096678722E+001   0.1004569082E+001
 0.7070707   0.1705081333E+001   0.9823300526E+000   0.1097550670E+001   0.1010905642E+001
 0.7171717   0.1712803840E+001   0.9862733496E+000   0.1094586442E+001   0.1001087111E+001
 0.7272727   0.1718929036E+001   0.9902838023E+000   0.1101199634E+001   0.1013919928E+001
 0.7373737   0.1725622077E+001   0.9947223723E+000   0.1098086481E+001   0.1016995051E+001
 0.7474747   0.1729589496E+001   0.9975450091E+000   0.1103176114E+001   0.1028265116E+001
 0.7575758   0.1731432565E+001   0.9936468323E+000   0.1100173370E+001   0.1020471319E+001
 0.7676768   0.1730281925E+001   0.9790247345E+000   0.1097012900E+001   0.1008414174E+001
 0.7777778   0.1754597021E+001   0.9878021904E+000   0.1102548238E+001   0.1018040688E+001
 0.7878788   0.1751242867E+001   0.9773343004E+000   0.1095290319E+001   0.9956840194E+000
 0.7979798   0.1755945592E+001   0.9848756722E+000   0.1099096201E+001   0.1005481638E+001
 0.8080808   0.1769892914E+001   0.9961945505E+000   0.1098481700E+001   0.1020445653E+001
 0.8181818   0.1784753522E+001   0.9914747661E+000   0.1098612346E+001   0.1006389441E+001
 0.8282828   0.1794687526E+001   0.9965796463E+000   0.1100803632E+001   0.1018118635E+001
 0.8383838   0.1793337388E+001   0.9882250613E+000   0.1100388055E+001   0.1014014035E+001
 0.8484848   0.1798441439E+001   0.9927570197E+000   0.1101709766E+001   0.1012731704E+001
 0.8585859   0.1799345106E+001   0.9825472593E+000   0.1100267760E+001   0.1009260189E+001
 0.8686869   0.1813052053E+001   0.9870876121E+000   0.1104748728E+001   0.1013345778E+001
 0.8787879   0.1812155814E+001   0.9772503558E+000   0.1098764741E+001   0.1001919818E+001
 0.8888889   0.1833746505E+001   0.9946321319E+000   0.1102494561E+001   0.1015013094E+001
 0.8989899   0.1835184638E+001   0.9839113588E+000   0.1101791663E+001   0.1007750670E+001
 0.9090909   0.1841305473E+001   0.9812817946E+000   0.1099602333E+001   0.1002830473E+001
 0.9191919   0.1856827338E+001   0.9941546971E+000   0.1102235157E+001   0.1008574822E+001
 0.9292929   0.1866981118E+001   0.9772702926E+000   0.1099938552E+001   0.9891050619E+000
 0.9393939   0.1866867505E+001   0.9913887229E+000   0.1102315144E+001   0.1013758329E+001
 0.9494949   0.1857788417E+001   0.9562138422E+000   0.1099101410E+001   0.9951317330E+000
 0.9595960   0.1888932680E+001   0.9848819681E+000   0.1111207107E+001   0.1002659368E+001
 0.9696970   0.1897825639E+001   0.9938524965E+000   0.1110020165E+001   0.1019424731E+001
 0.9797980   0.1891602857E+001   0.9930151493E+000   0.1103175697E+001   0.1022556889E+001
 0.9898990   0.1912090926E+001   0.9954243589E+000   0.1104039221E+001   0.1003833334E+001
 1.0000000   0.1896864419E+001   0.9742073645E+000   0.1102870046E+001   0.1011894244E+001


 0.0000000   0.5929626259E-001   0.1035196283E+001   0.7895159652E+000   0.9714664742E+000
 0.0101010   0.5973536573E-001   0.1073761850E+001   0.7971863094E+000   0.1002133244E+001
 0.0202020   0.5829747764E-001   0.1009173746E+001   0.7937824758E+000   0.9550228145E+000
 0.0303030   0.5677204425E-001   0.1060862191E+001   0.7969106793E+000   0.9911313598E+000
 0.0404040   0.5354156075E-001   0.1040681733E+001   0.7959040678E+000   0.9968153623E+000
 0.0505051   0.5080413645E-001   0.1070350773E+001   0.8022981524E+000   0.1006787979E+001
 0.0606061   0.4701442371E-001   0.1053052989E+001   0.7999219543E+000   0.9904173849E+000
 0.0707071   0.4307259694E-001   0.1033725300E+001   0.7987533470E+000   0.9947822414E+000
 0.0808081   0.4033748496E-001   0.1042667168E+001   0.8058648802E+000   0.9880308504E+000
 0.0909091   0.3733091598E-001   0.1040156818E+001   0.8062183198E+000   0.9873788221E+000
 0.1010101   0.3523721868E-001   0.1075006125E+001   0.8148912308E+000   0.1008409711E+001
 0.1111111   0.3316838265E-001   0.1031747713E+001   0.8091336752E+000   0.9653035764E+000
 0.1212121   0.3241936966E-001   0.1043971608E+001   0.8136032496E+000   0.9841655380E+000
 0.1313131   0.3168326177E-001   0.1021638301E+001   0.8208886031E+000   0.9921058283E+000
 0.1414141   0.3204256802E-001   0.1012176749E+001   0.8226731383E+000   0.9836151659E+000
 0.1515152   0.3254643327E-001   0.1013340805E+001   0.8302287954E+000   0.9989699939E+000
 0.1616162   0.3368875678E-001   0.1010079705E+001   0.8337623144E+000   0.9882953149E+000
 0.1717172   0.3527890670E-001   0.1027242336E+001   0.8419531794E+000   0.1009053797E+001
 0.1818182   0.3720024435E-001   0.1017088455E+001   0.8444042692E+000   0.9956939690E+000
 0.1919192   0.3969628129E-001   0.1015798838E+001   0.8522292643E+000   0.9993670879E+000
 0.2020202   0.4258647307E-001   0.1009978558E+001   0.8530579084E+000   0.9842290731E+000
 0.2121212   0.4586118402E-001   0.9845472049E+000   0.8621075136E+000   0.1003990055E+001
 0.2222222   0.5003470292E-001   0.1007047055E+001   0.8620263371E+000   0.9740309068E+000
 0.2323232   0.5462144305E-001   0.1018609139E+001   0.8715620380E+000   0.9814692703E+000
 0.2424242   0.6059017214E-001   0.1006245731E+001   0.8785695071E+000   0.9883223173E+000
 0.2525253   0.6646435043E-001   0.9886436356E+000   0.8847526722E+000   0.1001420063E+001
 0.2626263   0.7430851063E-001   0.9976753148E+000   0.8939350894E+000   0.9916134318E+000
 0.2727273   0.8212193174E-001   0.9951736844E+000   0.8980238747E+000   0.9978041262E+000
 0.2828283   0.9216846037E-001   0.9657644861E+000   0.9078367275E+000   0.9739086018E+000
 0.2929293   0.1033978428E+000   0.9852456385E+000   0.9148845763E+000   0.9939118115E+000
 0.3030303   0.1166305911E+000   0.9812538421E+000   0.9190235158E+000   0.9680212872E+000
 0.3131313   0.1314997324E+000   0.9789309619E+000   0.9279137785E+000   0.9835373354E+000
 0.3232323   0.1495947965E+000   0.9988916879E+000   0.9373072802E+000   0.1007293083E+001
 0.3333333   0.1683939405E+000   0.9847669369E+000   0.9395077839E+000   0.9969209893E+000
 0.3434343   0.1902375828E+000   0.9795108100E+000   0.9463651152E+000   0.1000135862E+001
 0.3535354   0.2172217313E+000   0.9761956483E+000   0.9572970766E+000   0.1007474158E+001
 0.3636364   0.2460754881E+000   0.9748266836E+000   0.9677339943E+000   0.9753373458E+000
 0.3737374   0.2837241274E+000   0.9938648844E+000   0.9780346029E+000   0.9918262741E+000
 0.3838384   0.3232215991E+000   0.1006281481E+001   0.9862358639E+000   0.1011981968E+001
 0.3939394   0.3702203013E+000   0.9929502067E+000   0.9944912389E+000   0.9841671264E+000
 0.4040404   0.4208017798E+000   0.9720224859E+000   0.1001791469E+001   0.1015893343E+001
 0.4141414   0.4843502147E+000   0.9842219668E+000   0.1004307590E+001   0.9841027972E+000
 0.4242424   0.5614767032E+000   0.1011760828E+001   0.1015127136E+001   0.9910686189E+000
 0.4343434   0.6503231695E+000   0.9811587993E+000   0.1029626989E+001   0.9892054542E+000
 0.4444444   0.7399965975E+000   0.1014136025E+001   0.1041529252E+001   0.9970313814E+000
 0.4545455   0.8603016742E+000   0.9907188815E+000   0.1049020483E+001   0.9795282751E+000
 0.4646465   0.9907334609E+000   0.9887378064E+000   0.1064693526E+001   0.1013152601E+001
 0.4747475   0.1141523570E+001   0.1000147299E+001   0.1066199550E+001   0.9870262027E+000
 0.4848485   0.1329034155E+001   0.9931045422E+000   0.1080063348E+001   0.9985919605E+000
 0.4949495   0.1545513905E+001   0.9968460884E+000   0.1088865563E+001   0.9994568311E+000
 0.5050505   0.1656755266E+001   0.9964301673E+000   0.1088925404E+001   0.9955907246E+000
 0.5151515   0.1649357446E+001   0.9811901896E+000   0.1090836778E+001   0.1002122126E+001
 0.5252525   0.1651992627E+001   0.1012469725E+001   0.1101867878E+001   0.1010947141E+001
 0.5353535   0.1651948410E+001   0.9887238552E+000   0.1090710877E+001   0.9832498394E+000
 0.5454545   0.1651817074E+001   0.1006226548E+001   0.1092117505E+001   0.1008529633E+001
 0.5555556   0.1656603140E+001   0.9825216604E+000   0.1099546195E+001   0.1026030357E+001
 0.5656566   0.1654415694E+001   0.1025506280E+001   0.1093040979E+001   0.1007314526E+001
 0.5757576   0.1657239321E+001   0.9893028314E+000   0.1095493811E+001   0.1006842778E+001
 0.5858586   0.1656931328E+001   0.1005406914E+001   0.1090730859E+001   0.9942755495E+000
 0.5959596   0.1676585803E+001   0.9957823070E+000   0.1091088126E+001   0.1014292260E+001
 0.6060606   0.1675042397E+001   0.9910354001E+000   0.1096671773E+001   0.1022698739E+001
 0.6161616   0.1669355023E+001   0.9752347572E+000   0.1095523688E+001   0.1000157305E+001
 0.6262626   0.1657855659E+001   0.9753507268E+000   0.1094176580E+001   0.9944987163E+000
 0.6363636   0.1678939190E+001   0.9943357385E+000   0.1093952212E+001   0.1015218283E+001
 0.6464646   0.1680470286E+001   0.9878832934E+000   0.1091965200E+001   0.1001274727E+001
 0.6565657   0.1684712199E+001   0.9859379684E+000   0.1094870612E+001   0.1002763035E+001
 0.6666667   0.1697346383E+001   0.9995351885E+000   0.1101078964E+001   0.1018047181E+001
 0.6767677   0.1691081344E+001   0.9845803391E+000   0.1094258238E+001   0.1018705562E+001
 0.6868687   0.1695293161E+001   0.9912586198E+000   0.1094453153E+001   0.9969869069E+000
 0.6969697   0.1708134261E+001   0.9963072221E+000   0.1097077668E+001   0.1004833483E+001
 0.7070707   0.1702147021E+001   0.9815119399E+000   0.1096973961E+001   0.1010272876E+001
 0.7171717   0.1712095951E+001   0.9867427802E+000   0.1094609866E+001   0.1001007880E+001
 0.7272727   0.1718772701E+001   0.9910746379E+000   0.1098669668E+001   0.1011488777E+001
 0.7373737   0.1727089102E+001   0.9964537100E+000   0.1098280757E+001   0.1017072712E+001
 0.7474747   0.1728196341E+001   0.9976282294E+000   0.1101767782E+001   0.1026849165E+001
 0.7575758   0.1732284616E+001   0.9950202209E+000   0.1098935877E+001   0.1019220990E+001
 0.7676768   0.1733825629E+001   0.9819025744E+000   0.1096832350E+001   0.1008146835E+001
 0.7777778   0.1754123799E+001   0.9884143122E+000   0.1101760343E+001   0.1017210901E+001
 0.7878788   0.1756996789E+001   0.9814177691E+000   0.1096882751E+001   0.9970313814E+000
 0.7979798   0.1760157116E+001   0.9881161046E+000   0.1098197742E+001   0.1004558694E+001
 0.8080808   0.1772633773E+001   0.9986248706E+000   0.1101083619E+001   0.1022759891E+001
 0.8181818   0.1784330957E+001   0.9921218523E+000   0.1099700692E+001   0.1007285141E+001
 0.8282828   0.1795084120E+001   0.9976866502E+000   0.1102060806E+001   0.1019178898E+001
 0.8383838   0.1792271507E+001   0.9885163306E+000   0.1100649819E+001   0.1014153277E+001
 0.8484848   0.1798504060E+001   0.9936747989E+000   0.1100914994E+001   0.1011899372E+001
 0.8585859   0.1797169280E+001   0.9822321723E+000   0.1098921209E+001   0.1007923668E+001
 0.8686869   0.1811337387E+001   0.9870313963E+000   0.1102086962E+001   0.1010802599E+001
 0.8787879   0.1814527873E+001   0.9794000721E+000   0.1096778398E+001   0.1000007997E+001
 0.8888889   0.1833408075E+001   0.9953332517E+000   0.1102082060E+001   0.1014531311E+001
 0.8989899   0.1839634249E+001   0.9871743964E+000   0.1102837555E+001   0.1008605875E+001
 0.9090909   0.1846372676E+001   0.9848576199E+000   0.1100761555E+001   0.1003786743E+001
 0.9191919   0.1858938261E+001   0.9961703256E+000   0.1101957200E+001   0.1008219106E+001
 0.9292929   0.1868195166E+001   0.9787757544E+000   0.1099305801E+001   0.9884366804E+000
 0.9393939   0.1865703258E+001   0.9916518701E+000   0.1102539379E+001   0.1013862605E+001
 0.9494949   0.1859488745E+001   0.9579404604E+000   0.1099149587E+001   0.9950752967E+000
 0.9595960   0.1891332417E+001   0.9870104694E+000   0.1111804330E+001   0.1003097388E+001
 0.9696970   0.1897726176E+001   0.9946845193E+000   0.1108382579E+001   0.1017818454E+001
 0.9797980   0.1888818824E+001   0.9924357550E+000   0.1100940986E+001   0.1020382887E+001
 0.9898990   0.1916031702E+001   0.9983632850E+000   0.1102901345E+001   0.1002697912E+001
 1.0000000   0.1898732531E+001   0.9760343372E+000   0.1101828255E+001   0.1010836749E+001


 0.0000000   0.5921896015E-001   0.1033969041E+001   0.7913527071E+000   0.9736603101E+000
 0.0101010   0.5950908272E-001   0.1069820890E+001   0.7969572541E+000   0.1001777192E+001
 0.0202020   0.5815899933E-001   0.1006895686E+001   0.7947836341E+000   0.9561623285E+000
 0.0303030   0.5663773871E-001   0.1058477717E+001   0.7986816184E+000   0.9932663754E+000
 0.0404040   0.5350116704E-001   0.1040019628E+001   0.7969301434E+000   0.9980325963E+000
 0.0505051   0.5077297898E-001   0.1069820890E+001   0.8034701590E+000   0.1008190161E+001
 0.0606061   0.4690060536E-001   0.1050627905E+001   0.7998598442E+000   0.9902731559E+000
 0.0707071   0.4296602398E-001   0.1031289581E+001   0.7991785340E+000   0.9952441114E+000
 0.0808081   0.4018074013E-001   0.1038738406E+001   0.8054095885E+000   0.9874055070E+000
 0.0909091   0.3731042372E-001   0.1039708825E+001   0.8069686677E+000   0.9882305873E+000
 0.1010101   0.3507786026E-001   0.1070271069E+001   0.8144824143E+000   0.1007835288E+001
 0.1111111   0.3311909095E-001   0.1030336305E+001   0.8110131731E+000   0.9674800557E+000
 0.1212121   0.3229791637E-001   0.1040183600E+001   0.8150773190E+000   0.9858815993E+000
 0.1313131   0.3156841679E-001   0.1018055507E+001   0.8202258566E+000   0.9912374558E+000
 0.1414141   0.3197966659E-001   0.1010309296E+001   0.8227319434E+000   0.9836185998E+000
 0.1515152   0.3250614521E-001   0.1012206160E+001   0.8314142306E+000   0.1000328353E+001
 0.1616162   0.3370706835E-001   0.1010748295E+001   0.8345992688E+000   0.9892201378E+000
 0.1717172   0.3525003891E-001   0.1026523198E+001   0.8436075119E+000   0.1010967727E+001
 0.1818182   0.3717778548E-001   0.1016594661E+001   0.8450137438E+000   0.9963449009E+000
 0.1919192   0.3973007915E-001   0.1016783975E+001   0.8530843014E+000   0.1000301738E+001
 0.2020202   0.4272707620E-001   0.1013432973E+001   0.8541306686E+000   0.9853997906E+000
 0.2121212   0.4595548202E-001   0.9866883075E+000   0.8636930488E+000   0.1005768151E+001
 0.2222222   0.5006836288E-001   0.1007843745E+001   0.8626412188E+000   0.9746594148E+000
 0.2323232   0.5465427300E-001   0.1019341946E+001   0.8730191521E+000   0.9830432956E+000
 0.2424242   0.6076236816E-001   0.1009224841E+001   0.8794662415E+000   0.9892638145E+000
 0.2525253   0.6659148843E-001   0.9906519707E+000   0.8854003146E+000   0.1002084976E+001
 0.2626263   0.7431930702E-001   0.9979383137E+000   0.8940980494E+000   0.9917267714E+000
 0.2727273   0.8239979646E-001   0.9986590475E+000   0.8988722582E+000   0.9986788751E+000
 0.2828283   0.9261119562E-001   0.9705183799E+000   0.9077789577E+000   0.9737804210E+000
 0.2929293   0.1035639793E+000   0.9869454462E+000   0.9164791764E+000   0.9955764638E+000
 0.3030303   0.1166280761E+000   0.9813487656E+000   0.9206261282E+000   0.9696434177E+000
 0.3131313   0.1316622638E+000   0.9802568576E+000   0.9271417825E+000   0.9826522526E+000
 0.3232323   0.1495663721E+000   0.9988200388E+000   0.9384007820E+000   0.1008399673E+001
 0.3333333   0.1686525798E+000   0.9863961382E+000   0.9407267331E+000   0.9981465652E+000
 0.3434343   0.1900642569E+000   0.9787341491E+000   0.9463468340E+000   0.1000048549E+001
 0.3535354   0.2180520310E+000   0.9800429480E+000   0.9578181694E+000   0.1007954034E+001
 0.3636364   0.2460970976E+000   0.9750276245E+000   0.9696556676E+000   0.9772076778E+000
 0.3737374   0.2839882585E+000   0.9949078032E+000   0.9795057923E+000   0.9932506791E+000
 0.3838384   0.3235395718E+000   0.1007390585E+001   0.9858604854E+000   0.1011528017E+001
 0.3939394   0.3703114061E+000   0.9933120524E+000   0.9942459142E+000   0.9838574568E+000
 0.4040404   0.4214265997E+000   0.9735809396E+000   0.1000828805E+001   0.1014848129E+001
 0.4141414   0.4846809589E+000   0.9850105703E+000   0.1007234686E+001   0.9869039073E+000
 0.4242424   0.5600779637E+000   0.1009359746E+001   0.1014888146E+001   0.9907679311E+000
 0.4343434   0.6499937711E+000   0.9807778431E+000   0.1029858616E+001   0.9893607222E+000
 0.4444444   0.7407099146E+000   0.1015233689E+001   0.1040775241E+001   0.9962418512E+000
 0.4545455   0.8592138173E+000   0.9895831680E+000   0.1047510546E+001   0.9780518667E+000
 0.4646465   0.9923458890E+000   0.9904641477E+000   0.1062015021E+001   0.1010535054E+001
 0.4747475   0.1141721316E+001   0.1000438895E+001   0.1069348397E+001   0.9898739235E+000
 0.4848485   0.1327225782E+001   0.9918705848E+000   0.1081341749E+001   0.9997059602E+000
 0.4949495   0.1543903474E+001   0.9959251783E+000   0.1087813156E+001   0.9984229569E+000
 0.5050505   0.1656221587E+001   0.9962270368E+000   0.1089703445E+001   0.9962343443E+000
 0.5151515   0.1652732333E+001   0.9833142000E+000   0.1090862330E+001   0.1002077469E+001
 0.5252525   0.1649998038E+001   0.1011366919E+001   0.1101219124E+001   0.1010283231E+001
 0.5353535   0.1653105139E+001   0.9895332309E+000   0.1091958024E+001   0.9843071904E+000
 0.5454545   0.1652191503E+001   0.1006573703E+001   0.1091417641E+001   0.1007814814E+001
 0.5555556   0.1654488887E+001   0.9813837961E+000   0.1098140276E+001   0.1024648773E+001
 0.5656566   0.1653869395E+001   0.1025288932E+001   0.1093470089E+001   0.1007641472E+001
 0.5757576   0.1656416748E+001   0.9889287685E+000   0.1096403210E+001   0.1007610080E+001
 0.5858586   0.1658309197E+001   0.1006362030E+001   0.1090568610E+001   0.9940600631E+000
 0.5959596   0.1671418267E+001   0.9928305694E+000   0.1091429929E+001   0.1014541027E+001
 0.6060606   0.1674727817E+001   0.9909664999E+000   0.1095907921E+001   0.1021916932E+001
 0.6161616   0.1666286154E+001   0.9735570891E+000   0.1097417492E+001   0.1001818139E+001
 0.6262626   0.1662027857E+001   0.9779209944E+000   0.1094169301E+001   0.9944244906E+000
 0.6363636   0.1677895653E+001   0.9938352738E+000   0.1093012886E+001   0.1014277602E+001
 0.6464646   0.1684085686E+001   0.9901257680E+000   0.1094515222E+001   0.1003544733E+001
 0.6565657   0.1682014102E+001   0.9844754236E+000   0.1097115351E+001   0.1004750620E+001
 0.6666667   0.1695527627E+001   0.9985822786E+000   0.1098943328E+001   0.1016003515E+001
 0.6767677   0.1690029129E+001   0.9840841255E+000   0.1092941670E+001   0.1017410724E+001
 0.6868687   0.1692593330E+001   0.9897970776E+000   0.1095423073E+001   0.9978026111E+000
 0.6969697   0.1711038806E+001   0.9981194289E+000   0.1096544649E+001   0.1004277001E+001
 0.7070707   0.1703285991E+001   0.9822848997E+000   0.1093806507E+001   0.1007287281E+001
 0.7171717   0.1712351064E+001   0.9870065632E+000   0.1094485978E+001   0.1000826541E+001
 0.7272727   0.1719282701E+001   0.9914859947E+000   0.1096204233E+001   0.1009150366E+001
 0.7373737   0.1724938085E+001   0.9953304052E+000   0.1097262690E+001   0.1016060840E+001
 0.7474747   0.1729870346E+001   0.9987127113E+000   0.1102656074E+001   0.1027607188E+001
 0.7575758   0.1732666366E+001   0.9953572370E+000   0.1098900502E+001   0.1019118893E+001
 0.7676768   0.1735391732E+001   0.9829057593E+000   0.1094473260E+001   0.1005910100E+001
 0.7777778   0.1752092800E+001   0.9873866814E+000   0.1098488642E+001   0.1014121322E+001
 0.7878788   0.1760722674E+001   0.9836153132E+000   0.1097254731E+001   0.9973016939E+000
 0.7979798   0.1760613121E+001   0.9884890240E+000   0.1097515276E+001   0.1003866167E+001
 0.8080808   0.1771474085E+001   0.9980896157E+000   0.1099081166E+001   0.1020830474E+001
 0.8181818   0.1784665235E+001   0.9924251101E+000   0.1099958859E+001   0.1007453116E+001
 0.8282828   0.1791426615E+001   0.9957716403E+000   0.1100568282E+001   0.1017729427E+001
 0.8383838   0.1792092421E+001   0.9885344891E+000   0.1098000469E+001   0.1011643351E+001
 0.8484848   0.1796496409E+001   0.9926829941E+000   0.1100525649E+001   0.1011472739E+001
 0.8585859   0.1796169575E+001   0.9818019260E+000   0.1096284003E+001   0.1005436481E+001
 0.8686869   0.1809067158E+001   0.9859109286E+000   0.1101099991E+001   0.1009828720E+001
 0.8787879   0.1814860738E+001   0.9796956243E+000   0.1095435548E+001   0.9987157273E+000
 0.8888889   0.1832991031E+001   0.9952245684E+000   0.1101039888E+001   0.1013503023E+001
 0.8989899   0.1840374652E+001   0.9876885399E+000   0.1103181823E+001   0.1008852136E+001
 0.9090909   0.1847796218E+001   0.9857335401E+000   0.1100458722E+001   0.1003442366E+001
 0.9191919   0.1859988187E+001   0.9968508777E+000   0.1101273929E+001   0.1007525456E+001
 0.9292929   0.1867324375E+001   0.9784352719E+000   0.1099149040E+001   0.9882285400E+000
 0.9393939   0.1866759107E+001   0.9923304532E+000   0.1100704021E+001   0.1012106051E+001
 0.9494949   0.1863025127E+001   0.9598758173E+000   0.1098072670E+001   0.9940327651E+000
 0.9595960   0.1894177227E+001   0.9886120034E+000   0.1111310686E+001   0.1002583846E+001
 0.9696970   0.1897890674E+001   0.9948884247E+000   0.1104936955E+001   0.1014585387E+001
 0.9797980   0.1889339634E+001   0.9928268428E+000   0.1100928838E+001   0.1020302258E+001
 0.9898990   0.1914102807E+001   0.9974762093E+000   0.1102790051E+001   0.1002528568E+001
 1.0000000   0.1902701077E+001   0.9781900584E+000   0.1100624294E+001   0.1009663567E+001


 0.0000000   0.5933252552E-001   0.1035824457E+001   0.7931947049E+000   0.9759385017E+000
 0.0101010   0.5952295185E-001   0.1069938577E+001   0.7959507267E+000   0.1000524127E+001
 0.0202020   0.5820727318E-001   0.1007607466E+001   0.7947693927E+000   0.9561567995E+000
 0.0303030   0.5663677879E-001   0.1058329561E+001   0.7983862125E+000   0.9929110492E+000
 0.0404040   0.5348661831E-001   0.1039608899E+001   0.7957476870E+000   0.9965638457E+000
 0.0505051   0.5075465716E-001   0.1069303270E+001   0.8027848953E+000   0.1007342521E+001
 0.0606061   0.4690091738E-001   0.1050505641E+001   0.7986971603E+000   0.9888456862E+000
 0.0707071   0.4298241293E-001   0.1031556034E+001   0.8000022748E+000   0.9962820347E+000
 0.0808081   0.4020303421E-001   0.1039186884E+001   0.8056394824E+000   0.9876993362E+000
 0.0909091   0.3728237659E-001   0.1038799438E+001   0.8077039394E+000   0.9891430207E+000
 0.1010101   0.3504072485E-001   0.1069006490E+001   0.8144950503E+000   0.1007863155E+001
 0.1111111   0.3318179492E-001   0.1032160031E+001   0.8126789215E+000   0.9694789388E+000
 0.1212121   0.3230585864E-001   0.1040311389E+001   0.8148509753E+000   0.9856197856E+000
 0.1313131   0.3158552846E-001   0.1018482031E+001   0.8197293026E+000   0.9906493962E+000
 0.1414141   0.3192018389E-001   0.1008306042E+001   0.8227632826E+000   0.9836680053E+000
 0.1515152   0.3259944536E-001   0.1014986542E+001   0.8304106310E+000   0.9991329833E+000
 0.1616162   0.3370118094E-001   0.1010447429E+001   0.8348600639E+000   0.9895412579E+000
 0.1717172   0.3520112731E-001   0.1024972721E+001   0.8440592213E+000   0.1011521325E+001
 0.1818182   0.3722648457E-001   0.1017801066E+001   0.8459082166E+000   0.9974116671E+000
 0.1919192   0.3978022032E-001   0.1017941955E+001   0.8522956533E+000   0.9993891208E+000
 0.2020202   0.4272316938E-001   0.1013215642E+001   0.8541609097E+000   0.9854466390E+000
 0.2121212   0.4593566170E-001   0.9861414202E+000   0.8624402090E+000   0.1004321411E+001
 0.2222222   0.5008968217E-001   0.1008148846E+001   0.8615497487E+000   0.9734380257E+000
 0.2323232   0.5479019013E-001   0.1021751184E+001   0.8730320538E+000   0.9830697539E+000
 0.2424242   0.6073549268E-001   0.1008654352E+001   0.8775780180E+000   0.9871518346E+000
 0.2525253   0.6656139107E-001   0.9900824062E+000   0.8849700592E+000   0.1001610174E+001
 0.2626263   0.7443955638E-001   0.9994300181E+000   0.8955774249E+000   0.9933797392E+000
 0.2727273   0.8244928063E-001   0.9991358465E+000   0.8982753762E+000   0.9980278302E+000
 0.2828283   0.9262016133E-001   0.9704929269E+000   0.9071181462E+000   0.9730833737E+000
 0.2929293   0.1036780551E+000   0.9879110155E+000   0.9152637082E+000   0.9942681605E+000
 0.3030303   0.1165278949E+000   0.9803851802E+000   0.9218311806E+000   0.9709244145E+000
 0.3131313   0.1317218117E+000   0.9805795552E+000   0.9277903304E+000   0.9833515650E+000
 0.3232323   0.1494667889E+000   0.9980322139E+000   0.9373334081E+000   0.1007264904E+001
 0.3333333   0.1684668184E+000   0.9851884608E+000   0.9400947288E+000   0.9974880904E+000
 0.3434343   0.1904997662E+000   0.9808561156E+000   0.9481797757E+000   0.1001997664E+001
 0.3535354   0.2184824535E+000   0.9818566904E+000   0.9581553473E+000   0.1008321098E+001
 0.3636364   0.2464032962E+000   0.9761206706E+000   0.9696849441E+000   0.9772490424E+000
 0.3737374   0.2841196727E+000   0.9952457371E+000   0.9797830941E+000   0.9935439300E+000
 0.3838384   0.3232516009E+000   0.1006370119E+001   0.9844396199E+000   0.1010082417E+001
 0.3939394   0.3701817620E+000   0.9928421401E+000   0.9930118693E+000   0.9826482315E+000
 0.4040404   0.4214111644E+000   0.9734255110E+000   0.9997821319E+000   0.1013799099E+001
 0.4141414   0.4847504570E+000   0.9850306126E+000   0.1007092213E+001   0.9867762856E+000
 0.4242424   0.5605626223E+000   0.1010108903E+001   0.1015994705E+001   0.9918602284E+000
 0.4343434   0.6491312655E+000   0.9793559058E+000   0.1029784203E+001   0.9893012409E+000
 0.4444444   0.7401595178E+000   0.1014354497E+001   0.1039361881E+001   0.9949010412E+000
 0.4545455   0.8600334259E+000   0.9904052775E+000   0.1047102247E+001   0.9776825060E+000
 0.4646465   0.9917645630E+000   0.9897621440E+000   0.1060963605E+001   0.1009546857E+001
 0.4747475   0.1144635146E+001   0.1002868760E+001   0.1070403402E+001   0.9908625457E+000
 0.4848485   0.1326392670E+001   0.9911260304E+000   0.1078757890E+001   0.9973292732E+000
 0.4949495   0.1541640412E+001   0.9943430022E+000   0.1086167974E+001   0.9969250654E+000
 0.5050505   0.1656635278E+001   0.9963532834E+000   0.1089338789E+001   0.9959130533E+000
 0.5151515   0.1651175300E+001   0.9822669651E+000   0.1091119038E+001   0.1002325449E+001
 0.5252525   0.1650629223E+001   0.1011629333E+001   0.1100014592E+001   0.1009190413E+001
 0.5353535   0.1649758997E+001   0.9874087713E+000   0.1093186303E+001   0.9854263391E+000
 0.5454545   0.1655378871E+001   0.1008391489E+001   0.1091341654E+001   0.1007756879E+001
 0.5555556   0.1652964716E+001   0.9803590896E+000   0.1097354037E+001   0.1023927578E+001
 0.5656566   0.1651071999E+001   0.1023428810E+001   0.1094906372E+001   0.1008977264E+001
 0.5757576   0.1661234458E+001   0.9916830649E+000   0.1096469729E+001   0.1007683441E+001
 0.5858586   0.1657488163E+001   0.1005740031E+001   0.1092351778E+001   0.9956975156E+000
 0.5959596   0.1668310315E+001   0.9908625153E+000   0.1094138332E+001   0.1017070972E+001
 0.6060606   0.1675753641E+001   0.9914515108E+000   0.1097528353E+001   0.1023440380E+001
 0.6161616   0.1664903791E+001   0.9726297475E+000   0.1096935032E+001   0.1001389860E+001
 0.6262626   0.1661241057E+001   0.9773377974E+000   0.1094426132E+001   0.9946699800E+000
 0.6363636   0.1674480187E+001   0.9916902398E+000   0.1093409184E+001   0.1014657667E+001
 0.6464646   0.1683158392E+001   0.9894588407E+000   0.1093751687E+001   0.1002856830E+001
 0.6565657   0.1679203026E+001   0.9827092009E+000   0.1096842648E+001   0.1004513066E+001
 0.6666667   0.1695073527E+001   0.9981920188E+000   0.1098803975E+001   0.1015887008E+001
 0.6767677   0.1689925709E+001   0.9839028461E+000   0.1094009735E+001   0.1018417337E+001
 0.6868687   0.1695416899E+001   0.9913262758E+000   0.1094280557E+001   0.9967740099E+000
 0.6969697   0.1712912554E+001   0.9990895357E+000   0.1095572640E+001   0.1003398958E+001
 0.7070707   0.1703113798E+001   0.9820647630E+000   0.1094897679E+001   0.1008304380E+001
 0.7171717   0.1708874095E+001   0.9848812439E+000   0.1093659474E+001   0.1000082901E+001
 0.7272727   0.1719527195E+001   0.9915049965E+000   0.1095332292E+001   0.1008359907E+001
 0.7373737   0.1724431520E+001   0.9949156910E+000   0.1098663892E+001   0.1017370695E+001
 0.7474747   0.1726129252E+001   0.9964302507E+000   0.1101004597E+001   0.1026080567E+001
 0.7575758   0.1736313579E+001   0.9973297243E+000   0.1100571949E+001   0.1020681378E+001
 0.7676768   0.1736161156E+001   0.9832205768E+000   0.1095465020E+001   0.1006833828E+001
 0.7777778   0.1752836075E+001   0.9876840272E+000   0.1099246405E+001   0.1014833202E+001
 0.7878788   0.1759326467E+001   0.9827144190E+000   0.1097296063E+001   0.9973513643E+000
 0.7979798   0.1757995685E+001   0.9868980477E+000   0.1095605384E+001   0.1002131405E+001
 0.8080808   0.1769986566E+001   0.9971288266E+000   0.1100263647E+001   0.1021941169E+001
 0.8181818   0.1785226611E+001   0.9926151518E+000   0.1100795398E+001   0.1008231539E+001
 0.8282828   0.1789223246E+001   0.9944245353E+000   0.1100283861E+001   0.1017478763E+001
 0.8383838   0.1790938878E+001   0.9877766489E+000   0.1097445157E+001   0.1011143985E+001
 0.8484848   0.1796926399E+001   0.9927984383E+000   0.1101132920E+001   0.1012043153E+001
 0.8585859   0.1796746173E+001   0.9819962751E+000   0.1096992909E+001   0.1006098851E+001
 0.8686869   0.1811787134E+001   0.9872717957E+000   0.1101638630E+001   0.1010334972E+001
 0.8787879   0.1816912633E+001   0.9806826131E+000   0.1097386116E+001   0.1000506215E+001
 0.8888889   0.1834971270E+001   0.9961771718E+000   0.1101409788E+001   0.1013855819E+001
 0.8989899   0.1840224378E+001   0.9874863909E+000   0.1103117885E+001   0.1008805908E+001
 0.9090909   0.1848571807E+001   0.9860259692E+000   0.1100592230E+001   0.1003576284E+001
 0.9191919   0.1861498894E+001   0.9975377969E+000   0.1102523749E+001   0.1008681123E+001
 0.9292929   0.1866567403E+001   0.9779183134E+000   0.1098967457E+001   0.9880772734E+000
 0.9393939   0.1870431628E+001   0.9941603679E+000   0.1102689028E+001   0.1013943586E+001
 0.9494949   0.1865614803E+001   0.9610918292E+000   0.1098682780E+001   0.9945971390E+000
 0.9595960   0.1892988287E+001   0.9878699228E+000   0.1109292755E+001   0.1000775488E+001
 0.9696970   0.1896753815E+001   0.9941701519E+000   0.1103115326E+001   0.1012925007E+001
 0.9797980   0.1890667580E+001   0.9934024358E+000   0.1102017098E+001   0.1021323214E+001
 0.9898990   0.1914423968E+001   0.9975208380E+000   0.1101989080E+001   0.1001812576E+001
 1.0000000   0.1906635761E+001   0.9800923131E+000   0.1101532864E+001   0.1010509313E+001


 0.0000000   0.5936743804E-001   0.1036295565E+001   0.7938643962E+000   0.9768169384E+000
 0.0101010   0.5952264033E-001   0.1069790111E+001   0.7962082741E+000   0.1000903667E+001
 0.0202020   0.5818408136E-001   0.1007071510E+001   0.7956348695E+000   0.9572513866E+000
 0.0303030   0.5659289544E-001   0.1057368339E+001   0.7977907460E+000   0.9922258134E+000
 0.0404040   0.5349626341E-001   0.1039657527E+001   0.7959119209E+000   0.9968250969E+000
 0.0505051   0.5070903578E-001   0.1068199462E+001   0.8015905023E+000   0.1005899862E+001
 0.0606061   0.4679909501E-001   0.1048085015E+001   0.7983661851E+000   0.9884910209E+000
 0.0707071   0.4298718825E-001   0.1031532882E+001   0.7997213457E+000   0.9959877043E+000
 0.0808081   0.4018339472E-001   0.1038540541E+001   0.8051247799E+000   0.9871233504E+000
 0.0909091   0.3717542716E-001   0.1035681194E+001   0.8058874562E+000   0.9869735124E+000
 0.1010101   0.3494762807E-001   0.1066023973E+001   0.8127244277E+000   0.1005728239E+001
 0.1111111   0.3315237795E-001   0.1031107281E+001   0.8118178394E+000   0.9685057101E+000
 0.1212121   0.3233649829E-001   0.1041159003E+001   0.8147263764E+000   0.9855240155E+000
 0.1313131   0.3164386749E-001   0.1020226938E+001   0.8203491643E+000   0.9914537757E+000
 0.1414141   0.3194765703E-001   0.1009039121E+001   0.8222561584E+000   0.9831165116E+000
 0.1515152   0.3259195030E-001   0.1014617685E+001   0.8282842246E+000   0.9966300950E+000
 0.1616162   0.3363243536E-001   0.1008251613E+001   0.8334312813E+000   0.9879028270E+000
 0.1717172   0.3526969629E-001   0.1026832157E+001   0.8430976354E+000   0.1010425289E+001
 0.1818182   0.3727450596E-001   0.1018977928E+001   0.8449030946E+000   0.9962820669E+000
 0.1919192   0.3975921416E-001   0.1017268574E+001   0.8501277734E+000   0.9969026727E+000
 0.2020202   0.4265122802E-001   0.1011374428E+001   0.8534144995E+000   0.9846403962E+000
 0.2121212   0.4599223108E-001   0.9872240056E+000   0.8625142661E+000   0.1004463648E+001
 0.2222222   0.5021878889E-001   0.1010612399E+001   0.8620933873E+000   0.9741065704E+000
 0.2323232   0.5497317519E-001   0.1025026681E+001   0.8718325664E+000   0.9817738141E+000
 0.2424242   0.6082312813E-001   0.1009974865E+001   0.8781914941E+000   0.9878969822E+000
 0.2525253   0.6658525526E-001   0.9903051286E+000   0.8831046221E+000   0.9995545932E+000
 0.2626263   0.7446867552E-001   0.9996874696E+000   0.8948167919E+000   0.9925913757E+000
 0.2727273   0.8239246007E-001   0.9983139639E+000   0.8971691402E+000   0.9968543207E+000
 0.2828283   0.9279143249E-001   0.9721577137E+000   0.9072600914E+000   0.9732899001E+000
 0.2929293   0.1037970190E+000   0.9889125143E+000   0.9157997115E+000   0.9949058950E+000
 0.3030303   0.1167605908E+000   0.9822117522E+000   0.9222640182E+000   0.9714344590E+000
 0.3131313   0.1319832688E+000   0.9823947318E+000   0.9275604602E+000   0.9831627382E+000
 0.3232323   0.1498371921E+000   0.1000371906E+001   0.9352658572E+000   0.1005099131E+001
 0.3333333   0.1687337553E+000   0.9866177407E+000   0.9401966610E+000   0.9976518628E+000
 0.3434343   0.1907824568E+000   0.9821804835E+000   0.9476870204E+000   0.1001532774E+001
 0.3535354   0.2184499267E+000   0.9815794300E+000   0.9569847170E+000   0.1007145324E+001
 0.3636364   0.2468581206E+000   0.9777918664E+000   0.9689722921E+000   0.9765852740E+000
 0.3737374   0.2840613502E+000   0.9949085731E+000   0.9782500177E+000   0.9920446263E+000
 0.3838384   0.3231168017E+000   0.1005816131E+001   0.9830934431E+000   0.1008757411E+001
 0.3939394   0.3705258668E+000   0.9936323477E+000   0.9931811120E+000   0.9828705009E+000
 0.4040404   0.4220299306E+000   0.9747246406E+000   0.1000234318E+001   0.1014314170E+001
 0.4141414   0.4858690939E+000   0.9871718912E+000   0.1008032826E+001   0.9877529890E+000
 0.4242424   0.5606395785E+000   0.1010112679E+001   0.1014013115E+001   0.9899808997E+000
 0.4343434   0.6482375743E+000   0.9778769867E+000   0.1028531725E+001   0.9881530884E+000
 0.4444444   0.7393094656E+000   0.1013054251E+001   0.1040187105E+001   0.9957464757E+000
 0.4545455   0.8586949401E+000   0.9887318508E+000   0.1047736944E+001   0.9783296649E+000
 0.4646465   0.9916136588E+000   0.9894794039E+000   0.1060762765E+001   0.1009412022E+001
 0.4747475   0.1145818504E+001   0.1003771506E+001   0.1071372104E+001   0.9918145559E+000
 0.4848485   0.1323995418E+001   0.9892026182E+000   0.1076849043E+001   0.9956200167E+000
 0.4949495   0.1538110841E+001   0.9919339952E+000   0.1086544967E+001   0.9973266824E+000
 0.5050505   0.1654942272E+001   0.9952021512E+000   0.1090745759E+001   0.9972549514E+000
 0.5151515   0.1651638841E+001   0.9824115243E+000   0.1091705509E+001   0.1002920104E+001
 0.5252525   0.1651866205E+001   0.1012252267E+001   0.1099414144E+001   0.1008695775E+001
 0.5353535   0.1647840830E+001   0.9861290228E+000   0.1092705009E+001   0.9850474030E+000
 0.5454545   0.1653816850E+001   0.1007305446E+001   0.1092052992E+001   0.1008469956E+001
 0.5555556   0.1655489397E+001   0.9817253505E+000   0.1096322160E+001   0.1023021778E+001
 0.5656566   0.1652562634E+001   0.1024216011E+001   0.1094468396E+001   0.1008629889E+001
 0.5757576   0.1662949683E+001   0.9925744241E+000   0.1096568886E+001   0.1007830753E+001
 0.5858586   0.1658096454E+001   0.1005974790E+001   0.1093963266E+001   0.9972220083E+000
 0.5959596   0.1667602316E+001   0.9903097610E+000   0.1093901640E+001   0.1016907643E+001
 0.6060606   0.1673499233E+001   0.9899854932E+000   0.1097317420E+001   0.1023300732E+001
 0.6161616   0.1663980968E+001   0.9719608368E+000   0.1097484385E+001   0.1001947220E+001
 0.6262626   0.1662893369E+001   0.9781792506E+000   0.1095333796E+001   0.9955504110E+000
 0.6363636   0.1673094203E+001   0.9907370996E+000   0.1092823504E+001   0.1014170708E+001
 0.6464646   0.1681748331E+001   0.9884979148E+000   0.1094754662E+001   0.1003832416E+001
 0.6565657   0.1681308395E+001   0.9838099291E+000   0.1099423483E+001   0.1006932788E+001
 0.6666667   0.1694173459E+001   0.9975287726E+000   0.1099943143E+001   0.1016996908E+001
 0.6767677   0.1688307762E+001   0.9828295981E+000   0.1093832147E+001   0.1018308788E+001
 0.6868687   0.1696871982E+001   0.9920445937E+000   0.1094148479E+001   0.9967092647E+000
 0.6969697   0.1709365924E+001   0.9968877647E+000   0.1096312000E+001   0.1004132092E+001
 0.7070707   0.1703087994E+001   0.9819187531E+000   0.1095236240E+001   0.1008672396E+001
 0.7171717   0.1709548333E+001   0.9851382689E+000   0.1093447268E+001   0.9999445971E+000
 0.7272727   0.1717410520E+001   0.9901522595E+000   0.1095968478E+001   0.1009001828E+001
 0.7373737   0.1724388492E+001   0.9947580202E+000   0.1098081390E+001   0.1016887984E+001
 0.7474747   0.1725787037E+001   0.9960996781E+000   0.1100155480E+001   0.1025346393E+001
 0.7575758   0.1737985976E+001   0.9981570414E+000   0.1101100513E+001   0.1021228504E+001
 0.7676768   0.1737650619E+001   0.9839326876E+000   0.1095952692E+001   0.1007338200E+001
 0.7777778   0.1752135458E+001   0.9871574149E+000   0.1099065514E+001   0.1014722771E+001
 0.7878788   0.1761659797E+001   0.9838863636E+000   0.1098162313E+001   0.9981943615E+000
 0.7979798   0.1760002695E+001   0.9878928079E+000   0.1096825330E+001   0.1003303201E+001
 0.8080808   0.1770824004E+001   0.9974673933E+000   0.1101162602E+001   0.1022833153E+001
 0.8181818   0.1784859521E+001   0.9922785297E+000   0.1101269864E+001   0.1008722342E+001
 0.8282828   0.1788478457E+001   0.9938778648E+000   0.1099765258E+001   0.1017055887E+001
 0.8383838   0.1792031296E+001   0.9882471863E+000   0.1098960209E+001   0.1012596346E+001
 0.8484848   0.1798731470E+001   0.9936630374E+000   0.1101580320E+001   0.1012510800E+001
 0.8585859   0.1797760833E+001   0.9824196310E+000   0.1098386112E+001   0.1007432779E+001
 0.8686869   0.1813266666E+001   0.9879460805E+000   0.1102719054E+001   0.1011382233E+001
 0.8787879   0.1819539125E+001   0.9819691304E+000   0.1098712496E+001   0.1001771346E+001
 0.8888889   0.1833226998E+001   0.9950973432E+000   0.1102760567E+001   0.1015155813E+001
 0.8989899   0.1839867780E+001   0.9871632054E+000   0.1104087473E+001   0.1009748892E+001
 0.9090909   0.1848058632E+001   0.9856206172E+000   0.1102263189E+001   0.1005155985E+001
 0.9191919   0.1861007655E+001   0.9971413884E+000   0.1104463273E+001   0.1010511897E+001
 0.9292929   0.1864706080E+001   0.9768126935E+000   0.1099485718E+001   0.9885983517E+000
 0.9393939   0.1868701786E+001   0.9931083078E+000   0.1102602392E+001   0.1013920447E+001
 0.9494949   0.1868247660E+001   0.9623196607E+000   0.1100050129E+001   0.9958904690E+000
 0.9595960   0.1891773478E+001   0.9871041424E+000   0.1109295835E+001   0.1000834061E+001
 0.9696970   0.1897894608E+001   0.9946352617E+000   0.1103294796E+001   0.1013146284E+001
 0.9797980   0.1894198094E+001   0.9951245586E+000   0.1103548692E+001   0.1022799678E+001
 0.9898990   0.1912636455E+001   0.9964563727E+000   0.1101472019E+001   0.1001398345E+001
 1.0000000   0.1904788354E+001   0.9790119240E+000   0.1101168471E+001   0.1010231350E+001


 0.0000000   0.5950732383E-001   0.1037859250E+001   0.7929096396E+000   0.9756530915E+000
 0.0101010   0.5963147798E-001   0.1070840218E+001   0.7955847495E+000   0.1000131057E+001
 0.0202020   0.5835128133E-001   0.1009111683E+001   0.7951401349E+000   0.9566668852E+000
 0.0303030   0.5671703474E-001   0.1058791909E+001   0.7968790872E+000   0.9911030823E+000
 0.0404040   0.5359658955E-001   0.1040726752E+001   0.7956703458E+000   0.9965337160E+000
 0.0505051   0.5085937818E-001   0.1070460773E+001   0.8016457702E+000   0.1005980497E+001
 0.0606061   0.4690210945E-001   0.1049504105E+001   0.7979926696E+000   0.9880396356E+000
 0.0707071   0.4314024107E-001   0.1034330458E+001   0.7995974900E+000   0.9958446196E+000
 0.0808081   0.4025350500E-001   0.1039473068E+001   0.8051425264E+000   0.9871561786E+000
 0.0909091   0.3722780697E-001   0.1036263700E+001   0.8051736394E+000   0.9861103566E+000
 0.1010101   0.3504971615E-001   0.1068234205E+001   0.8125730109E+000   0.1005552140E+001
 0.1111111   0.3324200745E-001   0.1033020928E+001   0.8113503934E+000   0.9679588977E+000
 0.1212121   0.3240696185E-001   0.1042545689E+001   0.8151431370E+000   0.9860392025E+000
 0.1313131   0.3174200645E-001   0.1022525892E+001   0.8210585526E+000   0.9923222529E+000
 0.1414141   0.3198667851E-001   0.1009417536E+001   0.8221144361E+000   0.9829580867E+000
 0.1515152   0.3264952403E-001   0.1015550775E+001   0.8274999091E+000   0.9956975360E+000
 0.1616162   0.3374201904E-001   0.1010681658E+001   0.8331977316E+000   0.9876370657E+000
 0.1717172   0.3535898799E-001   0.1028561529E+001   0.8424854733E+000   0.1009702955E+001
 0.1818182   0.3745791332E-001   0.1023126115E+001   0.8448737616E+000   0.9962586505E+000
 0.1919192   0.3990620219E-001   0.1020166231E+001   0.8519020672E+000   0.9989945018E+000
 0.2020202   0.4280597949E-001   0.1014185919E+001   0.8533077322E+000   0.9845282523E+000
 0.2121212   0.4610329501E-001   0.9887714182E+000   0.8624813653E+000   0.1004436597E+001
 0.2222222   0.5036102494E-001   0.1012618031E+001   0.8637410437E+000   0.9759792543E+000
 0.2323232   0.5520712721E-001   0.1028518731E+001   0.8724626676E+000   0.9824943911E+000
 0.2424242   0.6099234478E-001   0.1011928557E+001   0.8777625384E+000   0.9874255136E+000
 0.2525253   0.6676028900E-001   0.9920689931E+000   0.8828812952E+000   0.9993130239E+000
 0.2626263   0.7459169895E-001   0.1000492475E+001   0.8932278773E+000   0.9908399553E+000
 0.2727273   0.8265630262E-001   0.1000664192E+001   0.8986777849E+000   0.9985417898E+000
 0.2828283   0.9299668986E-001   0.9734845122E+000   0.9061395701E+000   0.9720987293E+000
 0.2929293   0.1039869671E+000   0.9898847020E+000   0.9153972285E+000   0.9944797980E+000
 0.3030303   0.1170821856E+000   0.9840844567E+000   0.9224921531E+000   0.9716856534E+000
 0.3131313   0.1322761728E+000   0.9837425903E+000   0.9283404943E+000   0.9840005659E+000
 0.3232323   0.1501740463E+000   0.1001773300E+001   0.9353902861E+000   0.1005244124E+001
 0.3333333   0.1689281852E+000   0.9869195986E+000   0.9383025085E+000   0.9956531244E+000
 0.3434343   0.1914811392E+000   0.9849440809E+000   0.9481371776E+000   0.1002019745E+001
 0.3535354   0.2183831215E+000   0.9804497128E+000   0.9584236422E+000   0.1008670982E+001
 0.3636364   0.2469820908E+000   0.9774559031E+000   0.9678389392E+000   0.9754539555E+000
 0.3737374   0.2841403862E+000   0.9943441006E+000   0.9785763818E+000   0.9923867213E+000
 0.3838384   0.3234214174E+000   0.1005913275E+001   0.9822912623E+000   0.1007945592E+001
 0.3939394   0.3702734229E+000   0.9921159671E+000   0.9940459969E+000   0.9837374390E+000
 0.4040404   0.4216743182E+000   0.9730800139E+000   0.1000571528E+001   0.1014667506E+001
 0.4141414   0.4867127847E+000   0.9880501063E+000   0.1007851074E+001   0.9875859685E+000
 0.4242424   0.5593969851E+000   0.1007021862E+001   0.1014426262E+001   0.9903953616E+000
 0.4343434   0.6472818532E+000   0.9756098248E+000   0.1027939348E+001   0.9875950418E+000
 0.4444444   0.7388165633E+000   0.1011523015E+001   0.1040779808E+001   0.9963250292E+000
 0.4545455   0.8569701815E+000   0.9859117453E+000   0.1046511156E+001   0.9771960371E+000
 0.4646465   0.9903814228E+000   0.9874143914E+000   0.1061961904E+001   0.1010564445E+001
 0.4747475   0.1143971358E+001   0.1001306170E+001   0.1071466942E+001   0.9919134749E+000
 0.4848485   0.1324807873E+001   0.9889728844E+000   0.1078422791E+001   0.9970862348E+000
 0.4949495   0.1537829170E+001   0.9909139546E+000   0.1086431067E+001   0.9972333184E+000
 0.5050505   0.1653131028E+001   0.9932725714E+000   0.1092949520E+001   0.9992810284E+000
 0.5151515   0.1650741691E+001   0.9810478484E+000   0.1093196884E+001   0.1004301452E+001
 0.5252525   0.1650702872E+001   0.1010684268E+001   0.1098502456E+001   0.1007870618E+001
 0.5353535   0.1646753123E+001   0.9846450131E+000   0.1093323068E+001   0.9856156207E+000
 0.5454545   0.1651880430E+001   0.1005275473E+001   0.1091962639E+001   0.1008397827E+001
 0.5555556   0.1654629665E+001   0.9803860369E+000   0.1095785196E+001   0.1022532183E+001
 0.5656566   0.1650461168E+001   0.1022048845E+001   0.1094356658E+001   0.1008538225E+001
 0.5757576   0.1661417471E+001   0.9908215724E+000   0.1097888016E+001   0.1009054450E+001
 0.5858586   0.1660018637E+001   0.1006289589E+001   0.1093999029E+001   0.9972657915E+000
 0.5959596   0.1668019780E+001   0.9897202930E+000   0.1095069869E+001   0.1018005063E+001
 0.6060606   0.1670788611E+001   0.9875464406E+000   0.1096663284E+001   0.1022702189E+001
 0.6161616   0.1666015092E+001   0.9723263421E+000   0.1098470557E+001   0.1002858790E+001
 0.6262626   0.1662646879E+001   0.9772074628E+000   0.1094873915E+001   0.9951435846E+000
 0.6363636   0.1675638791E+001   0.9914050939E+000   0.1092572136E+001   0.1013948802E+001
 0.6464646   0.1680734352E+001   0.9870667838E+000   0.1093237912E+001   0.1002452878E+001
 0.6565657   0.1681274858E+001   0.9829586464E+000   0.1098343248E+001   0.1005954710E+001
 0.6666667   0.1691240410E+001   0.9949599819E+000   0.1100751569E+001   0.1017755785E+001
 0.6767677   0.1687816124E+001   0.9817127915E+000   0.1093335130E+001   0.1017857502E+001
 0.6868687   0.1697477369E+001   0.9915595861E+000   0.1094506517E+001   0.9970465986E+000
 0.6969697   0.1708074380E+001   0.9952924535E+000   0.1096319334E+001   0.1004150070E+001
 0.7070707   0.1702019578E+001   0.9804731998E+000   0.1095274274E+001   0.1008718736E+001
 0.7171717   0.1710952994E+001   0.9851142312E+000   0.1095007044E+001   0.1001382223E+001
 0.7272727   0.1717457721E+001   0.9893424132E+000   0.1095688640E+001   0.1008755507E+001
 0.7373737   0.1724549795E+001   0.9940100632E+000   0.1096731029E+001   0.1015648859E+001
 0.7474747   0.1726924445E+001   0.9959135541E+000   0.1100340364E+001   0.1025530206E+001
 0.7575758   0.1736584596E+001   0.9965090801E+000   0.1101426428E+001   0.1021542234E+001
 0.7676768   0.1738951782E+001   0.9838370603E+000   0.1096391320E+001   0.1007752664E+001
 0.7777778   0.1751733274E+001   0.9860965097E+000   0.1098294034E+001   0.1014021866E+001
 0.7878788   0.1758934385E+001   0.9815337684E+000   0.1098048882E+001   0.9981024491E+000
 0.7979798   0.1761469807E+001   0.9878804779E+000   0.1095997263E+001   0.1002556982E+001
 0.8080808   0.1773599186E+001   0.9981860520E+000   0.1102752093E+001   0.1024321064E+001
 0.8181818   0.1784569841E+001   0.9912787860E+000   0.1101122718E+001   0.1008598873E+001
 0.8282828   0.1787483027E+001   0.9924849740E+000   0.1099186266E+001   0.1016531839E+001
 0.8383838   0.1793488198E+001   0.9882145153E+000   0.1099220548E+001   0.1012847584E+001
 0.8484848   0.1798433884E+001   0.9926587778E+000   0.1101842933E+001   0.1012763537E+001
 0.8585859   0.1798122098E+001   0.9817863841E+000   0.1097755705E+001   0.1006865865E+001
 0.8686869   0.1814015899E+001   0.9875187781E+000   0.1100421236E+001   0.1009286059E+001
 0.8787879   0.1819551066E+001   0.9811454500E+000   0.1099044362E+001   0.1002085169E+001
 0.8888889   0.1832104470E+001   0.9936473195E+000   0.1102416440E+001   0.1014850405E+001
 0.8989899   0.1838901136E+001   0.9858104903E+000   0.1103173230E+001   0.1008924080E+001
 0.9090909   0.1845656176E+001   0.9835071984E+000   0.1101357738E+001   0.1004341565E+001
 0.9191919   0.1864554034E+001   0.9981970126E+000   0.1104948314E+001   0.1010967015E+001
 0.9292929   0.1865984964E+001   0.9766563012E+000   0.1099252992E+001   0.9884001815E+000
 0.9393939   0.1868687271E+001   0.9922610645E+000   0.1102844683E+001   0.1014154623E+001
 0.9494949   0.1868523485E+001   0.9616481077E+000   0.1100221352E+001   0.9960566493E+000
 0.9595960   0.1890074778E+001   0.9853840707E+000   0.1108544970E+001   0.1000167828E+001
 0.9696970   0.1896880039E+001   0.9932631766E+000   0.1101879648E+001   0.1011858113E+001
 0.9797980   0.1896088767E+001   0.9952757516E+000   0.1103778919E+001   0.1023024531E+001
 0.9898990   0.1917238613E+001   0.9980096385E+000   0.1103707387E+001   0.1003441872E+001
 1.0000000   0.1909826798E+001   0.9807717457E+000   0.1103007900E+001   0.1011930222E+001


