# Evolution of the weightfunction during equilibration phase for fractional: N2
# Weightfunction after cycle        454
 0.0000000    0.3400000000E+001    0.1700000000E+001
 0.0101010    0.3500000000E+001    0.1700000000E+001
 0.0202020    0.3700000000E+001    0.1900000000E+001
 0.0303030    0.3700000000E+001    0.1900000000E+001
 0.0404040    0.2700000000E+001    0.1300000000E+001
 0.0505051    0.4300000000E+001    0.2300000000E+001
 0.0606061    0.5000000000E+001    0.2800000000E+001
 0.0707071    0.3700000000E+001    0.2300000000E+001
 0.0808081    0.4000000000E+001    0.2000000000E+001
 0.0909091    0.4700000000E+001    0.2200000000E+001
 0.1010101    0.4600000000E+001    0.2000000000E+001
 0.1111111    0.4800000000E+001    0.2100000000E+001
 0.1212121    0.4800000000E+001    0.2600000000E+001
 0.1313131    0.4200000000E+001    0.2200000000E+001
 0.1414141    0.4200000000E+001    0.2100000000E+001
 0.1515152    0.4000000000E+001    0.1500000000E+001
 0.1616162    0.3500000000E+001    0.1600000000E+001
 0.1717172    0.4200000000E+001    0.1300000000E+001
 0.1818182    0.4500000000E+001    0.2200000000E+001
 0.1919192    0.3300000000E+001    0.1500000000E+001
 0.2020202    0.3600000000E+001    0.1500000000E+001
 0.2121212    0.3600000000E+001    0.2300000000E+001
 0.2222222    0.4400000000E+001    0.1600000000E+001
 0.2323232    0.3500000000E+001    0.1700000000E+001
 0.2424242    0.3100000000E+001    0.1100000000E+001
 0.2525253    0.3800000000E+001    0.1300000000E+001
 0.2626263    0.3500000000E+001    0.1200000000E+001
 0.2727273    0.3300000000E+001    0.2000000000E+001
 0.2828283    0.2700000000E+001    0.1800000000E+001
 0.2929293    0.4300000000E+001    0.1800000000E+001
 0.3030303    0.2800000000E+001    0.2200000000E+001
 0.3131313    0.2300000000E+001    0.1200000000E+001
 0.3232323    0.2700000000E+001    0.2000000000E+001
 0.3333333    0.3800000000E+001    0.1600000000E+001
 0.3434343    0.2400000000E+001    0.1600000000E+001
 0.3535354    0.2700000000E+001    0.1700000000E+001
 0.3636364    0.2500000000E+001    0.1000000000E+001
 0.3737374    0.1800000000E+001    0.1300000000E+001
 0.3838384    0.2300000000E+001    0.1200000000E+001
 0.3939394    0.2000000000E+001    0.2100000000E+001
 0.4040404    0.1400000000E+001    0.1000000000E+001
 0.4141414    0.2400000000E+001    0.1500000000E+001
 0.4242424    0.1600000000E+001    0.1200000000E+001
 0.4343434    0.1100000000E+001    0.2200000000E+001
 0.4444444    0.1800000000E+001    0.8000000000E+000
 0.4545455    0.1300000000E+001    0.1100000000E+001
 0.4646465    0.9000000000E+000    0.1700000000E+001
 0.4747475    0.1000000000E+001    0.1400000000E+001
 0.4848485    0.2400000000E+001    0.1400000000E+001
 0.4949495    0.1000000000E+000    0.1100000000E+001
 0.5050505    0.1200000000E+001    0.1600000000E+001
 0.5151515    0.1100000000E+001    0.1100000000E+001
 0.5252525    0.1000000000E+001    0.5000000000E+000
 0.5353535    0.1300000000E+001    0.2100000000E+001
 0.5454545    0.1000000000E+001    0.1200000000E+001
 0.5555556    0.1200000000E+001    0.1200000000E+001
 0.5656566    0.7000000000E+000    0.2100000000E+001
 0.5757576    0.1100000000E+001    0.1300000000E+001
 0.5858586    0.6000000000E+000    0.2300000000E+001
 0.5959596    0.0000000000E+000    0.1600000000E+001
 0.6060606    0.9000000000E+000    0.1500000000E+001
 0.6161616    0.1600000000E+001    0.1300000000E+001
 0.6262626    0.8000000000E+000    0.2100000000E+001
 0.6363636    0.6000000000E+000    0.2200000000E+001
 0.6464646    0.1000000000E+001    0.2100000000E+001
 0.6565657    0.1300000000E+001    0.1900000000E+001
 0.6666667    0.1000000000E+001    0.2100000000E+001
 0.6767677    0.2300000000E+001    0.1900000000E+001
 0.6868687    0.1400000000E+001    0.2500000000E+001
 0.6969697    0.1400000000E+001    0.3000000000E+001
 0.7070707    0.5000000000E+000    0.1500000000E+001
 0.7171717    0.2200000000E+001    0.2600000000E+001
 0.7272727    0.1500000000E+001    0.2300000000E+001
 0.7373737    0.8000000000E+000    0.1900000000E+001
 0.7474747    0.7000000000E+000    0.2100000000E+001
 0.7575758    0.4000000000E+000    0.1700000000E+001
 0.7676768    0.2000000000E+000    0.1600000000E+001
 0.7777778    0.6000000000E+000    0.1900000000E+001
 0.7878788    0.9000000000E+000    0.2300000000E+001
 0.7979798    0.7000000000E+000    0.2000000000E+001
 0.8080808    0.4000000000E+000    0.2000000000E+001
 0.8181818    0.0000000000E+000    0.1300000000E+001
 0.8282828    0.9000000000E+000    0.1800000000E+001
 0.8383838    0.8000000000E+000    0.1700000000E+001
 0.8484848    0.1000000000E+001    0.2400000000E+001
 0.8585859    0.1000000000E+000    0.1400000000E+001
 0.8686869    0.8000000000E+000    0.1700000000E+001
 0.8787879    0.1100000000E+001    0.2300000000E+001
 0.8888889    0.1000000000E+000    0.1700000000E+001
 0.8989899    0.1000000000E+000    0.1400000000E+001
 0.9090909    0.6000000000E+000    0.1800000000E+001
 0.9191919    0.8000000000E+000    0.2700000000E+001
 0.9292929    0.2000000000E+000    0.2000000000E+001
 0.9393939    0.1000000000E+001    0.1900000000E+001
 0.9494949    0.7000000000E+000    0.2100000000E+001
 0.9595960    0.1500000000E+001    0.2500000000E+001
 0.9696970    0.5000000000E+000    0.2200000000E+001
 0.9797980    0.1200000000E+001    0.2600000000E+001
 0.9898990    0.1100000000E+001    0.2100000000E+001
 1.0000000    0.7000000000E+000    0.1900000000E+001


# Weightfunction after cycle       1624
 0.0000000    0.3675000000E+001    0.1800000000E+001
 0.0101010    0.3550000000E+001    0.1650000000E+001
 0.0202020    0.3600000000E+001    0.1975000000E+001
 0.0303030    0.4150000000E+001    0.2225000000E+001
 0.0404040    0.4175000000E+001    0.2150000000E+001
 0.0505051    0.3650000000E+001    0.1700000000E+001
 0.0606061    0.4175000000E+001    0.2150000000E+001
 0.0707071    0.4475000000E+001    0.1950000000E+001
 0.0808081    0.4000000000E+001    0.1375000000E+001
 0.0909091    0.4275000000E+001    0.1900000000E+001
 0.1010101    0.4650000000E+001    0.2325000000E+001
 0.1111111    0.4600000000E+001    0.2075000000E+001
 0.1212121    0.4250000000E+001    0.1925000000E+001
 0.1313131    0.4475000000E+001    0.1925000000E+001
 0.1414141    0.4225000000E+001    0.1950000000E+001
 0.1515152    0.4200000000E+001    0.2125000000E+001
 0.1616162    0.4325000000E+001    0.1750000000E+001
 0.1717172    0.4750000000E+001    0.2075000000E+001
 0.1818182    0.4025000000E+001    0.2175000000E+001
 0.1919192    0.4525000000E+001    0.1850000000E+001
 0.2020202    0.4275000000E+001    0.1875000000E+001
 0.2121212    0.3900000000E+001    0.1575000000E+001
 0.2222222    0.4150000000E+001    0.2125000000E+001
 0.2323232    0.3950000000E+001    0.2050000000E+001
 0.2424242    0.3675000000E+001    0.2000000000E+001
 0.2525253    0.3875000000E+001    0.2250000000E+001
 0.2626263    0.4325000000E+001    0.2100000000E+001
 0.2727273    0.3125000000E+001    0.2000000000E+001
 0.2828283    0.3475000000E+001    0.2050000000E+001
 0.2929293    0.3300000000E+001    0.2825000000E+001
 0.3030303    0.3000000000E+001    0.1625000000E+001
 0.3131313    0.2950000000E+001    0.1675000000E+001
 0.3232323    0.2750000000E+001    0.1875000000E+001
 0.3333333    0.2850000000E+001    0.2125000000E+001
 0.3434343    0.3200000000E+001    0.1925000000E+001
 0.3535354    0.2825000000E+001    0.2250000000E+001
 0.3636364    0.2325000000E+001    0.1875000000E+001
 0.3737374    0.2350000000E+001    0.2200000000E+001
 0.3838384    0.2300000000E+001    0.2050000000E+001
 0.3939394    0.1700000000E+001    0.1925000000E+001
 0.4040404    0.1875000000E+001    0.1625000000E+001
 0.4141414    0.1625000000E+001    0.2425000000E+001
 0.4242424    0.1575000000E+001    0.2325000000E+001
 0.4343434    0.1600000000E+001    0.1725000000E+001
 0.4444444    0.1450000000E+001    0.1925000000E+001
 0.4545455    0.1275000000E+001    0.1750000000E+001
 0.4646465    0.7500000000E+000    0.2450000000E+001
 0.4747475    0.8750000000E+000    0.2025000000E+001
 0.4848485    0.7250000000E+000    0.1900000000E+001
 0.4949495    0.7250000000E+000    0.1975000000E+001
 0.5050505    0.8500000000E+000    0.1750000000E+001
 0.5151515    0.1025000000E+001    0.1900000000E+001
 0.5252525    0.2750000000E+000    0.2000000000E+001
 0.5353535    0.5250000000E+000    0.1575000000E+001
 0.5454545    0.7750000000E+000    0.1800000000E+001
 0.5555556    0.8500000000E+000    0.2050000000E+001
 0.5656566    0.6250000000E+000    0.2000000000E+001
 0.5757576    0.5000000000E+000    0.1775000000E+001
 0.5858586    0.6000000000E+000    0.1650000000E+001
 0.5959596    0.7000000000E+000    0.1825000000E+001
 0.6060606    0.4000000000E+000    0.1800000000E+001
 0.6161616    0.8750000000E+000    0.2000000000E+001
 0.6262626    0.4000000000E+000    0.1625000000E+001
 0.6363636    0.4750000000E+000    0.2325000000E+001
 0.6464646    0.6250000000E+000    0.1575000000E+001
 0.6565657    0.3750000000E+000    0.1625000000E+001
 0.6666667    0.7000000000E+000    0.1925000000E+001
 0.6767677    0.7750000000E+000    0.1575000000E+001
 0.6868687    0.8500000000E+000    0.1750000000E+001
 0.6969697    0.4250000000E+000    0.2025000000E+001
 0.7070707    0.7000000000E+000    0.1825000000E+001
 0.7171717    0.4750000000E+000    0.1825000000E+001
 0.7272727    0.4250000000E+000    0.1725000000E+001
 0.7373737    0.4000000000E+000    0.1700000000E+001
 0.7474747    0.7750000000E+000    0.2100000000E+001
 0.7575758    0.4000000000E+000    0.1800000000E+001
 0.7676768    0.7250000000E+000    0.2125000000E+001
 0.7777778    0.7750000000E+000    0.1950000000E+001
 0.7878788    0.4500000000E+000    0.1825000000E+001
 0.7979798    0.7000000000E+000    0.2075000000E+001
 0.8080808    0.4250000000E+000    0.1625000000E+001
 0.8181818    0.6000000000E+000    0.1825000000E+001
 0.8282828    0.4750000000E+000    0.1725000000E+001
 0.8383838    0.5500000000E+000    0.1900000000E+001
 0.8484848    0.5750000000E+000    0.1800000000E+001
 0.8585859    0.2750000000E+000    0.1550000000E+001
 0.8686869    0.7250000000E+000    0.2050000000E+001
 0.8787879    0.3750000000E+000    0.1650000000E+001
 0.8888889    0.9000000000E+000    0.2275000000E+001
 0.8989899    0.3750000000E+000    0.1725000000E+001
 0.9090909    0.7500000000E+000    0.2025000000E+001
 0.9191919    0.1000000000E+000    0.1525000000E+001
 0.9292929    0.5500000000E+000    0.2175000000E+001
 0.9393939    0.7500000000E+000    0.2275000000E+001
 0.9494949    0.5000000000E+000    0.1925000000E+001
 0.9595960    0.4250000000E+000    0.1825000000E+001
 0.9696970    0.4750000000E+000    0.2000000000E+001
 0.9797980    0.0000000000E+000    0.1525000000E+001
 0.9898990    0.1500000000E+000    0.1750000000E+001
 1.0000000    0.4500000000E+000    0.1750000000E+001


# Weightfunction after cycle       3601
 0.0000000    0.3843750000E+001    0.2000000000E+001
 0.0101010    0.3943750000E+001    0.2162500000E+001
 0.0202020    0.3856250000E+001    0.2062500000E+001
 0.0303030    0.3787500000E+001    0.1950000000E+001
 0.0404040    0.3893750000E+001    0.1968750000E+001
 0.0505051    0.4037500000E+001    0.2075000000E+001
 0.0606061    0.4237500000E+001    0.2156250000E+001
 0.0707071    0.4306250000E+001    0.1956250000E+001
 0.0808081    0.4037500000E+001    0.1875000000E+001
 0.0909091    0.4337500000E+001    0.2125000000E+001
 0.1010101    0.4325000000E+001    0.1956250000E+001
 0.1111111    0.4612500000E+001    0.2125000000E+001
 0.1212121    0.4437500000E+001    0.1937500000E+001
 0.1313131    0.4556250000E+001    0.1881250000E+001
 0.1414141    0.4431250000E+001    0.2118750000E+001
 0.1515152    0.4431250000E+001    0.2006250000E+001
 0.1616162    0.4425000000E+001    0.1975000000E+001
 0.1717172    0.4812500000E+001    0.2087500000E+001
 0.1818182    0.4300000000E+001    0.1912500000E+001
 0.1919192    0.4475000000E+001    0.1956250000E+001
 0.2020202    0.4031250000E+001    0.2037500000E+001
 0.2121212    0.4156250000E+001    0.2087500000E+001
 0.2222222    0.4231250000E+001    0.2100000000E+001
 0.2323232    0.3950000000E+001    0.1900000000E+001
 0.2424242    0.3912500000E+001    0.1862500000E+001
 0.2525253    0.3550000000E+001    0.2050000000E+001
 0.2626263    0.3868750000E+001    0.1950000000E+001
 0.2727273    0.3587500000E+001    0.1931250000E+001
 0.2828283    0.3168750000E+001    0.1843750000E+001
 0.2929293    0.3343750000E+001    0.1968750000E+001
 0.3030303    0.3025000000E+001    0.1781250000E+001
 0.3131313    0.2981250000E+001    0.1975000000E+001
 0.3232323    0.2937500000E+001    0.1981250000E+001
 0.3333333    0.2637500000E+001    0.2031250000E+001
 0.3434343    0.2806250000E+001    0.2006250000E+001
 0.3535354    0.2262500000E+001    0.1862500000E+001
 0.3636364    0.2350000000E+001    0.1900000000E+001
 0.3737374    0.2337500000E+001    0.1718750000E+001
 0.3838384    0.1825000000E+001    0.1800000000E+001
 0.3939394    0.1906250000E+001    0.1818750000E+001
 0.4040404    0.1650000000E+001    0.1837500000E+001
 0.4141414    0.1431250000E+001    0.1681250000E+001
 0.4242424    0.1312500000E+001    0.1662500000E+001
 0.4343434    0.1150000000E+001    0.1718750000E+001
 0.4444444    0.1181250000E+001    0.1843750000E+001
 0.4545455    0.9687500000E+000    0.1725000000E+001
 0.4646465    0.7687500000E+000    0.1600000000E+001
 0.4747475    0.6437500000E+000    0.1662500000E+001
 0.4848485    0.6562500000E+000    0.1781250000E+001
 0.4949495    0.2500000000E+000    0.1806250000E+001
 0.5050505    0.2937500000E+000    0.1587500000E+001
 0.5151515    0.2375000000E+000    0.1693750000E+001
 0.5252525    0.4375000000E+000    0.1781250000E+001
 0.5353535    0.3875000000E+000    0.1762500000E+001
 0.5454545    0.1750000000E+000    0.1675000000E+001
 0.5555556    0.2187500000E+000    0.1581250000E+001
 0.5656566    0.3312500000E+000    0.1675000000E+001
 0.5757576    0.4062500000E+000    0.1643750000E+001
 0.5858586    0.3000000000E+000    0.1725000000E+001
 0.5959596    0.4687500000E+000    0.1793750000E+001
 0.6060606    0.2937500000E+000    0.1543750000E+001
 0.6161616    0.3562500000E+000    0.1481250000E+001
 0.6262626    0.4687500000E+000    0.1518750000E+001
 0.6363636    0.1750000000E+000    0.1718750000E+001
 0.6464646    0.2000000000E+000    0.1606250000E+001
 0.6565657    0.5625000000E-001    0.1587500000E+001
 0.6666667    0.1625000000E+000    0.1737500000E+001
 0.6767677    0.3000000000E+000    0.1600000000E+001
 0.6868687    0.2937500000E+000    0.1593750000E+001
 0.6969697    0.2125000000E+000    0.1587500000E+001
 0.7070707    0.3125000000E+000    0.1562500000E+001
 0.7171717    0.3000000000E+000    0.1593750000E+001
 0.7272727    0.1687500000E+000    0.1487500000E+001
 0.7373737    0.3250000000E+000    0.1568750000E+001
 0.7474747    0.3000000000E+000    0.1581250000E+001
 0.7575758    0.2062500000E+000    0.1525000000E+001
 0.7676768    0.3062500000E+000    0.1606250000E+001
 0.7777778    0.1312500000E+000    0.1456250000E+001
 0.7878788    0.6875000000E-001    0.1381250000E+001
 0.7979798    0.2812500000E+000    0.1481250000E+001
 0.8080808    0.2312500000E+000    0.1493750000E+001
 0.8181818    0.1937500000E+000    0.1500000000E+001
 0.8282828    0.1875000000E+000    0.1587500000E+001
 0.8383838    0.2312500000E+000    0.1493750000E+001
 0.8484848    0.2375000000E+000    0.1637500000E+001
 0.8585859    0.2062500000E+000    0.1487500000E+001
 0.8686869    0.2250000000E+000    0.1506250000E+001
 0.8787879    0.2750000000E+000    0.1537500000E+001
 0.8888889    0.1750000000E+000    0.1487500000E+001
 0.8989899    0.8125000000E-001    0.1525000000E+001
 0.9090909    0.5625000000E-001    0.1418750000E+001
 0.9191919    0.2500000000E+000    0.1662500000E+001
 0.9292929    0.9375000000E-001    0.1387500000E+001
 0.9393939    0.1875000000E+000    0.1575000000E+001
 0.9494949    0.0000000000E+000    0.1443750000E+001
 0.9595960    0.2500000000E+000    0.1593750000E+001
 0.9696970    0.3687500000E+000    0.1718750000E+001
 0.9797980    0.1500000000E+000    0.1537500000E+001
 0.9898990    0.2187500000E+000    0.1656250000E+001
 1.0000000    0.8125000000E-001    0.1456250000E+001


# Weightfunction after cycle       8665
 0.0000000    0.3454687500E+001    0.1603125000E+001
 0.0101010    0.3565625000E+001    0.1685937500E+001
 0.0202020    0.3462500000E+001    0.1628125000E+001
 0.0303030    0.3282812500E+001    0.1414062500E+001
 0.0404040    0.3709375000E+001    0.1748437500E+001
 0.0505051    0.3639062500E+001    0.1692187500E+001
 0.0606061    0.3668750000E+001    0.1592187500E+001
 0.0707071    0.3759375000E+001    0.1581250000E+001
 0.0808081    0.3851562500E+001    0.1545312500E+001
 0.0909091    0.4143750000E+001    0.1710937500E+001
 0.1010101    0.4042187500E+001    0.1642187500E+001
 0.1111111    0.4115625000E+001    0.1710937500E+001
 0.1212121    0.4153125000E+001    0.1532812500E+001
 0.1313131    0.4271875000E+001    0.1523437500E+001
 0.1414141    0.4214062500E+001    0.1585937500E+001
 0.1515152    0.4171875000E+001    0.1656250000E+001
 0.1616162    0.3970312500E+001    0.1592187500E+001
 0.1717172    0.4128125000E+001    0.1671875000E+001
 0.1818182    0.3920312500E+001    0.1695312500E+001
 0.1919192    0.3940625000E+001    0.1535937500E+001
 0.2020202    0.3901562500E+001    0.1532812500E+001
 0.2121212    0.3804687500E+001    0.1625000000E+001
 0.2222222    0.3653125000E+001    0.1604687500E+001
 0.2323232    0.3604687500E+001    0.1542187500E+001
 0.2424242    0.3551562500E+001    0.1487500000E+001
 0.2525253    0.3412500000E+001    0.1550000000E+001
 0.2626263    0.3287500000E+001    0.1537500000E+001
 0.2727273    0.3256250000E+001    0.1531250000E+001
 0.2828283    0.3235937500E+001    0.1428125000E+001
 0.2929293    0.3032812500E+001    0.1500000000E+001
 0.3030303    0.2970312500E+001    0.1525000000E+001
 0.3131313    0.2859375000E+001    0.1445312500E+001
 0.3232323    0.2732812500E+001    0.1532812500E+001
 0.3333333    0.2537500000E+001    0.1531250000E+001
 0.3434343    0.2509375000E+001    0.1445312500E+001
 0.3535354    0.2190625000E+001    0.1409375000E+001
 0.3636364    0.2121875000E+001    0.1495312500E+001
 0.3737374    0.2020312500E+001    0.1446875000E+001
 0.3838384    0.1837500000E+001    0.1421875000E+001
 0.3939394    0.1867187500E+001    0.1446875000E+001
 0.4040404    0.1656250000E+001    0.1373437500E+001
 0.4141414    0.1431250000E+001    0.1456250000E+001
 0.4242424    0.1431250000E+001    0.1404687500E+001
 0.4343434    0.1214062500E+001    0.1353125000E+001
 0.4444444    0.1050000000E+001    0.1301562500E+001
 0.4545455    0.9062500000E+000    0.1279687500E+001
 0.4646465    0.6984375000E+000    0.1367187500E+001
 0.4747475    0.6078125000E+000    0.1389062500E+001
 0.4848485    0.4781250000E+000    0.1289062500E+001
 0.4949495    0.2828125000E+000    0.1303125000E+001
 0.5050505    0.3187500000E+000    0.1354687500E+001
 0.5151515    0.2203125000E+000    0.1282812500E+001
 0.5252525    0.1453125000E+000    0.1329687500E+001
 0.5353535    0.2375000000E+000    0.1273437500E+001
 0.5454545    0.2906250000E+000    0.1303125000E+001
 0.5555556    0.2281250000E+000    0.1285937500E+001
 0.5656566    0.2062500000E+000    0.1276562500E+001
 0.5757576    0.2843750000E+000    0.1300000000E+001
 0.5858586    0.2281250000E+000    0.1262500000E+001
 0.5959596    0.1921875000E+000    0.1343750000E+001
 0.6060606    0.1515625000E+000    0.1370312500E+001
 0.6161616    0.2000000000E+000    0.1290625000E+001
 0.6262626    0.3312500000E+000    0.1264062500E+001
 0.6363636    0.2015625000E+000    0.1215625000E+001
 0.6464646    0.2828125000E+000    0.1264062500E+001
 0.6565657    0.2593750000E+000    0.1339062500E+001
 0.6666667    0.1531250000E+000    0.1267187500E+001
 0.6767677    0.2171875000E+000    0.1271875000E+001
 0.6868687    0.1890625000E+000    0.1278125000E+001
 0.6969697    0.1671875000E+000    0.1289062500E+001
 0.7070707    0.1765625000E+000    0.1226562500E+001
 0.7171717    0.2203125000E+000    0.1267187500E+001
 0.7272727    0.2500000000E+000    0.1368750000E+001
 0.7373737    0.1437500000E+000    0.1190625000E+001
 0.7474747    0.1718750000E+000    0.1218750000E+001
 0.7575758    0.2250000000E+000    0.1301562500E+001
 0.7676768    0.1765625000E+000    0.1318750000E+001
 0.7777778    0.1515625000E+000    0.1259375000E+001
 0.7878788    0.1171875000E+000    0.1215625000E+001
 0.7979798    0.1250000000E+000    0.1226562500E+001
 0.8080808    0.9687500000E-001    0.1189062500E+001
 0.8181818    0.1562500000E+000    0.1292187500E+001
 0.8282828    0.8593750000E-001    0.1181250000E+001
 0.8383838    0.8437500000E-001    0.1190625000E+001
 0.8484848    0.1218750000E+000    0.1326562500E+001
 0.8585859    0.1296875000E+000    0.1221875000E+001
 0.8686869    0.1265625000E+000    0.1295312500E+001
 0.8787879    0.8281250000E-001    0.1221875000E+001
 0.8888889    0.6093750000E-001    0.1240625000E+001
 0.8989899    0.1156250000E+000    0.1285937500E+001
 0.9090909    0.1593750000E+000    0.1310937500E+001
 0.9191919    0.1000000000E+000    0.1276562500E+001
 0.9292929    0.1156250000E+000    0.1303125000E+001
 0.9393939    0.1453125000E+000    0.1354687500E+001
 0.9494949    0.0000000000E+000    0.1225000000E+001
 0.9595960    0.4843750000E-001    0.1214062500E+001
 0.9696970    0.8125000000E-001    0.1265625000E+001
 0.9797980    0.9375000000E-002    0.1203125000E+001
 0.9898990    0.2500000000E-001    0.1223437500E+001
 1.0000000    0.1312500000E+000    0.1289062500E+001


# Weightfunction after cycle      15377
 0.0000000    0.3340625000E+001    0.1474218750E+001
 0.0101010    0.3373046875E+001    0.1513671875E+001
 0.0202020    0.3346093750E+001    0.1469140625E+001
 0.0303030    0.3307812500E+001    0.1405078125E+001
 0.0404040    0.3525781250E+001    0.1567187500E+001
 0.0505051    0.3541015625E+001    0.1502734375E+001
 0.0606061    0.3582031250E+001    0.1473828125E+001
 0.0707071    0.3596093750E+001    0.1432421875E+001
 0.0808081    0.3694531250E+001    0.1437109375E+001
 0.0909091    0.3883203125E+001    0.1455859375E+001
 0.1010101    0.3885937500E+001    0.1490625000E+001
 0.1111111    0.3948828125E+001    0.1459375000E+001
 0.1212121    0.3987500000E+001    0.1472265625E+001
 0.1313131    0.4043359375E+001    0.1429296875E+001
 0.1414141    0.4057812500E+001    0.1431250000E+001
 0.1515152    0.3944921875E+001    0.1467968750E+001
 0.1616162    0.3891796875E+001    0.1414062500E+001
 0.1717172    0.3942578125E+001    0.1483984375E+001
 0.1818182    0.3849609375E+001    0.1477343750E+001
 0.1919192    0.3826171875E+001    0.1407812500E+001
 0.2020202    0.3733203125E+001    0.1381640625E+001
 0.2121212    0.3648828125E+001    0.1464453125E+001
 0.2222222    0.3594921875E+001    0.1457031250E+001
 0.2323232    0.3480078125E+001    0.1423828125E+001
 0.2424242    0.3394531250E+001    0.1334765625E+001
 0.2525253    0.3278906250E+001    0.1390234375E+001
 0.2626263    0.3162890625E+001    0.1408984375E+001
 0.2727273    0.3090234375E+001    0.1340625000E+001
 0.2828283    0.3042578125E+001    0.1326171875E+001
 0.2929293    0.2892187500E+001    0.1363281250E+001
 0.3030303    0.2782812500E+001    0.1334375000E+001
 0.3131313    0.2676953125E+001    0.1308593750E+001
 0.3232323    0.2558593750E+001    0.1294140625E+001
 0.3333333    0.2457031250E+001    0.1293750000E+001
 0.3434343    0.2323046875E+001    0.1277343750E+001
 0.3535354    0.2137500000E+001    0.1301171875E+001
 0.3636364    0.2032421875E+001    0.1286328125E+001
 0.3737374    0.1903906250E+001    0.1273046875E+001
 0.3838384    0.1773828125E+001    0.1298437500E+001
 0.3939394    0.1630859375E+001    0.1254687500E+001
 0.4040404    0.1507812500E+001    0.1175000000E+001
 0.4141414    0.1376171875E+001    0.1233984375E+001
 0.4242424    0.1236328125E+001    0.1196484375E+001
 0.4343434    0.1078125000E+001    0.1223046875E+001
 0.4444444    0.9789062500E+000    0.1170703125E+001
 0.4545455    0.8285156250E+000    0.1198828125E+001
 0.4646465    0.7046875000E+000    0.1216796875E+001
 0.4747475    0.5242187500E+000    0.1119531250E+001
 0.4848485    0.3863281250E+000    0.1123046875E+001
 0.4949495    0.2578125000E+000    0.1149218750E+001
 0.5050505    0.1695312500E+000    0.1155859375E+001
 0.5151515    0.1050781250E+000    0.1142187500E+001
 0.5252525    0.1531250000E+000    0.1128515625E+001
 0.5353535    0.1746093750E+000    0.1117187500E+001
 0.5454545    0.1832031250E+000    0.1150781250E+001
 0.5555556    0.1617187500E+000    0.1139453125E+001
 0.5656566    0.1589843750E+000    0.1151171875E+001
 0.5757576    0.1976562500E+000    0.1182421875E+001
 0.5858586    0.1902343750E+000    0.1121875000E+001
 0.5959596    0.1699218750E+000    0.1133203125E+001
 0.6060606    0.1488281250E+000    0.1144531250E+001
 0.6161616    0.1621093750E+000    0.1141015625E+001
 0.6262626    0.1804687500E+000    0.1085156250E+001
 0.6363636    0.1226562500E+000    0.1133203125E+001
 0.6464646    0.1808593750E+000    0.1140625000E+001
 0.6565657    0.1695312500E+000    0.1129296875E+001
 0.6666667    0.1222656250E+000    0.1104687500E+001
 0.6767677    0.1617187500E+000    0.1106640625E+001
 0.6868687    0.1339843750E+000    0.1120703125E+001
 0.6969697    0.1308593750E+000    0.1135937500E+001
 0.7070707    0.1277343750E+000    0.1142187500E+001
 0.7171717    0.1261718750E+000    0.1126171875E+001
 0.7272727    0.1207031250E+000    0.1140625000E+001
 0.7373737    0.1339843750E+000    0.1164062500E+001
 0.7474747    0.1097656250E+000    0.1140625000E+001
 0.7575758    0.1121093750E+000    0.1124609375E+001
 0.7676768    0.1316406250E+000    0.1180859375E+001
 0.7777778    0.1097656250E+000    0.1161718750E+001
 0.7878788    0.1078125000E+000    0.1137500000E+001
 0.7979798    0.8281250000E-001    0.1124609375E+001
 0.8080808    0.7460937500E-001    0.1117578125E+001
 0.8181818    0.1324218750E+000    0.1180468750E+001
 0.8282828    0.9648437500E-001    0.1138671875E+001
 0.8383838    0.9765625000E-001    0.1164453125E+001
 0.8484848    0.9492187500E-001    0.1175781250E+001
 0.8585859    0.1027343750E+000    0.1142968750E+001
 0.8686869    0.1011718750E+000    0.1173046875E+001
 0.8787879    0.6875000000E-001    0.1128906250E+001
 0.8888889    0.7812500000E-001    0.1143750000E+001
 0.8989899    0.7539062500E-001    0.1134765625E+001
 0.9090909    0.7656250000E-001    0.1182812500E+001
 0.9191919    0.6093750000E-001    0.1153125000E+001
 0.9292929    0.6562500000E-001    0.1151171875E+001
 0.9393939    0.5625000000E-001    0.1173046875E+001
 0.9494949    0.3125000000E-002    0.1134375000E+001
 0.9595960    0.5351562500E-001    0.1144921875E+001
 0.9696970    0.4375000000E-001    0.1150390625E+001
 0.9797980    0.7421875000E-002    0.1123828125E+001
 0.9898990    0.0000000000E+000    0.1125781250E+001
 1.0000000    0.1066406250E+000    0.1196484375E+001


# Weightfunction after cycle      23100
 0.0000000    0.3345019531E+001    0.1465722656E+001
 0.0101010    0.3366406250E+001    0.1503906250E+001
 0.0202020    0.3340429688E+001    0.1463574219E+001
 0.0303030    0.3343261719E+001    0.1435937500E+001
 0.0404040    0.3494628906E+001    0.1518652344E+001
 0.0505051    0.3554492188E+001    0.1493066406E+001
 0.0606061    0.3606152344E+001    0.1474121094E+001
 0.0707071    0.3628027344E+001    0.1449609375E+001
 0.0808081    0.3714746094E+001    0.1429003906E+001
 0.0909091    0.3853515625E+001    0.1442187500E+001
 0.1010101    0.3892578125E+001    0.1490234375E+001
 0.1111111    0.3939843750E+001    0.1450097656E+001
 0.1212121    0.4020214844E+001    0.1475390625E+001
 0.1313131    0.4013281250E+001    0.1419921875E+001
 0.1414141    0.4068261719E+001    0.1441894531E+001
 0.1515152    0.3958007813E+001    0.1471582031E+001
 0.1616162    0.3923730469E+001    0.1409863281E+001
 0.1717172    0.3947363281E+001    0.1468945313E+001
 0.1818182    0.3872656250E+001    0.1458007813E+001
 0.1919192    0.3832714844E+001    0.1409375000E+001
 0.2020202    0.3766894531E+001    0.1393750000E+001
 0.2121212    0.3666601563E+001    0.1447851563E+001
 0.2222222    0.3629980469E+001    0.1418652344E+001
 0.2323232    0.3512890625E+001    0.1421875000E+001
 0.2424242    0.3427539063E+001    0.1333203125E+001
 0.2525253    0.3312988281E+001    0.1377929688E+001
 0.2626263    0.3197460938E+001    0.1387402344E+001
 0.2727273    0.3084277344E+001    0.1339257813E+001
 0.2828283    0.3021093750E+001    0.1329687500E+001
 0.2929293    0.2881347656E+001    0.1361425781E+001
 0.3030303    0.2779687500E+001    0.1350878906E+001
 0.3131313    0.2662402344E+001    0.1305664063E+001
 0.3232323    0.2563671875E+001    0.1303613281E+001
 0.3333333    0.2458593750E+001    0.1280566406E+001
 0.3434343    0.2326171875E+001    0.1288476563E+001
 0.3535354    0.2140039063E+001    0.1284472656E+001
 0.3636364    0.2046484375E+001    0.1287304688E+001
 0.3737374    0.1911523438E+001    0.1270214844E+001
 0.3838384    0.1785742188E+001    0.1270214844E+001
 0.3939394    0.1639062500E+001    0.1255957031E+001
 0.4040404    0.1506054688E+001    0.1184277344E+001
 0.4141414    0.1364257813E+001    0.1236035156E+001
 0.4242424    0.1243164063E+001    0.1193750000E+001
 0.4343434    0.1069335937E+001    0.1203320313E+001
 0.4444444    0.9520507812E+000    0.1166015625E+001
 0.4545455    0.8286132812E+000    0.1197363281E+001
 0.4646465    0.7042968750E+000    0.1179296875E+001
 0.4747475    0.5345703125E+000    0.1132910156E+001
 0.4848485    0.3716796875E+000    0.1140820313E+001
 0.4949495    0.2413085938E+000    0.1151074219E+001
 0.5050505    0.1728515625E+000    0.1155078125E+001
 0.5151515    0.1165039063E+000    0.1140722656E+001
 0.5252525    0.1520507813E+000    0.1124414063E+001
 0.5353535    0.1617187500E+000    0.1134863281E+001
 0.5454545    0.1488281250E+000    0.1136914063E+001
 0.5555556    0.1601562500E+000    0.1139550781E+001
 0.5656566    0.1621093750E+000    0.1146777344E+001
 0.5757576    0.1878906250E+000    0.1174511719E+001
 0.5858586    0.1669921875E+000    0.1114941406E+001
 0.5959596    0.1621093750E+000    0.1142675781E+001
 0.6060606    0.1415039063E+000    0.1126464844E+001
 0.6161616    0.1456054688E+000    0.1149121094E+001
 0.6262626    0.1654296875E+000    0.1092285156E+001
 0.6363636    0.1322265625E+000    0.1123242188E+001
 0.6464646    0.1636718750E+000    0.1134375000E+001
 0.6565657    0.1666992188E+000    0.1137011719E+001
 0.6666667    0.1187500000E+000    0.1106054688E+001
 0.6767677    0.1369140625E+000    0.1098828125E+001
 0.6868687    0.1474609375E+000    0.1125781250E+001
 0.6969697    0.1310546875E+000    0.1133789063E+001
 0.7070707    0.1151367188E+000    0.1129785156E+001
 0.7171717    0.1218750000E+000    0.1124804688E+001
 0.7272727    0.1219726563E+000    0.1130566406E+001
 0.7373737    0.1252929688E+000    0.1147070313E+001
 0.7474747    0.1046875000E+000    0.1133398438E+001
 0.7575758    0.9921875000E-001    0.1114355469E+001
 0.7676768    0.1287109375E+000    0.1158398438E+001
 0.7777778    0.1217773438E+000    0.1155468750E+001
 0.7878788    0.8339843750E-001    0.1119335938E+001
 0.7979798    0.7724609375E-001    0.1116894531E+001
 0.8080808    0.7236328125E-001    0.1115917969E+001
 0.8181818    0.1248046875E+000    0.1162011719E+001
 0.8282828    0.9277343750E-001    0.1134765625E+001
 0.8383838    0.9394531250E-001    0.1141503906E+001
 0.8484848    0.8642578125E-001    0.1154394531E+001
 0.8585859    0.1078125000E+000    0.1141796875E+001
 0.8686869    0.8144531250E-001    0.1147753906E+001
 0.8787879    0.6962890625E-001    0.1128125000E+001
 0.8888889    0.6230468750E-001    0.1131738281E+001
 0.8989899    0.6259765625E-001    0.1132324219E+001
 0.9090909    0.7167968750E-001    0.1164160156E+001
 0.9191919    0.5009765625E-001    0.1142675781E+001
 0.9292929    0.5302734375E-001    0.1146777344E+001
 0.9393939    0.4023437500E-001    0.1153417969E+001
 0.9494949    0.0000000000E+000    0.1113867188E+001
 0.9595960    0.4980468750E-001    0.1144238281E+001
 0.9696970    0.3818359375E-001    0.1133496094E+001
 0.9797980    0.6640625000E-002    0.1108691406E+001
 0.9898990    0.1738281250E-001    0.1132714844E+001
 1.0000000    0.7675781250E-001    0.1182519531E+001


# Weightfunction after cycle      74115
 0.0000000    0.3390405273E+001    0.1540869141E+001
 0.0101010    0.3409155273E+001    0.1557543945E+001
 0.0202020    0.3403637695E+001    0.1540966797E+001
 0.0303030    0.3424853516E+001    0.1525585937E+001
 0.0404040    0.3525903320E+001    0.1569580078E+001
 0.0505051    0.3584448242E+001    0.1548974609E+001
 0.0606061    0.3649072266E+001    0.1537841797E+001
 0.0707071    0.3713647461E+001    0.1539843750E+001
 0.0808081    0.3772436523E+001    0.1511083984E+001
 0.0909091    0.3877050781E+001    0.1519921875E+001
 0.1010101    0.3937597656E+001    0.1532373047E+001
 0.1111111    0.3987280273E+001    0.1518652344E+001
 0.1212121    0.4043627930E+001    0.1520312500E+001
 0.1313131    0.4057788086E+001    0.1507666016E+001
 0.1414141    0.4068505859E+001    0.1511010742E+001
 0.1515152    0.4017309570E+001    0.1521972656E+001
 0.1616162    0.3981323242E+001    0.1482934570E+001
 0.1717172    0.3980273437E+001    0.1517846680E+001
 0.1818182    0.3905688477E+001    0.1509936523E+001
 0.1919192    0.3849584961E+001    0.1471850586E+001
 0.2020202    0.3777343750E+001    0.1465234375E+001
 0.2121212    0.3692065430E+001    0.1484448242E+001
 0.2222222    0.3638525391E+001    0.1464160156E+001
 0.2323232    0.3535864258E+001    0.1469580078E+001
 0.2424242    0.3438818359E+001    0.1422729492E+001
 0.2525253    0.3321826172E+001    0.1441088867E+001
 0.2626263    0.3211499023E+001    0.1445605469E+001
 0.2727273    0.3126293945E+001    0.1407983398E+001
 0.2828283    0.3015405273E+001    0.1397802734E+001
 0.2929293    0.2900048828E+001    0.1412866211E+001
 0.3030303    0.2790649414E+001    0.1412622070E+001
 0.3131313    0.2680615234E+001    0.1376000977E+001
 0.3232323    0.2550244141E+001    0.1363134766E+001
 0.3333333    0.2445190430E+001    0.1353808594E+001
 0.3434343    0.2318286133E+001    0.1354003906E+001
 0.3535354    0.2161938477E+001    0.1338549805E+001
 0.3636364    0.2045434570E+001    0.1350781250E+001
 0.3737374    0.1910375977E+001    0.1332128906E+001
 0.3838384    0.1772143555E+001    0.1328271484E+001
 0.3939394    0.1646972656E+001    0.1308056641E+001
 0.4040404    0.1516992187E+001    0.1280273437E+001
 0.4141414    0.1356420898E+001    0.1300195312E+001
 0.4242424    0.1251611328E+001    0.1264013672E+001
 0.4343434    0.1080297852E+001    0.1270874023E+001
 0.4444444    0.9478759766E+000    0.1241772461E+001
 0.4545455    0.8131347656E+000    0.1244897461E+001
 0.4646465    0.6751708984E+000    0.1243652344E+001
 0.4747475    0.5184570312E+000    0.1206494141E+001
 0.4848485    0.3649902344E+000    0.1213525391E+001
 0.4949495    0.2382324219E+000    0.1210620117E+001
 0.5050505    0.1591552734E+000    0.1212426758E+001
 0.5151515    0.1402832031E+000    0.1205957031E+001
 0.5252525    0.1519042969E+000    0.1201049805E+001
 0.5353535    0.1445312500E+000    0.1205151367E+001
 0.5454545    0.1498046875E+000    0.1200268555E+001
 0.5555556    0.1606933594E+000    0.1204345703E+001
 0.5656566    0.1490722656E+000    0.1214965820E+001
 0.5757576    0.1628417969E+000    0.1224511719E+001
 0.5858586    0.1527099609E+000    0.1186865234E+001
 0.5959596    0.1510498047E+000    0.1198754883E+001
 0.6060606    0.1449462891E+000    0.1194311523E+001
 0.6161616    0.1479980469E+000    0.1201416016E+001
 0.6262626    0.1479003906E+000    0.1173925781E+001
 0.6363636    0.1227294922E+000    0.1191308594E+001
 0.6464646    0.1466308594E+000    0.1193432617E+001
 0.6565657    0.1444335937E+000    0.1208251953E+001
 0.6666667    0.1154052734E+000    0.1181689453E+001
 0.6767677    0.1314941406E+000    0.1178222656E+001
 0.6868687    0.1276611328E+000    0.1191064453E+001
 0.6969697    0.1362548828E+000    0.1195703125E+001
 0.7070707    0.1176757812E+000    0.1200659180E+001
 0.7171717    0.1223388672E+000    0.1197436523E+001
 0.7272727    0.1158203125E+000    0.1200024414E+001
 0.7373737    0.1145263672E+000    0.1205126953E+001
 0.7474747    0.1090576172E+000    0.1208666992E+001
 0.7575758    0.9145507812E-001    0.1185498047E+001
 0.7676768    0.1089843750E+000    0.1213256836E+001
 0.7777778    0.9870605469E-001    0.1211669922E+001
 0.7878788    0.8049316406E-001    0.1189208984E+001
 0.7979798    0.8510742187E-001    0.1197778320E+001
 0.8080808    0.7746582031E-001    0.1192382812E+001
 0.8181818    0.9414062500E-001    0.1208178711E+001
 0.8282828    0.7424316406E-001    0.1198339844E+001
 0.8383838    0.8110351562E-001    0.1210351562E+001
 0.8484848    0.6567382812E-001    0.1201220703E+001
 0.8585859    0.8229980469E-001    0.1207958984E+001
 0.8686869    0.6740722656E-001    0.1205908203E+001
 0.8787879    0.6237792969E-001    0.1198583984E+001
 0.8888889    0.4965820312E-001    0.1198950195E+001
 0.8989899    0.5263671875E-001    0.1204931641E+001
 0.9090909    0.5166015625E-001    0.1214404297E+001
 0.9191919    0.4477539062E-001    0.1210131836E+001
 0.9292929    0.4787597656E-001    0.1207641602E+001
 0.9393939    0.3645019531E-001    0.1215673828E+001
 0.9494949    0.5175781250E-002    0.1185327148E+001
 0.9595960    0.3166503906E-001    0.1204150391E+001
 0.9696970    0.2653808594E-001    0.1207348633E+001
 0.9797980    0.0000000000E+000    0.1183471680E+001
 0.9898990    0.1896972656E-001    0.1202441406E+001
 1.0000000    0.3295898438E-001    0.1222802734E+001


