# Cycle, ((density(Ib,Tm), Tm=1,N_MolType), Ib=1,N_Box)
       100   0.5967646938E+003   0.3309323916E+002
       200   0.6012284938E+003   0.3167094071E+002
       300   0.6111576945E+003   0.3088457255E+002
       400   0.6141803232E+003   0.3016576629E+002
       500   0.6228241434E+003   0.2974224833E+002
       600   0.6283898368E+003   0.2900273681E+002
       700   0.6425837746E+003   0.2853991966E+002
       800   0.6560479583E+003   0.2809008364E+002
       900   0.6634159336E+003   0.2872277292E+002
      1000   0.6684073259E+003   0.2971356808E+002
      1100   0.6594098012E+003   0.3115006568E+002
      1200   0.6713544445E+003   0.3139643222E+002
      1300   0.6768072310E+003   0.3203342331E+002
      1400   0.6798185467E+003   0.3201030741E+002
      1500   0.6596931108E+003   0.3318784807E+002
      1600   0.6560602336E+003   0.3253945337E+002
      1700   0.6567868438E+003   0.3151232178E+002
      1800   0.7002621803E+003   0.3050516281E+002
      1900   0.7048327193E+003   0.2979499901E+002
      2000   0.6674793840E+003   0.3006253502E+002
      2100   0.6842969645E+003   0.2959688438E+002
      2200   0.6820707639E+003   0.2927138054E+002
      2300   0.6763891008E+003   0.2862768265E+002
      2400   0.6932602879E+003   0.2885176628E+002
      2500   0.6974238497E+003   0.2814058655E+002
      2600   0.6752883499E+003   0.2760564868E+002
      2700   0.6884429995E+003   0.2717224973E+002
      2800   0.6976948525E+003   0.2745445214E+002
      2900   0.7231858206E+003   0.2729563816E+002
      3000   0.7196760790E+003   0.2799865208E+002
      3100   0.6879815547E+003   0.3025193862E+002
      3200   0.7068818115E+003   0.2978127051E+002
      3300   0.6789794182E+003   0.3133808038E+002
      3400   0.6858738384E+003   0.3060728856E+002
      3500   0.6646019631E+003   0.3144941255E+002
      3600   0.6770943937E+003   0.3169196462E+002
      3700   0.7055929241E+003   0.3148398143E+002
      3800   0.6964386822E+003   0.3019219347E+002
      3900   0.6867840523E+003   0.2957918982E+002
      4000   0.6810429196E+003   0.2962026309E+002
      4100   0.6947971740E+003   0.2986359364E+002
      4200   0.6713090250E+003   0.2969177790E+002
      4300   0.6766719276E+003   0.2931030023E+002
      4400   0.6830476503E+003   0.2892264350E+002
      4500   0.6800041976E+003   0.3065039556E+002
      4600   0.6679365263E+003   0.3040060809E+002
      4700   0.6833747916E+003   0.3062553637E+002
      4800   0.6856554086E+003   0.2992811378E+002
      4900   0.6970544143E+003   0.3052750734E+002
      5000   0.7018215732E+003   0.3117205918E+002
      5100   0.7088889492E+003   0.3146117313E+002
      5200   0.7092372346E+003   0.3213368658E+002
      5300   0.6899226707E+003   0.3193445424E+002
      5400   0.7131818710E+003   0.2973963305E+002
      5500   0.6844523891E+003   0.3061764884E+002
      5600   0.6908647771E+003   0.2955047832E+002
      5700   0.6898319876E+003   0.3057870083E+002
      5800   0.6971651784E+003   0.3086597838E+002
      5900   0.7105265014E+003   0.3144993221E+002
      6000   0.6697630673E+003   0.3310518814E+002
      6100   0.6812454449E+003   0.3233810865E+002
      6200   0.6964585653E+003   0.3154849741E+002
      6300   0.7215551817E+003   0.3070068335E+002
      6400   0.6993818849E+003   0.3085040352E+002
      6500   0.7023881560E+003   0.3015116277E+002
      6600   0.7148547725E+003   0.2972871936E+002
      6700   0.6931673459E+003   0.2816894613E+002
      6800   0.6997610247E+003   0.2812518547E+002
      6900   0.6903818325E+003   0.2852978748E+002
      7000   0.7023114609E+003   0.2776677824E+002
      7100   0.6848280816E+003   0.2959309314E+002
      7200   0.7030971753E+003   0.2912641530E+002
      7300   0.7035876432E+003   0.2912315381E+002
      7400   0.6749363808E+003   0.2966484616E+002
      7500   0.6760996071E+003   0.2999773251E+002
      7600   0.6816222941E+003   0.2927458613E+002
      7700   0.6839003434E+003   0.2891663120E+002
      7800   0.6563260577E+003   0.2843248239E+002
      7900   0.7064461334E+003   0.2705623172E+002
      8000   0.6961241148E+003   0.2677875532E+002
      8100   0.7070635513E+003   0.2807782655E+002
      8200   0.6866069542E+003   0.2923923091E+002
      8300   0.6912272795E+003   0.2886568124E+002
      8400   0.6707662765E+003   0.2866836779E+002
      8500   0.6729351881E+003   0.2796603421E+002
      8600   0.6753469113E+003   0.2794891103E+002
      8700   0.6704935128E+003   0.2763954329E+002
      8800   0.7050446730E+003   0.2672239459E+002
      8900   0.6843671846E+003   0.2719950655E+002
      9000   0.6746875140E+003   0.2795357850E+002
      9100   0.7003956391E+003   0.2709444791E+002
      9200   0.6987619061E+003   0.2744753353E+002
      9300   0.6847815152E+003   0.2754017809E+002
      9400   0.6720293237E+003   0.2797250303E+002
      9500   0.6530031840E+003   0.2845797273E+002
      9600   0.6862530534E+003   0.2718684785E+002
      9700   0.6991342362E+003   0.2778738891E+002
      9800   0.6873555502E+003   0.2786573808E+002
      9900   0.6920914027E+003   0.2783386246E+002
     10000   0.6873233893E+003   0.2855078783E+002
     10100   0.6848577762E+003   0.2959288137E+002
     10200   0.6995560367E+003   0.2812653147E+002
     10300   0.6933582592E+003   0.2850955742E+002
     10400   0.6985402619E+003   0.2744896861E+002
     10500   0.6871300840E+003   0.2820987339E+002
     10600   0.6677049247E+003   0.2937657057E+002
     10700   0.6603542622E+003   0.2874585406E+002
     10800   0.6845013349E+003   0.2925409243E+002
     10900   0.6826020199E+003   0.2755502088E+002
     11000   0.6764602336E+003   0.2725348148E+002
     11100   0.6891545375E+003   0.2751072752E+002
     11200   0.6606812723E+003   0.2702038702E+002
     11300   0.6964849260E+003   0.2505556441E+002
     11400   0.6994271313E+003   0.2434724132E+002
     11500   0.6871414789E+003   0.2268503840E+002
     11600   0.7104584164E+003   0.2186033852E+002
     11700   0.7090812560E+003   0.2221485513E+002
     11800   0.6794725993E+003   0.2342706239E+002
     11900   0.6833506218E+003   0.2409817389E+002
     12000   0.6915843703E+003   0.2508571077E+002
     12100   0.6883988616E+003   0.2475982517E+002
     12200   0.6844630514E+003   0.2582134609E+002
     12300   0.6598488850E+003   0.2737183343E+002
     12400   0.6860443146E+003   0.2615594209E+002
     12500   0.7016101608E+003   0.2708671516E+002
     12600   0.6613153478E+003   0.2701579640E+002
     12700   0.6787469200E+003   0.2723772059E+002
     12800   0.6747355059E+003   0.2692100985E+002
     12900   0.6892686495E+003   0.2785280004E+002
     13000   0.6814039235E+003   0.2893428289E+002
     13100   0.6736774359E+003   0.2727283103E+002
     13200   0.6876250382E+003   0.2752097834E+002
     13300   0.6705281506E+003   0.2798326809E+002
     13400   0.6882344331E+003   0.2717363535E+002
     13500   0.6841873586E+003   0.2582313435E+002
     13600   0.6764905319E+003   0.2552795301E+002
     13700   0.6890051453E+003   0.2544713174E+002
     13800   0.6881240739E+003   0.2510730032E+002
     13900   0.6772334172E+003   0.2552305738E+002
     14000   0.6927855346E+003   0.2369424330E+002
     14100   0.6837889622E+003   0.2409546660E+002
     14200   0.6914163165E+003   0.2404900287E+002
     14300   0.6871684427E+003   0.2407473032E+002
     14400   0.6843002540E+003   0.2409231389E+002
     14500   0.6565077126E+003   0.2427211706E+002
     14600   0.6581988103E+003   0.2426066321E+002
     14700   0.6823275571E+003   0.2514404196E+002
     14800   0.6908620129E+003   0.2474460335E+002
     14900   0.6967457763E+003   0.2367095650E+002
     15000   0.6911923637E+003   0.2300931728E+002
     15100   0.6796704298E+003   0.2550708565E+002
     15200   0.6860323706E+003   0.2442830384E+002
     15300   0.6926105167E+003   0.2334836303E+002
     15400   0.6999449936E+003   0.2399845209E+002
     15500   0.6791012400E+003   0.2481845227E+002
     15600   0.6963714256E+003   0.2367314445E+002
     15700   0.6788250533E+003   0.2377888425E+002
     15800   0.6970059453E+003   0.2436162382E+002
     15900   0.6790079260E+003   0.2447231777E+002
     16000   0.6654723979E+003   0.2490788259E+002
