# Evolution of the weightfunction during equilibration phase for fractional: N2
# Weightfunction after cycle        471
 0.0000000    0.4100000000E+001    0.2000000000E+001
 0.0101010    0.3000000000E+001    0.1300000000E+001
 0.0202020    0.3300000000E+001    0.1900000000E+001
 0.0303030    0.3200000000E+001    0.1300000000E+001
 0.0404040    0.3300000000E+001    0.1200000000E+001
 0.0505051    0.3900000000E+001    0.2100000000E+001
 0.0606061    0.3300000000E+001    0.1100000000E+001
 0.0707071    0.4100000000E+001    0.1600000000E+001
 0.0808081    0.4400000000E+001    0.1600000000E+001
 0.0909091    0.4300000000E+001    0.2200000000E+001
 0.1010101    0.3300000000E+001    0.1200000000E+001
 0.1111111    0.3300000000E+001    0.1100000000E+001
 0.1212121    0.4500000000E+001    0.1700000000E+001
 0.1313131    0.3600000000E+001    0.1100000000E+001
 0.1414141    0.4500000000E+001    0.2100000000E+001
 0.1515152    0.4400000000E+001    0.2300000000E+001
 0.1616162    0.3600000000E+001    0.6000000000E+000
 0.1717172    0.2800000000E+001    0.1400000000E+001
 0.1818182    0.4000000000E+001    0.1700000000E+001
 0.1919192    0.4000000000E+001    0.2200000000E+001
 0.2020202    0.4500000000E+001    0.6000000000E+000
 0.2121212    0.2800000000E+001    0.1600000000E+001
 0.2222222    0.4000000000E+001    0.1700000000E+001
 0.2323232    0.3300000000E+001    0.2500000000E+001
 0.2424242    0.3400000000E+001    0.1600000000E+001
 0.2525253    0.3300000000E+001    0.1500000000E+001
 0.2626263    0.2900000000E+001    0.1400000000E+001
 0.2727273    0.2300000000E+001    0.1900000000E+001
 0.2828283    0.2500000000E+001    0.1900000000E+001
 0.2929293    0.3100000000E+001    0.1400000000E+001
 0.3030303    0.3200000000E+001    0.2600000000E+001
 0.3131313    0.3000000000E+001    0.1600000000E+001
 0.3232323    0.2600000000E+001    0.2300000000E+001
 0.3333333    0.2400000000E+001    0.1700000000E+001
 0.3434343    0.3100000000E+001    0.2000000000E+001
 0.3535354    0.2100000000E+001    0.2400000000E+001
 0.3636364    0.2900000000E+001    0.8000000000E+000
 0.3737374    0.2900000000E+001    0.2200000000E+001
 0.3838384    0.3000000000E+001    0.8000000000E+000
 0.3939394    0.3100000000E+001    0.3200000000E+001
 0.4040404    0.5100000000E+001    0.1700000000E+001
 0.4141414    0.2500000000E+001    0.1200000000E+001
 0.4242424    0.2600000000E+001    0.1900000000E+001
 0.4343434    0.3200000000E+001    0.2500000000E+001
 0.4444444    0.2500000000E+001    0.1500000000E+001
 0.4545455    0.2200000000E+001    0.2000000000E+001
 0.4646465    0.2400000000E+001    0.3200000000E+001
 0.4747475    0.1500000000E+001    0.2400000000E+001
 0.4848485    0.1800000000E+001    0.1300000000E+001
 0.4949495    0.2000000000E+001    0.1900000000E+001
 0.5050505    0.2000000000E+001    0.9000000000E+000
 0.5151515    0.2200000000E+001    0.1700000000E+001
 0.5252525    0.4000000000E+000    0.2300000000E+001
 0.5353535    0.2200000000E+001    0.1600000000E+001
 0.5454545    0.2700000000E+001    0.1900000000E+001
 0.5555556    0.1400000000E+001    0.2000000000E+001
 0.5656566    0.1800000000E+001    0.2400000000E+001
 0.5757576    0.1800000000E+001    0.2400000000E+001
 0.5858586    0.1500000000E+001    0.2200000000E+001
 0.5959596    0.1500000000E+001    0.2600000000E+001
 0.6060606    0.1300000000E+001    0.2100000000E+001
 0.6161616    0.1900000000E+001    0.1700000000E+001
 0.6262626    0.1400000000E+001    0.2100000000E+001
 0.6363636    0.5000000000E+000    0.2200000000E+001
 0.6464646    0.5000000000E+000    0.2800000000E+001
 0.6565657    0.8000000000E+000    0.2000000000E+001
 0.6666667    0.9000000000E+000    0.2000000000E+001
 0.6767677    0.1700000000E+001    0.2700000000E+001
 0.6868687    0.1500000000E+001    0.2500000000E+001
 0.6969697    0.1000000000E+001    0.1800000000E+001
 0.7070707    0.1800000000E+001    0.2600000000E+001
 0.7171717    0.8000000000E+000    0.2400000000E+001
 0.7272727    0.3000000000E+000    0.1600000000E+001
 0.7373737    0.1200000000E+001    0.2700000000E+001
 0.7474747    0.7000000000E+000    0.1800000000E+001
 0.7575758    0.8000000000E+000    0.2400000000E+001
 0.7676768    0.1700000000E+001    0.2800000000E+001
 0.7777778    0.9000000000E+000    0.2400000000E+001
 0.7878788    0.2000000000E+000    0.2000000000E+001
 0.7979798    0.0000000000E+000    0.1600000000E+001
 0.8080808    0.1000000000E+000    0.1800000000E+001
 0.8181818    0.1000000000E+001    0.2200000000E+001
 0.8282828    0.1200000000E+001    0.2500000000E+001
 0.8383838    0.5000000000E+000    0.2200000000E+001
 0.8484848    0.1300000000E+001    0.2500000000E+001
 0.8585859    0.4000000000E+000    0.2400000000E+001
 0.8686869    0.1300000000E+001    0.3100000000E+001
 0.8787879    0.1200000000E+001    0.2000000000E+001
 0.8888889    0.1200000000E+001    0.3500000000E+001
 0.8989899    0.4000000000E+000    0.1800000000E+001
 0.9090909    0.8000000000E+000    0.2300000000E+001
 0.9191919    0.1100000000E+001    0.3100000000E+001
 0.9292929    0.4000000000E+000    0.1500000000E+001
 0.9393939    0.1000000000E+001    0.2300000000E+001
 0.9494949    0.3000000000E+000    0.1900000000E+001
 0.9595960    0.2000000000E+000    0.1500000000E+001
 0.9696970    0.8000000000E+000    0.2500000000E+001
 0.9797980    0.3000000000E+000    0.2100000000E+001
 0.9898990    0.1000000000E+001    0.2400000000E+001
 1.0000000    0.5000000000E+000    0.2000000000E+001


# Weightfunction after cycle       2437
 0.0000000    0.4575000000E+001    0.2825000000E+001
 0.0101010    0.4375000000E+001    0.2600000000E+001
 0.0202020    0.4225000000E+001    0.2575000000E+001
 0.0303030    0.5175000000E+001    0.2825000000E+001
 0.0404040    0.4700000000E+001    0.2450000000E+001
 0.0505051    0.4725000000E+001    0.2625000000E+001
 0.0606061    0.4650000000E+001    0.2475000000E+001
 0.0707071    0.4575000000E+001    0.2175000000E+001
 0.0808081    0.4875000000E+001    0.2500000000E+001
 0.0909091    0.4925000000E+001    0.2475000000E+001
 0.1010101    0.5325000000E+001    0.2500000000E+001
 0.1111111    0.5325000000E+001    0.2300000000E+001
 0.1212121    0.5025000000E+001    0.2475000000E+001
 0.1313131    0.5475000000E+001    0.2300000000E+001
 0.1414141    0.6175000000E+001    0.2600000000E+001
 0.1515152    0.5850000000E+001    0.2300000000E+001
 0.1616162    0.5650000000E+001    0.2475000000E+001
 0.1717172    0.6050000000E+001    0.2600000000E+001
 0.1818182    0.5850000000E+001    0.2625000000E+001
 0.1919192    0.5350000000E+001    0.2475000000E+001
 0.2020202    0.5150000000E+001    0.2550000000E+001
 0.2121212    0.5950000000E+001    0.2350000000E+001
 0.2222222    0.5175000000E+001    0.2350000000E+001
 0.2323232    0.5275000000E+001    0.2225000000E+001
 0.2424242    0.5375000000E+001    0.2375000000E+001
 0.2525253    0.4650000000E+001    0.2625000000E+001
 0.2626263    0.5450000000E+001    0.2375000000E+001
 0.2727273    0.4700000000E+001    0.2275000000E+001
 0.2828283    0.4925000000E+001    0.2175000000E+001
 0.2929293    0.3850000000E+001    0.2150000000E+001
 0.3030303    0.4800000000E+001    0.2300000000E+001
 0.3131313    0.4075000000E+001    0.2350000000E+001
 0.3232323    0.3600000000E+001    0.2475000000E+001
 0.3333333    0.3725000000E+001    0.2650000000E+001
 0.3434343    0.3950000000E+001    0.2400000000E+001
 0.3535354    0.3400000000E+001    0.2275000000E+001
 0.3636364    0.3000000000E+001    0.2050000000E+001
 0.3737374    0.2850000000E+001    0.1875000000E+001
 0.3838384    0.2775000000E+001    0.2225000000E+001
 0.3939394    0.2850000000E+001    0.2875000000E+001
 0.4040404    0.2950000000E+001    0.2575000000E+001
 0.4141414    0.2900000000E+001    0.2000000000E+001
 0.4242424    0.2000000000E+001    0.2500000000E+001
 0.4343434    0.1850000000E+001    0.2250000000E+001
 0.4444444    0.2200000000E+001    0.2425000000E+001
 0.4545455    0.1675000000E+001    0.2500000000E+001
 0.4646465    0.1400000000E+001    0.2550000000E+001
 0.4747475    0.9250000000E+000    0.2350000000E+001
 0.4848485    0.6000000000E+000    0.2200000000E+001
 0.4949495    0.3000000000E+000    0.2375000000E+001
 0.5050505    0.5250000000E+000    0.2375000000E+001
 0.5151515    0.7750000000E+000    0.2125000000E+001
 0.5252525    0.7500000000E+000    0.2250000000E+001
 0.5353535    0.7750000000E+000    0.2050000000E+001
 0.5454545    0.9000000000E+000    0.2350000000E+001
 0.5555556    0.8000000000E+000    0.2750000000E+001
 0.5656566    0.8750000000E+000    0.2175000000E+001
 0.5757576    0.6000000000E+000    0.2175000000E+001
 0.5858586    0.9250000000E+000    0.2250000000E+001
 0.5959596    0.4000000000E+000    0.2375000000E+001
 0.6060606    0.8000000000E+000    0.2425000000E+001
 0.6161616    0.5750000000E+000    0.2100000000E+001
 0.6262626    0.4750000000E+000    0.2150000000E+001
 0.6363636    0.6000000000E+000    0.2425000000E+001
 0.6464646    0.4750000000E+000    0.2275000000E+001
 0.6565657    0.4750000000E+000    0.2100000000E+001
 0.6666667    0.7250000000E+000    0.2125000000E+001
 0.6767677    0.6500000000E+000    0.2175000000E+001
 0.6868687    0.5500000000E+000    0.2625000000E+001
 0.6969697    0.9250000000E+000    0.2150000000E+001
 0.7070707    0.5000000000E+000    0.2275000000E+001
 0.7171717    0.6250000000E+000    0.2225000000E+001
 0.7272727    0.4500000000E+000    0.2200000000E+001
 0.7373737    0.4750000000E+000    0.2100000000E+001
 0.7474747    0.7500000000E+000    0.2375000000E+001
 0.7575758    0.3000000000E+000    0.2000000000E+001
 0.7676768    0.4750000000E+000    0.1950000000E+001
 0.7777778    0.4250000000E+000    0.2275000000E+001
 0.7878788    0.2750000000E+000    0.1950000000E+001
 0.7979798    0.3250000000E+000    0.2125000000E+001
 0.8080808    0.6500000000E+000    0.2200000000E+001
 0.8181818    0.5500000000E+000    0.2250000000E+001
 0.8282828    0.6250000000E+000    0.2400000000E+001
 0.8383838    0.6250000000E+000    0.2500000000E+001
 0.8484848    0.4750000000E+000    0.2325000000E+001
 0.8585859    0.3500000000E+000    0.2250000000E+001
 0.8686869    0.2500000000E+000    0.2200000000E+001
 0.8787879    0.6250000000E+000    0.2275000000E+001
 0.8888889    0.5750000000E+000    0.2350000000E+001
 0.8989899    0.3000000000E+000    0.2150000000E+001
 0.9090909    0.5500000000E+000    0.2475000000E+001
 0.9191919    0.2000000000E+000    0.2000000000E+001
 0.9292929    0.4750000000E+000    0.2175000000E+001
 0.9393939    0.4750000000E+000    0.2325000000E+001
 0.9494949    0.6750000000E+000    0.2525000000E+001
 0.9595960    0.4500000000E+000    0.1900000000E+001
 0.9696970    0.8250000000E+000    0.2525000000E+001
 0.9797980    0.0000000000E+000    0.1975000000E+001
 0.9898990    0.7500000000E-001    0.2150000000E+001
 1.0000000    0.4000000000E+000    0.2300000000E+001


# Weightfunction after cycle       4721
 0.0000000    0.4037500000E+001    0.2218750000E+001
 0.0101010    0.4075000000E+001    0.2218750000E+001
 0.0202020    0.4056250000E+001    0.2162500000E+001
 0.0303030    0.4600000000E+001    0.2512500000E+001
 0.0404040    0.4512500000E+001    0.2443750000E+001
 0.0505051    0.4562500000E+001    0.2412500000E+001
 0.0606061    0.4518750000E+001    0.2375000000E+001
 0.0707071    0.4812500000E+001    0.2231250000E+001
 0.0808081    0.5056250000E+001    0.2387500000E+001
 0.0909091    0.5000000000E+001    0.2206250000E+001
 0.1010101    0.5143750000E+001    0.2175000000E+001
 0.1111111    0.5337500000E+001    0.2118750000E+001
 0.1212121    0.5150000000E+001    0.2037500000E+001
 0.1313131    0.5475000000E+001    0.2362500000E+001
 0.1414141    0.5518750000E+001    0.2206250000E+001
 0.1515152    0.5293750000E+001    0.2250000000E+001
 0.1616162    0.5250000000E+001    0.2000000000E+001
 0.1717172    0.5662500000E+001    0.2181250000E+001
 0.1818182    0.5318750000E+001    0.2268750000E+001
 0.1919192    0.5443750000E+001    0.2418750000E+001
 0.2020202    0.4962500000E+001    0.2393750000E+001
 0.2121212    0.5306250000E+001    0.2287500000E+001
 0.2222222    0.4793750000E+001    0.2225000000E+001
 0.2323232    0.4993750000E+001    0.2243750000E+001
 0.2424242    0.4856250000E+001    0.2025000000E+001
 0.2525253    0.4700000000E+001    0.2387500000E+001
 0.2626263    0.4687500000E+001    0.1956250000E+001
 0.2727273    0.4812500000E+001    0.2043750000E+001
 0.2828283    0.4331250000E+001    0.2112500000E+001
 0.2929293    0.4393750000E+001    0.2262500000E+001
 0.3030303    0.4256250000E+001    0.2100000000E+001
 0.3131313    0.4043750000E+001    0.2068750000E+001
 0.3232323    0.4218750000E+001    0.2031250000E+001
 0.3333333    0.4143750000E+001    0.2075000000E+001
 0.3434343    0.3756250000E+001    0.1962500000E+001
 0.3535354    0.3437500000E+001    0.1975000000E+001
 0.3636364    0.3431250000E+001    0.2200000000E+001
 0.3737374    0.3200000000E+001    0.2162500000E+001
 0.3838384    0.3168750000E+001    0.2056250000E+001
 0.3939394    0.2743750000E+001    0.1918750000E+001
 0.4040404    0.2525000000E+001    0.2125000000E+001
 0.4141414    0.2206250000E+001    0.1737500000E+001
 0.4242424    0.2150000000E+001    0.1937500000E+001
 0.4343434    0.1556250000E+001    0.2018750000E+001
 0.4444444    0.1512500000E+001    0.1937500000E+001
 0.4545455    0.1325000000E+001    0.1925000000E+001
 0.4646465    0.1268750000E+001    0.2012500000E+001
 0.4747475    0.6437500000E+000    0.1981250000E+001
 0.4848485    0.6250000000E+000    0.2131250000E+001
 0.4949495    0.3687500000E+000    0.1900000000E+001
 0.5050505    0.3375000000E+000    0.2087500000E+001
 0.5151515    0.2125000000E+000    0.1925000000E+001
 0.5252525    0.1437500000E+000    0.2018750000E+001
 0.5353535    0.4687500000E+000    0.2106250000E+001
 0.5454545    0.1562500000E+000    0.2025000000E+001
 0.5555556    0.3187500000E+000    0.2012500000E+001
 0.5656566    0.3250000000E+000    0.1962500000E+001
 0.5757576    0.2250000000E+000    0.1868750000E+001
 0.5858586    0.1625000000E+000    0.2262500000E+001
 0.5959596    0.3250000000E+000    0.1937500000E+001
 0.6060606    0.2562500000E+000    0.1787500000E+001
 0.6161616    0.2187500000E+000    0.2006250000E+001
 0.6262626    0.1750000000E+000    0.1981250000E+001
 0.6363636    0.3625000000E+000    0.1987500000E+001
 0.6464646    0.2500000000E+000    0.2018750000E+001
 0.6565657    0.3125000000E+000    0.1993750000E+001
 0.6666667    0.2062500000E+000    0.2100000000E+001
 0.6767677    0.2437500000E+000    0.1956250000E+001
 0.6868687    0.3937500000E+000    0.2156250000E+001
 0.6969697    0.2750000000E+000    0.2331250000E+001
 0.7070707    0.2312500000E+000    0.2150000000E+001
 0.7171717    0.2625000000E+000    0.2206250000E+001
 0.7272727    0.3250000000E+000    0.2181250000E+001
 0.7373737    0.2562500000E+000    0.2025000000E+001
 0.7474747    0.2437500000E+000    0.2075000000E+001
 0.7575758    0.1187500000E+000    0.2056250000E+001
 0.7676768    0.1125000000E+000    0.2031250000E+001
 0.7777778    0.2500000000E+000    0.2043750000E+001
 0.7878788    0.1500000000E+000    0.1993750000E+001
 0.7979798    0.2687500000E+000    0.2012500000E+001
 0.8080808    0.2062500000E+000    0.2118750000E+001
 0.8181818    0.2687500000E+000    0.2156250000E+001
 0.8282828    0.9375000000E-001    0.2006250000E+001
 0.8383838    0.1875000000E-001    0.1975000000E+001
 0.8484848    0.1500000000E+000    0.2131250000E+001
 0.8585859    0.2375000000E+000    0.2112500000E+001
 0.8686869    0.2687500000E+000    0.2075000000E+001
 0.8787879    0.3500000000E+000    0.2193750000E+001
 0.8888889    0.3187500000E+000    0.2225000000E+001
 0.8989899    0.2312500000E+000    0.2187500000E+001
 0.9090909    0.1937500000E+000    0.2093750000E+001
 0.9191919    0.8750000000E-001    0.2043750000E+001
 0.9292929    0.1812500000E+000    0.2068750000E+001
 0.9393939    0.3750000000E-001    0.2018750000E+001
 0.9494949    0.1125000000E+000    0.1981250000E+001
 0.9595960    0.2000000000E+000    0.2112500000E+001
 0.9696970    0.0000000000E+000    0.1950000000E+001
 0.9797980    0.1562500000E+000    0.2112500000E+001
 0.9898990    0.2750000000E+000    0.2293750000E+001
 1.0000000    0.9375000000E-001    0.2006250000E+001


# Weightfunction after cycle      10119
 0.0000000    0.4535937500E+001    0.2614062500E+001
 0.0101010    0.4409375000E+001    0.2573437500E+001
 0.0202020    0.4521875000E+001    0.2618750000E+001
 0.0303030    0.4406250000E+001    0.2528125000E+001
 0.0404040    0.4540625000E+001    0.2567187500E+001
 0.0505051    0.4646875000E+001    0.2490625000E+001
 0.0606061    0.4876562500E+001    0.2556250000E+001
 0.0707071    0.4909375000E+001    0.2398437500E+001
 0.0808081    0.5096875000E+001    0.2520312500E+001
 0.0909091    0.5225000000E+001    0.2539062500E+001
 0.1010101    0.5490625000E+001    0.2589062500E+001
 0.1111111    0.5559375000E+001    0.2525000000E+001
 0.1212121    0.5659375000E+001    0.2531250000E+001
 0.1313131    0.5604687500E+001    0.2515625000E+001
 0.1414141    0.5682812500E+001    0.2523437500E+001
 0.1515152    0.5685937500E+001    0.2537500000E+001
 0.1616162    0.5448437500E+001    0.2498437500E+001
 0.1717172    0.5448437500E+001    0.2529687500E+001
 0.1818182    0.5628125000E+001    0.2525000000E+001
 0.1919192    0.5478125000E+001    0.2553125000E+001
 0.2020202    0.5532812500E+001    0.2501562500E+001
 0.2121212    0.5306250000E+001    0.2564062500E+001
 0.2222222    0.5373437500E+001    0.2478125000E+001
 0.2323232    0.5395312500E+001    0.2515625000E+001
 0.2424242    0.5067187500E+001    0.2426562500E+001
 0.2525253    0.5010937500E+001    0.2489062500E+001
 0.2626263    0.4717187500E+001    0.2537500000E+001
 0.2727273    0.4740625000E+001    0.2442187500E+001
 0.2828283    0.4628125000E+001    0.2423437500E+001
 0.2929293    0.4581250000E+001    0.2484375000E+001
 0.3030303    0.4384375000E+001    0.2415625000E+001
 0.3131313    0.4050000000E+001    0.2439062500E+001
 0.3232323    0.3878125000E+001    0.2445312500E+001
 0.3333333    0.3846875000E+001    0.2385937500E+001
 0.3434343    0.3643750000E+001    0.2437500000E+001
 0.3535354    0.3396875000E+001    0.2371875000E+001
 0.3636364    0.3170312500E+001    0.2415625000E+001
 0.3737374    0.2951562500E+001    0.2406250000E+001
 0.3838384    0.2868750000E+001    0.2420312500E+001
 0.3939394    0.2639062500E+001    0.2456250000E+001
 0.4040404    0.2568750000E+001    0.2301562500E+001
 0.4141414    0.2173437500E+001    0.2343750000E+001
 0.4242424    0.1893750000E+001    0.2450000000E+001
 0.4343434    0.1832812500E+001    0.2409375000E+001
 0.4444444    0.1421875000E+001    0.2400000000E+001
 0.4545455    0.1215625000E+001    0.2406250000E+001
 0.4646465    0.9703125000E+000    0.2428125000E+001
 0.4747475    0.7953125000E+000    0.2343750000E+001
 0.4848485    0.5703125000E+000    0.2317187500E+001
 0.4949495    0.3234375000E+000    0.2256250000E+001
 0.5050505    0.2578125000E+000    0.2434375000E+001
 0.5151515    0.1812500000E+000    0.2350000000E+001
 0.5252525    0.1656250000E+000    0.2240625000E+001
 0.5353535    0.1968750000E+000    0.2356250000E+001
 0.5454545    0.1406250000E+000    0.2371875000E+001
 0.5555556    0.1781250000E+000    0.2370312500E+001
 0.5656566    0.2656250000E+000    0.2254687500E+001
 0.5757576    0.2546875000E+000    0.2337500000E+001
 0.5858586    0.1984375000E+000    0.2229687500E+001
 0.5959596    0.2328125000E+000    0.2332812500E+001
 0.6060606    0.2421875000E+000    0.2351562500E+001
 0.6161616    0.1375000000E+000    0.2368750000E+001
 0.6262626    0.1640625000E+000    0.2364062500E+001
 0.6363636    0.1406250000E+000    0.2364062500E+001
 0.6464646    0.2484375000E+000    0.2337500000E+001
 0.6565657    0.3109375000E+000    0.2348437500E+001
 0.6666667    0.3125000000E+000    0.2342187500E+001
 0.6767677    0.2281250000E+000    0.2426562500E+001
 0.6868687    0.2671875000E+000    0.2390625000E+001
 0.6969697    0.1203125000E+000    0.2325000000E+001
 0.7070707    0.2000000000E+000    0.2353125000E+001
 0.7171717    0.1593750000E+000    0.2342187500E+001
 0.7272727    0.2046875000E+000    0.2350000000E+001
 0.7373737    0.1500000000E+000    0.2340625000E+001
 0.7474747    0.3156250000E+000    0.2439062500E+001
 0.7575758    0.2390625000E+000    0.2392187500E+001
 0.7676768    0.2828125000E+000    0.2423437500E+001
 0.7777778    0.1890625000E+000    0.2331250000E+001
 0.7878788    0.1968750000E+000    0.2357812500E+001
 0.7979798    0.2140625000E+000    0.2370312500E+001
 0.8080808    0.1875000000E+000    0.2346875000E+001
 0.8181818    0.1359375000E+000    0.2337500000E+001
 0.8282828    0.1796875000E+000    0.2382812500E+001
 0.8383838    0.1781250000E+000    0.2342187500E+001
 0.8484848    0.1265625000E+000    0.2317187500E+001
 0.8585859    0.1468750000E+000    0.2392187500E+001
 0.8686869    0.1375000000E+000    0.2390625000E+001
 0.8787879    0.1671875000E+000    0.2384375000E+001
 0.8888889    0.2031250000E+000    0.2456250000E+001
 0.8989899    0.8281250000E-001    0.2234375000E+001
 0.9090909    0.9687500000E-001    0.2343750000E+001
 0.9191919    0.1250000000E+000    0.2359375000E+001
 0.9292929    0.1718750000E+000    0.2401562500E+001
 0.9393939    0.5937500000E-001    0.2284375000E+001
 0.9494949    0.4687500000E-001    0.2260937500E+001
 0.9595960    0.0000000000E+000    0.2245312500E+001
 0.9696970    0.2046875000E+000    0.2378125000E+001
 0.9797980    0.1234375000E+000    0.2331250000E+001
 0.9898990    0.1796875000E+000    0.2443750000E+001
 1.0000000    0.1390625000E+000    0.2412500000E+001


# Weightfunction after cycle      55524
 0.0000000    0.5806250000E+001    0.4068750000E+001
 0.0101010    0.5779296875E+001    0.4045312500E+001
 0.0202020    0.5859375000E+001    0.4105468750E+001
 0.0303030    0.5877734375E+001    0.4046875000E+001
 0.0404040    0.6026953125E+001    0.4073437500E+001
 0.0505051    0.6150000000E+001    0.4094921875E+001
 0.0606061    0.6235937500E+001    0.4036718750E+001
 0.0707071    0.6392187500E+001    0.4074218750E+001
 0.0808081    0.6517187500E+001    0.4044531250E+001
 0.0909091    0.6711718750E+001    0.4083984375E+001
 0.1010101    0.6862500000E+001    0.4051953125E+001
 0.1111111    0.6945703125E+001    0.4030078125E+001
 0.1212121    0.6946875000E+001    0.3997265625E+001
 0.1313131    0.7038671875E+001    0.4094921875E+001
 0.1414141    0.6966796875E+001    0.4033203125E+001
 0.1515152    0.6945703125E+001    0.4020312500E+001
 0.1616162    0.6965625000E+001    0.4063281250E+001
 0.1717172    0.6834765625E+001    0.4073437500E+001
 0.1818182    0.6731250000E+001    0.4021093750E+001
 0.1919192    0.6573437500E+001    0.4006250000E+001
 0.2020202    0.6558984375E+001    0.4040234375E+001
 0.2121212    0.6346093750E+001    0.4059375000E+001
 0.2222222    0.6214453125E+001    0.4079296875E+001
 0.2323232    0.6025390625E+001    0.4047265625E+001
 0.2424242    0.5873828125E+001    0.3999218750E+001
 0.2525253    0.5714453125E+001    0.4023828125E+001
 0.2626263    0.5478125000E+001    0.4031250000E+001
 0.2727273    0.5359765625E+001    0.4010546875E+001
 0.2828283    0.5087109375E+001    0.4028515625E+001
 0.2929293    0.4918750000E+001    0.4063281250E+001
 0.3030303    0.4688671875E+001    0.4016406250E+001
 0.3131313    0.4424609375E+001    0.3996875000E+001
 0.3232323    0.4256250000E+001    0.3983984375E+001
 0.3333333    0.4048828125E+001    0.4019531250E+001
 0.3434343    0.3793359375E+001    0.4019531250E+001
 0.3535354    0.3600000000E+001    0.4030859375E+001
 0.3636364    0.3285156250E+001    0.4019921875E+001
 0.3737374    0.3159765625E+001    0.4009375000E+001
 0.3838384    0.2903515625E+001    0.4013671875E+001
 0.3939394    0.2642187500E+001    0.4000781250E+001
 0.4040404    0.2416796875E+001    0.3983203125E+001
 0.4141414    0.2224609375E+001    0.3989843750E+001
 0.4242424    0.2022656250E+001    0.3953906250E+001
 0.4343434    0.1735937500E+001    0.4016796875E+001
 0.4444444    0.1527343750E+001    0.3989453125E+001
 0.4545455    0.1225000000E+001    0.3998437500E+001
 0.4646465    0.1034375000E+001    0.3996093750E+001
 0.4747475    0.7824218750E+000    0.3983593750E+001
 0.4848485    0.5527343750E+000    0.3964453125E+001
 0.4949495    0.2875000000E+000    0.3990234375E+001
 0.5050505    0.1796875000E+000    0.4023046875E+001
 0.5151515    0.1679687500E+000    0.3983984375E+001
 0.5252525    0.1812500000E+000    0.3961328125E+001
 0.5353535    0.1968750000E+000    0.4005859375E+001
 0.5454545    0.2191406250E+000    0.3998828125E+001
 0.5555556    0.2273437500E+000    0.3929296875E+001
 0.5656566    0.2339843750E+000    0.4011328125E+001
 0.5757576    0.1957031250E+000    0.3998046875E+001
 0.5858586    0.1566406250E+000    0.4016406250E+001
 0.5959596    0.1847656250E+000    0.3963281250E+001
 0.6060606    0.1500000000E+000    0.3930078125E+001
 0.6161616    0.2082031250E+000    0.4000000000E+001
 0.6262626    0.2191406250E+000    0.4039453125E+001
 0.6363636    0.1378906250E+000    0.3992578125E+001
 0.6464646    0.1765625000E+000    0.3977343750E+001
 0.6565657    0.1656250000E+000    0.3992187500E+001
 0.6666667    0.1410156250E+000    0.3971875000E+001
 0.6767677    0.1976562500E+000    0.3973437500E+001
 0.6868687    0.1535156250E+000    0.3967578125E+001
 0.6969697    0.1437500000E+000    0.3948046875E+001
 0.7070707    0.1500000000E+000    0.4001953125E+001
 0.7171717    0.1699218750E+000    0.3994921875E+001
 0.7272727    0.1753906250E+000    0.3992578125E+001
 0.7373737    0.1375000000E+000    0.3962890625E+001
 0.7474747    0.1113281250E+000    0.3950390625E+001
 0.7575758    0.1105468750E+000    0.3975390625E+001
 0.7676768    0.1644531250E+000    0.3992968750E+001
 0.7777778    0.1445312500E+000    0.3983984375E+001
 0.7878788    0.1500000000E+000    0.3992968750E+001
 0.7979798    0.8554687500E-001    0.3950000000E+001
 0.8080808    0.1152343750E+000    0.3947265625E+001
 0.8181818    0.1265625000E+000    0.4014453125E+001
 0.8282828    0.9062500000E-001    0.3973046875E+001
 0.8383838    0.8359375000E-001    0.3955078125E+001
 0.8484848    0.9179687500E-001    0.3974609375E+001
 0.8585859    0.1199218750E+000    0.3997265625E+001
 0.8686869    0.8007812500E-001    0.3994531250E+001
 0.8787879    0.1093750000E+000    0.3984375000E+001
 0.8888889    0.8046875000E-001    0.3952734375E+001
 0.8989899    0.9296875000E-001    0.3987890625E+001
 0.9090909    0.1914062500E-001    0.3941796875E+001
 0.9191919    0.6835937500E-001    0.3975781250E+001
 0.9292929    0.6054687500E-001    0.3983593750E+001
 0.9393939    0.7851562500E-001    0.4021875000E+001
 0.9494949    0.4101562500E-001    0.3943359375E+001
 0.9595960    0.9765625000E-002    0.3919921875E+001
 0.9696970    0.4257812500E-001    0.4020312500E+001
 0.9797980    0.0000000000E+000    0.3932421875E+001
 0.9898990    0.1132812500E-001    0.3982421875E+001
 1.0000000    0.1679687500E-001    0.3952343750E+001


# Weightfunction after cycle      91709
 0.0000000    0.5512304687E+001    0.3775976562E+001
 0.0101010    0.5543847656E+001    0.3791992187E+001
 0.0202020    0.5527636719E+001    0.3742089844E+001
 0.0303030    0.5613183594E+001    0.3772460937E+001
 0.0404040    0.5711816406E+001    0.3774804687E+001
 0.0505051    0.5816503906E+001    0.3748046875E+001
 0.0606061    0.5949121094E+001    0.3745605469E+001
 0.0707071    0.6111230469E+001    0.3757324219E+001
 0.0808081    0.6266992187E+001    0.3759375000E+001
 0.0909091    0.6415917969E+001    0.3780761719E+001
 0.1010101    0.6571777344E+001    0.3756640625E+001
 0.1111111    0.6659960937E+001    0.3744726562E+001
 0.1212121    0.6742382812E+001    0.3748242187E+001
 0.1313131    0.6802050781E+001    0.3768164062E+001
 0.1414141    0.6758984375E+001    0.3732519531E+001
 0.1515152    0.6735937500E+001    0.3765234375E+001
 0.1616162    0.6707324219E+001    0.3754296875E+001
 0.1717172    0.6626074219E+001    0.3748828125E+001
 0.1818182    0.6537402344E+001    0.3752246094E+001
 0.1919192    0.6450781250E+001    0.3767382812E+001
 0.2020202    0.6277343750E+001    0.3736425781E+001
 0.2121212    0.6155175781E+001    0.3750683594E+001
 0.2222222    0.6007226562E+001    0.3760937500E+001
 0.2323232    0.5886914062E+001    0.3724121094E+001
 0.2424242    0.5744042969E+001    0.3769140625E+001
 0.2525253    0.5558789062E+001    0.3730566406E+001
 0.2626263    0.5388281250E+001    0.3726367187E+001
 0.2727273    0.5194238281E+001    0.3751464844E+001
 0.2828283    0.5019921875E+001    0.3747851562E+001
 0.2929293    0.4850390625E+001    0.3755957031E+001
 0.3030303    0.4607910156E+001    0.3721484375E+001
 0.3131313    0.4391992187E+001    0.3724707031E+001
 0.3232323    0.4173828125E+001    0.3711328125E+001
 0.3333333    0.3968457031E+001    0.3730468750E+001
 0.3434343    0.3767871094E+001    0.3702929687E+001
 0.3535354    0.3534765625E+001    0.3732324219E+001
 0.3636364    0.3317773437E+001    0.3726269531E+001
 0.3737374    0.3133886719E+001    0.3699316406E+001
 0.3838384    0.2877539062E+001    0.3714257812E+001
 0.3939394    0.2646582031E+001    0.3699218750E+001
 0.4040404    0.2432128906E+001    0.3722656250E+001
 0.4141414    0.2196875000E+001    0.3723339844E+001
 0.4242424    0.1947753906E+001    0.3706152344E+001
 0.4343434    0.1749023437E+001    0.3730566406E+001
 0.4444444    0.1507617187E+001    0.3722363281E+001
 0.4545455    0.1236523437E+001    0.3680468750E+001
 0.4646465    0.1009375000E+001    0.3708593750E+001
 0.4747475    0.7627929687E+000    0.3716992187E+001
 0.4848485    0.5105468750E+000    0.3702636719E+001
 0.4949495    0.2692382812E+000    0.3709375000E+001
 0.5050505    0.1752929687E+000    0.3714746094E+001
 0.5151515    0.1564453125E+000    0.3691503906E+001
 0.5252525    0.1602539062E+000    0.3702148437E+001
 0.5353535    0.1523437500E+000    0.3696972656E+001
 0.5454545    0.1957031250E+000    0.3723828125E+001
 0.5555556    0.1788085937E+000    0.3695214844E+001
 0.5656566    0.1683593750E+000    0.3700292969E+001
 0.5757576    0.1552734375E+000    0.3720117187E+001
 0.5858586    0.1521484375E+000    0.3702832031E+001
 0.5959596    0.1607421875E+000    0.3700976562E+001
 0.6060606    0.1485351562E+000    0.3680468750E+001
 0.6161616    0.1653320312E+000    0.3708984375E+001
 0.6262626    0.1418945312E+000    0.3729687500E+001
 0.6363636    0.1471679687E+000    0.3697265625E+001
 0.6464646    0.1253906250E+000    0.3706835937E+001
 0.6565657    0.1471679687E+000    0.3710546875E+001
 0.6666667    0.1434570312E+000    0.3700781250E+001
 0.6767677    0.1291015625E+000    0.3700195312E+001
 0.6868687    0.1522460937E+000    0.3715039062E+001
 0.6969697    0.1520507812E+000    0.3704687500E+001
 0.7070707    0.1215820312E+000    0.3698144531E+001
 0.7171717    0.1372070312E+000    0.3711035156E+001
 0.7272727    0.1191406250E+000    0.3704003906E+001
 0.7373737    0.1317382812E+000    0.3716503906E+001
 0.7474747    0.1194335937E+000    0.3705761719E+001
 0.7575758    0.1038085937E+000    0.3706347656E+001
 0.7676768    0.1188476562E+000    0.3703515625E+001
 0.7777778    0.1089843750E+000    0.3697558594E+001
 0.7878788    0.1004882812E+000    0.3695605469E+001
 0.7979798    0.8437500000E-001    0.3703906250E+001
 0.8080808    0.7714843750E-001    0.3678417969E+001
 0.8181818    0.9218750000E-001    0.3697656250E+001
 0.8282828    0.6455078125E-001    0.3687792969E+001
 0.8383838    0.7675781250E-001    0.3711523437E+001
 0.8484848    0.9033203125E-001    0.3723437500E+001
 0.8585859    0.9687500000E-001    0.3728906250E+001
 0.8686869    0.7265625000E-001    0.3712207031E+001
 0.8787879    0.6777343750E-001    0.3729101562E+001
 0.8888889    0.5205078125E-001    0.3697753906E+001
 0.8989899    0.7851562500E-001    0.3726855469E+001
 0.9090909    0.5253906250E-001    0.3711132812E+001
 0.9191919    0.4941406250E-001    0.3721386719E+001
 0.9292929    0.1171875000E-001    0.3686718750E+001
 0.9393939    0.4501953125E-001    0.3710351562E+001
 0.9494949    0.4082031250E-001    0.3709960937E+001
 0.9595960    0.0000000000E+000    0.3697851562E+001
 0.9696970    0.2900390625E-001    0.3708984375E+001
 0.9797980    0.2646484375E-001    0.3725976562E+001
 0.9898990    0.3378906250E-001    0.3739941406E+001
 1.0000000    0.2333984375E-001    0.3720312500E+001


