# Cycle, (volume(Ib), Ib=1,N_Box)
       100   0.2357366476E+005   0.1284263352E+006
       200   0.2201609702E+005   0.1299839030E+006
       300   0.2156469680E+005   0.1304353032E+006
       400   0.2093524861E+005   0.1310647514E+006
       500   0.2036601519E+005   0.1316339848E+006
       600   0.2059979262E+005   0.1314002074E+006
       700   0.2000763481E+005   0.1319923652E+006
       800   0.1977027490E+005   0.1322297251E+006
       900   0.2015401328E+005   0.1318459867E+006
      1000   0.2005461219E+005   0.1319453878E+006
      1100   0.1994826201E+005   0.1320517380E+006
      1200   0.1977725346E+005   0.1322227465E+006
      1300   0.1994395136E+005   0.1320560486E+006
      1400   0.1965875515E+005   0.1323412449E+006
      1500   0.1975239371E+005   0.1322476063E+006
      1600   0.2008359231E+005   0.1319164077E+006
      1700   0.2012841554E+005   0.1318715845E+006
      1800   0.2003672548E+005   0.1319632745E+006
      1900   0.1977392337E+005   0.1322260766E+006
      2000   0.2008205047E+005   0.1319179495E+006
      2100   0.1999519635E+005   0.1320048037E+006
      2200   0.2010941781E+005   0.1318905822E+006
      2300   0.1988241030E+005   0.1321175897E+006
      2400   0.1986818666E+005   0.1321318133E+006
      2500   0.1984918661E+005   0.1321508134E+006
      2600   0.1991667770E+005   0.1320833223E+006
      2700   0.1973441157E+005   0.1322655884E+006
      2800   0.1968248797E+005   0.1323175120E+006
      2900   0.1992264685E+005   0.1320773532E+006
      3000   0.1984525323E+005   0.1321547468E+006
      3100   0.1977724812E+005   0.1322227519E+006
      3200   0.1976780290E+005   0.1322321971E+006
      3300   0.1972783540E+005   0.1322721646E+006
      3400   0.1961558446E+005   0.1323844155E+006
      3500   0.1975850464E+005   0.1322414954E+006
      3600   0.1968111102E+005   0.1323188890E+006
      3700   0.1972258418E+005   0.1322774158E+006
      3800   0.1976968523E+005   0.1322303148E+006
      3900   0.1950189717E+005   0.1324981028E+006
      4000   0.1982990793E+005   0.1321700921E+006
      4100   0.1972738387E+005   0.1322726161E+006
      4200   0.1984470483E+005   0.1321552952E+006
      4300   0.1999927509E+005   0.1320007249E+006
      4400   0.1958506715E+005   0.1324149328E+006
      4500   0.2003731287E+005   0.1319626871E+006
      4600   0.1995164764E+005   0.1320483524E+006
      4700   0.1987311219E+005   0.1321268878E+006
      4800   0.2010281299E+005   0.1318971870E+006
      4900   0.1968370837E+005   0.1323162916E+006
      5000   0.1952772062E+005   0.1324722794E+006
      5100   0.1991467153E+005   0.1320853285E+006
      5200   0.1999068387E+005   0.1320093161E+006
      5300   0.2003309352E+005   0.1319669065E+006
      5400   0.1992466622E+005   0.1320753338E+006
      5500   0.2021137603E+005   0.1317886240E+006
      5600   0.1988638113E+005   0.1321136189E+006
      5700   0.2001409831E+005   0.1319859017E+006
      5800   0.2016970840E+005   0.1318302916E+006
      5900   0.2003149297E+005   0.1319685070E+006
      6000   0.1969821230E+005   0.1323017877E+006
      6100   0.1943857334E+005   0.1325614267E+006
      6200   0.1954616032E+005   0.1324538397E+006
      6300   0.1986905735E+005   0.1321309426E+006
      6400   0.2002851915E+005   0.1319714809E+006
      6500   0.1980656161E+005   0.1321934384E+006
      6600   0.1973979600E+005   0.1322602040E+006
      6700   0.1986460010E+005   0.1321353999E+006
      6800   0.2020998931E+005   0.1317900107E+006
      6900   0.2025762441E+005   0.1317423756E+006
      7000   0.1985341230E+005   0.1321465877E+006
      7100   0.1992325832E+005   0.1320767417E+006
      7200   0.1993949267E+005   0.1320605073E+006
      7300   0.1957599527E+005   0.1324240047E+006
      7400   0.1987074099E+005   0.1321292590E+006
      7500   0.2011521377E+005   0.1318847862E+006
      7600   0.1957888762E+005   0.1324211124E+006
      7700   0.2001514128E+005   0.1319848587E+006
      7800   0.2054068387E+005   0.1314593161E+006
      7900   0.2005520233E+005   0.1319447977E+006
      8000   0.2021187806E+005   0.1317881219E+006
      8100   0.2009085120E+005   0.1319091488E+006
      8200   0.1979694725E+005   0.1322030527E+006
      8300   0.1984075840E+005   0.1321592416E+006
      8400   0.2019440718E+005   0.1318055928E+006
      8500   0.1998055385E+005   0.1320194461E+006
      8600   0.2027069511E+005   0.1317293049E+006
      8700   0.2006951794E+005   0.1319304821E+006
      8800   0.2019490702E+005   0.1318050930E+006
      8900   0.2037301408E+005   0.1316269859E+006
      9000   0.2042038434E+005   0.1315796157E+006
      9100   0.2014306659E+005   0.1318569334E+006
      9200   0.2030360261E+005   0.1316963974E+006
      9300   0.2009532237E+005   0.1319046776E+006
      9400   0.2047718924E+005   0.1315228108E+006
      9500   0.2008797637E+005   0.1319120236E+006
      9600   0.1993814893E+005   0.1320618511E+006
      9700   0.2032382706E+005   0.1316761729E+006
      9800   0.2007540899E+005   0.1319245910E+006
      9900   0.1986395754E+005   0.1321360425E+006
     10000   0.1999130832E+005   0.1320086917E+006
     10100   0.2010101160E+005   0.1318989884E+006
     10200   0.2028753744E+005   0.1317124626E+006
     10300   0.2020594046E+005   0.1317940595E+006
     10400   0.1986199219E+005   0.1321380078E+006
     10500   0.2022753708E+005   0.1317724629E+006
     10600   0.2025661778E+005   0.1317433822E+006
     10700   0.2030891087E+005   0.1316910891E+006
     10800   0.2005326331E+005   0.1319467367E+006
     10900   0.2034286452E+005   0.1316571355E+006
     11000   0.2026044673E+005   0.1317395533E+006
     11100   0.2046198585E+005   0.1315380142E+006
     11200   0.2063858818E+005   0.1313614118E+006
     11300   0.2058258237E+005   0.1314174176E+006
     11400   0.2005321005E+005   0.1319467899E+006
     11500   0.2021221878E+005   0.1317877812E+006
     11600   0.2001943882E+005   0.1319805612E+006
     11700   0.1997058103E+005   0.1320294190E+006
     11800   0.2044060654E+005   0.1315593935E+006
     11900   0.2016938297E+005   0.1318306170E+006
     12000   0.2019399776E+005   0.1318060022E+006
     12100   0.2005670969E+005   0.1319432903E+006
     12200   0.2018590830E+005   0.1318140917E+006
     12300   0.2047592104E+005   0.1315240790E+006
     12400   0.2004057379E+005   0.1319594262E+006
     12500   0.2058672497E+005   0.1314132750E+006
     12600   0.2051242746E+005   0.1314875725E+006
     12700   0.2053771519E+005   0.1314622848E+006
     12800   0.2019560588E+005   0.1318043941E+006
     12900   0.2017634901E+005   0.1318236510E+006
     13000   0.2024105256E+005   0.1317589474E+006
     13100   0.2054093042E+005   0.1314590696E+006
     13200   0.2015826871E+005   0.1318417313E+006
     13300   0.2026798445E+005   0.1317320156E+006
     13400   0.2044571028E+005   0.1315542897E+006
     13500   0.2060576185E+005   0.1313942382E+006
     13600   0.2070670930E+005   0.1312932907E+006
     13700   0.2069147298E+005   0.1313085270E+006
     13800   0.2040415050E+005   0.1315958495E+006
     13900   0.2086586486E+005   0.1311341351E+006
     14000   0.2076051167E+005   0.1312394883E+006
     14100   0.2057798321E+005   0.1314220168E+006
     14200   0.2054913422E+005   0.1314508658E+006
     14300   0.2072844269E+005   0.1312715573E+006
     14400   0.2068051462E+005   0.1313194854E+006
     14500   0.2065320794E+005   0.1313467921E+006
     14600   0.2069216307E+005   0.1313078369E+006
     14700   0.2054827637E+005   0.1314517236E+006
     14800   0.2043890448E+005   0.1315610955E+006
     14900   0.2039878527E+005   0.1316012147E+006
     15000   0.2046096186E+005   0.1315390381E+006
     15100   0.2024322598E+005   0.1317567740E+006
     15200   0.2046558635E+005   0.1315344137E+006
     15300   0.2047874283E+005   0.1315212572E+006
     15400   0.2054665711E+005   0.1314533429E+006
     15500   0.2081836483E+005   0.1311816352E+006
     15600   0.2051845556E+005   0.1314815444E+006
     15700   0.2082140147E+005   0.1311785985E+006
     15800   0.2065090499E+005   0.1313490950E+006
     15900   0.2054034920E+005   0.1314596508E+006
     16000   0.2105907587E+005   0.1309409241E+006
     16100   0.2059213484E+005   0.1314078652E+006
     16200   0.2090554210E+005   0.1310944579E+006
     16300   0.2098029853E+005   0.1310197015E+006
     16400   0.2083741924E+005   0.1311625808E+006
     16500   0.2082018197E+005   0.1311798180E+006
     16600   0.2076632302E+005   0.1312336770E+006
     16700   0.2057301783E+005   0.1314269822E+006
     16800   0.2067664159E+005   0.1313233584E+006
     16900   0.2084147255E+005   0.1311585274E+006
     17000   0.2121240444E+005   0.1307875956E+006
     17100   0.2099316417E+005   0.1310068358E+006
     17200   0.2076074669E+005   0.1312392533E+006
     17300   0.2088270100E+005   0.1311172990E+006
     17400   0.2075314676E+005   0.1312468532E+006
     17500   0.2069084938E+005   0.1313091506E+006
     17600   0.2070518411E+005   0.1312948159E+006
     17700   0.2112682514E+005   0.1308731749E+006
     17800   0.2086767567E+005   0.1311323243E+006
     17900   0.2086955672E+005   0.1311304433E+006
     18000   0.2057109740E+005   0.1314289026E+006
     18100   0.2103260179E+005   0.1309673982E+006
     18200   0.2094624488E+005   0.1310537551E+006
     18300   0.2116062208E+005   0.1308393779E+006
     18400   0.2109322653E+005   0.1309067735E+006
     18500   0.2098606434E+005   0.1310139357E+006
     18600   0.2094534735E+005   0.1310546527E+006
     18700   0.2103066401E+005   0.1309693360E+006
     18800   0.2092700401E+005   0.1310729960E+006
     18900   0.2085798822E+005   0.1311420118E+006
     19000   0.2097384504E+005   0.1310261550E+006
     19100   0.2070616977E+005   0.1312938302E+006
     19200   0.2142620557E+005   0.1305737944E+006
     19300   0.2077085234E+005   0.1312291477E+006
     19400   0.2101286179E+005   0.1309871382E+006
     19500   0.2114974188E+005   0.1308502581E+006
     19600   0.2087133490E+005   0.1311286651E+006
     19700   0.2124366463E+005   0.1307563354E+006
     19800   0.2140332066E+005   0.1305966793E+006
     19900   0.2121049849E+005   0.1307895015E+006
     20000   0.2088473892E+005   0.1311152611E+006
     20100   0.2075507194E+005   0.1312449281E+006
     20200   0.2082874499E+005   0.1311712550E+006
     20300   0.2106464831E+005   0.1309353517E+006
     20400   0.2114481120E+005   0.1308551888E+006
     20500   0.2086008852E+005   0.1311399115E+006
     20600   0.2057979022E+005   0.1314202098E+006
     20700   0.2112605572E+005   0.1308739443E+006
     20800   0.2086648266E+005   0.1311335173E+006
     20900   0.2142714848E+005   0.1305728515E+006
     21000   0.2131843246E+005   0.1306815675E+006
     21100   0.2100280290E+005   0.1309971971E+006
     21200   0.2112031555E+005   0.1308796845E+006
     21300   0.2123844527E+005   0.1307615547E+006
     21400   0.2137194285E+005   0.1306280572E+006
     21500   0.2156170311E+005   0.1304382969E+006
     21600   0.2133241536E+005   0.1306675846E+006
     21700   0.2113666916E+005   0.1308633308E+006
     21800   0.2146454356E+005   0.1305354564E+006
     21900   0.2119587275E+005   0.1308041273E+006
     22000   0.2101043190E+005   0.1309895681E+006
     22100   0.2113573691E+005   0.1308642631E+006
     22200   0.2107691505E+005   0.1309230850E+006
     22300   0.2137955395E+005   0.1306204461E+006
     22400   0.2152741841E+005   0.1304725816E+006
     22500   0.2177576632E+005   0.1302242337E+006
     22600   0.2151218420E+005   0.1304878158E+006
     22700   0.2154549549E+005   0.1304545045E+006
     22800   0.2134436976E+005   0.1306556302E+006
     22900   0.2153374426E+005   0.1304662557E+006
     23000   0.2147750274E+005   0.1305224973E+006
     23100   0.2137322588E+005   0.1306267741E+006
     23200   0.2174086307E+005   0.1302591369E+006
     23300   0.2160315449E+005   0.1303968455E+006
     23400   0.2140156828E+005   0.1305984317E+006
     23500   0.2175203632E+005   0.1302479637E+006
     23600   0.2198494218E+005   0.1300150578E+006
     23700   0.2141398601E+005   0.1305860140E+006
     23800   0.2171955763E+005   0.1302804424E+006
     23900   0.2145881930E+005   0.1305411807E+006
     24000   0.2146357493E+005   0.1305364251E+006
     24100   0.2172253378E+005   0.1302774662E+006
     24200   0.2148045433E+005   0.1305195457E+006
     24300   0.2173248257E+005   0.1302675174E+006
     24400   0.2154472330E+005   0.1304552767E+006
     24500   0.2145754046E+005   0.1305424595E+006
     24600   0.2132363984E+005   0.1306763602E+006
     24700   0.2166988483E+005   0.1303301152E+006
     24800   0.2148660823E+005   0.1305133918E+006
     24900   0.2158494708E+005   0.1304150529E+006
     25000   0.2109799263E+005   0.1309020074E+006
     25100   0.2141440192E+005   0.1305855981E+006
     25200   0.2145407635E+005   0.1305459237E+006
     25300   0.2143905434E+005   0.1305609457E+006
     25400   0.2179143304E+005   0.1302085670E+006
     25500   0.2156776790E+005   0.1304322321E+006
     25600   0.2173562182E+005   0.1302643782E+006
     25700   0.2112173744E+005   0.1308782626E+006
     25800   0.2115959315E+005   0.1308404068E+006
     25900   0.2125706932E+005   0.1307429307E+006
     26000   0.2095933036E+005   0.1310406696E+006
     26100   0.2100418761E+005   0.1309958124E+006
     26200   0.2083995892E+005   0.1311600411E+006
     26300   0.2167305865E+005   0.1303269414E+006
     26400   0.2147021966E+005   0.1305297803E+006
     26500   0.2140634458E+005   0.1305936554E+006
     26600   0.2082970683E+005   0.1311702932E+006
     26700   0.2135226749E+005   0.1306477325E+006
     26800   0.2104158342E+005   0.1309584166E+006
     26900   0.2148090152E+005   0.1305190985E+006
     27000   0.2132322443E+005   0.1306767756E+006
     27100   0.2143450483E+005   0.1305654952E+006
     27200   0.2142381947E+005   0.1305761805E+006
     27300   0.2134060751E+005   0.1306593925E+006
     27400   0.2184554654E+005   0.1301544535E+006
     27500   0.2164806437E+005   0.1303519356E+006
     27600   0.2163706430E+005   0.1303629357E+006
     27700   0.2163396260E+005   0.1303660374E+006
     27800   0.2110786984E+005   0.1308921302E+006
     27900   0.2144133425E+005   0.1305586657E+006
     28000   0.2179039653E+005   0.1302096035E+006
     28100   0.2171241589E+005   0.1302875841E+006
     28200   0.2187785619E+005   0.1301221438E+006
     28300   0.2132709153E+005   0.1306729085E+006
     28400   0.2135043904E+005   0.1306495610E+006
     28500   0.2147453295E+005   0.1305254671E+006
     28600   0.2131936376E+005   0.1306806362E+006
     28700   0.2120443407E+005   0.1307955659E+006
     28800   0.2114669903E+005   0.1308533010E+006
     28900   0.2123012856E+005   0.1307698714E+006
     29000   0.2113396574E+005   0.1308660343E+006
     29100   0.2098946109E+005   0.1310105389E+006
     29200   0.2140081622E+005   0.1305991838E+006
     29300   0.2095601149E+005   0.1310439885E+006
     29400   0.2136838256E+005   0.1306316174E+006
     29500   0.2116252725E+005   0.1308374727E+006
     29600   0.2103133504E+005   0.1309686650E+006
     29700   0.2109552212E+005   0.1309044779E+006
     29800   0.2118223573E+005   0.1308177643E+006
     29900   0.2116078635E+005   0.1308392137E+006
     30000   0.2141351754E+005   0.1305864825E+006
     30100   0.2132719829E+005   0.1306728017E+006
     30200   0.2120756014E+005   0.1307924399E+006
     30300   0.2147751386E+005   0.1305224861E+006
     30400   0.2116205385E+005   0.1308379461E+006
     30500   0.2136387588E+005   0.1306361241E+006
     30600   0.2121727742E+005   0.1307827226E+006
     30700   0.2117314568E+005   0.1308268543E+006
     30800   0.2135108056E+005   0.1306489194E+006
     30900   0.2165534685E+005   0.1303446531E+006
     31000   0.2182056237E+005   0.1301794376E+006
     31100   0.2154960795E+005   0.1304503921E+006
     31200   0.2174470340E+005   0.1302552966E+006
     31300   0.2166538531E+005   0.1303346147E+006
     31400   0.2141424037E+005   0.1305857596E+006
     31500   0.2125773856E+005   0.1307422614E+006
     31600   0.2149022060E+005   0.1305097794E+006
     31700   0.2133293761E+005   0.1306670624E+006
     31800   0.2215984138E+005   0.1298401586E+006
     31900   0.2179326990E+005   0.1302067301E+006
     32000   0.2167740741E+005   0.1303225926E+006
     32100   0.2123318657E+005   0.1307668134E+006
     32200   0.2139008096E+005   0.1306099190E+006
     32300   0.2147561936E+005   0.1305243806E+006
     32400   0.2147571585E+005   0.1305242841E+006
     32500   0.2127686437E+005   0.1307231356E+006
     32600   0.2145439109E+005   0.1305456089E+006
     32700   0.2164218311E+005   0.1303578169E+006
     32800   0.2147116569E+005   0.1305288343E+006
     32900   0.2147939895E+005   0.1305206010E+006
     33000   0.2178601379E+005   0.1302139862E+006
     33100   0.2153748836E+005   0.1304625116E+006
     33200   0.2156708224E+005   0.1304329178E+006
     33300   0.2167039584E+005   0.1303296042E+006
     33400   0.2158026052E+005   0.1304197395E+006
     33500   0.2164268099E+005   0.1303573190E+006
     33600   0.2154554816E+005   0.1304544518E+006
     33700   0.2147721368E+005   0.1305227863E+006
     33800   0.2143495839E+005   0.1305650416E+006
     33900   0.2167672656E+005   0.1303232734E+006
     34000   0.2139263727E+005   0.1306073627E+006
     34100   0.2151856289E+005   0.1304814371E+006
     34200   0.2132905231E+005   0.1306709477E+006
     34300   0.2220212715E+005   0.1297978728E+006
     34400   0.2172185933E+005   0.1302781407E+006
     34500   0.2173926641E+005   0.1302607336E+006
     34600   0.2176933252E+005   0.1302306675E+006
     34700   0.2136189233E+005   0.1306381077E+006
     34800   0.2152204235E+005   0.1304779576E+006
     34900   0.2154397725E+005   0.1304560227E+006
     35000   0.2205210177E+005   0.1299478982E+006
     35100   0.2186524892E+005   0.1301347511E+006
     35200   0.2153177475E+005   0.1304682253E+006
     35300   0.2201743095E+005   0.1299825691E+006
     35400   0.2179096624E+005   0.1302090338E+006
     35500   0.2180156337E+005   0.1301984366E+006
     35600   0.2187338841E+005   0.1301266116E+006
     35700   0.2192543111E+005   0.1300745689E+006
     35800   0.2184822815E+005   0.1301517718E+006
     35900   0.2178830266E+005   0.1302116973E+006
     36000   0.2201151375E+005   0.1299884862E+006
     36100   0.2189026341E+005   0.1301097366E+006
     36200   0.2165128960E+005   0.1303487104E+006
     36300   0.2213354915E+005   0.1298664508E+006
     36400   0.2214039028E+005   0.1298596097E+006
     36500   0.2190631036E+005   0.1300936896E+006
     36600   0.2179221925E+005   0.1302077808E+006
     36700   0.2179140085E+005   0.1302085991E+006
     36800   0.2175053796E+005   0.1302494620E+006
     36900   0.2199080911E+005   0.1300091909E+006
     37000   0.2208924796E+005   0.1299107520E+006
     37100   0.2166680807E+005   0.1303331919E+006
     37200   0.2175514649E+005   0.1302448535E+006
     37300   0.2171544060E+005   0.1302845594E+006
     37400   0.2190134181E+005   0.1300986582E+006
     37500   0.2181019749E+005   0.1301898025E+006
     37600   0.2171017215E+005   0.1302898278E+006
     37700   0.2180226194E+005   0.1301977381E+006
     37800   0.2183681654E+005   0.1301631835E+006
     37900   0.2178206044E+005   0.1302179396E+006
     38000   0.2220891401E+005   0.1297910860E+006
     38100   0.2218902751E+005   0.1298109725E+006
     38200   0.2178861212E+005   0.1302113879E+006
     38300   0.2221601770E+005   0.1297839823E+006
     38400   0.2235295375E+005   0.1296470463E+006
     38500   0.2191566189E+005   0.1300843381E+006
     38600   0.2188306069E+005   0.1301169393E+006
     38700   0.2221309271E+005   0.1297869073E+006
     38800   0.2189698630E+005   0.1301030137E+006
     38900   0.2192255389E+005   0.1300774461E+006
     39000   0.2181429922E+005   0.1301857008E+006
     39100   0.2195842474E+005   0.1300415753E+006
     39200   0.2204776102E+005   0.1299522390E+006
     39300   0.2217167619E+005   0.1298283238E+006
     39400   0.2235554061E+005   0.1296444594E+006
     39500   0.2209691331E+005   0.1299030867E+006
     39600   0.2211317069E+005   0.1298868293E+006
     39700   0.2204351740E+005   0.1299564826E+006
     39800   0.2257403632E+005   0.1294259637E+006
     39900   0.2221922710E+005   0.1297807729E+006
     40000   0.2196117241E+005   0.1300388276E+006
     40100   0.2183507057E+005   0.1301649294E+006
     40200   0.2198663452E+005   0.1300133655E+006
     40300   0.2220720124E+005   0.1297927988E+006
     40400   0.2183772134E+005   0.1301622787E+006
     40500   0.2206409596E+005   0.1299359040E+006
     40600   0.2216630211E+005   0.1298336979E+006
     40700   0.2235047321E+005   0.1296495268E+006
     40800   0.2218254445E+005   0.1298174555E+006
     40900   0.2203872130E+005   0.1299612787E+006
     41000   0.2235518018E+005   0.1296448198E+006
     41100   0.2229805007E+005   0.1297019499E+006
     41200   0.2234343016E+005   0.1296565698E+006
     41300   0.2228009292E+005   0.1297199071E+006
     41400   0.2172593638E+005   0.1302740636E+006
     41500   0.2198276499E+005   0.1300172350E+006
     41600   0.2188705802E+005   0.1301129420E+006
     41700   0.2167170144E+005   0.1303282986E+006
     41800   0.2202630803E+005   0.1299736920E+006
     41900   0.2186708105E+005   0.1301329190E+006
     42000   0.2197184102E+005   0.1300281590E+006
     42100   0.2202560749E+005   0.1299743925E+006
     42200   0.2191892009E+005   0.1300810799E+006
     42300   0.2212622758E+005   0.1298737724E+006
     42400   0.2184749610E+005   0.1301525039E+006
     42500   0.2176361560E+005   0.1302363844E+006
     42600   0.2165881955E+005   0.1303411804E+006
     42700   0.2169848221E+005   0.1303015178E+006
     42800   0.2179411364E+005   0.1302058864E+006
     42900   0.2179388756E+005   0.1302061124E+006
     43000   0.2246059338E+005   0.1295394066E+006
     43100   0.2183808851E+005   0.1301619115E+006
     43200   0.2194759881E+005   0.1300524012E+006
     43300   0.2185471500E+005   0.1301452850E+006
     43400   0.2200503616E+005   0.1299949638E+006
     43500   0.2203329405E+005   0.1299667060E+006
     43600   0.2152779636E+005   0.1304722036E+006
     43700   0.2153511272E+005   0.1304648873E+006
     43800   0.2193148731E+005   0.1300685127E+006
     43900   0.2202349089E+005   0.1299765091E+006
     44000   0.2194503307E+005   0.1300549669E+006
     44100   0.2194482367E+005   0.1300551763E+006
     44200   0.2205773285E+005   0.1299422671E+006
     44300   0.2194457407E+005   0.1300554259E+006
     44400   0.2237509147E+005   0.1296249085E+006
     44500   0.2217873483E+005   0.1298212652E+006
     44600   0.2194464443E+005   0.1300553556E+006
     44700   0.2179217470E+005   0.1302078253E+006
     44800   0.2176319962E+005   0.1302368004E+006
     44900   0.2198158740E+005   0.1300184126E+006
     45000   0.2181312387E+005   0.1301868761E+006
     45100   0.2174481339E+005   0.1302551866E+006
     45200   0.2181956838E+005   0.1301804316E+006
     45300   0.2204351175E+005   0.1299564883E+006
     45400   0.2202233666E+005   0.1299776633E+006
     45500   0.2209606608E+005   0.1299039339E+006
     45600   0.2195440073E+005   0.1300455993E+006
     45700   0.2189297700E+005   0.1301070230E+006
     45800   0.2164982953E+005   0.1303501705E+006
     45900   0.2174815737E+005   0.1302518426E+006
     46000   0.2185678014E+005   0.1301432199E+006
     46100   0.2203515420E+005   0.1299648458E+006
     46200   0.2186390170E+005   0.1301360983E+006
     46300   0.2228996457E+005   0.1297100354E+006
     46400   0.2223692231E+005   0.1297630777E+006
     46500   0.2190625215E+005   0.1300937478E+006
     46600   0.2171863121E+005   0.1302813688E+006
     46700   0.2218988213E+005   0.1298101179E+006
     46800   0.2197582176E+005   0.1300241782E+006
     46900   0.2207848461E+005   0.1299215154E+006
     47000   0.2226848750E+005   0.1297315125E+006
     47100   0.2232879341E+005   0.1296712066E+006
     47200   0.2222257794E+005   0.1297774221E+006
     47300   0.2177004138E+005   0.1302299586E+006
     47400   0.2180058060E+005   0.1301994194E+006
     47500   0.2179625174E+005   0.1302037483E+006
     47600   0.2200026919E+005   0.1299997308E+006
     47700   0.2199593669E+005   0.1300040633E+006
     47800   0.2220077918E+005   0.1297992208E+006
     47900   0.2196845651E+005   0.1300315435E+006
     48000   0.2236548011E+005   0.1296345199E+006
     48100   0.2220561691E+005   0.1297943831E+006
     48200   0.2195463843E+005   0.1300453616E+006
     48300   0.2245119268E+005   0.1295488073E+006
     48400   0.2222544404E+005   0.1297745560E+006
     48500   0.2199802965E+005   0.1300019703E+006
     48600   0.2235146197E+005   0.1296485380E+006
     48700   0.2215215784E+005   0.1298478422E+006
     48800   0.2203322823E+005   0.1299667718E+006
     48900   0.2235447303E+005   0.1296455270E+006
     49000   0.2239908736E+005   0.1296009126E+006
     49100   0.2214258701E+005   0.1298574130E+006
     49200   0.2225501427E+005   0.1297449857E+006
     49300   0.2200053351E+005   0.1299994665E+006
     49400   0.2186380747E+005   0.1301361925E+006
     49500   0.2191896142E+005   0.1300810386E+006
     49600   0.2183238251E+005   0.1301676175E+006
     49700   0.2195808184E+005   0.1300419182E+006
     49800   0.2210254884E+005   0.1298974512E+006
     49900   0.2162439870E+005   0.1303756013E+006
     50000   0.2216677070E+005   0.1298332293E+006
     50100   0.2209160999E+005   0.1299083900E+006
     50200   0.2179427510E+005   0.1302057249E+006
     50300   0.2207789088E+005   0.1299221091E+006
     50400   0.2186930670E+005   0.1301306933E+006
     50500   0.2175281448E+005   0.1302471855E+006
     50600   0.2204643245E+005   0.1299535676E+006
     50700   0.2208761765E+005   0.1299123823E+006
     50800   0.2213458609E+005   0.1298654139E+006
     50900   0.2175035797E+005   0.1302496420E+006
     51000   0.2183529108E+005   0.1301647089E+006
     51100   0.2173411409E+005   0.1302658859E+006
     51200   0.2200711959E+005   0.1299928804E+006
     51300   0.2195943275E+005   0.1300405672E+006
     51400   0.2157856075E+005   0.1304214392E+006
     51500   0.2215751584E+005   0.1298424842E+006
     51600   0.2190583631E+005   0.1300941637E+006
     51700   0.2188330619E+005   0.1301166938E+006
     51800   0.2204275904E+005   0.1299572410E+006
     51900   0.2139138842E+005   0.1306086116E+006
     52000   0.2174621122E+005   0.1302537888E+006
     52100   0.2186881875E+005   0.1301311812E+006
     52200   0.2175386182E+005   0.1302461382E+006
     52300   0.2161961612E+005   0.1303803839E+006
     52400   0.2170656933E+005   0.1302934307E+006
     52500   0.2166734118E+005   0.1303326588E+006
     52600   0.2175518658E+005   0.1302448134E+006
     52700   0.2183242050E+005   0.1301675795E+006
     52800   0.2220138900E+005   0.1297986110E+006
     52900   0.2213431386E+005   0.1298656861E+006
     53000   0.2219427264E+005   0.1298057274E+006
     53100   0.2163282240E+005   0.1303671776E+006
     53200   0.2220956302E+005   0.1297904370E+006
     53300   0.2206486825E+005   0.1299351318E+006
     53400   0.2218488945E+005   0.1298151105E+006
     53500   0.2195430049E+005   0.1300456995E+006
     53600   0.2210468802E+005   0.1298953120E+006
     53700   0.2196194595E+005   0.1300380540E+006
     53800   0.2179533403E+005   0.1302046660E+006
     53900   0.2170097513E+005   0.1302990249E+006
     54000   0.2144735472E+005   0.1305526453E+006
     54100   0.2168573193E+005   0.1303142681E+006
     54200   0.2172486743E+005   0.1302751326E+006
     54300   0.2152746104E+005   0.1304725390E+006
     54400   0.2183328235E+005   0.1301667177E+006
     54500   0.2197046298E+005   0.1300295370E+006
     54600   0.2177565591E+005   0.1302243441E+006
     54700   0.2176693586E+005   0.1302330641E+006
     54800   0.2187693708E+005   0.1301230629E+006
     54900   0.2174144020E+005   0.1302585598E+006
     55000   0.2196113131E+005   0.1300388687E+006
     55100   0.2170591291E+005   0.1302940871E+006
     55200   0.2189524045E+005   0.1301047596E+006
     55300   0.2187809392E+005   0.1301219061E+006
     55400   0.2190326245E+005   0.1300967375E+006
     55500   0.2187455232E+005   0.1301254477E+006
     55600   0.2159645552E+005   0.1304035445E+006
     55700   0.2184710193E+005   0.1301528981E+006
     55800   0.2162098700E+005   0.1303790130E+006
     55900   0.2150002466E+005   0.1304999753E+006
     56000   0.2177740966E+005   0.1302225903E+006
     56100   0.2174089802E+005   0.1302591020E+006
     56200   0.2170063982E+005   0.1302993602E+006
     56300   0.2181896295E+005   0.1301810371E+006
     56400   0.2156778418E+005   0.1304322158E+006
     56500   0.2180810007E+005   0.1301918999E+006
     56600   0.2169993845E+005   0.1303000615E+006
     56700   0.2170006729E+005   0.1302999327E+006
     56800   0.2156122012E+005   0.1304387799E+006
     56900   0.2154487929E+005   0.1304551207E+006
     57000   0.2128443440E+005   0.1307155656E+006
     57100   0.2156009153E+005   0.1304399085E+006
     57200   0.2167991874E+005   0.1303200813E+006
     57300   0.2122647485E+005   0.1307735252E+006
     57400   0.2154387840E+005   0.1304561216E+006
     57500   0.2160701062E+005   0.1303929894E+006
     57600   0.2153135163E+005   0.1304686484E+006
     57700   0.2186014057E+005   0.1301398594E+006
     57800   0.2162784476E+005   0.1303721552E+006
     57900   0.2162987621E+005   0.1303701238E+006
     58000   0.2201700176E+005   0.1299829982E+006
     58100   0.2171096147E+005   0.1302890385E+006
     58200   0.2150506611E+005   0.1304949339E+006
     58300   0.2175767090E+005   0.1302423291E+006
     58400   0.2161253153E+005   0.1303874685E+006
     58500   0.2125247900E+005   0.1307475210E+006
     58600   0.2170862916E+005   0.1302913708E+006
     58700   0.2135682153E+005   0.1306431785E+006
     58800   0.2138343704E+005   0.1306165630E+006
     58900   0.2149408107E+005   0.1305059189E+006
     59000   0.2101969456E+005   0.1309803054E+006
     59100   0.2132036262E+005   0.1306796374E+006
     59200   0.2147723790E+005   0.1305227621E+006
     59300   0.2183594518E+005   0.1301640548E+006
     59400   0.2177383403E+005   0.1302261660E+006
     59500   0.2152213670E+005   0.1304778633E+006
     59600   0.2157355400E+005   0.1304264460E+006
     59700   0.2175495194E+005   0.1302450481E+006
     59800   0.2155310732E+005   0.1304468927E+006
     59900   0.2147580513E+005   0.1305241949E+006
     60000   0.2160231699E+005   0.1303976830E+006
     60100   0.2187786406E+005   0.1301221359E+006
     60200   0.2178884172E+005   0.1302111583E+006
     60300   0.2161593688E+005   0.1303840631E+006
     60400   0.2118424350E+005   0.1308157565E+006
     60500   0.2161324436E+005   0.1303867556E+006
     60600   0.2126737269E+005   0.1307326273E+006
     60700   0.2136899161E+005   0.1306310084E+006
     60800   0.2152630042E+005   0.1304736996E+006
     60900   0.2143817702E+005   0.1305618230E+006
     61000   0.2168005948E+005   0.1303199405E+006
     61100   0.2146223290E+005   0.1305377671E+006
     61200   0.2186277774E+005   0.1301372223E+006
     61300   0.2161888567E+005   0.1303811143E+006
     61400   0.2197698191E+005   0.1300230181E+006
     61500   0.2172965556E+005   0.1302703444E+006
     61600   0.2182933455E+005   0.1301706655E+006
     61700   0.2191542308E+005   0.1300845769E+006
     61800   0.2222645331E+005   0.1297735467E+006
     61900   0.2224442428E+005   0.1297555757E+006
     62000   0.2234053102E+005   0.1296594690E+006
     62100   0.2221686971E+005   0.1297831303E+006
     62200   0.2194072645E+005   0.1300592736E+006
     62300   0.2239016776E+005   0.1296098322E+006
     62400   0.2231042978E+005   0.1296895702E+006
     62500   0.2210725771E+005   0.1298927423E+006
     62600   0.2250242105E+005   0.1294975789E+006
     62700   0.2234640245E+005   0.1296535976E+006
     62800   0.2206907028E+005   0.1299309297E+006
     62900   0.2216812476E+005   0.1298318752E+006
     63000   0.2221856045E+005   0.1297814396E+006
     63100   0.2196695592E+005   0.1300330441E+006
     63200   0.2183152705E+005   0.1301684730E+006
     63300   0.2179445956E+005   0.1302055404E+006
     63400   0.2192970778E+005   0.1300702922E+006
     63500   0.2186597504E+005   0.1301340250E+006
     63600   0.2203850119E+005   0.1299614988E+006
     63700   0.2236196242E+005   0.1296380376E+006
     63800   0.2170822388E+005   0.1302917761E+006
     63900   0.2184451101E+005   0.1301554890E+006
     64000   0.2204177133E+005   0.1299582287E+006
     64100   0.2192989801E+005   0.1300701020E+006
     64200   0.2191451804E+005   0.1300854820E+006
     64300   0.2192891484E+005   0.1300710852E+006
     64400   0.2212001586E+005   0.1298799841E+006
     64500   0.2172233556E+005   0.1302776644E+006
     64600   0.2177444384E+005   0.1302255562E+006
     64700   0.2176539887E+005   0.1302346011E+006
     64800   0.2189301991E+005   0.1301069801E+006
     64900   0.2195469981E+005   0.1300453002E+006
     65000   0.2220615920E+005   0.1297938408E+006
     65100   0.2197556254E+005   0.1300244375E+006
     65200   0.2224935302E+005   0.1297506470E+006
     65300   0.2206376686E+005   0.1299362331E+006
     65400   0.2193991310E+005   0.1300600869E+006
     65500   0.2184366534E+005   0.1301563347E+006
     65600   0.2176092362E+005   0.1302390764E+006
     65700   0.2185743298E+005   0.1301425670E+006
     65800   0.2212274321E+005   0.1298772568E+006
     65900   0.2197077437E+005   0.1300292256E+006
     66000   0.2173735054E+005   0.1302626495E+006
     66100   0.2213449769E+005   0.1298655023E+006
     66200   0.2178954396E+005   0.1302104560E+006
     66300   0.2214206598E+005   0.1298579340E+006
     66400   0.2208997158E+005   0.1299100284E+006
     66500   0.2205217969E+005   0.1299478203E+006
     66600   0.2205732903E+005   0.1299426710E+006
     66700   0.2208037791E+005   0.1299196221E+006
     66800   0.2201247064E+005   0.1299875294E+006
     66900   0.2201319835E+005   0.1299868016E+006
     67000   0.2236645553E+005   0.1296335445E+006
     67100   0.2186390491E+005   0.1301360951E+006
     67200   0.2165628149E+005   0.1303437185E+006
     67300   0.2161751716E+005   0.1303824828E+006
     67400   0.2231150230E+005   0.1296884977E+006
     67500   0.2193178858E+005   0.1300682114E+006
     67600   0.2184343319E+005   0.1301565668E+006
     67700   0.2178655504E+005   0.1302134450E+006
     67800   0.2232170048E+005   0.1296782995E+006
     67900   0.2218198807E+005   0.1298180119E+006
     68000   0.2235677814E+005   0.1296432219E+006
     68100   0.2148533478E+005   0.1305146652E+006
     68200   0.2174491871E+005   0.1302550813E+006
     68300   0.2143572047E+005   0.1305642795E+006
     68400   0.2115442942E+005   0.1308455706E+006
     68500   0.2183222416E+005   0.1301677758E+006
     68600   0.2183643458E+005   0.1301635654E+006
     68700   0.2229993786E+005   0.1297000621E+006
     68800   0.2230120132E+005   0.1296987987E+006
     68900   0.2204786654E+005   0.1299521335E+006
     69000   0.2187509906E+005   0.1301249009E+006
     69100   0.2225379293E+005   0.1297462071E+006
     69200   0.2202634393E+005   0.1299736561E+006
     69300   0.2212813001E+005   0.1298718700E+006
     69400   0.2199365109E+005   0.1300063489E+006
     69500   0.2157649493E+005   0.1304235051E+006
     69600   0.2218381565E+005   0.1298161844E+006
     69700   0.2173268677E+005   0.1302673132E+006
     69800   0.2201448920E+005   0.1299855108E+006
     69900   0.2224074361E+005   0.1297592564E+006
     70000   0.2206766891E+005   0.1299323311E+006
     70100   0.2152092034E+005   0.1304790797E+006
     70200   0.2188883823E+005   0.1301111618E+006
     70300   0.2206472131E+005   0.1299352787E+006
     70400   0.2186322322E+005   0.1301367768E+006
     70500   0.2183179603E+005   0.1301682040E+006
     70600   0.2214160448E+005   0.1298583955E+006
     70700   0.2218595806E+005   0.1298140419E+006
     70800   0.2180997360E+005   0.1301900264E+006
     70900   0.2180618847E+005   0.1301938115E+006
     71000   0.2193432564E+005   0.1300656744E+006
     71100   0.2197035597E+005   0.1300296440E+006
     71200   0.2190015069E+005   0.1300998493E+006
     71300   0.2184705031E+005   0.1301529497E+006
     71400   0.2214496297E+005   0.1298550370E+006
     71500   0.2183190827E+005   0.1301680917E+006
     71600   0.2219761558E+005   0.1298023844E+006
     71700   0.2156628824E+005   0.1304337118E+006
     71800   0.2177091503E+005   0.1302290850E+006
     71900   0.2174761309E+005   0.1302523869E+006
     72000   0.2192833634E+005   0.1300716637E+006
     72100   0.2187397526E+005   0.1301260247E+006
     72200   0.2213385241E+005   0.1298661476E+006
     72300   0.2201652196E+005   0.1299834780E+006
     72400   0.2210970523E+005   0.1298902948E+006
     72500   0.2209992113E+005   0.1299000789E+006
     72600   0.2233110754E+005   0.1296688925E+006
     72700   0.2200039490E+005   0.1299996051E+006
     72800   0.2197127538E+005   0.1300287246E+006
     72900   0.2215592924E+005   0.1298440708E+006
     73000   0.2204326339E+005   0.1299567366E+006
     73100   0.2206668823E+005   0.1299333118E+006
     73200   0.2209988365E+005   0.1299001164E+006
     73300   0.2217864998E+005   0.1298213500E+006
     73400   0.2238953879E+005   0.1296104612E+006
     73500   0.2207242999E+005   0.1299275700E+006
     73600   0.2244289329E+005   0.1295571067E+006
     73700   0.2223545084E+005   0.1297645492E+006
     73800   0.2215364577E+005   0.1298463542E+006
     73900   0.2201734155E+005   0.1299826585E+006
     74000   0.2199824487E+005   0.1300017551E+006
     74100   0.2192177159E+005   0.1300782284E+006
     74200   0.2188233060E+005   0.1301176694E+006
     74300   0.2220957386E+005   0.1297904261E+006
     74400   0.2205835975E+005   0.1299416403E+006
     74500   0.2224087008E+005   0.1297591299E+006
     74600   0.2261085036E+005   0.1293891496E+006
     74700   0.2227516501E+005   0.1297248350E+006
     74800   0.2210854135E+005   0.1298914586E+006
     74900   0.2192263461E+005   0.1300773654E+006
     75000   0.2212594374E+005   0.1298740563E+006
     75100   0.2191163595E+005   0.1300883641E+006
     75200   0.2219115593E+005   0.1298088441E+006
     75300   0.2182011645E+005   0.1301798836E+006
     75400   0.2190626010E+005   0.1300937399E+006
     75500   0.2205990739E+005   0.1299400926E+006
     75600   0.2228462228E+005   0.1297153777E+006
     75700   0.2178126728E+005   0.1302187327E+006
     75800   0.2198761132E+005   0.1300123887E+006
     75900   0.2183828723E+005   0.1301617128E+006
     76000   0.2184717426E+005   0.1301528257E+006
     76100   0.2216097074E+005   0.1298390293E+006
     76200   0.2176503584E+005   0.1302349642E+006
     76300   0.2196676974E+005   0.1300332303E+006
     76400   0.2153179764E+005   0.1304682024E+006
     76500   0.2159298927E+005   0.1304070107E+006
     76600   0.2174538207E+005   0.1302546179E+006
     76700   0.2161744624E+005   0.1303825538E+006
     76800   0.2215147887E+005   0.1298485211E+006
     76900   0.2163924147E+005   0.1303607585E+006
     77000   0.2202767032E+005   0.1299723297E+006
     77100   0.2208760101E+005   0.1299123990E+006
     77200   0.2187367753E+005   0.1301263225E+006
     77300   0.2155599293E+005   0.1304440071E+006
     77400   0.2185161083E+005   0.1301483892E+006
     77500   0.2186152957E+005   0.1301384704E+006
     77600   0.2174947231E+005   0.1302505277E+006
     77700   0.2169905324E+005   0.1303009468E+006
     77800   0.2187865114E+005   0.1301213489E+006
     77900   0.2147224806E+005   0.1305277519E+006
     78000   0.2183254787E+005   0.1301674521E+006
     78100   0.2188442015E+005   0.1301155799E+006
     78200   0.2186651239E+005   0.1301334876E+006
     78300   0.2172608210E+005   0.1302739179E+006
     78400   0.2178979875E+005   0.1302102013E+006
     78500   0.2199358999E+005   0.1300064100E+006
     78600   0.2196599799E+005   0.1300340020E+006
     78700   0.2207356477E+005   0.1299264352E+006
     78800   0.2187349393E+005   0.1301265061E+006
     78900   0.2176462942E+005   0.1302353706E+006
     79000   0.2177143040E+005   0.1302285696E+006
     79100   0.2164694602E+005   0.1303530540E+006
     79200   0.2182621965E+005   0.1301737804E+006
     79300   0.2185107650E+005   0.1301489235E+006
     79400   0.2204240705E+005   0.1299575929E+006
     79500   0.2190680922E+005   0.1300931908E+006
     79600   0.2189721570E+005   0.1301027843E+006
     79700   0.2213700985E+005   0.1298629902E+006
     79800   0.2262895351E+005   0.1293710465E+006
     79900   0.2150653158E+005   0.1304934684E+006
     80000   0.2161437268E+005   0.1303856273E+006
     80100   0.2179327967E+005   0.1302067203E+006
     80200   0.2166440911E+005   0.1303355909E+006
     80300   0.2157970817E+005   0.1304202918E+006
     80400   0.2206234333E+005   0.1299376567E+006
     80500   0.2188158672E+005   0.1301184133E+006
     80600   0.2171871954E+005   0.1302812805E+006
     80700   0.2171264389E+005   0.1302873561E+006
     80800   0.2170628010E+005   0.1302937199E+006
     80900   0.2176632954E+005   0.1302336705E+006
     81000   0.2192985196E+005   0.1300701480E+006
     81100   0.2189847311E+005   0.1301015269E+006
     81200   0.2169179016E+005   0.1303082098E+006
     81300   0.2195994664E+005   0.1300400534E+006
     81400   0.2209392165E+005   0.1299060783E+006
     81500   0.2191919606E+005   0.1300808039E+006
     81600   0.2203454300E+005   0.1299654570E+006
     81700   0.2211485963E+005   0.1298851404E+006
     81800   0.2205478572E+005   0.1299452143E+006
     81900   0.2210448886E+005   0.1298955111E+006
     82000   0.2203904449E+005   0.1299609555E+006
     82100   0.2167857255E+005   0.1303214274E+006
     82200   0.2186593980E+005   0.1301340602E+006
     82300   0.2226591563E+005   0.1297340844E+006
     82400   0.2152623499E+005   0.1304737650E+006
     82500   0.2172241982E+005   0.1302775802E+006
     82600   0.2168676665E+005   0.1303132334E+006
     82700   0.2214632167E+005   0.1298536783E+006
     82800   0.2193985654E+005   0.1300601435E+006
     82900   0.2212765001E+005   0.1298723500E+006
     83000   0.2201026238E+005   0.1299897376E+006
     83100   0.2203058803E+005   0.1299694120E+006
     83200   0.2192536625E+005   0.1300746338E+006
     83300   0.2209128290E+005   0.1299087171E+006
     83400   0.2199347187E+005   0.1300065281E+006
     83500   0.2200408713E+005   0.1299959129E+006
     83600   0.2196503855E+005   0.1300349614E+006
     83700   0.2247248449E+005   0.1295275155E+006
     83800   0.2202219971E+005   0.1299778003E+006
     83900   0.2202791030E+005   0.1299720897E+006
     84000   0.2253189454E+005   0.1294681055E+006
     84100   0.2234152313E+005   0.1296584769E+006
     84200   0.2208350724E+005   0.1299164928E+006
     84300   0.2220812872E+005   0.1297918713E+006
     84400   0.2237568245E+005   0.1296243175E+006
     84500   0.2206030612E+005   0.1299396939E+006
     84600   0.2196771211E+005   0.1300322879E+006
     84700   0.2212094765E+005   0.1298790523E+006
     84800   0.2181844446E+005   0.1301815555E+006
     84900   0.2168222740E+005   0.1303177726E+006
     85000   0.2158908228E+005   0.1304109177E+006
     85100   0.2189314315E+005   0.1301068569E+006
     85200   0.2180267489E+005   0.1301973251E+006
     85300   0.2161214073E+005   0.1303878593E+006
     85400   0.2216868593E+005   0.1298313141E+006
     85500   0.2183314952E+005   0.1301668505E+006
     85600   0.2217105902E+005   0.1298289410E+006
     85700   0.2218482884E+005   0.1298151712E+006
     85800   0.2241721709E+005   0.1295827829E+006
     85900   0.2215304271E+005   0.1298469573E+006
     86000   0.2225753024E+005   0.1297424698E+006
     86100   0.2214699486E+005   0.1298530051E+006
     86200   0.2206999915E+005   0.1299300008E+006
     86300   0.2220116635E+005   0.1297988337E+006
     86400   0.2223683753E+005   0.1297631625E+006
     86500   0.2215865183E+005   0.1298413482E+006
     86600   0.2229914493E+005   0.1297008551E+006
     86700   0.2192169272E+005   0.1300783073E+006
     86800   0.2223759870E+005   0.1297624013E+006
     86900   0.2239890253E+005   0.1296010975E+006
     87000   0.2197548267E+005   0.1300245173E+006
     87100   0.2214618478E+005   0.1298538152E+006
     87200   0.2193343455E+005   0.1300665654E+006
     87300   0.2192728491E+005   0.1300727151E+006
     87400   0.2188466412E+005   0.1301153359E+006
     87500   0.2195067038E+005   0.1300493296E+006
     87600   0.2194974022E+005   0.1300502598E+006
     87700   0.2183700957E+005   0.1301629904E+006
     87800   0.2216027036E+005   0.1298397296E+006
     87900   0.2186459264E+005   0.1301354074E+006
     88000   0.2195552816E+005   0.1300444718E+006
     88100   0.2220280945E+005   0.1297971906E+006
     88200   0.2213876761E+005   0.1298612324E+006
     88300   0.2229320293E+005   0.1297067971E+006
     88400   0.2174190315E+005   0.1302580968E+006
     88500   0.2194445270E+005   0.1300555473E+006
     88600   0.2215944716E+005   0.1298405528E+006
     88700   0.2201858078E+005   0.1299814192E+006
     88800   0.2185931421E+005   0.1301406858E+006
     88900   0.2195129680E+005   0.1300487032E+006
     89000   0.2181891396E+005   0.1301810860E+006
     89100   0.2188515139E+005   0.1301148486E+006
     89200   0.2162376118E+005   0.1303762388E+006
     89300   0.2186897455E+005   0.1301310254E+006
     89400   0.2206014967E+005   0.1299398503E+006
     89500   0.2211051949E+005   0.1298894805E+006
     89600   0.2223315840E+005   0.1297668416E+006
     89700   0.2238065748E+005   0.1296193425E+006
     89800   0.2213608368E+005   0.1298639163E+006
     89900   0.2212669917E+005   0.1298733008E+006
     90000   0.2259896257E+005   0.1294010374E+006
     90100   0.2246124412E+005   0.1295387559E+006
