# Evolution of the weightfunction during equilibration phase for fractional: N2
# Weightfunction after cycle        663
 0.0000000    0.5300000000E+001    0.3800000000E+001
 0.0101010    0.5600000000E+001    0.3700000000E+001
 0.0202020    0.5600000000E+001    0.3900000000E+001
 0.0303030    0.5300000000E+001    0.3600000000E+001
 0.0404040    0.6100000000E+001    0.4000000000E+001
 0.0505051    0.5800000000E+001    0.3800000000E+001
 0.0606061    0.5200000000E+001    0.3200000000E+001
 0.0707071    0.7100000000E+001    0.4200000000E+001
 0.0808081    0.6000000000E+001    0.3600000000E+001
 0.0909091    0.5900000000E+001    0.4300000000E+001
 0.1010101    0.7000000000E+001    0.4200000000E+001
 0.1111111    0.5800000000E+001    0.3600000000E+001
 0.1212121    0.5700000000E+001    0.3500000000E+001
 0.1313131    0.6700000000E+001    0.3900000000E+001
 0.1414141    0.5800000000E+001    0.3900000000E+001
 0.1515152    0.5100000000E+001    0.5200000000E+001
 0.1616162    0.6100000000E+001    0.4600000000E+001
 0.1717172    0.5800000000E+001    0.3500000000E+001
 0.1818182    0.6600000000E+001    0.4400000000E+001
 0.1919192    0.4500000000E+001    0.3400000000E+001
 0.2020202    0.5600000000E+001    0.4000000000E+001
 0.2121212    0.4500000000E+001    0.3800000000E+001
 0.2222222    0.5800000000E+001    0.4300000000E+001
 0.2323232    0.6200000000E+001    0.3800000000E+001
 0.2424242    0.5400000000E+001    0.2900000000E+001
 0.2525253    0.4800000000E+001    0.3600000000E+001
 0.2626263    0.4600000000E+001    0.3300000000E+001
 0.2727273    0.4200000000E+001    0.3600000000E+001
 0.2828283    0.4400000000E+001    0.3000000000E+001
 0.2929293    0.4000000000E+001    0.3800000000E+001
 0.3030303    0.4700000000E+001    0.4700000000E+001
 0.3131313    0.3500000000E+001    0.3600000000E+001
 0.3232323    0.3900000000E+001    0.3800000000E+001
 0.3333333    0.3700000000E+001    0.4300000000E+001
 0.3434343    0.3600000000E+001    0.3500000000E+001
 0.3535354    0.3400000000E+001    0.4100000000E+001
 0.3636364    0.2700000000E+001    0.3200000000E+001
 0.3737374    0.3300000000E+001    0.3100000000E+001
 0.3838384    0.2200000000E+001    0.4000000000E+001
 0.3939394    0.3800000000E+001    0.2200000000E+001
 0.4040404    0.2800000000E+001    0.4100000000E+001
 0.4141414    0.2300000000E+001    0.2900000000E+001
 0.4242424    0.1700000000E+001    0.3100000000E+001
 0.4343434    0.2000000000E+001    0.3300000000E+001
 0.4444444    0.1000000000E+001    0.3800000000E+001
 0.4545455    0.1100000000E+001    0.4300000000E+001
 0.4646465    0.1000000000E+001    0.3700000000E+001
 0.4747475    0.9000000000E+000    0.3700000000E+001
 0.4848485    0.1200000000E+001    0.3200000000E+001
 0.4949495    0.9000000000E+000    0.3200000000E+001
 0.5050505    0.1100000000E+001    0.3400000000E+001
 0.5151515    0.1100000000E+001    0.3500000000E+001
 0.5252525    0.4000000000E+000    0.3500000000E+001
 0.5353535    0.1000000000E+001    0.3600000000E+001
 0.5454545    0.6000000000E+000    0.3300000000E+001
 0.5555556    0.7000000000E+000    0.3500000000E+001
 0.5656566    0.8000000000E+000    0.2600000000E+001
 0.5757576    0.5000000000E+000    0.3400000000E+001
 0.5858586    0.1900000000E+001    0.3400000000E+001
 0.5959596    0.2000000000E+000    0.3600000000E+001
 0.6060606    0.5000000000E+000    0.3300000000E+001
 0.6161616    0.1300000000E+001    0.3000000000E+001
 0.6262626    0.5000000000E+000    0.3200000000E+001
 0.6363636    0.5000000000E+000    0.2900000000E+001
 0.6464646    0.9000000000E+000    0.2900000000E+001
 0.6565657    0.1100000000E+001    0.3400000000E+001
 0.6666667    0.1300000000E+001    0.2200000000E+001
 0.6767677    0.1300000000E+001    0.3200000000E+001
 0.6868687    0.1600000000E+001    0.3200000000E+001
 0.6969697    0.0000000000E+000    0.3800000000E+001
 0.7070707    0.9000000000E+000    0.2700000000E+001
 0.7171717    0.6000000000E+000    0.2400000000E+001
 0.7272727    0.1300000000E+001    0.2900000000E+001
 0.7373737    0.1100000000E+001    0.3100000000E+001
 0.7474747    0.1600000000E+001    0.3500000000E+001
 0.7575758    0.7000000000E+000    0.2700000000E+001
 0.7676768    0.9000000000E+000    0.3100000000E+001
 0.7777778    0.1600000000E+001    0.3200000000E+001
 0.7878788    0.1200000000E+001    0.3500000000E+001
 0.7979798    0.1000000000E+001    0.3300000000E+001
 0.8080808    0.1100000000E+001    0.2600000000E+001
 0.8181818    0.1100000000E+001    0.3000000000E+001
 0.8282828    0.1400000000E+001    0.3100000000E+001
 0.8383838    0.4000000000E+000    0.2300000000E+001
 0.8484848    0.1700000000E+001    0.3900000000E+001
 0.8585859    0.2300000000E+001    0.3800000000E+001
 0.8686869    0.1200000000E+001    0.3000000000E+001
 0.8787879    0.7000000000E+000    0.2300000000E+001
 0.8888889    0.8000000000E+000    0.2900000000E+001
 0.8989899    0.1500000000E+001    0.3500000000E+001
 0.9090909    0.9000000000E+000    0.3200000000E+001
 0.9191919    0.1800000000E+001    0.4100000000E+001
 0.9292929    0.1400000000E+001    0.3900000000E+001
 0.9393939    0.1000000000E+001    0.2700000000E+001
 0.9494949    0.1500000000E+001    0.3600000000E+001
 0.9595960    0.1900000000E+001    0.4200000000E+001
 0.9696970    0.3000000000E+000    0.2600000000E+001
 0.9797980    0.8000000000E+000    0.3400000000E+001
 0.9898990    0.1400000000E+001    0.3200000000E+001
 1.0000000    0.2500000000E+001    0.4100000000E+001


# Weightfunction after cycle       2152
 0.0000000    0.5050000000E+001    0.3425000000E+001
 0.0101010    0.5550000000E+001    0.3475000000E+001
 0.0202020    0.5400000000E+001    0.3525000000E+001
 0.0303030    0.5200000000E+001    0.3475000000E+001
 0.0404040    0.5475000000E+001    0.3700000000E+001
 0.0505051    0.5950000000E+001    0.3825000000E+001
 0.0606061    0.5550000000E+001    0.3425000000E+001
 0.0707071    0.6325000000E+001    0.4025000000E+001
 0.0808081    0.5525000000E+001    0.3175000000E+001
 0.0909091    0.5925000000E+001    0.3600000000E+001
 0.1010101    0.5675000000E+001    0.3550000000E+001
 0.1111111    0.6625000000E+001    0.3450000000E+001
 0.1212121    0.6175000000E+001    0.3475000000E+001
 0.1313131    0.6100000000E+001    0.3250000000E+001
 0.1414141    0.6125000000E+001    0.3275000000E+001
 0.1515152    0.6500000000E+001    0.3625000000E+001
 0.1616162    0.6825000000E+001    0.3700000000E+001
 0.1717172    0.6200000000E+001    0.3150000000E+001
 0.1818182    0.6225000000E+001    0.3575000000E+001
 0.1919192    0.6025000000E+001    0.3250000000E+001
 0.2020202    0.5775000000E+001    0.3400000000E+001
 0.2121212    0.6750000000E+001    0.3800000000E+001
 0.2222222    0.5650000000E+001    0.2925000000E+001
 0.2323232    0.6325000000E+001    0.3625000000E+001
 0.2424242    0.5700000000E+001    0.3225000000E+001
 0.2525253    0.5975000000E+001    0.3275000000E+001
 0.2626263    0.4675000000E+001    0.3525000000E+001
 0.2727273    0.4725000000E+001    0.3325000000E+001
 0.2828283    0.4925000000E+001    0.3100000000E+001
 0.2929293    0.4350000000E+001    0.3325000000E+001
 0.3030303    0.4525000000E+001    0.2900000000E+001
 0.3131313    0.4200000000E+001    0.2775000000E+001
 0.3232323    0.4600000000E+001    0.2925000000E+001
 0.3333333    0.4100000000E+001    0.3400000000E+001
 0.3434343    0.4100000000E+001    0.3075000000E+001
 0.3535354    0.3700000000E+001    0.2925000000E+001
 0.3636364    0.4050000000E+001    0.3400000000E+001
 0.3737374    0.2825000000E+001    0.3275000000E+001
 0.3838384    0.2850000000E+001    0.3150000000E+001
 0.3939394    0.2950000000E+001    0.3250000000E+001
 0.4040404    0.3525000000E+001    0.2900000000E+001
 0.4141414    0.2500000000E+001    0.3025000000E+001
 0.4242424    0.2400000000E+001    0.3125000000E+001
 0.4343434    0.2250000000E+001    0.3100000000E+001
 0.4444444    0.2000000000E+001    0.3025000000E+001
 0.4545455    0.2050000000E+001    0.3150000000E+001
 0.4646465    0.1550000000E+001    0.3025000000E+001
 0.4747475    0.1000000000E+001    0.3100000000E+001
 0.4848485    0.1100000000E+001    0.2600000000E+001
 0.4949495    0.7500000000E+000    0.2850000000E+001
 0.5050505    0.1175000000E+001    0.3175000000E+001
 0.5151515    0.7500000000E+000    0.2925000000E+001
 0.5252525    0.1150000000E+001    0.2975000000E+001
 0.5353535    0.7250000000E+000    0.2725000000E+001
 0.5454545    0.5000000000E+000    0.3225000000E+001
 0.5555556    0.8500000000E+000    0.3050000000E+001
 0.5656566    0.9750000000E+000    0.2975000000E+001
 0.5757576    0.9750000000E+000    0.2700000000E+001
 0.5858586    0.1225000000E+001    0.2950000000E+001
 0.5959596    0.9250000000E+000    0.3025000000E+001
 0.6060606    0.4250000000E+000    0.3125000000E+001
 0.6161616    0.5000000000E+000    0.2800000000E+001
 0.6262626    0.9750000000E+000    0.3175000000E+001
 0.6363636    0.1025000000E+001    0.3100000000E+001
 0.6464646    0.8500000000E+000    0.2525000000E+001
 0.6565657    0.9250000000E+000    0.2600000000E+001
 0.6666667    0.6750000000E+000    0.2775000000E+001
 0.6767677    0.9500000000E+000    0.2950000000E+001
 0.6868687    0.8500000000E+000    0.3175000000E+001
 0.6969697    0.9500000000E+000    0.2700000000E+001
 0.7070707    0.1025000000E+001    0.2975000000E+001
 0.7171717    0.4500000000E+000    0.2300000000E+001
 0.7272727    0.5500000000E+000    0.2600000000E+001
 0.7373737    0.9250000000E+000    0.2950000000E+001
 0.7474747    0.5750000000E+000    0.2725000000E+001
 0.7575758    0.6000000000E+000    0.2775000000E+001
 0.7676768    0.7500000000E+000    0.2875000000E+001
 0.7777778    0.6500000000E+000    0.2650000000E+001
 0.7878788    0.3750000000E+000    0.2375000000E+001
 0.7979798    0.9250000000E+000    0.2850000000E+001
 0.8080808    0.4500000000E+000    0.2475000000E+001
 0.8181818    0.7750000000E+000    0.2850000000E+001
 0.8282828    0.7250000000E+000    0.2850000000E+001
 0.8383838    0.7750000000E+000    0.2650000000E+001
 0.8484848    0.4750000000E+000    0.2450000000E+001
 0.8585859    0.5500000000E+000    0.2825000000E+001
 0.8686869    0.7750000000E+000    0.2825000000E+001
 0.8787879    0.4000000000E+000    0.2425000000E+001
 0.8888889    0.6250000000E+000    0.2525000000E+001
 0.8989899    0.6000000000E+000    0.2650000000E+001
 0.9090909    0.3750000000E+000    0.2450000000E+001
 0.9191919    0.7250000000E+000    0.2825000000E+001
 0.9292929    0.4500000000E+000    0.2550000000E+001
 0.9393939    0.6250000000E+000    0.2625000000E+001
 0.9494949    0.5750000000E+000    0.2900000000E+001
 0.9595960    0.7000000000E+000    0.2550000000E+001
 0.9696970    0.0000000000E+000    0.2275000000E+001
 0.9797980    0.7000000000E+000    0.2950000000E+001
 0.9898990    0.7500000000E-001    0.2175000000E+001
 1.0000000    0.7500000000E+000    0.2825000000E+001


# Weightfunction after cycle       5367
 0.0000000    0.4437500000E+001    0.2743750000E+001
 0.0101010    0.4668750000E+001    0.2893750000E+001
 0.0202020    0.4712500000E+001    0.2837500000E+001
 0.0303030    0.4331250000E+001    0.2656250000E+001
 0.0404040    0.4556250000E+001    0.2675000000E+001
 0.0505051    0.4825000000E+001    0.2756250000E+001
 0.0606061    0.4937500000E+001    0.2756250000E+001
 0.0707071    0.5137500000E+001    0.2887500000E+001
 0.0808081    0.5100000000E+001    0.2631250000E+001
 0.0909091    0.5225000000E+001    0.2793750000E+001
 0.1010101    0.5281250000E+001    0.2612500000E+001
 0.1111111    0.5468750000E+001    0.2862500000E+001
 0.1212121    0.5462500000E+001    0.2693750000E+001
 0.1313131    0.5393750000E+001    0.2775000000E+001
 0.1414141    0.5318750000E+001    0.2725000000E+001
 0.1515152    0.5562500000E+001    0.2643750000E+001
 0.1616162    0.5406250000E+001    0.2600000000E+001
 0.1717172    0.5506250000E+001    0.2762500000E+001
 0.1818182    0.5375000000E+001    0.2843750000E+001
 0.1919192    0.5137500000E+001    0.2825000000E+001
 0.2020202    0.5018750000E+001    0.2775000000E+001
 0.2121212    0.5131250000E+001    0.2831250000E+001
 0.2222222    0.4800000000E+001    0.2812500000E+001
 0.2323232    0.4825000000E+001    0.2781250000E+001
 0.2424242    0.5000000000E+001    0.2756250000E+001
 0.2525253    0.4468750000E+001    0.2612500000E+001
 0.2626263    0.4000000000E+001    0.2900000000E+001
 0.2727273    0.4243750000E+001    0.2850000000E+001
 0.2828283    0.3962500000E+001    0.2787500000E+001
 0.2929293    0.3993750000E+001    0.2668750000E+001
 0.3030303    0.3893750000E+001    0.2937500000E+001
 0.3131313    0.3575000000E+001    0.2687500000E+001
 0.3232323    0.3375000000E+001    0.2756250000E+001
 0.3333333    0.3237500000E+001    0.2793750000E+001
 0.3434343    0.3187500000E+001    0.2581250000E+001
 0.3535354    0.2875000000E+001    0.2781250000E+001
 0.3636364    0.2781250000E+001    0.2800000000E+001
 0.3737374    0.2756250000E+001    0.2587500000E+001
 0.3838384    0.2306250000E+001    0.2706250000E+001
 0.3939394    0.2462500000E+001    0.2812500000E+001
 0.4040404    0.2100000000E+001    0.2806250000E+001
 0.4141414    0.1887500000E+001    0.2637500000E+001
 0.4242424    0.1693750000E+001    0.2781250000E+001
 0.4343434    0.1431250000E+001    0.2700000000E+001
 0.4444444    0.1487500000E+001    0.2725000000E+001
 0.4545455    0.9812500000E+000    0.2856250000E+001
 0.4646465    0.7500000000E+000    0.2731250000E+001
 0.4747475    0.9812500000E+000    0.2787500000E+001
 0.4848485    0.3750000000E+000    0.2731250000E+001
 0.4949495    0.1125000000E+000    0.3000000000E+001
 0.5050505    0.3312500000E+000    0.2868750000E+001
 0.5151515    0.1875000000E+000    0.2518750000E+001
 0.5252525    0.0000000000E+000    0.2750000000E+001
 0.5353535    0.1250000000E+000    0.2618750000E+001
 0.5454545    0.2187500000E+000    0.2625000000E+001
 0.5555556    0.3187500000E+000    0.2525000000E+001
 0.5656566    0.1750000000E+000    0.2593750000E+001
 0.5757576    0.2812500000E+000    0.2618750000E+001
 0.5858586    0.2187500000E+000    0.2662500000E+001
 0.5959596    0.4000000000E+000    0.2543750000E+001
 0.6060606    0.3375000000E+000    0.2606250000E+001
 0.6161616    0.2812500000E+000    0.2712500000E+001
 0.6262626    0.3375000000E+000    0.2450000000E+001
 0.6363636    0.1750000000E+000    0.2656250000E+001
 0.6464646    0.2250000000E+000    0.2737500000E+001
 0.6565657    0.3375000000E+000    0.2662500000E+001
 0.6666667    0.2000000000E+000    0.2568750000E+001
 0.6767677    0.2750000000E+000    0.2637500000E+001
 0.6868687    0.2750000000E+000    0.2606250000E+001
 0.6969697    0.3375000000E+000    0.2600000000E+001
 0.7070707    0.2750000000E+000    0.2556250000E+001
 0.7171717    0.2437500000E+000    0.2531250000E+001
 0.7272727    0.2375000000E+000    0.2568750000E+001
 0.7373737    0.1687500000E+000    0.2493750000E+001
 0.7474747    0.2875000000E+000    0.2562500000E+001
 0.7575758    0.3062500000E+000    0.2700000000E+001
 0.7676768    0.3125000000E+000    0.2675000000E+001
 0.7777778    0.3500000000E+000    0.2618750000E+001
 0.7878788    0.2437500000E+000    0.2600000000E+001
 0.7979798    0.2000000000E+000    0.2650000000E+001
 0.8080808    0.3562500000E+000    0.2643750000E+001
 0.8181818    0.1812500000E+000    0.2537500000E+001
 0.8282828    0.3437500000E+000    0.2700000000E+001
 0.8383838    0.3062500000E+000    0.2637500000E+001
 0.8484848    0.4062500000E+000    0.2725000000E+001
 0.8585859    0.2312500000E+000    0.2631250000E+001
 0.8686869    0.9375000000E-001    0.2437500000E+001
 0.8787879    0.3437500000E+000    0.2712500000E+001
 0.8888889    0.1687500000E+000    0.2506250000E+001
 0.8989899    0.2625000000E+000    0.2687500000E+001
 0.9090909    0.1875000000E+000    0.2575000000E+001
 0.9191919    0.3375000000E+000    0.2762500000E+001
 0.9292929    0.1875000000E+000    0.2575000000E+001
 0.9393939    0.2375000000E+000    0.2718750000E+001
 0.9494949    0.3500000000E+000    0.2681250000E+001
 0.9595960    0.2625000000E+000    0.2637500000E+001
 0.9696970    0.3062500000E+000    0.2750000000E+001
 0.9797980    0.3375000000E+000    0.2743750000E+001
 0.9898990    0.2187500000E+000    0.2806250000E+001
 1.0000000    0.3125000000E+000    0.2762500000E+001


# Weightfunction after cycle      12220
 0.0000000    0.4142187500E+001    0.2390625000E+001
 0.0101010    0.4339062500E+001    0.2582812500E+001
 0.0202020    0.4389062500E+001    0.2514062500E+001
 0.0303030    0.4395312500E+001    0.2542187500E+001
 0.0404040    0.4559375000E+001    0.2571875000E+001
 0.0505051    0.4642187500E+001    0.2489062500E+001
 0.0606061    0.4809375000E+001    0.2596875000E+001
 0.0707071    0.4806250000E+001    0.2570312500E+001
 0.0808081    0.4943750000E+001    0.2396875000E+001
 0.0909091    0.5090625000E+001    0.2553125000E+001
 0.1010101    0.5212500000E+001    0.2470312500E+001
 0.1111111    0.5329687500E+001    0.2534375000E+001
 0.1212121    0.5306250000E+001    0.2409375000E+001
 0.1313131    0.5418750000E+001    0.2501562500E+001
 0.1414141    0.5376562500E+001    0.2512500000E+001
 0.1515152    0.5385937500E+001    0.2562500000E+001
 0.1616162    0.5400000000E+001    0.2631250000E+001
 0.1717172    0.5435937500E+001    0.2496875000E+001
 0.1818182    0.5301562500E+001    0.2454687500E+001
 0.1919192    0.5446875000E+001    0.2495312500E+001
 0.2020202    0.5146875000E+001    0.2506250000E+001
 0.2121212    0.5029687500E+001    0.2526562500E+001
 0.2222222    0.5156250000E+001    0.2482812500E+001
 0.2323232    0.5023437500E+001    0.2562500000E+001
 0.2424242    0.4818750000E+001    0.2473437500E+001
 0.2525253    0.4751562500E+001    0.2407812500E+001
 0.2626263    0.4565625000E+001    0.2545312500E+001
 0.2727273    0.4454687500E+001    0.2503125000E+001
 0.2828283    0.4503125000E+001    0.2479687500E+001
 0.2929293    0.4337500000E+001    0.2423437500E+001
 0.3030303    0.3896875000E+001    0.2431250000E+001
 0.3131313    0.3864062500E+001    0.2445312500E+001
 0.3232323    0.3700000000E+001    0.2446875000E+001
 0.3333333    0.3468750000E+001    0.2493750000E+001
 0.3434343    0.3493750000E+001    0.2648437500E+001
 0.3535354    0.3195312500E+001    0.2440625000E+001
 0.3636364    0.2871875000E+001    0.2496875000E+001
 0.3737374    0.2835937500E+001    0.2492187500E+001
 0.3838384    0.2646875000E+001    0.2429687500E+001
 0.3939394    0.2310937500E+001    0.2453125000E+001
 0.4040404    0.2103125000E+001    0.2518750000E+001
 0.4141414    0.2078125000E+001    0.2476562500E+001
 0.4242424    0.1807812500E+001    0.2290625000E+001
 0.4343434    0.1504687500E+001    0.2481250000E+001
 0.4444444    0.1392187500E+001    0.2407812500E+001
 0.4545455    0.1131250000E+001    0.2412500000E+001
 0.4646465    0.1050000000E+001    0.2448437500E+001
 0.4747475    0.7937500000E+000    0.2398437500E+001
 0.4848485    0.6046875000E+000    0.2314062500E+001
 0.4949495    0.2234375000E+000    0.2365625000E+001
 0.5050505    0.1906250000E+000    0.2385937500E+001
 0.5151515    0.3125000000E+000    0.2381250000E+001
 0.5252525    0.2703125000E+000    0.2470312500E+001
 0.5353535    0.1984375000E+000    0.2387500000E+001
 0.5454545    0.2296875000E+000    0.2368750000E+001
 0.5555556    0.3234375000E+000    0.2396875000E+001
 0.5656566    0.2093750000E+000    0.2356250000E+001
 0.5757576    0.1953125000E+000    0.2370312500E+001
 0.5858586    0.1906250000E+000    0.2385937500E+001
 0.5959596    0.2171875000E+000    0.2346875000E+001
 0.6060606    0.2500000000E+000    0.2384375000E+001
 0.6161616    0.2843750000E+000    0.2339062500E+001
 0.6262626    0.2390625000E+000    0.2478125000E+001
 0.6363636    0.2156250000E+000    0.2282812500E+001
 0.6464646    0.2578125000E+000    0.2334375000E+001
 0.6565657    0.1718750000E+000    0.2364062500E+001
 0.6666667    0.1906250000E+000    0.2368750000E+001
 0.6767677    0.2484375000E+000    0.2370312500E+001
 0.6868687    0.1953125000E+000    0.2379687500E+001
 0.6969697    0.1890625000E+000    0.2435937500E+001
 0.7070707    0.2656250000E+000    0.2362500000E+001
 0.7171717    0.2359375000E+000    0.2354687500E+001
 0.7272727    0.1875000000E+000    0.2343750000E+001
 0.7373737    0.2437500000E+000    0.2317187500E+001
 0.7474747    0.2109375000E+000    0.2381250000E+001
 0.7575758    0.2000000000E+000    0.2337500000E+001
 0.7676768    0.2328125000E+000    0.2348437500E+001
 0.7777778    0.2531250000E+000    0.2385937500E+001
 0.7878788    0.1750000000E+000    0.2332812500E+001
 0.7979798    0.1796875000E+000    0.2321875000E+001
 0.8080808    0.1843750000E+000    0.2335937500E+001
 0.8181818    0.7656250000E-001    0.2268750000E+001
 0.8282828    0.1703125000E+000    0.2307812500E+001
 0.8383838    0.2218750000E+000    0.2393750000E+001
 0.8484848    0.1531250000E+000    0.2371875000E+001
 0.8585859    0.1031250000E+000    0.2346875000E+001
 0.8686869    0.1390625000E+000    0.2354687500E+001
 0.8787879    0.1281250000E+000    0.2307812500E+001
 0.8888889    0.1437500000E+000    0.2353125000E+001
 0.8989899    0.1500000000E+000    0.2364062500E+001
 0.9090909    0.1250000000E+000    0.2325000000E+001
 0.9191919    0.3750000000E-001    0.2281250000E+001
 0.9292929    0.1781250000E+000    0.2346875000E+001
 0.9393939    0.1953125000E+000    0.2423437500E+001
 0.9494949    0.1484375000E+000    0.2404687500E+001
 0.9595960    0.1640625000E+000    0.2379687500E+001
 0.9696970    0.9687500000E-001    0.2379687500E+001
 0.9797980    0.8593750000E-001    0.2389062500E+001
 0.9898990    0.0000000000E+000    0.2237500000E+001
 1.0000000    0.1546875000E+000    0.2426562500E+001


# Weightfunction after cycle      30088
 0.0000000    0.4708984375E+001    0.2966796875E+001
 0.0101010    0.4684375000E+001    0.2941796875E+001
 0.0202020    0.4778125000E+001    0.2977343750E+001
 0.0303030    0.4801171875E+001    0.2978125000E+001
 0.0404040    0.4923828125E+001    0.2995312500E+001
 0.0505051    0.4977343750E+001    0.3004687500E+001
 0.0606061    0.5101562500E+001    0.2971875000E+001
 0.0707071    0.5262500000E+001    0.2944531250E+001
 0.0808081    0.5383203125E+001    0.2968750000E+001
 0.0909091    0.5526562500E+001    0.2985546875E+001
 0.1010101    0.5683593750E+001    0.2974218750E+001
 0.1111111    0.5814843750E+001    0.2982031250E+001
 0.1212121    0.5818359375E+001    0.2983203125E+001
 0.1313131    0.5839843750E+001    0.3004687500E+001
 0.1414141    0.5755468750E+001    0.2986328125E+001
 0.1515152    0.5820703125E+001    0.3007812500E+001
 0.1616162    0.5723046875E+001    0.2936718750E+001
 0.1717172    0.5692187500E+001    0.3028906250E+001
 0.1818182    0.5556250000E+001    0.2985156250E+001
 0.1919192    0.5511328125E+001    0.2932421875E+001
 0.2020202    0.5430859375E+001    0.2981640625E+001
 0.2121212    0.5354296875E+001    0.2981250000E+001
 0.2222222    0.5215234375E+001    0.2953515625E+001
 0.2323232    0.5026562500E+001    0.2953906250E+001
 0.2424242    0.4953515625E+001    0.2962500000E+001
 0.2525253    0.4865625000E+001    0.2951953125E+001
 0.2626263    0.4692187500E+001    0.2924218750E+001
 0.2727273    0.4507031250E+001    0.2967968750E+001
 0.2828283    0.4306640625E+001    0.2956640625E+001
 0.2929293    0.4212500000E+001    0.2937890625E+001
 0.3030303    0.4028906250E+001    0.2979687500E+001
 0.3131313    0.3889453125E+001    0.2987890625E+001
 0.3232323    0.3771484375E+001    0.2964843750E+001
 0.3333333    0.3552734375E+001    0.2923828125E+001
 0.3434343    0.3404687500E+001    0.2946875000E+001
 0.3535354    0.3149218750E+001    0.2903515625E+001
 0.3636364    0.2962890625E+001    0.2921875000E+001
 0.3737374    0.2806640625E+001    0.2958203125E+001
 0.3838384    0.2632031250E+001    0.2949218750E+001
 0.3939394    0.2433593750E+001    0.2938281250E+001
 0.4040404    0.2225781250E+001    0.2890234375E+001
 0.4141414    0.1962500000E+001    0.2890625000E+001
 0.4242424    0.1833984375E+001    0.2862500000E+001
 0.4343434    0.1628125000E+001    0.2919921875E+001
 0.4444444    0.1421484375E+001    0.2935546875E+001
 0.4545455    0.1214062500E+001    0.2918359375E+001
 0.4646465    0.1014843750E+001    0.2888281250E+001
 0.4747475    0.7984375000E+000    0.2880078125E+001
 0.4848485    0.5378906250E+000    0.2864062500E+001
 0.4949495    0.3363281250E+000    0.2882031250E+001
 0.5050505    0.1800781250E+000    0.2913671875E+001
 0.5151515    0.1636718750E+000    0.2892578125E+001
 0.5252525    0.2039062500E+000    0.2856250000E+001
 0.5353535    0.2121093750E+000    0.2921093750E+001
 0.5454545    0.1871093750E+000    0.2874218750E+001
 0.5555556    0.2535156250E+000    0.2899218750E+001
 0.5656566    0.2171875000E+000    0.2882812500E+001
 0.5757576    0.2472656250E+000    0.2858593750E+001
 0.5858586    0.2066406250E+000    0.2913281250E+001
 0.5959596    0.2328125000E+000    0.2848046875E+001
 0.6060606    0.1781250000E+000    0.2875390625E+001
 0.6161616    0.1613281250E+000    0.2849609375E+001
 0.6262626    0.1835937500E+000    0.2842187500E+001
 0.6363636    0.1886718750E+000    0.2846484375E+001
 0.6464646    0.1589843750E+000    0.2888671875E+001
 0.6565657    0.1917968750E+000    0.2853906250E+001
 0.6666667    0.1542968750E+000    0.2850781250E+001
 0.6767677    0.1359375000E+000    0.2850000000E+001
 0.6868687    0.1457031250E+000    0.2876953125E+001
 0.6969697    0.2003906250E+000    0.2874218750E+001
 0.7070707    0.1550781250E+000    0.2869140625E+001
 0.7171717    0.1445312500E+000    0.2844921875E+001
 0.7272727    0.1406250000E+000    0.2842968750E+001
 0.7373737    0.1554687500E+000    0.2860156250E+001
 0.7474747    0.1417968750E+000    0.2851953125E+001
 0.7575758    0.1304687500E+000    0.2877343750E+001
 0.7676768    0.6875000000E-001    0.2794921875E+001
 0.7777778    0.1128906250E+000    0.2840234375E+001
 0.7878788    0.1066406250E+000    0.2861328125E+001
 0.7979798    0.1359375000E+000    0.2850781250E+001
 0.8080808    0.7812500000E-001    0.2850390625E+001
 0.8181818    0.1246093750E+000    0.2855859375E+001
 0.8282828    0.7656250000E-001    0.2818750000E+001
 0.8383838    0.1011718750E+000    0.2838281250E+001
 0.8484848    0.8164062500E-001    0.2854296875E+001
 0.8585859    0.9804687500E-001    0.2843359375E+001
 0.8686869    0.5390625000E-001    0.2860937500E+001
 0.8787879    0.8046875000E-001    0.2853906250E+001
 0.8888889    0.7500000000E-001    0.2862500000E+001
 0.8989899    0.6093750000E-001    0.2835546875E+001
 0.9090909    0.8085937500E-001    0.2844531250E+001
 0.9191919    0.5234375000E-001    0.2825000000E+001
 0.9292929    0.5390625000E-001    0.2846093750E+001
 0.9393939    0.5429687500E-001    0.2849218750E+001
 0.9494949    0.1562500000E-002    0.2823437500E+001
 0.9595960    0.8281250000E-001    0.2894140625E+001
 0.9696970    0.5156250000E-001    0.2876562500E+001
 0.9797980    0.4375000000E-001    0.2864843750E+001
 0.9898990    0.3515625000E-002    0.2824609375E+001
 1.0000000    0.0000000000E+000    0.2842578125E+001


# Weightfunction after cycle      61951
 0.0000000    0.4904980469E+001    0.3176171875E+001
 0.0101010    0.4903613281E+001    0.3155859375E+001
 0.0202020    0.4937011719E+001    0.3171093750E+001
 0.0303030    0.4952441406E+001    0.3115039063E+001
 0.0404040    0.5059179687E+001    0.3148046875E+001
 0.0505051    0.5148339844E+001    0.3146972656E+001
 0.0606061    0.5246484375E+001    0.3117480469E+001
 0.0707071    0.5427246094E+001    0.3151367188E+001
 0.0808081    0.5547363281E+001    0.3127050781E+001
 0.0909091    0.5729687500E+001    0.3153320313E+001
 0.1010101    0.5839550781E+001    0.3141503906E+001
 0.1111111    0.5945019531E+001    0.3151855469E+001
 0.1212121    0.5998437500E+001    0.3129296875E+001
 0.1313131    0.6009472656E+001    0.3146484375E+001
 0.1414141    0.6002148437E+001    0.3132031250E+001
 0.1515152    0.6027246094E+001    0.3132714844E+001
 0.1616162    0.5963964844E+001    0.3142480469E+001
 0.1717172    0.5912597656E+001    0.3138671875E+001
 0.1818182    0.5835937500E+001    0.3110937500E+001
 0.1919192    0.5710449219E+001    0.3108886719E+001
 0.2020202    0.5609179687E+001    0.3139941406E+001
 0.2121212    0.5489941406E+001    0.3124316406E+001
 0.2222222    0.5379589844E+001    0.3110937500E+001
 0.2323232    0.5225390625E+001    0.3128613281E+001
 0.2424242    0.5129980469E+001    0.3129882813E+001
 0.2525253    0.4963085937E+001    0.3101367188E+001
 0.2626263    0.4835546875E+001    0.3111132813E+001
 0.2727273    0.4645019531E+001    0.3123339844E+001
 0.2828283    0.4474316406E+001    0.3113769531E+001
 0.2929293    0.4319921875E+001    0.3111523438E+001
 0.3030303    0.4135839844E+001    0.3115332031E+001
 0.3131313    0.3982128906E+001    0.3099316406E+001
 0.3232323    0.3785058594E+001    0.3114941406E+001
 0.3333333    0.3605957031E+001    0.3092285156E+001
 0.3434343    0.3428906250E+001    0.3089648438E+001
 0.3535354    0.3203710938E+001    0.3086718750E+001
 0.3636364    0.3029687500E+001    0.3074609375E+001
 0.3737374    0.2808105469E+001    0.3090039063E+001
 0.3838384    0.2617675781E+001    0.3110156250E+001
 0.3939394    0.2435546875E+001    0.3077246094E+001
 0.4040404    0.2217675781E+001    0.3074218750E+001
 0.4141414    0.2006054688E+001    0.3067187500E+001
 0.4242424    0.1824121094E+001    0.3060742188E+001
 0.4343434    0.1582128906E+001    0.3081542969E+001
 0.4444444    0.1383105469E+001    0.3059179688E+001
 0.4545455    0.1172949219E+001    0.3085351563E+001
 0.4646465    0.9573242187E+000    0.3057324219E+001
 0.4747475    0.7293945312E+000    0.3043945313E+001
 0.4848485    0.5510742187E+000    0.3065722656E+001
 0.4949495    0.2945312500E+000    0.3031054688E+001
 0.5050505    0.1938476562E+000    0.3058203125E+001
 0.5151515    0.1893554687E+000    0.3053125000E+001
 0.5252525    0.1754882812E+000    0.3034277344E+001
 0.5353535    0.1966796875E+000    0.3066699219E+001
 0.5454545    0.1982421875E+000    0.3040234375E+001
 0.5555556    0.1968750000E+000    0.3056933594E+001
 0.5656566    0.1696289062E+000    0.3032031250E+001
 0.5757576    0.2277343750E+000    0.3028320313E+001
 0.5858586    0.2058593750E+000    0.3059765625E+001
 0.5959596    0.1889648437E+000    0.3018945313E+001
 0.6060606    0.1920898437E+000    0.3040820313E+001
 0.6161616    0.1708007812E+000    0.3026367188E+001
 0.6262626    0.1847656250E+000    0.3051855469E+001
 0.6363636    0.1743164062E+000    0.3031347656E+001
 0.6464646    0.1554687500E+000    0.3028417969E+001
 0.6565657    0.1342773437E+000    0.3034667969E+001
 0.6666667    0.1732421875E+000    0.3036035156E+001
 0.6767677    0.1666015625E+000    0.3060351563E+001
 0.6868687    0.1519531250E+000    0.3029980469E+001
 0.6969697    0.1469726562E+000    0.3045800781E+001
 0.7070707    0.1489257812E+000    0.3038281250E+001
 0.7171717    0.1470703125E+000    0.3033105469E+001
 0.7272727    0.1548828125E+000    0.3044042969E+001
 0.7373737    0.1232421875E+000    0.3026953125E+001
 0.7474747    0.1368164062E+000    0.3041894531E+001
 0.7575758    0.1181640625E+000    0.3035546875E+001
 0.7676768    0.1014648437E+000    0.3011425781E+001
 0.7777778    0.1100585937E+000    0.3025000000E+001
 0.7878788    0.1142578125E+000    0.3041796875E+001
 0.7979798    0.1108398437E+000    0.3036425781E+001
 0.8080808    0.1065429687E+000    0.3029882813E+001
 0.8181818    0.1024414062E+000    0.3028417969E+001
 0.8282828    0.8056640625E-001    0.3027636719E+001
 0.8383838    0.9882812500E-001    0.3034960938E+001
 0.8484848    0.7978515625E-001    0.3035449219E+001
 0.8585859    0.8330078125E-001    0.3037500000E+001
 0.8686869    0.8222656250E-001    0.3056738281E+001
 0.8787879    0.6035156250E-001    0.3029394531E+001
 0.8888889    0.7636718750E-001    0.3045605469E+001
 0.8989899    0.5751953125E-001    0.3041601563E+001
 0.9090909    0.5585937500E-001    0.3031542969E+001
 0.9191919    0.4531250000E-001    0.3039062500E+001
 0.9292929    0.4501953125E-001    0.3039355469E+001
 0.9393939    0.4531250000E-001    0.3044042969E+001
 0.9494949    0.1289062500E-001    0.3025000000E+001
 0.9595960    0.1923828125E-001    0.3025292969E+001
 0.9696970    0.0000000000E+000    0.3018750000E+001
 0.9797980    0.1601562500E-001    0.3045410156E+001
 0.9898990    0.1757812500E-001    0.3044335938E+001
 1.0000000    0.5468750000E-002    0.3036035156E+001


# Weightfunction after cycle      89395
 0.0000000    0.4931616211E+001    0.3196630859E+001
 0.0101010    0.4929907227E+001    0.3183520508E+001
 0.0202020    0.4971362305E+001    0.3197631836E+001
 0.0303030    0.4987304688E+001    0.3154296875E+001
 0.0404040    0.5085498047E+001    0.3179248047E+001
 0.0505051    0.5185107422E+001    0.3179809570E+001
 0.0606061    0.5278173828E+001    0.3156274414E+001
 0.0707071    0.5462377930E+001    0.3173657227E+001
 0.0808081    0.5580786133E+001    0.3168896484E+001
 0.0909091    0.5744824219E+001    0.3174951172E+001
 0.1010101    0.5856347656E+001    0.3174804687E+001
 0.1111111    0.5959033203E+001    0.3173266602E+001
 0.1212121    0.6012475586E+001    0.3156665039E+001
 0.1313131    0.6041113281E+001    0.3171655273E+001
 0.1414141    0.6022998047E+001    0.3157128906E+001
 0.1515152    0.6052294922E+001    0.3168408203E+001
 0.1616162    0.5973291016E+001    0.3172607422E+001
 0.1717172    0.5927075195E+001    0.3172338867E+001
 0.1818182    0.5846557617E+001    0.3147875977E+001
 0.1919192    0.5751318359E+001    0.3139770508E+001
 0.2020202    0.5631542969E+001    0.3165625000E+001
 0.2121212    0.5513476563E+001    0.3156030273E+001
 0.2222222    0.5396215820E+001    0.3144677734E+001
 0.2323232    0.5242651367E+001    0.3151684570E+001
 0.2424242    0.5128271484E+001    0.3161010742E+001
 0.2525253    0.4961865234E+001    0.3135498047E+001
 0.2626263    0.4836743164E+001    0.3144458008E+001
 0.2727273    0.4647216797E+001    0.3147314453E+001
 0.2828283    0.4472753906E+001    0.3135229492E+001
 0.2929293    0.4317822266E+001    0.3137304687E+001
 0.3030303    0.4131567383E+001    0.3150488281E+001
 0.3131313    0.3980249023E+001    0.3130102539E+001
 0.3232323    0.3777880859E+001    0.3146118164E+001
 0.3333333    0.3603076172E+001    0.3124340820E+001
 0.3434343    0.3420654297E+001    0.3120776367E+001
 0.3535354    0.3197021484E+001    0.3122729492E+001
 0.3636364    0.3011157227E+001    0.3106689453E+001
 0.3737374    0.2804931641E+001    0.3122485352E+001
 0.3838384    0.2609375000E+001    0.3135009766E+001
 0.3939394    0.2420043945E+001    0.3107348633E+001
 0.4040404    0.2206665039E+001    0.3110668945E+001
 0.4141414    0.2009301758E+001    0.3105297852E+001
 0.4242424    0.1815161133E+001    0.3103100586E+001
 0.4343434    0.1581176758E+001    0.3108740234E+001
 0.4444444    0.1369531250E+001    0.3092724609E+001
 0.4545455    0.1155493164E+001    0.3120776367E+001
 0.4646465    0.9476806641E+000    0.3101171875E+001
 0.4747475    0.7202148437E+000    0.3086157227E+001
 0.4848485    0.5345214844E+000    0.3097509766E+001
 0.4949495    0.2830322266E+000    0.3074487305E+001
 0.5050505    0.1854980469E+000    0.3089965820E+001
 0.5151515    0.1732177734E+000    0.3092431641E+001
 0.5252525    0.1654052734E+000    0.3072143555E+001
 0.5353535    0.1837646484E+000    0.3101611328E+001
 0.5454545    0.1899658203E+000    0.3084423828E+001
 0.5555556    0.1884765625E+000    0.3087597656E+001
 0.5656566    0.1705566406E+000    0.3072534180E+001
 0.5757576    0.2026367187E+000    0.3064062500E+001
 0.5858586    0.1832031250E+000    0.3099951172E+001
 0.5959596    0.1746093750E+000    0.3062133789E+001
 0.6060606    0.1728027344E+000    0.3083813477E+001
 0.6161616    0.1624511719E+000    0.3071606445E+001
 0.6262626    0.1744873047E+000    0.3093310547E+001
 0.6363636    0.1609375000E+000    0.3077392578E+001
 0.6464646    0.1527832031E+000    0.3067724609E+001
 0.6565657    0.1336181641E+000    0.3079345703E+001
 0.6666667    0.1576904297E+000    0.3069824219E+001
 0.6767677    0.1515869141E+000    0.3093383789E+001
 0.6868687    0.1433349609E+000    0.3074340820E+001
 0.6969697    0.1352539062E+000    0.3080688477E+001
 0.7070707    0.1381591797E+000    0.3073681641E+001
 0.7171717    0.1370849609E+000    0.3073974609E+001
 0.7272727    0.1409912109E+000    0.3082080078E+001
 0.7373737    0.1179443359E+000    0.3069287109E+001
 0.7474747    0.1195312500E+000    0.3073828125E+001
 0.7575758    0.1104003906E+000    0.3075073242E+001
 0.7676768    0.9201660156E-001    0.3054541016E+001
 0.7777778    0.1055664062E+000    0.3067895508E+001
 0.7878788    0.1061767578E+000    0.3077954102E+001
 0.7979798    0.9809570312E-001    0.3071923828E+001
 0.8080808    0.9958496094E-001    0.3073095703E+001
 0.8181818    0.8762207031E-001    0.3066503906E+001
 0.8282828    0.7490234375E-001    0.3068115234E+001
 0.8383838    0.8999023437E-001    0.3074926758E+001
 0.8484848    0.6872558594E-001    0.3069580078E+001
 0.8585859    0.7724609375E-001    0.3079003906E+001
 0.8686869    0.6689453125E-001    0.3086572266E+001
 0.8787879    0.5266113281E-001    0.3066137695E+001
 0.8888889    0.6638183594E-001    0.3083276367E+001
 0.8989899    0.5214843750E-001    0.3085620117E+001
 0.9090909    0.4465332031E-001    0.3071752930E+001
 0.9191919    0.4472656250E-001    0.3081079102E+001
 0.9292929    0.3801269531E-001    0.3074829102E+001
 0.9393939    0.3891601562E-001    0.3085302734E+001
 0.9494949    0.1584472656E-001    0.3073022461E+001
 0.9595960    0.1596679687E-001    0.3069091797E+001
 0.9696970    0.7958984375E-002    0.3068798828E+001
 0.9797980    0.1208496094E-001    0.3087597656E+001
 0.9898990    0.4370117187E-002    0.3068554687E+001
 1.0000000    0.0000000000E+000    0.3077246094E+001


