# Evolution of the weightfunction during equilibration phase for fractional: N2
# Weightfunction after cycle        628
 0.0000000    0.3200000000E+001    0.1500000000E+001
 0.0101010    0.4200000000E+001    0.2600000000E+001
 0.0202020    0.3000000000E+001    0.1800000000E+001
 0.0303030    0.4000000000E+001    0.1700000000E+001
 0.0404040    0.4200000000E+001    0.1700000000E+001
 0.0505051    0.4800000000E+001    0.1700000000E+001
 0.0606061    0.4500000000E+001    0.1900000000E+001
 0.0707071    0.5000000000E+001    0.1800000000E+001
 0.0808081    0.4200000000E+001    0.1800000000E+001
 0.0909091    0.5000000000E+001    0.2400000000E+001
 0.1010101    0.4400000000E+001    0.1600000000E+001
 0.1111111    0.4600000000E+001    0.1500000000E+001
 0.1212121    0.6000000000E+001    0.1400000000E+001
 0.1313131    0.5400000000E+001    0.1800000000E+001
 0.1414141    0.4700000000E+001    0.1000000000E+001
 0.1515152    0.5200000000E+001    0.2200000000E+001
 0.1616162    0.4800000000E+001    0.1500000000E+001
 0.1717172    0.6300000000E+001    0.3100000000E+001
 0.1818182    0.4600000000E+001    0.1600000000E+001
 0.1919192    0.7000000000E+001    0.2200000000E+001
 0.2020202    0.5500000000E+001    0.1900000000E+001
 0.2121212    0.4500000000E+001    0.1700000000E+001
 0.2222222    0.5100000000E+001    0.2400000000E+001
 0.2323232    0.4900000000E+001    0.1900000000E+001
 0.2424242    0.4900000000E+001    0.1800000000E+001
 0.2525253    0.4300000000E+001    0.2700000000E+001
 0.2626263    0.5400000000E+001    0.9000000000E+000
 0.2727273    0.4300000000E+001    0.2300000000E+001
 0.2828283    0.4100000000E+001    0.3600000000E+001
 0.2929293    0.5500000000E+001    0.2100000000E+001
 0.3030303    0.1800000000E+001    0.2500000000E+001
 0.3131313    0.2800000000E+001    0.2100000000E+001
 0.3232323    0.4900000000E+001    0.1900000000E+001
 0.3333333    0.4300000000E+001    0.1800000000E+001
 0.3434343    0.2300000000E+001    0.2500000000E+001
 0.3535354    0.2200000000E+001    0.1700000000E+001
 0.3636364    0.1200000000E+001    0.1700000000E+001
 0.3737374    0.3600000000E+001    0.2300000000E+001
 0.3838384    0.3300000000E+001    0.2100000000E+001
 0.3939394    0.1900000000E+001    0.1300000000E+001
 0.4040404    0.2200000000E+001    0.2200000000E+001
 0.4141414    0.1800000000E+001    0.2100000000E+001
 0.4242424    0.1100000000E+001    0.6000000000E+000
 0.4343434    0.2500000000E+001    0.1700000000E+001
 0.4444444    0.2100000000E+001    0.2900000000E+001
 0.4545455    0.1900000000E+001    0.2300000000E+001
 0.4646465    0.1000000000E+001    0.8000000000E+000
 0.4747475    0.1400000000E+001    0.8000000000E+000
 0.4848485    0.1200000000E+001    0.2700000000E+001
 0.4949495    0.1500000000E+001    0.2000000000E+001
 0.5050505    0.1100000000E+001    0.2900000000E+001
 0.5151515    0.7000000000E+000    0.1600000000E+001
 0.5252525    0.1200000000E+001    0.2400000000E+001
 0.5353535    0.1500000000E+001    0.2300000000E+001
 0.5454545    0.3000000000E+000    0.3500000000E+001
 0.5555556    0.1600000000E+001    0.2400000000E+001
 0.5656566    0.6000000000E+000    0.2200000000E+001
 0.5757576    0.1700000000E+001    0.1700000000E+001
 0.5858586    0.1300000000E+001    0.3000000000E+001
 0.5959596    0.5000000000E+000    0.2200000000E+001
 0.6060606    0.1100000000E+001    0.2400000000E+001
 0.6161616    0.1100000000E+001    0.2900000000E+001
 0.6262626    0.1100000000E+001    0.2500000000E+001
 0.6363636    0.2100000000E+001    0.3600000000E+001
 0.6464646    0.7000000000E+000    0.3300000000E+001
 0.6565657    0.1400000000E+001    0.3700000000E+001
 0.6666667    0.1200000000E+001    0.2800000000E+001
 0.6767677    0.1900000000E+001    0.2900000000E+001
 0.6868687    0.1500000000E+001    0.3000000000E+001
 0.6969697    0.1800000000E+001    0.3000000000E+001
 0.7070707    0.1700000000E+001    0.3600000000E+001
 0.7171717    0.7000000000E+000    0.2000000000E+001
 0.7272727    0.1400000000E+001    0.2900000000E+001
 0.7373737    0.1100000000E+001    0.3200000000E+001
 0.7474747    0.1600000000E+001    0.3100000000E+001
 0.7575758    0.1600000000E+001    0.2900000000E+001
 0.7676768    0.7000000000E+000    0.2800000000E+001
 0.7777778    0.9000000000E+000    0.2600000000E+001
 0.7878788    0.1200000000E+001    0.2700000000E+001
 0.7979798    0.1000000000E+000    0.2200000000E+001
 0.8080808    0.1400000000E+001    0.2800000000E+001
 0.8181818    0.1200000000E+001    0.3300000000E+001
 0.8282828    0.9000000000E+000    0.2600000000E+001
 0.8383838    0.1200000000E+001    0.2500000000E+001
 0.8484848    0.1300000000E+001    0.2600000000E+001
 0.8585859    0.2000000000E+000    0.1900000000E+001
 0.8686869    0.7000000000E+000    0.3000000000E+001
 0.8787879    0.1100000000E+001    0.2500000000E+001
 0.8888889    0.2000000000E+001    0.3300000000E+001
 0.8989899    0.1200000000E+001    0.2300000000E+001
 0.9090909    0.9000000000E+000    0.2300000000E+001
 0.9191919    0.1200000000E+001    0.2800000000E+001
 0.9292929    0.9000000000E+000    0.2300000000E+001
 0.9393939    0.9000000000E+000    0.2300000000E+001
 0.9494949    0.1200000000E+001    0.3100000000E+001
 0.9595960    0.1400000000E+001    0.2500000000E+001
 0.9696970    0.6000000000E+000    0.2500000000E+001
 0.9797980    0.1800000000E+001    0.3400000000E+001
 0.9898990    0.6000000000E+000    0.2400000000E+001
 1.0000000    0.0000000000E+000    0.1500000000E+001


# Weightfunction after cycle       2363
 0.0000000    0.4250000000E+001    0.2250000000E+001
 0.0101010    0.4475000000E+001    0.2900000000E+001
 0.0202020    0.4300000000E+001    0.2175000000E+001
 0.0303030    0.4250000000E+001    0.2475000000E+001
 0.0404040    0.4675000000E+001    0.2575000000E+001
 0.0505051    0.4850000000E+001    0.2750000000E+001
 0.0606061    0.4950000000E+001    0.2975000000E+001
 0.0707071    0.5350000000E+001    0.2725000000E+001
 0.0808081    0.5125000000E+001    0.2650000000E+001
 0.0909091    0.5700000000E+001    0.2750000000E+001
 0.1010101    0.5700000000E+001    0.2450000000E+001
 0.1111111    0.5450000000E+001    0.2650000000E+001
 0.1212121    0.5925000000E+001    0.2850000000E+001
 0.1313131    0.5900000000E+001    0.2600000000E+001
 0.1414141    0.5500000000E+001    0.2425000000E+001
 0.1515152    0.5700000000E+001    0.1825000000E+001
 0.1616162    0.6225000000E+001    0.2275000000E+001
 0.1717172    0.5450000000E+001    0.2450000000E+001
 0.1818182    0.6250000000E+001    0.2125000000E+001
 0.1919192    0.5675000000E+001    0.2475000000E+001
 0.2020202    0.5300000000E+001    0.2375000000E+001
 0.2121212    0.6000000000E+001    0.2275000000E+001
 0.2222222    0.5975000000E+001    0.2875000000E+001
 0.2323232    0.5875000000E+001    0.2600000000E+001
 0.2424242    0.6950000000E+001    0.2500000000E+001
 0.2525253    0.5200000000E+001    0.2175000000E+001
 0.2626263    0.5925000000E+001    0.2350000000E+001
 0.2727273    0.5200000000E+001    0.2575000000E+001
 0.2828283    0.5800000000E+001    0.2675000000E+001
 0.2929293    0.5500000000E+001    0.2500000000E+001
 0.3030303    0.4700000000E+001    0.2050000000E+001
 0.3131313    0.4450000000E+001    0.2125000000E+001
 0.3232323    0.4625000000E+001    0.2325000000E+001
 0.3333333    0.4400000000E+001    0.2100000000E+001
 0.3434343    0.4325000000E+001    0.2700000000E+001
 0.3535354    0.4125000000E+001    0.2025000000E+001
 0.3636364    0.3775000000E+001    0.1950000000E+001
 0.3737374    0.3675000000E+001    0.2050000000E+001
 0.3838384    0.3350000000E+001    0.2500000000E+001
 0.3939394    0.2525000000E+001    0.2425000000E+001
 0.4040404    0.2525000000E+001    0.2425000000E+001
 0.4141414    0.2800000000E+001    0.2400000000E+001
 0.4242424    0.2050000000E+001    0.2350000000E+001
 0.4343434    0.2025000000E+001    0.2150000000E+001
 0.4444444    0.1525000000E+001    0.2825000000E+001
 0.4545455    0.1875000000E+001    0.2725000000E+001
 0.4646465    0.1425000000E+001    0.2500000000E+001
 0.4747475    0.1550000000E+001    0.1925000000E+001
 0.4848485    0.7000000000E+000    0.2325000000E+001
 0.4949495    0.3250000000E+000    0.2425000000E+001
 0.5050505    0.2500000000E+000    0.2400000000E+001
 0.5151515    0.5250000000E+000    0.2175000000E+001
 0.5252525    0.6250000000E+000    0.2450000000E+001
 0.5353535    0.2500000000E+000    0.1900000000E+001
 0.5454545    0.3500000000E+000    0.2475000000E+001
 0.5555556    0.2500000000E+000    0.2350000000E+001
 0.5656566    0.3000000000E+000    0.2175000000E+001
 0.5757576    0.5500000000E+000    0.2700000000E+001
 0.5858586    0.6500000000E+000    0.2175000000E+001
 0.5959596    0.4750000000E+000    0.2375000000E+001
 0.6060606    0.3000000000E+000    0.2125000000E+001
 0.6161616    0.4750000000E+000    0.2350000000E+001
 0.6262626    0.6250000000E+000    0.1950000000E+001
 0.6363636    0.5000000000E+000    0.1950000000E+001
 0.6464646    0.3750000000E+000    0.2300000000E+001
 0.6565657    0.3000000000E+000    0.2025000000E+001
 0.6666667    0.7250000000E+000    0.1825000000E+001
 0.6767677    0.5000000000E-001    0.2225000000E+001
 0.6868687    0.5250000000E+000    0.2225000000E+001
 0.6969697    0.4500000000E+000    0.2525000000E+001
 0.7070707    0.6000000000E+000    0.2350000000E+001
 0.7171717    0.1500000000E+000    0.2100000000E+001
 0.7272727    0.6000000000E+000    0.2225000000E+001
 0.7373737    0.1000000000E+000    0.2125000000E+001
 0.7474747    0.2000000000E+000    0.1975000000E+001
 0.7575758    0.1500000000E+000    0.2125000000E+001
 0.7676768    0.2750000000E+000    0.2100000000E+001
 0.7777778    0.6750000000E+000    0.2225000000E+001
 0.7878788    0.2750000000E+000    0.2150000000E+001
 0.7979798    0.5000000000E+000    0.2550000000E+001
 0.8080808    0.3750000000E+000    0.2150000000E+001
 0.8181818    0.5000000000E+000    0.2400000000E+001
 0.8282828    0.2750000000E+000    0.2200000000E+001
 0.8383838    0.3000000000E+000    0.2150000000E+001
 0.8484848    0.3750000000E+000    0.2125000000E+001
 0.8585859    0.3000000000E+000    0.2450000000E+001
 0.8686869    0.2000000000E+000    0.2050000000E+001
 0.8787879    0.0000000000E+000    0.2125000000E+001
 0.8888889    0.4000000000E+000    0.2275000000E+001
 0.8989899    0.2500000000E+000    0.2225000000E+001
 0.9090909    0.2500000000E+000    0.2075000000E+001
 0.9191919    0.1750000000E+000    0.2225000000E+001
 0.9292929    0.3750000000E+000    0.2400000000E+001
 0.9393939    0.7500000000E-001    0.2050000000E+001
 0.9494949    0.6500000000E+000    0.2450000000E+001
 0.9595960    0.1000000000E+000    0.1950000000E+001
 0.9696970    0.5000000000E+000    0.2400000000E+001
 0.9797980    0.5000000000E+000    0.2375000000E+001
 0.9898990    0.2000000000E+000    0.2150000000E+001
 1.0000000    0.3500000000E+000    0.2525000000E+001


# Weightfunction after cycle       5739
 0.0000000    0.4162500000E+001    0.2268750000E+001
 0.0101010    0.4262500000E+001    0.2450000000E+001
 0.0202020    0.4375000000E+001    0.2350000000E+001
 0.0303030    0.4231250000E+001    0.2325000000E+001
 0.0404040    0.4375000000E+001    0.2281250000E+001
 0.0505051    0.4550000000E+001    0.2368750000E+001
 0.0606061    0.4668750000E+001    0.2268750000E+001
 0.0707071    0.4568750000E+001    0.2200000000E+001
 0.0808081    0.5000000000E+001    0.2381250000E+001
 0.0909091    0.5118750000E+001    0.2225000000E+001
 0.1010101    0.5175000000E+001    0.2312500000E+001
 0.1111111    0.5506250000E+001    0.2125000000E+001
 0.1212121    0.5193750000E+001    0.2387500000E+001
 0.1313131    0.5756250000E+001    0.2368750000E+001
 0.1414141    0.5475000000E+001    0.2331250000E+001
 0.1515152    0.5493750000E+001    0.2206250000E+001
 0.1616162    0.5575000000E+001    0.2131250000E+001
 0.1717172    0.5518750000E+001    0.2137500000E+001
 0.1818182    0.5737500000E+001    0.2256250000E+001
 0.1919192    0.5818750000E+001    0.2212500000E+001
 0.2020202    0.5456250000E+001    0.2225000000E+001
 0.2121212    0.5550000000E+001    0.2531250000E+001
 0.2222222    0.5656250000E+001    0.2281250000E+001
 0.2323232    0.5168750000E+001    0.2281250000E+001
 0.2424242    0.5062500000E+001    0.2262500000E+001
 0.2525253    0.4850000000E+001    0.2306250000E+001
 0.2626263    0.4943750000E+001    0.2243750000E+001
 0.2727273    0.4693750000E+001    0.2206250000E+001
 0.2828283    0.4512500000E+001    0.2250000000E+001
 0.2929293    0.4525000000E+001    0.2212500000E+001
 0.3030303    0.4543750000E+001    0.2325000000E+001
 0.3131313    0.3993750000E+001    0.2193750000E+001
 0.3232323    0.3875000000E+001    0.2306250000E+001
 0.3333333    0.4031250000E+001    0.2193750000E+001
 0.3434343    0.3925000000E+001    0.2043750000E+001
 0.3535354    0.3750000000E+001    0.2425000000E+001
 0.3636364    0.3468750000E+001    0.2175000000E+001
 0.3737374    0.3537500000E+001    0.2231250000E+001
 0.3838384    0.3137500000E+001    0.2318750000E+001
 0.3939394    0.2443750000E+001    0.2050000000E+001
 0.4040404    0.2618750000E+001    0.2256250000E+001
 0.4141414    0.2462500000E+001    0.2181250000E+001
 0.4242424    0.2187500000E+001    0.2293750000E+001
 0.4343434    0.2081250000E+001    0.2106250000E+001
 0.4444444    0.1987500000E+001    0.2168750000E+001
 0.4545455    0.1481250000E+001    0.2050000000E+001
 0.4646465    0.1200000000E+001    0.2256250000E+001
 0.4747475    0.1206250000E+001    0.2256250000E+001
 0.4848485    0.7937500000E+000    0.2237500000E+001
 0.4949495    0.4062500000E+000    0.2125000000E+001
 0.5050505    0.2250000000E+000    0.2118750000E+001
 0.5151515    0.3000000000E+000    0.2106250000E+001
 0.5252525    0.3875000000E+000    0.2243750000E+001
 0.5353535    0.2812500000E+000    0.2262500000E+001
 0.5454545    0.2312500000E+000    0.2287500000E+001
 0.5555556    0.5062500000E+000    0.2106250000E+001
 0.5656566    0.3000000000E+000    0.2431250000E+001
 0.5757576    0.3062500000E+000    0.2293750000E+001
 0.5858586    0.4687500000E+000    0.2137500000E+001
 0.5959596    0.3312500000E+000    0.2187500000E+001
 0.6060606    0.2125000000E+000    0.2206250000E+001
 0.6161616    0.4062500000E+000    0.1993750000E+001
 0.6262626    0.5875000000E+000    0.2262500000E+001
 0.6363636    0.3500000000E+000    0.2037500000E+001
 0.6464646    0.1437500000E+000    0.2168750000E+001
 0.6565657    0.1937500000E+000    0.2293750000E+001
 0.6666667    0.5062500000E+000    0.2187500000E+001
 0.6767677    0.1437500000E+000    0.2206250000E+001
 0.6868687    0.3312500000E+000    0.2343750000E+001
 0.6969697    0.1250000000E+000    0.2125000000E+001
 0.7070707    0.2687500000E+000    0.2225000000E+001
 0.7171717    0.2000000000E+000    0.2100000000E+001
 0.7272727    0.1500000000E+000    0.2068750000E+001
 0.7373737    0.2687500000E+000    0.2125000000E+001
 0.7474747    0.8750000000E-001    0.2068750000E+001
 0.7575758    0.1500000000E+000    0.2225000000E+001
 0.7676768    0.2812500000E+000    0.2256250000E+001
 0.7777778    0.1812500000E+000    0.2112500000E+001
 0.7878788    0.2250000000E+000    0.2281250000E+001
 0.7979798    0.1062500000E+000    0.2031250000E+001
 0.8080808    0.3375000000E+000    0.2281250000E+001
 0.8181818    0.1187500000E+000    0.2156250000E+001
 0.8282828    0.2062500000E+000    0.2231250000E+001
 0.8383838    0.1250000000E-001    0.2037500000E+001
 0.8484848    0.2250000000E+000    0.2206250000E+001
 0.8585859    0.5000000000E-001    0.2006250000E+001
 0.8686869    0.1250000000E+000    0.2106250000E+001
 0.8787879    0.2250000000E+000    0.2131250000E+001
 0.8888889    0.0000000000E+000    0.2000000000E+001
 0.8989899    0.1187500000E+000    0.2181250000E+001
 0.9090909    0.1812500000E+000    0.2212500000E+001
 0.9191919    0.1187500000E+000    0.2168750000E+001
 0.9292929    0.1875000000E+000    0.2200000000E+001
 0.9393939    0.7500000000E-001    0.2206250000E+001
 0.9494949    0.1375000000E+000    0.2175000000E+001
 0.9595960    0.6875000000E-001    0.2050000000E+001
 0.9696970    0.1375000000E+000    0.2268750000E+001
 0.9797980    0.1250000000E+000    0.2112500000E+001
 0.9898990    0.1750000000E+000    0.2218750000E+001
 1.0000000    0.6875000000E-001    0.2075000000E+001


# Weightfunction after cycle      13955
 0.0000000    0.4610937500E+001    0.2821875000E+001
 0.0101010    0.4731250000E+001    0.2929687500E+001
 0.0202020    0.4839062500E+001    0.3023437500E+001
 0.0303030    0.4835937500E+001    0.2995312500E+001
 0.0404040    0.4859375000E+001    0.2848437500E+001
 0.0505051    0.5056250000E+001    0.2903125000E+001
 0.0606061    0.5264062500E+001    0.2987500000E+001
 0.0707071    0.5400000000E+001    0.2912500000E+001
 0.0808081    0.5534375000E+001    0.2895312500E+001
 0.0909091    0.5582812500E+001    0.2909375000E+001
 0.1010101    0.5812500000E+001    0.2926562500E+001
 0.1111111    0.5942187500E+001    0.2907812500E+001
 0.1212121    0.5956250000E+001    0.2839062500E+001
 0.1313131    0.6026562500E+001    0.2867187500E+001
 0.1414141    0.5960937500E+001    0.2834375000E+001
 0.1515152    0.6129687500E+001    0.2979687500E+001
 0.1616162    0.6051562500E+001    0.2885937500E+001
 0.1717172    0.6117187500E+001    0.2871875000E+001
 0.1818182    0.6128125000E+001    0.2970312500E+001
 0.1919192    0.5973437500E+001    0.2957812500E+001
 0.2020202    0.5906250000E+001    0.2793750000E+001
 0.2121212    0.5953125000E+001    0.2873437500E+001
 0.2222222    0.5864062500E+001    0.2904687500E+001
 0.2323232    0.5767187500E+001    0.2856250000E+001
 0.2424242    0.5568750000E+001    0.2926562500E+001
 0.2525253    0.5321875000E+001    0.2926562500E+001
 0.2626263    0.5173437500E+001    0.2846875000E+001
 0.2727273    0.5087500000E+001    0.2881250000E+001
 0.2828283    0.4984375000E+001    0.2873437500E+001
 0.2929293    0.4765625000E+001    0.2842187500E+001
 0.3030303    0.4682812500E+001    0.2814062500E+001
 0.3131313    0.4260937500E+001    0.2976562500E+001
 0.3232323    0.4200000000E+001    0.2812500000E+001
 0.3333333    0.3890625000E+001    0.2867187500E+001
 0.3434343    0.3707812500E+001    0.2825000000E+001
 0.3535354    0.3382812500E+001    0.2846875000E+001
 0.3636364    0.3200000000E+001    0.2887500000E+001
 0.3737374    0.3098437500E+001    0.2873437500E+001
 0.3838384    0.2859375000E+001    0.2846875000E+001
 0.3939394    0.2573437500E+001    0.2837500000E+001
 0.4040404    0.2543750000E+001    0.2900000000E+001
 0.4141414    0.2235937500E+001    0.2875000000E+001
 0.4242424    0.1868750000E+001    0.2801562500E+001
 0.4343434    0.1710937500E+001    0.2868750000E+001
 0.4444444    0.1475000000E+001    0.2825000000E+001
 0.4545455    0.1320312500E+001    0.2703125000E+001
 0.4646465    0.1087500000E+001    0.2807812500E+001
 0.4747475    0.7234375000E+000    0.2792187500E+001
 0.4848485    0.5078125000E+000    0.2870312500E+001
 0.4949495    0.2281250000E+000    0.2784375000E+001
 0.5050505    0.1546875000E+000    0.2796875000E+001
 0.5151515    0.1593750000E+000    0.2782812500E+001
 0.5252525    0.5781250000E-001    0.2878125000E+001
 0.5353535    0.1109375000E+000    0.2860937500E+001
 0.5454545    0.8593750000E-001    0.2779687500E+001
 0.5555556    0.6406250000E-001    0.2820312500E+001
 0.5656566    0.1406250000E+000    0.2825000000E+001
 0.5757576    0.1796875000E+000    0.2940625000E+001
 0.5858586    0.2203125000E+000    0.2796875000E+001
 0.5959596    0.1156250000E+000    0.2834375000E+001
 0.6060606    0.1312500000E+000    0.2835937500E+001
 0.6161616    0.2015625000E+000    0.2851562500E+001
 0.6262626    0.1421875000E+000    0.2815625000E+001
 0.6363636    0.1953125000E+000    0.2828125000E+001
 0.6464646    0.5156250000E-001    0.2867187500E+001
 0.6565657    0.1468750000E+000    0.2885937500E+001
 0.6666667    0.2187500000E+000    0.2945312500E+001
 0.6767677    0.1375000000E+000    0.2887500000E+001
 0.6868687    0.7656250000E-001    0.2873437500E+001
 0.6969697    0.1078125000E+000    0.2885937500E+001
 0.7070707    0.4375000000E-001    0.2795312500E+001
 0.7171717    0.1234375000E+000    0.2871875000E+001
 0.7272727    0.1140625000E+000    0.2895312500E+001
 0.7373737    0.9843750000E-001    0.2823437500E+001
 0.7474747    0.1031250000E+000    0.2857812500E+001
 0.7575758    0.2171875000E+000    0.2910937500E+001
 0.7676768    0.9531250000E-001    0.2859375000E+001
 0.7777778    0.1187500000E+000    0.2903125000E+001
 0.7878788    0.1390625000E+000    0.2912500000E+001
 0.7979798    0.1265625000E+000    0.2896875000E+001
 0.8080808    0.1593750000E+000    0.2910937500E+001
 0.8181818    0.5156250000E-001    0.2814062500E+001
 0.8282828    0.9531250000E-001    0.2868750000E+001
 0.8383838    0.9843750000E-001    0.2871875000E+001
 0.8484848    0.6406250000E-001    0.2846875000E+001
 0.8585859    0.1656250000E+000    0.2934375000E+001
 0.8686869    0.8125000000E-001    0.2879687500E+001
 0.8787879    0.1218750000E+000    0.2904687500E+001
 0.8888889    0.7656250000E-001    0.2882812500E+001
 0.8989899    0.6718750000E-001    0.2889062500E+001
 0.9090909    0.1828125000E+000    0.2964062500E+001
 0.9191919    0.3281250000E-001    0.2895312500E+001
 0.9292929    0.7812500000E-001    0.2895312500E+001
 0.9393939    0.1281250000E+000    0.2926562500E+001
 0.9494949    0.0000000000E+000    0.2832812500E+001
 0.9595960    0.1578125000E+000    0.2943750000E+001
 0.9696970    0.5625000000E-001    0.2845312500E+001
 0.9797980    0.1281250000E+000    0.3010937500E+001
 0.9898990    0.7187500000E-001    0.2926562500E+001
 1.0000000    0.2500000000E-001    0.2929687500E+001


# Weightfunction after cycle      42278
 0.0000000    0.5535156250E+001    0.3793359375E+001
 0.0101010    0.5639843750E+001    0.3878125000E+001
 0.0202020    0.5668750000E+001    0.3872656250E+001
 0.0303030    0.5684765625E+001    0.3842968750E+001
 0.0404040    0.5782031250E+001    0.3846093750E+001
 0.0505051    0.5925781250E+001    0.3859375000E+001
 0.0606061    0.6060156250E+001    0.3828906250E+001
 0.0707071    0.6118359375E+001    0.3799218750E+001
 0.0808081    0.6312890625E+001    0.3820703125E+001
 0.0909091    0.6521484375E+001    0.3828906250E+001
 0.1010101    0.6634765625E+001    0.3817968750E+001
 0.1111111    0.6634375000E+001    0.3841796875E+001
 0.1212121    0.6786718750E+001    0.3836328125E+001
 0.1313131    0.6770312500E+001    0.3886328125E+001
 0.1414141    0.6783203125E+001    0.3825000000E+001
 0.1515152    0.6790234375E+001    0.3851562500E+001
 0.1616162    0.6721093750E+001    0.3802343750E+001
 0.1717172    0.6667968750E+001    0.3828125000E+001
 0.1818182    0.6441796875E+001    0.3851171875E+001
 0.1919192    0.6419140625E+001    0.3822656250E+001
 0.2020202    0.6330468750E+001    0.3840234375E+001
 0.2121212    0.6152343750E+001    0.3815234375E+001
 0.2222222    0.6032421875E+001    0.3798828125E+001
 0.2323232    0.5855859375E+001    0.3810156250E+001
 0.2424242    0.5662890625E+001    0.3803906250E+001
 0.2525253    0.5592578125E+001    0.3813671875E+001
 0.2626263    0.5396484375E+001    0.3810156250E+001
 0.2727273    0.5189843750E+001    0.3808203125E+001
 0.2828283    0.5063671875E+001    0.3812500000E+001
 0.2929293    0.4832421875E+001    0.3836328125E+001
 0.3030303    0.4711328125E+001    0.3828906250E+001
 0.3131313    0.4446093750E+001    0.3838671875E+001
 0.3232323    0.4236328125E+001    0.3788671875E+001
 0.3333333    0.3999218750E+001    0.3796484375E+001
 0.3434343    0.3803125000E+001    0.3792578125E+001
 0.3535354    0.3598046875E+001    0.3818359375E+001
 0.3636364    0.3315234375E+001    0.3818750000E+001
 0.3737374    0.3171093750E+001    0.3793750000E+001
 0.3838384    0.2957812500E+001    0.3806640625E+001
 0.3939394    0.2678515625E+001    0.3767187500E+001
 0.4040404    0.2455078125E+001    0.3813671875E+001
 0.4141414    0.2208593750E+001    0.3766796875E+001
 0.4242424    0.2019921875E+001    0.3770312500E+001
 0.4343434    0.1756640625E+001    0.3789843750E+001
 0.4444444    0.1602343750E+001    0.3791015625E+001
 0.4545455    0.1314453125E+001    0.3785937500E+001
 0.4646465    0.1023828125E+001    0.3783203125E+001
 0.4747475    0.8332031250E+000    0.3767187500E+001
 0.4848485    0.6003906250E+000    0.3767187500E+001
 0.4949495    0.3796875000E+000    0.3795703125E+001
 0.5050505    0.2628906250E+000    0.3814843750E+001
 0.5151515    0.1582031250E+000    0.3754687500E+001
 0.5252525    0.2164062500E+000    0.3748437500E+001
 0.5353535    0.2480468750E+000    0.3785546875E+001
 0.5454545    0.2507812500E+000    0.3769140625E+001
 0.5555556    0.2316406250E+000    0.3783203125E+001
 0.5656566    0.2207031250E+000    0.3797265625E+001
 0.5757576    0.2218750000E+000    0.3790234375E+001
 0.5858586    0.1582031250E+000    0.3766406250E+001
 0.5959596    0.1828125000E+000    0.3830078125E+001
 0.6060606    0.2292968750E+000    0.3779296875E+001
 0.6161616    0.1769531250E+000    0.3822265625E+001
 0.6262626    0.2113281250E+000    0.3813281250E+001
 0.6363636    0.1679687500E+000    0.3772265625E+001
 0.6464646    0.2308593750E+000    0.3839062500E+001
 0.6565657    0.1843750000E+000    0.3781640625E+001
 0.6666667    0.2050781250E+000    0.3775390625E+001
 0.6767677    0.1753906250E+000    0.3790625000E+001
 0.6868687    0.1781250000E+000    0.3721875000E+001
 0.6969697    0.1703125000E+000    0.3773437500E+001
 0.7070707    0.1757812500E+000    0.3785546875E+001
 0.7171717    0.1812500000E+000    0.3801953125E+001
 0.7272727    0.2003906250E+000    0.3799609375E+001
 0.7373737    0.1750000000E+000    0.3792187500E+001
 0.7474747    0.1730468750E+000    0.3814062500E+001
 0.7575758    0.1363281250E+000    0.3762109375E+001
 0.7676768    0.1597656250E+000    0.3819140625E+001
 0.7777778    0.1472656250E+000    0.3773046875E+001
 0.7878788    0.1136718750E+000    0.3789453125E+001
 0.7979798    0.1324218750E+000    0.3788671875E+001
 0.8080808    0.1613281250E+000    0.3797656250E+001
 0.8181818    0.1574218750E+000    0.3787109375E+001
 0.8282828    0.1160156250E+000    0.3757031250E+001
 0.8383838    0.1128906250E+000    0.3757031250E+001
 0.8484848    0.1539062500E+000    0.3823828125E+001
 0.8585859    0.1250000000E+000    0.3803906250E+001
 0.8686869    0.1121093750E+000    0.3778515625E+001
 0.8787879    0.9101562500E-001    0.3756250000E+001
 0.8888889    0.6328125000E-001    0.3730468750E+001
 0.8989899    0.6875000000E-001    0.3755468750E+001
 0.9090909    0.6015625000E-001    0.3777343750E+001
 0.9191919    0.9570312500E-001    0.3786328125E+001
 0.9292929    0.6601562500E-001    0.3771484375E+001
 0.9393939    0.9257812500E-001    0.3773437500E+001
 0.9494949    0.7578125000E-001    0.3766796875E+001
 0.9595960    0.0000000000E+000    0.3689843750E+001
 0.9696970    0.9960937500E-001    0.3812109375E+001
 0.9797980    0.7421875000E-001    0.3781640625E+001
 0.9898990    0.4140625000E-001    0.3758984375E+001
 1.0000000    0.5156250000E-001    0.3769140625E+001


# Weightfunction after cycle      72178
 0.0000000    0.5373730469E+001    0.3607324219E+001
 0.0101010    0.5372363281E+001    0.3617675781E+001
 0.0202020    0.5440527344E+001    0.3634082031E+001
 0.0303030    0.5471582031E+001    0.3604003906E+001
 0.0404040    0.5556152344E+001    0.3603515625E+001
 0.0505051    0.5656347656E+001    0.3598242187E+001
 0.0606061    0.5806640625E+001    0.3586718750E+001
 0.0707071    0.5982519531E+001    0.3603027344E+001
 0.0808081    0.6097949219E+001    0.3575878906E+001
 0.0909091    0.6275195312E+001    0.3580957031E+001
 0.1010101    0.6388281250E+001    0.3592871094E+001
 0.1111111    0.6508398437E+001    0.3609765625E+001
 0.1212121    0.6604296875E+001    0.3632128906E+001
 0.1313131    0.6646777344E+001    0.3599023437E+001
 0.1414141    0.6651074219E+001    0.3566308594E+001
 0.1515152    0.6613867187E+001    0.3591503906E+001
 0.1616162    0.6583398437E+001    0.3575781250E+001
 0.1717172    0.6482519531E+001    0.3588769531E+001
 0.1818182    0.6417285156E+001    0.3636914062E+001
 0.1919192    0.6303027344E+001    0.3599218750E+001
 0.2020202    0.6190722656E+001    0.3596679687E+001
 0.2121212    0.6057519531E+001    0.3583496094E+001
 0.2222222    0.5884375000E+001    0.3591503906E+001
 0.2323232    0.5758691406E+001    0.3580371094E+001
 0.2424242    0.5624023437E+001    0.3602636719E+001
 0.2525253    0.5438964844E+001    0.3577148437E+001
 0.2626263    0.5302441406E+001    0.3563281250E+001
 0.2727273    0.5099511719E+001    0.3561523437E+001
 0.2828283    0.4938281250E+001    0.3587011719E+001
 0.2929293    0.4750195312E+001    0.3580175781E+001
 0.3030303    0.4592285156E+001    0.3615136719E+001
 0.3131313    0.4418261719E+001    0.3576660156E+001
 0.3232323    0.4198339844E+001    0.3597851562E+001
 0.3333333    0.3954003906E+001    0.3550488281E+001
 0.3434343    0.3744238281E+001    0.3566894531E+001
 0.3535354    0.3560742187E+001    0.3572265625E+001
 0.3636364    0.3297949219E+001    0.3535937500E+001
 0.3737374    0.3141406250E+001    0.3574121094E+001
 0.3838384    0.2891601562E+001    0.3566796875E+001
 0.3939394    0.2654882812E+001    0.3525000000E+001
 0.4040404    0.2432226562E+001    0.3563671875E+001
 0.4141414    0.2197363281E+001    0.3565917969E+001
 0.4242424    0.1962304687E+001    0.3538183594E+001
 0.4343434    0.1770019531E+001    0.3560253906E+001
 0.4444444    0.1515332031E+001    0.3555273437E+001
 0.4545455    0.1265039062E+001    0.3569140625E+001
 0.4646465    0.1058007812E+001    0.3530468750E+001
 0.4747475    0.8063476562E+000    0.3540820312E+001
 0.4848485    0.5513671875E+000    0.3529687500E+001
 0.4949495    0.3258789062E+000    0.3573437500E+001
 0.5050505    0.1909179687E+000    0.3523437500E+001
 0.5151515    0.1723632812E+000    0.3549511719E+001
 0.5252525    0.1245117187E+000    0.3524218750E+001
 0.5353535    0.1682617187E+000    0.3543847656E+001
 0.5454545    0.1825195312E+000    0.3525781250E+001
 0.5555556    0.1832031250E+000    0.3511621094E+001
 0.5656566    0.1630859375E+000    0.3543554687E+001
 0.5757576    0.1533203125E+000    0.3548339844E+001
 0.5858586    0.1613281250E+000    0.3529980469E+001
 0.5959596    0.1642578125E+000    0.3543750000E+001
 0.6060606    0.1808593750E+000    0.3552539062E+001
 0.6161616    0.1573242187E+000    0.3538183594E+001
 0.6262626    0.1716796875E+000    0.3537988281E+001
 0.6363636    0.1547851562E+000    0.3529882812E+001
 0.6464646    0.1827148437E+000    0.3547460937E+001
 0.6565657    0.1359375000E+000    0.3524218750E+001
 0.6666667    0.1695312500E+000    0.3532324219E+001
 0.6767677    0.1296875000E+000    0.3547363281E+001
 0.6868687    0.1354492187E+000    0.3520507812E+001
 0.6969697    0.1184570312E+000    0.3529785156E+001
 0.7070707    0.1234375000E+000    0.3512792969E+001
 0.7171717    0.1468750000E+000    0.3547167969E+001
 0.7272727    0.1289062500E+000    0.3522558594E+001
 0.7373737    0.1210937500E+000    0.3536035156E+001
 0.7474747    0.1072265625E+000    0.3520117187E+001
 0.7575758    0.1296875000E+000    0.3541015625E+001
 0.7676768    0.1035156250E+000    0.3530957031E+001
 0.7777778    0.1123046875E+000    0.3533203125E+001
 0.7878788    0.1006835937E+000    0.3537304687E+001
 0.7979798    0.8886718750E-001    0.3516113281E+001
 0.8080808    0.9960937500E-001    0.3532421875E+001
 0.8181818    0.9990234375E-001    0.3525683594E+001
 0.8282828    0.8994140625E-001    0.3526660156E+001
 0.8383838    0.9238281250E-001    0.3536132812E+001
 0.8484848    0.1024414062E+000    0.3545898437E+001
 0.8585859    0.9716796875E-001    0.3550000000E+001
 0.8686869    0.5888671875E-001    0.3504589844E+001
 0.8787879    0.6630859375E-001    0.3524414062E+001
 0.8888889    0.6162109375E-001    0.3532421875E+001
 0.8989899    0.4560546875E-001    0.3515429687E+001
 0.9090909    0.4511718750E-001    0.3523925781E+001
 0.9191919    0.4238281250E-001    0.3521777344E+001
 0.9292929    0.2099609375E-001    0.3512988281E+001
 0.9393939    0.3115234375E-001    0.3507226562E+001
 0.9494949    0.3056640625E-001    0.3520019531E+001
 0.9595960    0.1542968750E-001    0.3513671875E+001
 0.9696970    0.3974609375E-001    0.3549414062E+001
 0.9797980    0.2753906250E-001    0.3533789062E+001
 0.9898990    0.0000000000E+000    0.3503515625E+001
 1.0000000    0.3183593750E-001    0.3549511719E+001


