# Lambda, (Probability, Probability_biased(/observed)) per Fractional
 0.0000000   0.1535680977E-002   0.1339850218E+001   0.9931801315E+000   0.1044345005E+001
 0.0101010   0.1527455611E-002   0.1301802401E+001   0.9914851748E+000   0.1014045191E+001
 0.0202020   0.1458243374E-002   0.1266832362E+001   0.9977491007E+000   0.9875114552E+000
 0.0303030   0.1342136445E-002   0.1271093903E+001   0.9852699676E+000   0.9713585773E+000
 0.0404040   0.1186190509E-002   0.1241551843E+001   0.9861513716E+000   0.9794701312E+000
 0.0505051   0.1024673464E-002   0.1296206963E+001   0.9988617722E+000   0.9878406578E+000
 0.0606061   0.8291234593E-003   0.1266127880E+001   0.9850461302E+000   0.9848910019E+000
 0.0707071   0.6721276315E-003   0.1337090033E+001   0.9853843447E+000   0.1051231925E+001
 0.0808081   0.5362088433E-003   0.1283174041E+001   0.1001399282E+001   0.9969485985E+000
 0.0909091   0.4345464887E-003   0.1231048128E+001   0.9776105890E+000   0.9706079952E+000
 0.1010101   0.3573186980E-003   0.1319212352E+001   0.9810594216E+000   0.1002207063E+001
 0.1111111   0.3178386598E-003   0.1251576279E+001   0.9934902424E+000   0.9767882267E+000
 0.1212121   0.2873201815E-003   0.1265625503E+001   0.9785249052E+000   0.9972778011E+000
 0.1313131   0.2788555687E-003   0.1337523117E+001   0.9877805861E+000   0.9719335846E+000
 0.1414141   0.2696899737E-003   0.1089712815E+001   0.1013576224E+001   0.9926514062E+000
 0.1515152   0.2877724390E-003   0.1181549586E+001   0.9998306976E+000   0.9985024351E+000
 0.1616162   0.3133703614E-003   0.1151545571E+001   0.9775166929E+000   0.9765994839E+000
 0.1717172   0.3392682985E-003   0.1073475076E+001   0.9922722651E+000   0.1019220257E+001
 0.1818182   0.4015299002E-003   0.1084152025E+001   0.9875067905E+000   0.9625973968E+000
 0.1919192   0.4641645597E-003   0.1064882702E+001   0.9861846787E+000   0.9910492866E+000
 0.2020202   0.5437989742E-003   0.1029040723E+001   0.9834222235E+000   0.9813487811E+000
 0.2121212   0.6422718099E-003   0.1053882384E+001   0.1000950893E+001   0.9968915367E+000
 0.2222222   0.7738618694E-003   0.1089094949E+001   0.9737186748E+000   0.9257223080E+000
 0.2323232   0.9647454224E-003   0.9586502397E+000   0.9892313758E+000   0.9627729716E+000
 0.2424242   0.1199559065E-002   0.9990540304E+000   0.1007623741E+001   0.9984541520E+000
 0.2525253   0.1469597475E-002   0.9439542775E+000   0.9912068293E+000   0.9999948205E+000
 0.2626263   0.1871475024E-002   0.9162889121E+000   0.1003206561E+001   0.9756118758E+000
 0.2727273   0.2331050468E-002   0.9652100091E+000   0.1001667599E+001   0.9941042874E+000
 0.2828283   0.3037760881E-002   0.8982322230E+000   0.9969354361E+000   0.1022810761E+001
 0.2929293   0.3824587056E-002   0.9108262873E+000   0.9880841054E+000   0.9665522183E+000
 0.3030303   0.5018097730E-002   0.9045494657E+000   0.9846869362E+000   0.9475550293E+000
 0.3131313   0.6558477569E-002   0.8785471404E+000   0.9953818457E+000   0.1015647310E+001
 0.3232323   0.8432639716E-002   0.8667730473E+000   0.9856523132E+000   0.9828060516E+000
 0.3333333   0.1116670402E-001   0.8533070419E+000   0.9850943449E+000   0.9715648776E+000
 0.3434343   0.1437438438E-001   0.7847008624E+000   0.9718278341E+000   0.9678865864E+000
 0.3535354   0.1973026816E-001   0.9112535962E+000   0.9998900929E+000   0.1015476125E+001
 0.3636364   0.2579333120E-001   0.8590526145E+000   0.9893020321E+000   0.1001588161E+001
 0.3737374   0.3440468276E-001   0.8250064876E+000   0.9980931991E+000   0.9507504899E+000
 0.3838384   0.4599833535E-001   0.8126780478E+000   0.9883599375E+000   0.9920720095E+000
 0.3939394   0.6428613335E-001   0.8440390579E+000   0.9929313669E+000   0.1035149277E+001
 0.4040404   0.8544903358E-001   0.7995931557E+000   0.9875195541E+000   0.9577339760E+000
 0.4141414   0.1136290160E+000   0.8274433033E+000   0.9993655228E+000   0.9401369957E+000
 0.4242424   0.1547671002E+000   0.8139772979E+000   0.9907681675E+000   0.9960443885E+000
 0.4343434   0.2096730500E+000   0.8836632986E+000   0.1005613805E+001   0.1033327689E+001
 0.4444444   0.2943451508E+000   0.8907196702E+000   0.9998661384E+000   0.9742643396E+000
 0.4545455   0.4054110812E+000   0.9084934115E+000   0.9973802628E+000   0.9867608731E+000
 0.4646465   0.5550678032E+000   0.9258051973E+000   0.1008740533E+001   0.1061950764E+001
 0.4747475   0.7698777073E+000   0.8651331050E+000   0.1003532921E+001   0.9529495638E+000
 0.4848485   0.1042917035E+001   0.8514130240E+000   0.9948353159E+000   0.9880952412E+000
 0.4949495   0.1474444132E+001   0.9345188346E+000   0.1007202243E+001   0.9787327172E+000
 0.5050505   0.1708941365E+001   0.9042953901E+000   0.1002552359E+001   0.1025764806E+001
 0.5151515   0.1714731115E+001   0.9270640262E+000   0.1002181870E+001   0.1035043932E+001
 0.5252525   0.1714177815E+001   0.8805335495E+000   0.9918328735E+000   0.1015590249E+001
 0.5353535   0.1710135493E+001   0.9145219320E+000   0.1009359101E+001   0.9986121693E+000
 0.5454545   0.1728319425E+001   0.9235242915E+000   0.1008319654E+001   0.1028446710E+001
 0.5555556   0.1751630638E+001   0.9581767352E+000   0.9950162555E+000   0.1007373350E+001
 0.5656566   0.1702724123E+001   0.9553761294E+000   0.1023588618E+001   0.1020234201E+001
 0.5757576   0.1748663268E+001   0.9468876955E+000   0.9991623853E+000   0.9724383621E+000
 0.5858586   0.1711791492E+001   0.9433595097E+000   0.1000321749E+001   0.9362699616E+000
 0.5959596   0.1702152602E+001   0.9278435763E+000   0.9901879593E+000   0.1023455998E+001
 0.6060606   0.1751690372E+001   0.9729188930E+000   0.9889085577E+000   0.1020936500E+001
 0.6161616   0.1760126971E+001   0.9910621987E+000   0.1008310300E+001   0.9702875713E+000
 0.6262626   0.1763034212E+001   0.9213300025E+000   0.1000981124E+001   0.9784035145E+000
 0.6363636   0.1707023788E+001   0.9254240839E+000   0.1008019928E+001   0.9883673821E+000
 0.6464646   0.1774070425E+001   0.1013455496E+001   0.1001362608E+001   0.1029763521E+001
 0.6565657   0.1752280325E+001   0.9246965038E+000   0.1013799430E+001   0.9710074278E+000
 0.6666667   0.1774208866E+001   0.9253605650E+000   0.1000115168E+001   0.9579007720E+000
 0.6767677   0.1786360425E+001   0.9133208474E+000   0.1015462175E+001   0.9733601296E+000
 0.6868687   0.1777544838E+001   0.9472341622E+000   0.1012479367E+001   0.1000135280E+001
 0.6969697   0.1780205175E+001   0.9508778369E+000   0.1000616876E+001   0.9807254907E+000
 0.7070707   0.1830433148E+001   0.9644304590E+000   0.9972825503E+000   0.9797510508E+000
 0.7171717   0.1810564226E+001   0.9502426479E+000   0.1012485723E+001   0.1067977367E+001
 0.7272727   0.1826532502E+001   0.9855822506E+000   0.1004205752E+001   0.9880952412E+000
 0.7373737   0.1849092682E+001   0.9670578314E+000   0.1008341362E+001   0.9794569631E+000
 0.7474747   0.1857689308E+001   0.9856977395E+000   0.1003874751E+001   0.1048194481E+001
 0.7575758   0.1881145128E+001   0.9993138805E+000   0.1010507739E+001   0.1026660237E+001
 0.7676768   0.1861529390E+001   0.9551047305E+000   0.9970365569E+000   0.9972690224E+000
 0.7777778   0.1874487057E+001   0.9723298996E+000   0.1004585838E+001   0.1027845367E+001
 0.7878788   0.1884447940E+001   0.9797904824E+000   0.1005804212E+001   0.1009976246E+001
 0.7979798   0.1908494061E+001   0.9742412408E+000   0.1007978227E+001   0.1049195257E+001
 0.8080808   0.1886813620E+001   0.9714868306E+000   0.1010090143E+001   0.9811556489E+000
 0.8181818   0.1937147092E+001   0.9532164871E+000   0.1011807228E+001   0.9901450765E+000
 0.8282828   0.1951977889E+001   0.9593893686E+000   0.1007746482E+001   0.9877133661E+000
 0.8383838   0.1967167805E+001   0.1008911008E+001   0.1005771249E+001   0.1013895952E+001
 0.8484848   0.1995852132E+001   0.9967904481E+000   0.1014226828E+001   0.1035684780E+001
 0.8585859   0.1996958794E+001   0.9926790433E+000   0.1019854507E+001   0.1050419891E+001
 0.8686869   0.1990380297E+001   0.9944460234E+000   0.1012946563E+001   0.1040456024E+001
 0.8787879   0.1997951514E+001   0.9835207737E+000   0.1007169190E+001   0.1044265996E+001
 0.8888889   0.2055796102E+001   0.9846987605E+000   0.1017841704E+001   0.1018079021E+001
 0.8989899   0.2043429524E+001   0.9934123978E+000   0.1010273601E+001   0.1032454204E+001
 0.9090909   0.2051528622E+001   0.1002818968E+001   0.1009895020E+001   0.1011710046E+001
 0.9191919   0.2077962002E+001   0.1033752670E+001   0.1011788302E+001   0.1007684995E+001
 0.9292929   0.2094404739E+001   0.9591237442E+000   0.1013347382E+001   0.1060568113E+001
 0.9393939   0.2125210173E+001   0.9916511921E+000   0.1009073324E+001   0.1006552538E+001
 0.9494949   0.2118811898E+001   0.1044239062E+001   0.1020849679E+001   0.1073020752E+001
 0.9595960   0.2142681406E+001   0.9816152069E+000   0.1005445892E+001   0.9893154858E+000
 0.9696970   0.2148536713E+001   0.9596203464E+000   0.1015734476E+001   0.9908868799E+000
 0.9797980   0.2180062133E+001   0.1001866185E+001   0.1013738010E+001   0.1020730200E+001
 0.9898990   0.2209696204E+001   0.1000913402E+001   0.1014457832E+001   0.1022253311E+001
 1.0000000   0.2251536778E+001   0.1025859004E+001   0.1021289346E+001   0.1062635505E+001


 0.0000000   0.1618177884E-002   0.1384965163E+001   0.9900429189E+000   0.1041032066E+001
 0.0101010   0.1585696014E-002   0.1325725915E+001   0.9830312775E+000   0.1005385310E+001
 0.0202020   0.1541076030E-002   0.1313319959E+001   0.9954228567E+000   0.9851957284E+000
 0.0303030   0.1403110545E-002   0.1303557510E+001   0.9775903560E+000   0.9637743356E+000
 0.0404040   0.1229501366E-002   0.1262399377E+001   0.9740300409E+000   0.9674178125E+000
 0.0505051   0.1081254257E-002   0.1341757504E+001   0.9951741688E+000   0.9841804042E+000
 0.0606061   0.8695430293E-003   0.1302587146E+001   0.9841560542E+000   0.9839877307E+000
 0.0707071   0.7030649974E-003   0.1372024037E+001   0.9811208957E+000   0.1046669389E+001
 0.0808081   0.5646211526E-003   0.1325458330E+001   0.9914318148E+000   0.9870120547E+000
 0.0909091   0.4537755942E-003   0.1261064391E+001   0.9862224657E+000   0.9791449156E+000
 0.1010101   0.3814557985E-003   0.1381530663E+001   0.9836859263E+000   0.1004876565E+001
 0.1111111   0.3302656280E-003   0.1275766875E+001   0.9904641912E+000   0.9737998505E+000
 0.1212121   0.3012369879E-003   0.1301681473E+001   0.9958291475E+000   0.1014899916E+001
 0.1313131   0.2908578805E-003   0.1368548370E+001   0.9813497440E+000   0.9655928267E+000
 0.1414141   0.2886605175E-003   0.1144173763E+001   0.1002139527E+001   0.9814375134E+000
 0.1515152   0.3014410124E-003   0.1214122300E+001   0.9863093845E+000   0.9849857360E+000
 0.1616162   0.3267726355E-003   0.1177948309E+001   0.9792846999E+000   0.9783525730E+000
 0.1717172   0.3528155177E-003   0.1095099812E+001   0.9823867533E+000   0.1009052601E+001
 0.1818182   0.4184590161E-003   0.1108364393E+001   0.9869508475E+000   0.9620424392E+000
 0.1919192   0.4804333067E-003   0.1081235370E+001   0.9940915513E+000   0.9989816233E+000
 0.2020202   0.5594329935E-003   0.1038483487E+001   0.9886400915E+000   0.9865422778E+000
 0.2121212   0.6716617860E-003   0.1081138333E+001   0.9867819567E+000   0.9827667438E+000
 0.2222222   0.8073910363E-003   0.1114662937E+001   0.9771545242E+000   0.9289762083E+000
 0.2323232   0.9941465339E-003   0.9690701199E+000   0.9882494802E+000   0.9618043035E+000
 0.2424242   0.1238675886E-002   0.1012004313E+001   0.1000046700E+001   0.9909326351E+000
 0.2525253   0.1520829427E-002   0.9582755562E+000   0.1000657781E+001   0.1009515883E+001
 0.2626263   0.1937385095E-002   0.9305113856E+000   0.9953084510E+000   0.9679178975E+000
 0.2727273   0.2404276064E-002   0.9765889702E+000   0.9954641491E+000   0.9879342895E+000
 0.2828283   0.3162070465E-002   0.9171997567E+000   0.9967923991E+000   0.1022650152E+001
 0.2929293   0.3984211015E-002   0.9307877923E+000   0.1001324996E+001   0.9794912949E+000
 0.3030303   0.5123192976E-002   0.9059229515E+000   0.9815125062E+000   0.9444875049E+000
 0.3131313   0.6785996036E-002   0.8917291735E+000   0.9935786535E+000   0.1013793667E+001
 0.3232323   0.8734599400E-002   0.8807287751E+000   0.9849423305E+000   0.9820848096E+000
 0.3333333   0.1162604330E-001   0.8715044367E+000   0.9895403331E+000   0.9759365776E+000
 0.3434343   0.1529672380E-001   0.8191635939E+000   0.9779849310E+000   0.9740055132E+000
 0.3535354   0.2040708980E-001   0.9245804036E+000   0.1002723497E+001   0.1018339895E+001
 0.3636364   0.2671063452E-001   0.8726776949E+000   0.9919049399E+000   0.1004209785E+001
 0.3737374   0.3592462067E-001   0.8450634896E+000   0.9925022290E+000   0.9454119046E+000
 0.3838384   0.4771464411E-001   0.8269617914E+000   0.9940903568E+000   0.9978104284E+000
 0.3939394   0.6510705559E-001   0.8385532297E+000   0.9999811662E+000   0.1042484695E+001
 0.4040404   0.8648121587E-001   0.7938547381E+000   0.9878346708E+000   0.9580266046E+000
 0.4141414   0.1159795381E+000   0.8284908497E+000   0.9980617939E+000   0.9388978095E+000
 0.4242424   0.1584452422E+000   0.8174669273E+000   0.9874691248E+000   0.9927143234E+000
 0.4343434   0.2132269520E+000   0.8815432927E+000   0.1005709214E+001   0.1033411723E+001
 0.4444444   0.3001039204E+000   0.8908676080E+000   0.9985231590E+000   0.9729425618E+000
 0.4545455   0.4125663606E+000   0.9069374229E+000   0.9974354127E+000   0.9868020623E+000
 0.4646465   0.5574272291E+000   0.9120509468E+000   0.1012435628E+001   0.1065826327E+001
 0.4747475   0.7796421950E+000   0.8594366379E+000   0.1000202476E+001   0.9497741185E+000
 0.4848485   0.1053857700E+001   0.8439755058E+000   0.9975137748E+000   0.9907421265E+000
 0.4949495   0.1489426382E+001   0.9260535925E+000   0.1006936080E+001   0.9784608165E+000
 0.5050505   0.1705523831E+001   0.8853159501E+000   0.1006252441E+001   0.1029536605E+001
 0.5151515   0.1727127693E+001   0.9160000340E+000   0.1005052625E+001   0.1037994753E+001
 0.5252525   0.1728211132E+001   0.8708516464E+000   0.9963118805E+000   0.1020162716E+001
 0.5353535   0.1718913654E+001   0.9017268626E+000   0.1009560219E+001   0.9987976093E+000
 0.5454545   0.1727386999E+001   0.9054642340E+000   0.1010531085E+001   0.1030688316E+001
 0.5555556   0.1745884830E+001   0.9368628587E+000   0.1000947995E+001   0.1013365022E+001
 0.5656566   0.1720010673E+001   0.9467135229E+000   0.1015446518E+001   0.1012105068E+001
 0.5757576   0.1729977916E+001   0.9189464118E+000   0.1003831363E+001   0.9769692208E+000
 0.5858586   0.1720562747E+001   0.9301526450E+000   0.9964491329E+000   0.9326326745E+000
 0.5959596   0.1711956485E+001   0.9154325181E+000   0.1002055912E+001   0.1035708650E+001
 0.6060606   0.1746986126E+001   0.9518446898E+000   0.9918736171E+000   0.1023983712E+001
 0.6161616   0.1756797518E+001   0.9703668790E+000   0.1009906422E+001   0.9718103346E+000
 0.6262626   0.1749157779E+001   0.8966868511E+000   0.9965793040E+000   0.9740877783E+000
 0.6363636   0.1736853794E+001   0.9236806116E+000   0.1017112544E+001   0.9972692108E+000
 0.6464646   0.1782812308E+001   0.9990720086E+000   0.1004235413E+001   0.1032703810E+001
 0.6565657   0.1757737478E+001   0.9099279081E+000   0.1008397204E+001   0.9658201381E+000
 0.6666667   0.1781761778E+001   0.9116186938E+000   0.1010133119E+001   0.9674827586E+000
 0.6767677   0.1780953320E+001   0.8932317674E+000   0.1005188545E+001   0.9634993970E+000
 0.6868687   0.1792957355E+001   0.9372686472E+000   0.1006966045E+001   0.9946756960E+000
 0.6969697   0.1795387667E+001   0.9407413739E+000   0.1004665707E+001   0.9846804893E+000
 0.7070707   0.1828323348E+001   0.9449903918E+000   0.1009629857E+001   0.9918678591E+000
 0.7171717   0.1804963179E+001   0.9292793175E+000   0.1008619130E+001   0.1063884439E+001
 0.7272727   0.1822514682E+001   0.9647034822E+000   0.1004559629E+001   0.9884300448E+000
 0.7373737   0.1835965444E+001   0.9419234536E+000   0.1010104276E+001   0.9811560802E+000
 0.7474747   0.1841426262E+001   0.9584784505E+000   0.1005680835E+001   0.1050066071E+001
 0.7575758   0.1863510464E+001   0.9711108247E+000   0.1002576931E+001   0.1018588855E+001
 0.7676768   0.1863862164E+001   0.9381066888E+000   0.1007448012E+001   0.1007669248E+001
 0.7777778   0.1868031267E+001   0.9505449902E+000   0.1005837723E+001   0.1029112290E+001
 0.7878788   0.1892178634E+001   0.9650916278E+000   0.1016949800E+001   0.1021154226E+001
 0.7979798   0.1903873932E+001   0.9533913911E+000   0.1007986163E+001   0.1049189298E+001
 0.8080808   0.1898940901E+001   0.9591283003E+000   0.1013962230E+001   0.9849034709E+000
 0.8181818   0.1934742264E+001   0.9339194214E+000   0.1012727503E+001   0.9910322191E+000
 0.8282828   0.1946866506E+001   0.9386712642E+000   0.1013951540E+001   0.9937816045E+000
 0.8383838   0.1965309701E+001   0.9887802699E+000   0.1012390216E+001   0.1020554557E+001
 0.8484848   0.1979716641E+001   0.9699199235E+000   0.1009646489E+001   0.1030993562E+001
 0.8585859   0.1999191104E+001   0.9748805416E+000   0.1018589451E+001   0.1049102703E+001
 0.8686869   0.1981661258E+001   0.9712519686E+000   0.1013645462E+001   0.1041159794E+001
 0.8787879   0.1994459130E+001   0.9631214949E+000   0.1007268820E+001   0.1044355143E+001
 0.8888889   0.2033476606E+001   0.9554762033E+000   0.1008571333E+001   0.1008792816E+001
 0.8989899   0.2042551150E+001   0.9740924884E+000   0.1010995467E+001   0.1033177917E+001
 0.9090909   0.2052040257E+001   0.9839843196E+000   0.1007415908E+001   0.1009212801E+001
 0.9191919   0.2073868959E+001   0.1012086647E+001   0.1013820801E+001   0.1009695567E+001
 0.9292929   0.2062583419E+001   0.9265799414E+000   0.1007610414E+001   0.1054549517E+001
 0.9393939   0.2106805989E+001   0.9643594441E+000   0.1003458992E+001   0.1000938666E+001
 0.9494949   0.2130187636E+001   0.1029870772E+001   0.1022405652E+001   0.1074641680E+001
 0.9595960   0.2149578957E+001   0.9660384678E+000   0.1015267991E+001   0.9989664692E+000
 0.9696970   0.2167387719E+001   0.9496216742E+000   0.1011900471E+001   0.9871332875E+000
 0.9797980   0.2173691419E+001   0.9799323151E+000   0.1016032686E+001   0.1023026839E+001
 0.9898990   0.2191962048E+001   0.9739895711E+000   0.1009453605E+001   0.1017196843E+001
 1.0000000   0.2230978243E+001   0.9971518642E+000   0.1017978094E+001   0.1059175846E+001


 0.0000000   0.1746875770E-002   0.1463065239E+001   0.9848921063E+000   0.1035628411E+001
 0.0101010   0.1717915769E-002   0.1405480292E+001   0.9862713958E+000   0.1008711219E+001
 0.0202020   0.1666856857E-002   0.1390061029E+001   0.9965933539E+000   0.9863660424E+000
 0.0303030   0.1519003637E-002   0.1380976232E+001   0.9806675572E+000   0.9668196554E+000
 0.0404040   0.1334366161E-002   0.1340700769E+001   0.9778076918E+000   0.9711814791E+000
 0.0505051   0.1155829383E-002   0.1403553643E+001   0.9911544767E+000   0.9802168867E+000
 0.0606061   0.9472571472E-003   0.1388585686E+001   0.9873045693E+000   0.9871475593E+000
 0.0707071   0.7616883228E-003   0.1454563293E+001   0.9812205819E+000   0.1046788303E+001
 0.0808081   0.6090791857E-003   0.1399174160E+001   0.9851526873E+000   0.9807726948E+000
 0.0909091   0.4924102972E-003   0.1339097926E+001   0.9896716931E+000   0.9825811870E+000
 0.1010101   0.4136354095E-003   0.1465963308E+001   0.9885491636E+000   0.1009856692E+001
 0.1111111   0.3588020323E-003   0.1356288006E+001   0.9933461471E+000   0.9766450441E+000
 0.1212121   0.3217859994E-003   0.1360669514E+001   0.9929450268E+000   0.1011972712E+001
 0.1313131   0.3136210611E-003   0.1444021366E+001   0.9893474787E+000   0.9734738347E+000
 0.1414141   0.3111388551E-003   0.1206835095E+001   0.9970323353E+000   0.9764475488E+000
 0.1515152   0.3228653202E-003   0.1272537467E+001   0.9837951498E+000   0.9824866714E+000
 0.1616162   0.3479838064E-003   0.1227520262E+001   0.9870341409E+000   0.9861064772E+000
 0.1717172   0.3797769710E-003   0.1153516299E+001   0.9925352592E+000   0.1019488817E+001
 0.1818182   0.4399723961E-003   0.1140365706E+001   0.9863868417E+000   0.9615042118E+000
 0.1919192   0.5067989747E-003   0.1116122715E+001   0.9929525310E+000   0.9978489805E+000
 0.2020202   0.5846697051E-003   0.1062065235E+001   0.9868951705E+000   0.9848128833E+000
 0.2121212   0.6933974771E-003   0.1092199482E+001   0.9872240213E+000   0.9832188145E+000
 0.2222222   0.8360151723E-003   0.1129439259E+001   0.9849319421E+000   0.9363814054E+000
 0.2323232   0.1009455246E-002   0.9628994804E+000   0.9900904061E+000   0.9636075363E+000
 0.2424242   0.1277308147E-002   0.1021196802E+001   0.9939797389E+000   0.9849327912E+000
 0.2525253   0.1562520097E-002   0.9634398326E+000   0.9993783497E+000   0.1008237231E+001
 0.2626263   0.1966768218E-002   0.9243745965E+000   0.9952957474E+000   0.9679171647E+000
 0.2727273   0.2436337067E-002   0.9683981203E+000   0.9961960301E+000   0.9886725048E+000
 0.2828283   0.3174251102E-002   0.9009957638E+000   0.9893499599E+000   0.1015026835E+001
 0.2929293   0.4022331516E-002   0.9195498789E+000   0.9987537449E+000   0.9769878394E+000
 0.3030303   0.5167918003E-002   0.8942423735E+000   0.9936106995E+000   0.9561408051E+000
 0.3131313   0.6753640922E-002   0.8684532059E+000   0.9932545005E+000   0.1013475087E+001
 0.3232323   0.8695592426E-002   0.8580003258E+000   0.9861130684E+000   0.9832639563E+000
 0.3333333   0.1151956130E-001   0.8450116357E+000   0.9897619048E+000   0.9761668234E+000
 0.3434343   0.1525091410E-001   0.7992031283E+000   0.9858231752E+000   0.9818236517E+000
 0.3535354   0.2033079624E-001   0.9013782603E+000   0.1000539633E+001   0.1016134219E+001
 0.3636364   0.2665544530E-001   0.8522062124E+000   0.9926384415E+000   0.1004964452E+001
 0.3737374   0.3601196189E-001   0.8289589261E+000   0.9967013000E+000   0.9494231453E+000
 0.3838384   0.4770809901E-001   0.8091237514E+000   0.9973450426E+000   0.1001089313E+001
 0.3939394   0.6469427593E-001   0.8153752415E+000   0.1001236699E+001   0.1043806125E+001
 0.4040404   0.8729598449E-001   0.7841562428E+000   0.9914725775E+000   0.9615662818E+000
 0.4141414   0.1171702545E+000   0.8190544934E+000   0.9960796605E+000   0.9370444252E+000
 0.4242424   0.1584260823E+000   0.7998466938E+000   0.9929842944E+000   0.9982707739E+000
 0.4343434   0.2150359838E+000   0.8699649777E+000   0.1006837099E+001   0.1034583097E+001
 0.4444444   0.3001574046E+000   0.8719260311E+000   0.1000625769E+001   0.9750030122E+000
 0.4545455   0.4126308347E+000   0.8876346962E+000   0.9985312126E+000   0.9878980413E+000
 0.4646465   0.5577318388E+000   0.8929876232E+000   0.1008629088E+001   0.1061831799E+001
 0.4747475   0.7813711930E+000   0.8428785601E+000   0.9996945905E+000   0.9493032375E+000
 0.4848485   0.1053360604E+001   0.8254941961E+000   0.9972104811E+000   0.9904527834E+000
 0.4949495   0.1485056607E+001   0.9035437166E+000   0.1004988618E+001   0.9765801528E+000
 0.5050505   0.1702185760E+001   0.8646424076E+000   0.1004285756E+001   0.1027536749E+001
 0.5151515   0.1718691141E+001   0.8919858467E+000   0.1005695576E+001   0.1038671249E+001
 0.5252525   0.1720647440E+001   0.8484541040E+000   0.9945162163E+000   0.1018336291E+001
 0.5353535   0.1721984725E+001   0.8839736584E+000   0.1006319282E+001   0.9956031774E+000
 0.5454545   0.1720296511E+001   0.8824173632E+000   0.1007438739E+001   0.1027546623E+001
 0.5555556   0.1753599404E+001   0.9208309386E+000   0.1000775770E+001   0.1013202825E+001
 0.5656566   0.1714951666E+001   0.9236946027E+000   0.1014600952E+001   0.1011274425E+001
 0.5757576   0.1734291102E+001   0.9014895688E+000   0.1004344299E+001   0.9774801669E+000
 0.5858586   0.1732005992E+001   0.9162672901E+000   0.9969155395E+000   0.9330804134E+000
 0.5959596   0.1724997681E+001   0.9026330107E+000   0.1005939263E+001   0.1039734902E+001
 0.6060606   0.1746350411E+001   0.9311016775E+000   0.9978257133E+000   0.1030140864E+001
 0.6161616   0.1748936458E+001   0.9453167849E+000   0.1010931053E+001   0.9728079935E+000
 0.6262626   0.1748697836E+001   0.8772344347E+000   0.9987665249E+000   0.9762373575E+000
 0.6363636   0.1733236014E+001   0.9019975403E+000   0.1014100555E+001   0.9943279223E+000
 0.6464646   0.1774743742E+001   0.9732309330E+000   0.1001909424E+001   0.1030324253E+001
 0.6565657   0.1768346537E+001   0.8957966450E+000   0.1008786501E+001   0.9662045988E+000
 0.6666667   0.1786782121E+001   0.8945904656E+000   0.1011487710E+001   0.9687917866E+000
 0.6767677   0.1776638614E+001   0.8719665069E+000   0.1007801486E+001   0.9660155676E+000
 0.6868687   0.1788413514E+001   0.9148526602E+000   0.1012279989E+001   0.9999367874E+000
 0.6969697   0.1799245074E+001   0.9225531847E+000   0.1003824397E+001   0.9838677275E+000
 0.7070707   0.1814918077E+001   0.9179531079E+000   0.1004769886E+001   0.9871052389E+000
 0.7171717   0.1813320707E+001   0.9135695768E+000   0.1011509049E+001   0.1066945515E+001
 0.7272727   0.1823237135E+001   0.9443979838E+000   0.1006163149E+001   0.9900197045E+000
 0.7373737   0.1835710418E+001   0.9216040267E+000   0.1006474838E+001   0.9776423951E+000
 0.7474747   0.1843710488E+001   0.9390956516E+000   0.1009292865E+001   0.1053850169E+001
 0.7575758   0.1858945620E+001   0.9479659272E+000   0.1001406844E+001   0.1017412296E+001
 0.7676768   0.1864241246E+001   0.9181838201E+000   0.1003682443E+001   0.1003914906E+001
 0.7777778   0.1871717460E+001   0.9320042883E+000   0.1000229445E+001   0.1023386527E+001
 0.7878788   0.1899352512E+001   0.9479841413E+000   0.1019191580E+001   0.1023417562E+001
 0.7979798   0.1912921154E+001   0.9373875721E+000   0.1010608679E+001   0.1051931644E+001
 0.8080808   0.1904135619E+001   0.9411356329E+000   0.1007321520E+001   0.9784648217E+000
 0.8181818   0.1936841303E+001   0.9148911123E+000   0.1013126546E+001   0.9914346169E+000
 0.8282828   0.1949252573E+001   0.9196753540E+000   0.1012477435E+001   0.9923487378E+000
 0.8383838   0.1969227367E+001   0.9695132291E+000   0.1012783210E+001   0.1020962978E+001
 0.8484848   0.1975160205E+001   0.9469439128E+000   0.1006743729E+001   0.1028041772E+001
 0.8585859   0.1986056365E+001   0.9477149771E+000   0.1015730263E+001   0.1046170425E+001
 0.8686869   0.1988035083E+001   0.9534888526E+000   0.1014762112E+001   0.1042319268E+001
 0.8787879   0.1998509934E+001   0.9443898887E+000   0.1009272836E+001   0.1046445508E+001
 0.8888889   0.2040327793E+001   0.9381444699E+000   0.1009615801E+001   0.1009849638E+001
 0.8989899   0.2043158455E+001   0.9534949240E+000   0.1005671780E+001   0.1027749761E+001
 0.9090909   0.2059488910E+001   0.9663864721E+000   0.1010199613E+001   0.1012013622E+001
 0.9191919   0.2069841888E+001   0.9884680548E+000   0.1010585149E+001   0.1006485166E+001
 0.9292929   0.2071232743E+001   0.9105197239E+000   0.1004156182E+001   0.1050946989E+001
 0.9393939   0.2110444291E+001   0.9453167849E+000   0.1004323462E+001   0.1001812992E+001
 0.9494949   0.2134519109E+001   0.1009843334E+001   0.1021505393E+001   0.1073708317E+001
 0.9595960   0.2137422635E+001   0.9399840958E+000   0.1007608301E+001   0.9914416703E+000
 0.9696970   0.2161815095E+001   0.9268760021E+000   0.1008782361E+001   0.9841033111E+000
 0.9797980   0.2170155861E+001   0.9573664360E+000   0.1005700545E+001   0.1012635732E+001
 0.9898990   0.2179645839E+001   0.9477554530E+000   0.1003701414E+001   0.1011412672E+001
 1.0000000   0.2217356662E+001   0.9698188215E+000   0.1013225671E+001   0.1054243749E+001


 0.0000000   0.1618330326E-002   0.1391444073E+001   0.9846953118E+000   0.1035430974E+001
 0.0101010   0.1589651551E-002   0.1335124434E+001   0.9809470964E+000   0.1003274981E+001
 0.0202020   0.1541552383E-002   0.1319747235E+001   0.9955537150E+000   0.9853461085E+000
 0.0303030   0.1413984391E-002   0.1319680858E+001   0.9825067852E+000   0.9686417946E+000
 0.0404040   0.1243461971E-002   0.1282585300E+001   0.9796156025E+000   0.9729860608E+000
 0.0505051   0.1073182063E-002   0.1337844392E+001   0.9934044200E+000   0.9824510108E+000
 0.0606061   0.8829440091E-003   0.1328724274E+001   0.9879789189E+000   0.9878308603E+000
 0.0707071   0.7056882642E-003   0.1383455304E+001   0.9810643737E+000   0.1046631255E+001
 0.0808081   0.5671490070E-003   0.1337494809E+001   0.9872817563E+000   0.9829013114E+000
 0.0909091   0.4563283591E-003   0.1273971118E+001   0.9905114667E+000   0.9834239623E+000
 0.1010101   0.3837269108E-003   0.1396125822E+001   0.9879555618E+000   0.1009259550E+001
 0.1111111   0.3352516397E-003   0.1300962713E+001   0.9934266659E+000   0.9767331660E+000
 0.1212121   0.2982535671E-003   0.1294696781E+001   0.9895098673E+000   0.1008480973E+001
 0.1313131   0.2922823228E-003   0.1381553989E+001   0.9900465920E+000   0.9741706644E+000
 0.1414141   0.2906668002E-003   0.1157406783E+001   0.9943741615E+000   0.9738531863E+000
 0.1515152   0.3022838288E-003   0.1223097294E+001   0.9856156381E+000   0.9843137648E+000
 0.1616162   0.3259508994E-003   0.1180371542E+001   0.9889391492E+000   0.9880187555E+000
 0.1717172   0.3539438879E-003   0.1103637473E+001   0.9949716932E+000   0.1022000788E+001
 0.1818182   0.4079414818E-003   0.1085459189E+001   0.9832856652E+000   0.9584900553E+000
 0.1919192   0.4709287055E-003   0.1064702551E+001   0.9929592618E+000   0.9978648952E+000
 0.2020202   0.5488943058E-003   0.1023590483E+001   0.9867928323E+000   0.9847197912E+000
 0.2121212   0.6470982745E-003   0.1046373814E+001   0.9879663257E+000   0.9839671306E+000
 0.2222222   0.7867632263E-003   0.1091163134E+001   0.9882300978E+000   0.9395255999E+000
 0.2323232   0.9571367854E-003   0.9372701855E+000   0.9880963487E+000   0.9616756346E+000
 0.2424242   0.1203480436E-002   0.9877560763E+000   0.9925024382E+000   0.9834779552E+000
 0.2525253   0.1475630917E-002   0.9340575677E+000   0.9972303045E+000   0.1006079370E+001
 0.2626263   0.1876260682E-002   0.9052841353E+000   0.9964870010E+000   0.9690845361E+000
 0.2727273   0.2336730047E-002   0.9535029032E+000   0.9930245395E+000   0.9855340037E+000
 0.2828283   0.3035837914E-002   0.8846204241E+000   0.9903115483E+000   0.1016022697E+001
 0.2929293   0.3873534876E-002   0.9090793904E+000   0.9968162409E+000   0.9751015015E+000
 0.3030303   0.5028564883E-002   0.8932655816E+000   0.9914139478E+000   0.9540356436E+000
 0.3131313   0.6581213101E-002   0.8687830148E+000   0.9948203687E+000   0.1015082141E+001
 0.3232323   0.8526127046E-002   0.8636484314E+000   0.9872857405E+000   0.9844422679E+000
 0.3333333   0.1131330964E-001   0.8519484844E+000   0.9889047956E+000   0.9753304312E+000
 0.3434343   0.1490190277E-001   0.8016779482E+000   0.9879186189E+000   0.9839196169E+000
 0.3535354   0.1972056278E-001   0.8975711975E+000   0.9984248810E+000   0.1013995805E+001
 0.3636364   0.2624436443E-001   0.8613739334E+000   0.9964301444E+000   0.1008812489E+001
 0.3737374   0.3543168470E-001   0.8372881499E+000   0.9986367675E+000   0.9512755281E+000
 0.3838384   0.4720363013E-001   0.8218548992E+000   0.9988937036E+000   0.1002652983E+001
 0.3939394   0.6450280876E-001   0.8345785177E+000   0.1000353509E+001   0.1042894948E+001
 0.4040404   0.8618737963E-001   0.7947836527E+000   0.9921318411E+000   0.9622144834E+000
 0.4141414   0.1168643639E+000   0.8386378034E+000   0.9975509320E+000   0.9384371036E+000
 0.4242424   0.1572259611E+000   0.8148942272E+000   0.9941418395E+000   0.9994436467E+000
 0.4343434   0.2149980606E+000   0.8929395997E+000   0.1004916486E+001   0.1032619025E+001
 0.4444444   0.2975697231E+000   0.8873934827E+000   0.9993623095E+000   0.9737808359E+000
 0.4545455   0.4094851985E+000   0.9042899643E+000   0.9964873229E+000   0.9858849573E+000
 0.4646465   0.5551096082E+000   0.9124218110E+000   0.1005688846E+001   0.1058746175E+001
 0.4747475   0.7759244461E+000   0.8592587387E+000   0.9971420732E+000   0.9468880675E+000
 0.4848485   0.1048593507E+001   0.8436086584E+000   0.9972415338E+000   0.9904927088E+000
 0.4949495   0.1478621711E+001   0.9235494459E+000   0.1001740855E+001   0.9734331218E+000
 0.5050505   0.1703584832E+001   0.8883625781E+000   0.1003525550E+001   0.1026768358E+001
 0.5151515   0.1716067081E+001   0.9143054258E+000   0.1007718251E+001   0.1040769789E+001
 0.5252525   0.1712947061E+001   0.8671162296E+000   0.9927580615E+000   0.1016545348E+001
 0.5353535   0.1723435925E+001   0.9082430478E+000   0.1006748236E+001   0.9960366966E+000
 0.5454545   0.1721539175E+001   0.9065349617E+000   0.1007561087E+001   0.1027680837E+001
 0.5555556   0.1747214687E+001   0.9418737577E+000   0.1000602695E+001   0.1013036891E+001
 0.5656566   0.1711634623E+001   0.9464212787E+000   0.1011120575E+001   0.1007814701E+001
 0.5757576   0.1725481087E+001   0.9207586870E+000   0.1005397172E+001   0.9785138508E+000
 0.5858586   0.1742899404E+001   0.9465466564E+000   0.1000495116E+001   0.9364393674E+000
 0.5959596   0.1723657626E+001   0.9259139208E+000   0.1008254974E+001   0.1042137968E+001
 0.6060606   0.1742435838E+001   0.9537167827E+000   0.9962025182E+000   0.1028474533E+001
 0.6161616   0.1753290706E+001   0.9728685870E+000   0.1010930646E+001   0.9728165232E+000
 0.6262626   0.1748849166E+001   0.9006377872E+000   0.9994557367E+000   0.9769199813E+000
 0.6363636   0.1738338917E+001   0.9287076298E+000   0.1011713952E+001   0.9919969501E+000
 0.6464646   0.1768728828E+001   0.9957227195E+000   0.1001063406E+001   0.1029463682E+001
 0.6565657   0.1766956543E+001   0.9188927726E+000   0.1006489635E+001   0.9640135258E+000
 0.6666667   0.1792875893E+001   0.9215094778E+000   0.1010691595E+001   0.9680381543E+000
 0.6767677   0.1777292038E+001   0.8954810784E+000   0.1008640557E+001   0.9668287140E+000
 0.6868687   0.1784291217E+001   0.9370135301E+000   0.1011562686E+001   0.9992373939E+000
 0.6969697   0.1802248966E+001   0.9486648011E+000   0.1004855302E+001   0.9848871691E+000
 0.7070707   0.1814908192E+001   0.9423560929E+000   0.1006734741E+001   0.9890446200E+000
 0.7171717   0.1819667264E+001   0.9411436173E+000   0.1010515975E+001   0.1065907789E+001
 0.7272727   0.1827230066E+001   0.9716325109E+000   0.1008405928E+001   0.9922355986E+000
 0.7373737   0.1831556450E+001   0.9439683019E+000   0.1006675730E+001   0.9778464989E+000
 0.7474747   0.1844372744E+001   0.9644122335E+000   0.1006666007E+001   0.1051116982E+001
 0.7575758   0.1858743453E+001   0.9730662412E+000   0.1004331329E+001   0.1020392880E+001
 0.7676768   0.1872558238E+001   0.9468033118E+000   0.1005797237E+001   0.1006039416E+001
 0.7777778   0.1871602625E+001   0.9567273213E+000   0.1003273306E+001   0.1026510272E+001
 0.7878788   0.1895617498E+001   0.9712770284E+000   0.1019021999E+001   0.1023256662E+001
 0.7979798   0.1910709027E+001   0.9611996157E+000   0.1010510798E+001   0.1051839407E+001
 0.8080808   0.1910228717E+001   0.9692518107E+000   0.1006053181E+001   0.9772417788E+000
 0.8181818   0.1935553419E+001   0.9385932885E+000   0.1013183186E+001   0.9914991359E+000
 0.8282828   0.1951950374E+001   0.9454359579E+000   0.1015833149E+001   0.9956468681E+000
 0.8383838   0.1969728729E+001   0.9955457157E+000   0.1012602597E+001   0.1020790267E+001
 0.8484848   0.1978377596E+001   0.9737064047E+000   0.1006973230E+001   0.1028285558E+001
 0.8585859   0.1981196240E+001   0.9705336127E+000   0.1012974855E+001   0.1043342009E+001
 0.8686869   0.1993284957E+001   0.9814267177E+000   0.1013781520E+001   0.1041321596E+001
 0.8787879   0.2006379291E+001   0.9733184715E+000   0.1009855157E+001   0.1047058878E+001
 0.8888889   0.2045789378E+001   0.9656674850E+000   0.1008239286E+001   0.1008482053E+001
 0.8989899   0.2043085136E+001   0.9788129625E+000   0.1006478475E+001   0.1028583598E+001
 0.9090909   0.2072340193E+001   0.9982730483E+000   0.1016072080E+001   0.1017905968E+001
 0.9191919   0.2073054110E+001   0.1016325954E+001   0.1011174618E+001   0.1007081478E+001
 0.9292929   0.2077936347E+001   0.9377554708E+000   0.1006782549E+001   0.1053705400E+001
 0.9393939   0.2105600566E+001   0.9682251890E+000   0.1004990709E+001   0.1002487765E+001
 0.9494949   0.2121319875E+001   0.1030284174E+001   0.1014362479E+001   0.1066210149E+001
 0.9595960   0.2140403716E+001   0.9663238739E+000   0.1010380251E+001   0.9941782621E+000
 0.9696970   0.2165184328E+001   0.9530043427E+000   0.1009203583E+001   0.9845232572E+000
 0.9797980   0.2168366786E+001   0.9820123050E+000   0.1008201389E+001   0.1015163131E+001
 0.9898990   0.2182070396E+001   0.9740382867E+000   0.1002254216E+001   0.1009963617E+001
 1.0000000   0.2216085678E+001   0.9950353549E+000   0.1011294794E+001   0.1052244353E+001


 0.0000000   0.1647057229E-002   0.1404437629E+001   0.9837500917E+000   0.1034443549E+001
 0.0101010   0.1618998392E-002   0.1348532471E+001   0.9784722321E+000   0.1000750070E+001
 0.0202020   0.1568279369E-002   0.1331530405E+001   0.9920164544E+000   0.9818512829E+000
 0.0303030   0.1437132355E-002   0.1330197888E+001   0.9806877731E+000   0.9668545247E+000
 0.0404040   0.1266093856E-002   0.1295134393E+001   0.9776270759E+000   0.9710170903E+000
 0.0505051   0.1091116977E-002   0.1348958829E+001   0.9884167597E+000   0.9775244847E+000
 0.0606061   0.8984318446E-003   0.1340855651E+001   0.9869612421E+000   0.9868195340E+000
 0.0707071   0.7231990981E-003   0.1406064678E+001   0.9842546567E+000   0.1050041347E+001
 0.0808081   0.5806762149E-003   0.1358076240E+001   0.9888119035E+000   0.9844308525E+000
 0.0909091   0.4664085101E-003   0.1291349426E+001   0.9888095216E+000   0.9817403614E+000
 0.1010101   0.3911315690E-003   0.1411303300E+001   0.9863262246E+000   0.1007601407E+001
 0.1111111   0.3407642019E-003   0.1311423882E+001   0.9930192643E+000   0.9763387425E+000
 0.1212121   0.3060658198E-003   0.1317626857E+001   0.9906426810E+000   0.1009641847E+001
 0.1313131   0.2980453010E-003   0.1397149164E+001   0.9917456684E+000   0.9758486242E+000
 0.1414141   0.2959816537E-003   0.1168827902E+001   0.9918136065E+000   0.9713515745E+000
 0.1515152   0.3069894357E-003   0.1231869510E+001   0.9856285368E+000   0.9843328289E+000
 0.1616162   0.3325734601E-003   0.1194398696E+001   0.9881422773E+000   0.9872288257E+000
 0.1717172   0.3627617027E-003   0.1121782440E+001   0.9916988222E+000   0.1018645405E+001
 0.1818182   0.4148218330E-003   0.1094642791E+001   0.9833330765E+000   0.9585422914E+000
 0.1919192   0.4812460921E-003   0.1079034999E+001   0.9924921984E+000   0.9974017886E+000
 0.2020202   0.5598043580E-003   0.1035306579E+001   0.9878955657E+000   0.9858263997E+000
 0.2121212   0.6633495089E-003   0.1063785870E+001   0.9857692090E+000   0.9817850739E+000
 0.2222222   0.8046147613E-003   0.1106697204E+001   0.9892903178E+000   0.9405394747E+000
 0.2323232   0.9792429017E-003   0.9509910105E+000   0.9897139420E+000   0.9632560250E+000
 0.2424242   0.1230004989E-002   0.1001181309E+001   0.9925467114E+000   0.9835280031E+000
 0.2525253   0.1513642886E-002   0.9501988634E+000   0.9964323552E+000   0.1005280654E+001
 0.2626263   0.1918790855E-002   0.9181519405E+000   0.9972690026E+000   0.9698511248E+000
 0.2727273   0.2395787387E-002   0.9695203645E+000   0.9943482509E+000   0.9868539283E+000
 0.2828283   0.3095140901E-002   0.8944457210E+000   0.9911645141E+000   0.1016904195E+001
 0.2929293   0.3966527188E-002   0.9232088556E+000   0.9968925115E+000   0.9751822354E+000
 0.3030303   0.5135273669E-002   0.9046806892E+000   0.9905518553E+000   0.9532120406E+000
 0.3131313   0.6653233946E-002   0.8710304701E+000   0.9965424908E+000   0.1016845725E+001
 0.3232323   0.8665557288E-002   0.8705162277E+000   0.9891669525E+000   0.9863242567E+000
 0.3333333   0.1141678618E-001   0.8526341302E+000   0.9909627456E+000   0.9773662711E+000
 0.3434343   0.1508821227E-001   0.8049912916E+000   0.9895126768E+000   0.9855134119E+000
 0.3535354   0.1990633109E-001   0.8985370955E+000   0.9999022862E+000   0.1015502629E+001
 0.3636364   0.2650659942E-001   0.8627895274E+000   0.9960939595E+000   0.1008478461E+001
 0.3737374   0.3566916157E-001   0.8359325339E+000   0.9967196841E+000   0.9494553273E+000
 0.3838384   0.4745996137E-001   0.8194874649E+000   0.9986226819E+000   0.1002387237E+001
 0.3939394   0.6491253518E-001   0.8329373390E+000   0.9973707337E+000   0.1039791857E+001
 0.4040404   0.8666056651E-001   0.7925413994E+000   0.9931427870E+000   0.9632009942E+000
 0.4141414   0.1171390663E+000   0.8336606037E+000   0.9988956035E+000   0.9397079934E+000
 0.4242424   0.1583678957E+000   0.8140279443E+000   0.9956206784E+000   0.1000936659E+001
 0.4343434   0.2153467023E+000   0.8869945502E+000   0.1003726036E+001   0.1031402237E+001
 0.4444444   0.2978947787E+000   0.8810195995E+000   0.1000794238E+001   0.9751822354E+000
 0.4545455   0.4103560698E+000   0.8987223653E+000   0.1000283280E+001   0.9896467424E+000
 0.4646465   0.5565109535E+000   0.9071640169E+000   0.1002902616E+001   0.1055819583E+001
 0.4747475   0.7759088018E+000   0.8521388898E+000   0.9971654052E+000   0.9469161709E+000
 0.4848485   0.1054071533E+001   0.8410060758E+000   0.9971003530E+000   0.9903587036E+000
 0.4949495   0.1475855569E+001   0.9142018936E+000   0.1005870550E+001   0.9774522567E+000
 0.5050505   0.1706761340E+001   0.8826620874E+000   0.1003452125E+001   0.1026699681E+001
 0.5151515   0.1709714137E+001   0.9033909264E+000   0.1005437142E+001   0.1038420386E+001
 0.5252525   0.1715305843E+001   0.8611327879E+000   0.9924649186E+000   0.1016251564E+001
 0.5353535   0.1730100613E+001   0.9042187023E+000   0.1006150562E+001   0.9954516340E+000
 0.5454545   0.1718992770E+001   0.8977116948E+000   0.1007452695E+001   0.1027576735E+001
 0.5555556   0.1745140806E+001   0.9329794617E+000   0.1001746032E+001   0.1014200806E+001
 0.5656566   0.1720083277E+001   0.9432310567E+000   0.1009331895E+001   0.1006038188E+001
 0.5757576   0.1727372180E+001   0.9141484504E+000   0.1006955828E+001   0.9800369855E+000
 0.5858586   0.1741572646E+001   0.9380078738E+000   0.1002566273E+001   0.9383838143E+000
 0.5959596   0.1722636118E+001   0.9177160815E+000   0.1008434577E+001   0.1042330153E+001
 0.6060606   0.1735272420E+001   0.9419448568E+000   0.9992203090E+000   0.1031596564E+001
 0.6161616   0.1755543917E+001   0.9660667457E+000   0.1009964892E+001   0.9718932841E+000
 0.6262626   0.1750655362E+001   0.8941155607E+000   0.1001992657E+001   0.9794058508E+000
 0.6363636   0.1738914707E+001   0.9213359681E+000   0.1009357170E+001   0.9896923148E+000
 0.6464646   0.1771731532E+001   0.9891684631E+000   0.1003258238E+001   0.1031727262E+001
 0.6565657   0.1770278999E+001   0.9130107039E+000   0.1006561451E+001   0.9640883662E+000
 0.6666667   0.1790410242E+001   0.9126354138E+000   0.1008792329E+001   0.9662251097E+000
 0.6767677   0.1777648270E+001   0.8882569975E+000   0.1008383067E+001   0.9665879692E+000
 0.6868687   0.1790573608E+001   0.9325400398E+000   0.1009390826E+001   0.9970982593E+000
 0.6969697   0.1801893009E+001   0.9406372796E+000   0.1004367634E+001   0.9844153751E+000
 0.7070707   0.1816591032E+001   0.9354330988E+000   0.1007795551E+001   0.9900930079E+000
 0.7171717   0.1815574010E+001   0.9312645285E+000   0.1007575491E+001   0.1062812796E+001
 0.7272727   0.1833110663E+001   0.9667021260E+000   0.1010202551E+001   0.9940096545E+000
 0.7373737   0.1832686551E+001   0.9367430512E+000   0.1007974639E+001   0.9791143594E+000
 0.7474747   0.1842544172E+001   0.9554921162E+000   0.1005600722E+001   0.1050011252E+001
 0.7575758   0.1856069333E+001   0.9636344859E+000   0.1002765017E+001   0.1018807918E+001
 0.7676768   0.1873325570E+001   0.9393617684E+000   0.1007441069E+001   0.1007689972E+001
 0.7777778   0.1867359794E+001   0.9466680487E+000   0.1005776635E+001   0.1029078044E+001
 0.7878788   0.1897599613E+001   0.9642556147E+000   0.1017958230E+001   0.1022194893E+001
 0.7979798   0.1910723964E+001   0.9532617530E+000   0.1009798069E+001   0.1051104130E+001
 0.8080808   0.1913089764E+001   0.9626796339E+000   0.1006660115E+001   0.9778374725E+000
 0.8181818   0.1932609271E+001   0.9294189564E+000   0.1013898809E+001   0.9922056755E+000
 0.8282828   0.1950266163E+001   0.9368119335E+000   0.1015810052E+001   0.9956304841E+000
 0.8383838   0.1968850613E+001   0.9868763433E+000   0.1011661022E+001   0.1019847484E+001
 0.8484848   0.1972534221E+001   0.9628055224E+000   0.1005837449E+001   0.1027132189E+001
 0.8585859   0.1987292675E+001   0.9654729323E+000   0.1016900706E+001   0.1047392129E+001
 0.8686869   0.1989462850E+001   0.9714478829E+000   0.1011899972E+001   0.1039395463E+001
 0.8787879   0.2010216319E+001   0.9671189831E+000   0.1009529174E+001   0.1046727460E+001
 0.8888889   0.2042507425E+001   0.9561488739E+000   0.1007324157E+001   0.1007573032E+001
 0.8989899   0.2045902588E+001   0.9720606984E+000   0.1008085933E+001   0.1030232832E+001
 0.9090909   0.2071723455E+001   0.9897266477E+000   0.1016124881E+001   0.1017965258E+001
 0.9191919   0.2072262054E+001   0.1007539863E+001   0.1011852615E+001   0.1007763060E+001
 0.9292929   0.2078624757E+001   0.9303120518E+000   0.1007101368E+001   0.1054045699E+001
 0.9393939   0.2105424866E+001   0.9601416753E+000   0.1007759244E+001   0.1005255718E+001
 0.9494949   0.2116541063E+001   0.1019466012E+001   0.1013242701E+001   0.1065039825E+001
 0.9595960   0.2138430873E+001   0.9574528881E+000   0.1009644152E+001   0.9934602062E+000
 0.9696970   0.2165746921E+001   0.9453723479E+000   0.1007934661E+001   0.9832915426E+000
 0.9797980   0.2167990064E+001   0.9737257512E+000   0.1010147907E+001   0.1017129478E+001
 0.9898990   0.2178401157E+001   0.9643625011E+000   0.1003531083E+001   0.1011256657E+001
 1.0000000   0.2204456135E+001   0.9816317831E+000   0.1009965342E+001   0.1050867669E+001


 0.0000000   0.1566072583E-002   0.1357174298E+001   0.9832673771E+000   0.1033940953E+001
 0.0101010   0.1546808801E-002   0.1309427922E+001   0.9799211906E+000   0.1002236858E+001
 0.0202020   0.1497441715E-002   0.1292134012E+001   0.9933175232E+000   0.9831437669E+000
 0.0303030   0.1369685262E-002   0.1288457928E+001   0.9820050910E+000   0.9681579359E+000
 0.0404040   0.1205979734E-002   0.1253773011E+001   0.9759502173E+000   0.9693562501E+000
 0.0505051   0.1038322804E-002   0.1304637166E+001   0.9876027631E+000   0.9767241747E+000
 0.0606061   0.8554884741E-003   0.1297600562E+001   0.9851146229E+000   0.9849779361E+000
 0.0707071   0.6893596264E-003   0.1362144683E+001   0.9845021030E+000   0.1050310404E+001
 0.0808081   0.5540944291E-003   0.1317054875E+001   0.9888617574E+000   0.9844852393E+000
 0.0909091   0.4443758077E-003   0.1250425114E+001   0.9886387665E+000   0.9815755668E+000
 0.1010101   0.3735992331E-003   0.1370040594E+001   0.9872951816E+000   0.1008596135E+001
 0.1111111   0.3245773304E-003   0.1269513372E+001   0.9912904320E+000   0.9746436570E+000
 0.1212121   0.2920310983E-003   0.1277722906E+001   0.9912710505E+000   0.1010287146E+001
 0.1313131   0.2848461523E-003   0.1357065550E+001   0.9923434022E+000   0.9764414917E+000
 0.1414141   0.2828944109E-003   0.1135377067E+001   0.9901892139E+000   0.9697653773E+000
 0.1515152   0.2941908142E-003   0.1199776514E+001   0.9840467768E+000   0.9827578937E+000
 0.1616162   0.3180731823E-003   0.1160964013E+001   0.9881349972E+000   0.9872263195E+000
 0.1717172   0.3475658824E-003   0.1092331146E+001   0.9912555479E+000   0.1018195002E+001
 0.1818182   0.3969381335E-003   0.1064543986E+001   0.9822891908E+000   0.9575293467E+000
 0.1919192   0.4618952426E-003   0.1052547677E+001   0.9934126540E+000   0.9983316182E+000
 0.2020202   0.5365251838E-003   0.1008446314E+001   0.9889958075E+000   0.9869291027E+000
 0.2121212   0.6410768378E-003   0.1044844989E+001   0.9861538542E+000   0.9821729071E+000
 0.2222222   0.7774430206E-003   0.1086774296E+001   0.9895651115E+000   0.9408052698E+000
 0.2323232   0.9465782914E-003   0.9342701905E+000   0.9902770028E+000   0.9638086875E+000
 0.2424242   0.1187065883E-002   0.9819981188E+000   0.9925311037E+000   0.9835172863E+000
 0.2525253   0.1465642851E-002   0.9350809487E+000   0.9951435750E+000   0.1003985278E+001
 0.2626263   0.1859266686E-002   0.9041876623E+000   0.9948080392E+000   0.9674624921E+000
 0.2727273   0.2336578362E-002   0.9609902568E+000   0.9947743145E+000   0.9872815480E+000
 0.2828283   0.3021716504E-002   0.8874773044E+000   0.9915997766E+000   0.1017355674E+001
 0.2929293   0.3883028270E-002   0.9185230327E+000   0.9981066387E+000   0.9763746361E+000
 0.3030303   0.5035535607E-002   0.9015864392E+000   0.9911315951E+000   0.9537745320E+000
 0.3131313   0.6522647965E-002   0.8678695781E+000   0.9946573433E+000   0.1014927071E+001
 0.3232323   0.8534463913E-002   0.8713378755E+000   0.9891769911E+000   0.9863390292E+000
 0.3333333   0.1124317849E-001   0.8533710851E+000   0.9899687450E+000   0.9763906233E+000
 0.3434343   0.1487204062E-001   0.8064063376E+000   0.9912780939E+000   0.9872764612E+000
 0.3535354   0.1963414212E-001   0.9007135391E+000   0.1000852665E+001   0.1016472743E+001
 0.3636364   0.2631024784E-001   0.8703737044E+000   0.9978268068E+000   0.1010237731E+001
 0.3737374   0.3530580096E-001   0.8409193924E+000   0.9986919500E+000   0.9513386623E+000
 0.3838384   0.4724964193E-001   0.8291697096E+000   0.9977274365E+000   0.1001493453E+001
 0.3939394   0.6436981635E-001   0.8394522599E+000   0.9961409182E+000   0.1038514748E+001
 0.4040404   0.8630427976E-001   0.8021632078E+000   0.9926346617E+000   0.9627128368E+000
 0.4141414   0.1167156262E+000   0.8442022350E+000   0.9969225265E+000   0.9378563559E+000
 0.4242424   0.1575324838E+000   0.8229477471E+000   0.9937279900E+000   0.9990386890E+000
 0.4343434   0.2146602912E+000   0.8985958580E+000   0.1003888458E+001   0.1031574118E+001
 0.4444444   0.2968021711E+000   0.8921127052E+000   0.1000822863E+001   0.9752148365E+000
 0.4545455   0.4087726151E+000   0.9098639408E+000   0.9994258860E+000   0.9888032399E+000
 0.4646465   0.5562021781E+000   0.9214563268E+000   0.1001378372E+001   0.1054220004E+001
 0.4747475   0.7737525856E+000   0.8636380999E+000   0.9991470196E+000   0.9488025091E+000
 0.4848485   0.1053965121E+001   0.8546440240E+000   0.9996098204E+000   0.9928559981E+000
 0.4949495   0.1471087562E+001   0.9261189148E+000   0.1005341538E+001   0.9769429088E+000
 0.5050505   0.1707009806E+001   0.8971966933E+000   0.1002745365E+001   0.1025981501E+001
 0.5151515   0.1708914014E+001   0.9177035358E+000   0.1004989615E+001   0.1037963190E+001
 0.5252525   0.1716001143E+001   0.8755402247E+000   0.9944120022E+000   0.1018250231E+001
 0.5353535   0.1722013677E+001   0.9146789707E+000   0.1007076420E+001   0.9963724580E+000
 0.5454545   0.1720769075E+001   0.9133040801E+000   0.1007827427E+001   0.1027963915E+001
 0.5555556   0.1748872055E+001   0.9502319322E+000   0.1001316575E+001   0.1013770905E+001
 0.5656566   0.1718054515E+001   0.9574928303E+000   0.1008960293E+001   0.1005672655E+001
 0.5757576   0.1727958000E+001   0.9293813670E+000   0.1008150263E+001   0.9812042274E+000
 0.5858586   0.1742318858E+001   0.9537235328E+000   0.1004300675E+001   0.9400117227E+000
 0.5959596   0.1720737412E+001   0.9316641126E+000   0.1007341110E+001   0.1041204960E+001
 0.6060606   0.1734789847E+001   0.9570500690E+000   0.1000769029E+001   0.1033200454E+001
 0.6161616   0.1749660671E+001   0.9785414730E+000   0.1009485618E+001   0.9714367677E+000
 0.6262626   0.1751551508E+001   0.9091716407E+000   0.1004504940E+001   0.9818662433E+000
 0.6363636   0.1748170850E+001   0.9413553434E+000   0.1009674349E+001   0.9900080943E+000
 0.6464646   0.1771193423E+001   0.1005005204E+001   0.1003963746E+001   0.1032457775E+001
 0.6565657   0.1774134620E+001   0.9299309349E+000   0.1004955072E+001   0.9625544181E+000
 0.6666667   0.1792742216E+001   0.9287366443E+000   0.1010967787E+001   0.9683134478E+000
 0.6767677   0.1782379004E+001   0.9051547464E+000   0.1006762234E+001   0.9650389762E+000
 0.6868687   0.1791195294E+001   0.9480870641E+000   0.1009585478E+001   0.9972953562E+000
 0.6969697   0.1805662092E+001   0.9579870530E+000   0.1006205308E+001   0.9862213052E+000
 0.7070707   0.1820599855E+001   0.9527962585E+000   0.1010666675E+001   0.9929184936E+000
 0.7171717   0.1816600269E+001   0.9469966671E+000   0.1008363889E+001   0.1063649552E+001
 0.7272727   0.1834913619E+001   0.9834438900E+000   0.1011476396E+001   0.9952678870E+000
 0.7373737   0.1838080112E+001   0.9548314072E+000   0.1008955678E+001   0.9800720422E+000
 0.7474747   0.1844120838E+001   0.9719155879E+000   0.1006724466E+001   0.1051189701E+001
 0.7575758   0.1853898175E+001   0.9782142568E+000   0.1002227008E+001   0.1018266218E+001
 0.7676768   0.1871227016E+001   0.9536215812E+000   0.1004862163E+001   0.1005115283E+001
 0.7777778   0.1870211132E+001   0.9635856540E+000   0.1006927220E+001   0.1030260260E+001
 0.7878788   0.1897582671E+001   0.9799823894E+000   0.1016333548E+001   0.1020568376E+001
 0.7979798   0.1910862493E+001   0.9688881099E+000   0.1008412817E+001   0.1049667282E+001
 0.8080808   0.1914476825E+001   0.9790988086E+000   0.1006919329E+001   0.9780939880E+000
 0.8181818   0.1936230341E+001   0.9463558282E+000   0.1013711172E+001   0.9920268432E+000
 0.8282828   0.1948101187E+001   0.9510426904E+000   0.1014970335E+001   0.9948122515E+000
 0.8383838   0.1967264272E+001   0.1002172890E+001   0.1012318617E+001   0.1020515328E+001
 0.8484848   0.1973937246E+001   0.9792133828E+000   0.1007834768E+001   0.1029176763E+001
 0.8585859   0.1993827030E+001   0.9844546676E+000   0.1017182834E+001   0.1047687775E+001
 0.8686869   0.1986112827E+001   0.9856382775E+000   0.1010813407E+001   0.1038284387E+001
 0.8787879   0.2005086735E+001   0.9803931088E+000   0.1009027730E+001   0.1046212591E+001
 0.8888889   0.2036930513E+001   0.9690988099E+000   0.1007721700E+001   0.1007975540E+001
 0.8989899   0.2044342928E+001   0.9871704649E+000   0.1005504691E+001   0.1027599843E+001
 0.9090909   0.2072359964E+001   0.1006186872E+001   0.1016487848E+001   0.1018333800E+001
 0.9191919   0.2075022978E+001   0.1025346011E+001   0.1012279962E+001   0.1008193548E+001
 0.9292929   0.2083547106E+001   0.9477326608E+000   0.1006967959E+001   0.1053911160E+001
 0.9393939   0.2102712033E+001   0.9745527367E+000   0.1006533960E+001   0.1004038326E+001
 0.9494949   0.2115114710E+001   0.1035404267E+001   0.1011390425E+001   0.1063097993E+001
 0.9595960   0.2137021394E+001   0.9724360267E+000   0.1009125668E+001   0.9929548281E+000
 0.9696970   0.2161702777E+001   0.9590055983E+000   0.1008307195E+001   0.9836597178E+000
 0.9797980   0.2169124959E+001   0.9901338590E+000   0.1008893239E+001   0.1015871043E+001
 0.9898990   0.2174206040E+001   0.9782123148E+000   0.1003543440E+001   0.1011273993E+001
 1.0000000   0.2204982283E+001   0.9978889798E+000   0.1008505793E+001   0.1049354078E+001


 0.0000000   0.1552021779E-002   0.1346753560E+001   0.9835603191E+000   0.1034246350E+001
 0.0101010   0.1540393880E-002   0.1305699772E+001   0.9843613121E+000   0.1006775523E+001
 0.0202020   0.1484341176E-002   0.1282501692E+001   0.9922268680E+000   0.9820617746E+000
 0.0303030   0.1364081492E-002   0.1284861620E+001   0.9848184285E+000   0.9709291234E+000
 0.0404040   0.1200694447E-002   0.1249907835E+001   0.9808537085E+000   0.9742241233E+000
 0.0505051   0.1028714952E-002   0.1294252424E+001   0.9871317456E+000   0.9762558524E+000
 0.0606061   0.8493911570E-003   0.1290034064E+001   0.9865707746E+000   0.9864313668E+000
 0.0707071   0.6844473940E-003   0.1354203869E+001   0.9861178591E+000   0.1052031478E+001
 0.0808081   0.5485091386E-003   0.1305480938E+001   0.9890701071E+000   0.9846901524E+000
 0.0909091   0.4414655223E-003   0.1243857567E+001   0.9885162116E+000   0.9814513812E+000
 0.1010101   0.3696326823E-003   0.1357264231E+001   0.9872744117E+000   0.1008572341E+001
 0.1111111   0.3211548242E-003   0.1257766800E+001   0.9906826221E+000   0.9740435668E+000
 0.1212121   0.2895168831E-003   0.1268376112E+001   0.9919364068E+000   0.1010962684E+001
 0.1313131   0.2821635250E-003   0.1346039862E+001   0.9919445686E+000   0.9760465568E+000
 0.1414141   0.2796415908E-003   0.1123787237E+001   0.9907637676E+000   0.9703256024E+000
 0.1515152   0.2919746891E-003   0.1192293108E+001   0.9860397644E+000   0.9847457563E+000
 0.1616162   0.3161772751E-003   0.1155550519E+001   0.9879996914E+000   0.9870886174E+000
 0.1717172   0.3453366966E-003   0.1086742093E+001   0.9912659261E+000   0.1018203062E+001
 0.1818182   0.3953839781E-003   0.1061760184E+001   0.9832676771E+000   0.9584807214E+000
 0.1919192   0.4595688653E-003   0.1048613555E+001   0.9940246756E+000   0.9989441194E+000
 0.2020202   0.5353083876E-003   0.1007472731E+001   0.9904147104E+000   0.9883425167E+000
 0.2121212   0.6394757741E-003   0.1043596118E+001   0.9858327629E+000   0.9818506047E+000
 0.2222222   0.7748767506E-003   0.1084601000E+001   0.9902986807E+000   0.9415002889E+000
 0.2323232   0.9486262138E-003   0.9375137678E+000   0.9901588630E+000   0.9636912445E+000
 0.2424242   0.1189091178E-002   0.9849576790E+000   0.9928995104E+000   0.9838798348E+000
 0.2525253   0.1470030236E-002   0.9391044601E+000   0.9929199211E+000   0.1001739309E+001
 0.2626263   0.1859439270E-002   0.9054520751E+000   0.9937330516E+000   0.9664145863E+000
 0.2727273   0.2346535157E-002   0.9663451697E+000   0.9947404655E+000   0.9872454329E+000
 0.2828283   0.3027539720E-002   0.8903483728E+000   0.9941326914E+000   0.1019951774E+001
 0.2929293   0.3899531652E-002   0.9236310607E+000   0.9958245827E+000   0.9741397803E+000
 0.3030303   0.5031238306E-002   0.9019930032E+000   0.9927116114E+000   0.9552925560E+000
 0.3131313   0.6551009678E-002   0.8727811282E+000   0.9974461413E+000   0.1017770102E+001
 0.3232323   0.8555058156E-002   0.8745807077E+000   0.9898322672E+000   0.9869899049E+000
 0.3333333   0.1129746336E-001   0.8586107868E+000   0.9904357743E+000   0.9768487525E+000
 0.3434343   0.1494671404E-001   0.8115133630E+000   0.9930027659E+000   0.9889916454E+000
 0.3535354   0.1970482674E-001   0.9051362576E+000   0.9997599586E+000   0.1015360391E+001
 0.3636364   0.2635965999E-001   0.8731466808E+000   0.9965892313E+000   0.1008982186E+001
 0.3737374   0.3546361016E-001   0.8457808047E+000   0.9983978079E+000   0.9510560384E+000
 0.3838384   0.4751450601E-001   0.8349062385E+000   0.9963242716E+000   0.1000082437E+001
 0.3939394   0.6443124309E-001   0.8413502416E+000   0.9952109769E+000   0.1037542600E+001
 0.4040404   0.8650010523E-001   0.8050328875E+000   0.9936060771E+000   0.9636525092E+000
 0.4141414   0.1172569719E+000   0.8492249561E+000   0.9985504902E+000   0.9393854663E+000
 0.4242424   0.1586418555E+000   0.8298249754E+000   0.9956779022E+000   0.1000996466E+001
 0.4343434   0.2159421729E+000   0.9051420601E+000   0.1004902238E+001   0.1032613220E+001
 0.4444444   0.2981755540E+000   0.8974107483E+000   0.1001118599E+001   0.9755005140E+000
 0.4545455   0.4083354683E+000   0.9100774337E+000   0.9978008477E+000   0.9871929528E+000
 0.4646465   0.5576135053E+000   0.9250004321E+000   0.9993851775E+000   0.1052118944E+001
 0.4747475   0.7758203459E+000   0.8670765193E+000   0.1000283169E+001   0.9498789850E+000
 0.4848485   0.1057660295E+001   0.8587599919E+000   0.1001135022E+001   0.9943683554E+000
 0.4949495   0.1469070576E+001   0.9260564727E+000   0.1004154881E+001   0.9757872802E+000
 0.5050505   0.1713789194E+001   0.9019358079E+000   0.1004096027E+001   0.1027360838E+001
 0.5151515   0.1709937066E+001   0.9194516596E+000   0.1005836526E+001   0.1038835234E+001
 0.5252525   0.1718030195E+001   0.8777198176E+000   0.9935325880E+000   0.1017347137E+001
 0.5353535   0.1721696084E+001   0.9157041244E+000   0.1006179276E+001   0.9954823078E+000
 0.5454545   0.1723372349E+001   0.9158798549E+000   0.1007820022E+001   0.1027953738E+001
 0.5555556   0.1750594322E+001   0.9524094119E+000   0.1000758903E+001   0.1013203709E+001
 0.5656566   0.1721554815E+001   0.9606960982E+000   0.1007482513E+001   0.1004197126E+001
 0.5757576   0.1732170989E+001   0.9328635417E+000   0.1004783771E+001   0.9779252191E+000
 0.5858586   0.1740874037E+001   0.9541766636E+000   0.1002771750E+001   0.9385782725E+000
 0.5959596   0.1725218399E+001   0.9353096767E+000   0.1006777922E+001   0.1040620182E+001
 0.6060606   0.1738868848E+001   0.9605526955E+000   0.1000875713E+001   0.1033307957E+001
 0.6161616   0.1750503453E+001   0.9802908745E+000   0.1009514465E+001   0.9714620462E+000
 0.6262626   0.1752973959E+001   0.9110978309E+000   0.1001254751E+001   0.9786868051E+000
 0.6363636   0.1745963237E+001   0.9413939297E+000   0.1009048076E+001   0.9893914937E+000
 0.6464646   0.1774311267E+001   0.1008088617E+001   0.1003774215E+001   0.1032260229E+001
 0.6565657   0.1776799532E+001   0.9325435796E+000   0.1004561448E+001   0.9621749448E+000
 0.6666667   0.1790986048E+001   0.9290380883E+000   0.1010695541E+001   0.9680502157E+000
 0.6767677   0.1782570019E+001   0.9064335132E+000   0.1007174650E+001   0.9654318341E+000
 0.6868687   0.1794364476E+001   0.9510043970E+000   0.1010257849E+001   0.9979569939E+000
 0.6969697   0.1800919338E+001   0.9567181241E+000   0.1004982255E+001   0.9850200272E+000
 0.7070707   0.1815679998E+001   0.9514619594E+000   0.1009537716E+001   0.9918068273E+000
 0.7171717   0.1817663421E+001   0.9487878721E+000   0.1008077442E+001   0.1063344685E+001
 0.7272727   0.1834152775E+001   0.9843194127E+000   0.1010285423E+001   0.9940934597E+000
 0.7373737   0.1839596225E+001   0.9568665003E+000   0.1008235182E+001   0.9793696710E+000
 0.7474747   0.1847044352E+001   0.9747271816E+000   0.1006571681E+001   0.1051027484E+001
 0.7575758   0.1856227432E+001   0.9807219115E+000   0.1002028433E+001   0.1018061866E+001
 0.7676768   0.1871545075E+001   0.9550287906E+000   0.1005975526E+001   0.1006226356E+001
 0.7777778   0.1873419017E+001   0.9664985194E+000   0.1007144217E+001   0.1030479655E+001
 0.7878788   0.1899913065E+001   0.9824667825E+000   0.1014599077E+001   0.1018824077E+001
 0.7979798   0.1910691592E+001   0.9700661795E+000   0.1010201705E+001   0.1051526669E+001
 0.8080808   0.1913916961E+001   0.9800902766E+000   0.1007025367E+001   0.9781944919E+000
 0.8181818   0.1931988528E+001   0.9455153066E+000   0.1012345523E+001   0.9906878768E+000
 0.8282828   0.1949030476E+001   0.9527384920E+000   0.1014294386E+001   0.9941471893E+000
 0.8383838   0.1964708699E+001   0.1002177607E+001   0.1012330480E+001   0.1020524682E+001
 0.8484848   0.1971538745E+001   0.9793003184E+000   0.1008867883E+001   0.1030229125E+001
 0.8585859   0.1988028288E+001   0.9828729520E+000   0.1015453398E+001   0.1045903803E+001
 0.8686869   0.1982695923E+001   0.9852270771E+000   0.1010282378E+001   0.1037736276E+001
 0.8787879   0.2006061367E+001   0.9821501361E+000   0.1007210429E+001   0.1044325651E+001
 0.8888889   0.2036380330E+001   0.9701018230E+000   0.1008512680E+001   0.1008764144E+001
 0.8989899   0.2043842034E+001   0.9882169819E+000   0.1005582725E+001   0.1027676968E+001
 0.9090909   0.2063849528E+001   0.1003362959E+001   0.1014461607E+001   0.1016301284E+001
 0.9191919   0.2072186660E+001   0.1025281191E+001   0.1011492968E+001   0.1007407158E+001
 0.9292929   0.2083582462E+001   0.9489859834E+000   0.1007321151E+001   0.1054278125E+001
 0.9393939   0.2100826992E+001   0.9749501603E+000   0.1008741278E+001   0.1006237602E+001
 0.9494949   0.2111209874E+001   0.1034841923E+001   0.1010712956E+001   0.1062383175E+001
 0.9595960   0.2135712544E+001   0.9731091350E+000   0.1008691090E+001   0.9925246799E+000
 0.9696970   0.2161712258E+001   0.9602617456E+000   0.1007744485E+001   0.9831082526E+000
 0.9797980   0.2166305111E+001   0.9901375833E+000   0.1008460644E+001   0.1015432863E+001
 0.9898990   0.2170058706E+001   0.9776209319E+000   0.1002368469E+001   0.1010087392E+001
 1.0000000   0.2199326692E+001   0.9966288347E+000   0.1007558144E+001   0.1048365369E+001


 0.0000000   0.1572909578E-002   0.1354722870E+001   0.9828678984E+000   0.1033519655E+001
 0.0101010   0.1565145314E-002   0.1316808417E+001   0.9835100213E+000   0.1005906219E+001
 0.0202020   0.1508898861E-002   0.1294019220E+001   0.9905581922E+000   0.9804115299E+000
 0.0303030   0.1386142863E-002   0.1295926641E+001   0.9849975218E+000   0.9711070142E+000
 0.0404040   0.1222826304E-002   0.1263474977E+001   0.9824273031E+000   0.9757884116E+000
 0.0505051   0.1046102875E-002   0.1306335459E+001   0.9878875379E+000   0.9770046490E+000
 0.0606061   0.8600796009E-003   0.1296547628E+001   0.9845961796E+000   0.9844583923E+000
 0.0707071   0.6957075636E-003   0.1366240281E+001   0.9858303453E+000   0.1051726179E+001
 0.0808081   0.5570054873E-003   0.1315838307E+001   0.9895406170E+000   0.9851599211E+000
 0.0909091   0.4493738027E-003   0.1256718465E+001   0.9883469115E+000   0.9812846282E+000
 0.1010101   0.3751762984E-003   0.1367369282E+001   0.9879219389E+000   0.1009235212E+001
 0.1111111   0.3264239734E-003   0.1268890390E+001   0.9899979618E+000   0.9733717321E+000
 0.1212121   0.2948559819E-003   0.1282154873E+001   0.9896399497E+000   0.1008623553E+001
 0.1313131   0.2868485791E-003   0.1358207539E+001   0.9906817348E+000   0.9748052909E+000
 0.1414141   0.2848282471E-003   0.1136113638E+001   0.9915074543E+000   0.9710552710E+000
 0.1515152   0.2970914642E-003   0.1204160530E+001   0.9851474891E+000   0.9838559926E+000
 0.1616162   0.3224348746E-003   0.1169652029E+001   0.9889747027E+000   0.9880640760E+000
 0.1717172   0.3543489741E-003   0.1106805538E+001   0.9908255852E+000   0.1017752142E+001
 0.1818182   0.4015869697E-003   0.1070393260E+001   0.9847491198E+000   0.9599261268E+000
 0.1919192   0.4680442320E-003   0.1060005579E+001   0.9946966508E+000   0.9996207823E+000
 0.2020202   0.5477560080E-003   0.1023228873E+001   0.9894831897E+000   0.9874142904E+000
 0.2121212   0.6556429774E-003   0.1062018684E+001   0.9861250209E+000   0.9821430205E+000
 0.2222222   0.7930888418E-003   0.1101832541E+001   0.9892664982E+000   0.9405202503E+000
 0.2323232   0.9692050552E-003   0.9507242864E+000   0.9900910757E+000   0.9636265822E+000
 0.2424242   0.1212562297E-002   0.9969258528E+000   0.9925800298E+000   0.9835645967E+000
 0.2525253   0.1496717313E-002   0.9490384383E+000   0.9926250984E+000   0.1001443232E+001
 0.2626263   0.1894106264E-002   0.9154701640E+000   0.9931247325E+000   0.9658243063E+000
 0.2727273   0.2392502939E-002   0.9779442094E+000   0.9938017719E+000   0.9863151560E+000
 0.2828283   0.3080175888E-002   0.8990876275E+000   0.9943789896E+000   0.1020205859E+001
 0.2929293   0.3959945119E-002   0.9309613074E+000   0.9959784981E+000   0.9742916716E+000
 0.3030303   0.5112507542E-002   0.9097427995E+000   0.9944423240E+000   0.9569593355E+000
 0.3131313   0.6652133486E-002   0.8796591943E+000   0.9983938716E+000   0.1018738531E+001
 0.3232323   0.8668976393E-002   0.8796322265E+000   0.9926604970E+000   0.9898113620E+000
 0.3333333   0.1143937183E-001   0.8629268060E+000   0.9913672824E+000   0.9777688143E+000
 0.3434343   0.1510661240E-001   0.8140918764E+000   0.9940060148E+000   0.9899921908E+000
 0.3535354   0.1998912072E-001   0.9113630504E+000   0.9996037313E+000   0.1015203109E+001
 0.3636364   0.2669706999E-001   0.8777430271E+000   0.9963294058E+000   0.1008720504E+001
 0.3737374   0.3573739668E-001   0.8459684718E+000   0.9985379026E+000   0.9511907863E+000
 0.3838384   0.4793805078E-001   0.8360807871E+000   0.9966622701E+000   0.1000423074E+001
 0.3939394   0.6486703936E-001   0.8407381883E+000   0.9953553368E+000   0.1037694514E+001
 0.4040404   0.8698902846E-001   0.8035591525E+000   0.9947438605E+000   0.9647573072E+000
 0.4141414   0.1178430943E+000   0.8471193383E+000   0.9985922351E+000   0.9394260179E+000
 0.4242424   0.1597071854E+000   0.8291814192E+000   0.9937111422E+000   0.9990205612E+000
 0.4343434   0.2173086159E+000   0.9040919651E+000   0.1005385442E+001   0.1033111156E+001
 0.4444444   0.2995087794E+000   0.8947159385E+000   0.1000988994E+001   0.9753755554E+000
 0.4545455   0.4097429353E+000   0.9064192080E+000   0.9982026723E+000   0.9875918513E+000
 0.4646465   0.5583074620E+000   0.9192602245E+000   0.9998421425E+000   0.1052601456E+001
 0.4747475   0.7768916460E+000   0.8618131113E+000   0.1000610146E+001   0.9501907810E+000
 0.4848485   0.1059678876E+001   0.8539968404E+000   0.9996785032E+000   0.9929230343E+000
 0.4949495   0.1475202130E+001   0.9230021804E+000   0.1005000470E+001   0.9766103114E+000
 0.5050505   0.1715239043E+001   0.8959819644E+000   0.1004794955E+001   0.1028077361E+001
 0.5151515   0.1716036024E+001   0.9158652049E+000   0.1005381437E+001   0.1038366631E+001
 0.5252525   0.1714819809E+001   0.8695608696E+000   0.9943645240E+000   0.1018200402E+001
 0.5353535   0.1724729938E+001   0.9104920653E+000   0.1005530056E+001   0.9948413451E+000
 0.5454545   0.1719008916E+001   0.9067632289E+000   0.1006750640E+001   0.1026864391E+001
 0.5555556   0.1746408930E+001   0.9430625333E+000   0.1001844183E+001   0.1014303867E+001
 0.5656566   0.1724160660E+001   0.9549910199E+000   0.1004949387E+001   0.1001673625E+001
 0.5757576   0.1730665236E+001   0.9251173257E+000   0.1004875211E+001   0.9780155476E+000
 0.5858586   0.1739640733E+001   0.9464058040E+000   0.1003563217E+001   0.9393203528E+000
 0.5959596   0.1726977245E+001   0.9292965963E+000   0.1007138830E+001   0.1040994641E+001
 0.6060606   0.1738324580E+001   0.9531069225E+000   0.1002662111E+001   0.1035153651E+001
 0.6161616   0.1753692612E+001   0.9747693048E+000   0.1008391372E+001   0.9703826094E+000
 0.6262626   0.1754224678E+001   0.9049636790E+000   0.1001825978E+001   0.9792464910E+000
 0.6363636   0.1746841661E+001   0.9348592389E+000   0.1007447944E+001   0.9878238786E+000
 0.6464646   0.1774589293E+001   0.1000744339E+001   0.1005327479E+001   0.1033858982E+001
 0.6565657   0.1774346039E+001   0.9243265150E+000   0.1004495361E+001   0.9621129576E+000
 0.6666667   0.1791345878E+001   0.9223104944E+000   0.1009701998E+001   0.9670999123E+000
 0.6767677   0.1783016412E+001   0.8999141522E+000   0.1007794094E+001   0.9660269218E+000
 0.6868687   0.1793076560E+001   0.9432505786E+000   0.1009234603E+001   0.9969475655E+000
 0.6969697   0.1801875174E+001   0.9501032996E+000   0.1005614300E+001   0.9856408605E+000
 0.7070707   0.1810104662E+001   0.9414823696E+000   0.1007477484E+001   0.9897841287E+000
 0.7171717   0.1816824852E+001   0.9412935955E+000   0.1008784269E+001   0.1064091713E+001
 0.7272727   0.1833292152E+001   0.9765367850E+000   0.1010432455E+001   0.9942394901E+000
 0.7373737   0.1839562954E+001   0.9497293955E+000   0.1008678369E+001   0.9798015048E+000
 0.7474747   0.1845228097E+001   0.9665230078E+000   0.1006833104E+001   0.1051301885E+001
 0.7575758   0.1857607725E+001   0.9741483180E+000   0.1003938404E+001   0.1020003788E+001
 0.7676768   0.1870346401E+001   0.9473154185E+000   0.1005255503E+001   0.1005507524E+001
 0.7777778   0.1876139862E+001   0.9607001629E+000   0.1005698852E+001   0.1029002202E+001
 0.7878788   0.1897834044E+001   0.9740892805E+000   0.1013145099E+001   0.1017365430E+001
 0.7979798   0.1907812037E+001   0.9613969510E+000   0.1009734784E+001   0.1051042080E+001
 0.8080808   0.1917751822E+001   0.9747467103E+000   0.1009152737E+001   0.9802622916E+000
 0.8181818   0.1930941958E+001   0.9379714617E+000   0.1012164776E+001   0.9905123461E+000
 0.8282828   0.1950194626E+001   0.9462141144E+000   0.1014786726E+001   0.9946311044E+000
 0.8383838   0.1965632531E+001   0.9951882558E+000   0.1012330530E+001   0.1020526122E+001
 0.8484848   0.1969155714E+001   0.9708385748E+000   0.1007825571E+001   0.1029166146E+001
 0.8585859   0.1986674929E+001   0.9748953972E+000   0.1013807332E+001   0.1044209799E+001
 0.8686869   0.1983140696E+001   0.9781154910E+000   0.1009970974E+001   0.1037417824E+001
 0.8787879   0.2004852710E+001   0.9742547312E+000   0.1005653252E+001   0.1042712515E+001
 0.8888889   0.2031186524E+001   0.9604275701E+000   0.1009232196E+001   0.1009485214E+001
 0.8989899   0.2041684404E+001   0.9798283068E+000   0.1005704530E+001   0.1027802849E+001
 0.9090909   0.2062040791E+001   0.9950242628E+000   0.1014798806E+001   0.1016640481E+001
 0.9191919   0.2074423620E+001   0.1018750770E+001   0.1011206280E+001   0.1007123001E+001
 0.9292929   0.2081626985E+001   0.9410406818E+000   0.1006283991E+001   0.1053194052E+001
 0.9393939   0.2099686282E+001   0.9671702335E+000   0.1007712067E+001   0.1005212315E+001
 0.9494949   0.2111588057E+001   0.1027325782E+001   0.1011840089E+001   0.1063569379E+001
 0.9595960   0.2135308344E+001   0.9656855502E+000   0.1009839064E+001   0.9936556090E+000
 0.9696970   0.2157666809E+001   0.9513328826E+000   0.1007921684E+001   0.9832824602E+000
 0.9797980   0.2166271123E+001   0.9827546708E+000   0.1009454665E+001   0.1016435142E+001
 0.9898990   0.2171841976E+001   0.9711439662E+000   0.1004470418E+001   0.1012206906E+001
 1.0000000   0.2199892325E+001   0.9894674510E+000   0.1007904045E+001   0.1048726708E+001


 0.0000000   0.1527091372E-002   0.1328275922E+001   0.9833201018E+000   0.1033992219E+001
 0.0101010   0.1518547922E-002   0.1290247427E+001   0.9841186440E+000   0.1006525835E+001
 0.0202020   0.1466830604E-002   0.1270390186E+001   0.9925971543E+000   0.9824268092E+000
 0.0303030   0.1345365207E-002   0.1270249954E+001   0.9858921331E+000   0.9719862423E+000
 0.0404040   0.1185683812E-002   0.1237221148E+001   0.9829753814E+000   0.9763300066E+000
 0.0505051   0.1016045809E-002   0.1281357100E+001   0.9877751767E+000   0.9768907444E+000
 0.0606061   0.8346449791E-003   0.1270656563E+001   0.9858181923E+000   0.9856774277E+000
 0.0707071   0.6756951568E-003   0.1340070780E+001   0.9871197963E+000   0.1053098823E+001
 0.0808081   0.5390804808E-003   0.1286095534E+001   0.9878230683E+000   0.9834471761E+000
 0.0909091   0.4361398303E-003   0.1231778352E+001   0.9898504084E+000   0.9827745838E+000
 0.1010101   0.3641867981E-003   0.1340451776E+001   0.9896570708E+000   0.1011004900E+001
 0.1111111   0.3164492931E-003   0.1242289351E+001   0.9890258173E+000   0.9724131455E+000
 0.1212121   0.2860079606E-003   0.1255987268E+001   0.9906939361E+000   0.1009694883E+001
 0.1313131   0.2783387002E-003   0.1330955698E+001   0.9904664126E+000   0.9745906448E+000
 0.1414141   0.2753698940E-003   0.1109255893E+001   0.9914494213E+000   0.9709956707E+000
 0.1515152   0.2882817444E-003   0.1180016082E+001   0.9858829650E+000   0.9845877012E+000
 0.1616162   0.3130243533E-003   0.1146751634E+001   0.9896335274E+000   0.9887194792E+000
 0.1717172   0.3444971660E-003   0.1086681737E+001   0.9897072830E+000   0.1016600555E+001
 0.1818182   0.3918436601E-003   0.1054758779E+001   0.9869660483E+000   0.9620844332E+000
 0.1919192   0.4561794072E-003   0.1043358362E+001   0.9947153925E+000   0.9996367708E+000
 0.2020202   0.5340137738E-003   0.1007429506E+001   0.9896059845E+000   0.9875340170E+000
 0.2121212   0.6422763877E-003   0.1050662594E+001   0.9872327662E+000   0.9832434935E+000
 0.2222222   0.7750844029E-003   0.1087475105E+001   0.9894544799E+000   0.9406962910E+000
 0.2323232   0.9507287138E-003   0.9418290878E+000   0.9892295622E+000   0.9627853555E+000
 0.2424242   0.1190645353E-002   0.9885935902E+000   0.9929094707E+000   0.9838882443E+000
 0.2525253   0.1470642848E-002   0.9417330385E+000   0.9934023806E+000   0.1002224566E+001
 0.2626263   0.1866285365E-002   0.9109498655E+000   0.9929645015E+000   0.9656657308E+000
 0.2727273   0.2355173094E-002   0.9722120552E+000   0.9938195516E+000   0.9863299937E+000
 0.2828283   0.3037766894E-002   0.8954833605E+000   0.9942574920E+000   0.1020078302E+001
 0.2929293   0.3914308481E-002   0.9293388317E+000   0.9956817850E+000   0.9739986463E+000
 0.3030303   0.5063501476E-002   0.9099387861E+000   0.9955134232E+000   0.9579873350E+000
 0.3131313   0.6590270965E-002   0.8801026596E+000   0.9982650328E+000   0.1018604167E+001
 0.3232323   0.8603255814E-002   0.8816023099E+000   0.9927405171E+000   0.9898883342E+000
 0.3333333   0.1135300359E-001   0.8648865232E+000   0.9925113037E+000   0.9788943563E+000
 0.3434343   0.1503844949E-001   0.8184383433E+000   0.9928869259E+000   0.9888748055E+000
 0.3535354   0.1987439316E-001   0.9150991969E+000   0.9995046145E+000   0.1015099556E+001
 0.3636364   0.2655532730E-001   0.8817226918E+000   0.9967808471E+000   0.1009174687E+001
 0.3737374   0.3554578728E-001   0.8497593926E+000   0.9974011784E+000   0.9501052565E+000
 0.3838384   0.4774852836E-001   0.8410163413E+000   0.9967586341E+000   0.1000516953E+001
 0.3939394   0.6465944089E-001   0.8463406764E+000   0.9963253271E+000   0.1038702808E+001
 0.4040404   0.8685589408E-001   0.8102690268E+000   0.9945174487E+000   0.9645349747E+000
 0.4141414   0.1176914159E+000   0.8544011370E+000   0.9980024668E+000   0.9388685202E+000
 0.4242424   0.1590559193E+000   0.8339720828E+000   0.9941447128E+000   0.9994536030E+000
 0.4343434   0.2166819218E+000   0.9104055859E+000   0.1006629324E+001   0.1034386396E+001
 0.4444444   0.2984947062E+000   0.9005105829E+000   0.1000697119E+001   0.9750883729E+000
 0.4545455   0.4086814250E+000   0.9130174876E+000   0.9970500637E+000   0.9864486865E+000
 0.4646465   0.5579763794E+000   0.9278065246E+000   0.1000327635E+001   0.1053109569E+001
 0.4747475   0.7733747696E+000   0.8664015415E+000   0.9996701114E+000   0.9492954105E+000
 0.4848485   0.1058867326E+001   0.8617873312E+000   0.9981642570E+000   0.9914161982E+000
 0.4949495   0.1474376841E+001   0.9316145607E+000   0.1004731464E+001   0.9763461254E+000
 0.5050505   0.1714649847E+001   0.9045376116E+000   0.1004630971E+001   0.1027906651E+001
 0.5151515   0.1715863412E+001   0.9248353983E+000   0.1003729629E+001   0.1036657678E+001
 0.5252525   0.1715499599E+001   0.8785140035E+000   0.9945980532E+000   0.1018436629E+001
 0.5353535   0.1723297004E+001   0.9187381863E+000   0.1006435736E+001   0.9957345632E+000
 0.5454545   0.1721105117E+001   0.9168530579E+000   0.1006161523E+001   0.1026260583E+001
 0.5555556   0.1744833654E+001   0.9515358341E+000   0.1002524401E+001   0.1014989655E+001
 0.5656566   0.1724313325E+001   0.9645268274E+000   0.1003675159E+001   0.1000400703E+001
 0.5757576   0.1728313923E+001   0.9330027938E+000   0.1005714271E+001   0.9788293928E+000
 0.5858586   0.1735878005E+001   0.9537039878E+000   0.1002567223E+001   0.9383854455E+000
 0.5959596   0.1729676000E+001   0.9399593273E+000   0.1007273034E+001   0.1041130392E+001
 0.6060606   0.1740639583E+001   0.9638205446E+000   0.1003981745E+001   0.1036513097E+001
 0.6161616   0.1754015444E+001   0.9845966571E+000   0.1008882090E+001   0.9708520671E+000
 0.6262626   0.1753032548E+001   0.9132979517E+000   0.1001341648E+001   0.9787702906E+000
 0.6363636   0.1750027783E+001   0.9458324243E+000   0.1007536776E+001   0.9879081678E+000
 0.6464646   0.1774373914E+001   0.1010524856E+001   0.1004746498E+001   0.1033258571E+001
 0.6565657   0.1776883693E+001   0.9348085214E+000   0.1005283875E+001   0.9628654609E+000
 0.6666667   0.1789016534E+001   0.9302263276E+000   0.1007782708E+001   0.9652588540E+000
 0.6767677   0.1787619279E+001   0.9111656563E+000   0.1007363593E+001   0.9656115131E+000
 0.6868687   0.1793114912E+001   0.9526051834E+000   0.1009593799E+001   0.9972995492E+000
 0.6969697   0.1801382201E+001   0.9592428331E+000   0.1005491511E+001   0.9855177054E+000
 0.7070707   0.1809161799E+001   0.9503038412E+000   0.1006837667E+001   0.9891527322E+000
 0.7171717   0.1812421918E+001   0.9483047343E+000   0.1008584425E+001   0.1063877884E+001
 0.7272727   0.1832199929E+001   0.9856128591E+000   0.1009014060E+001   0.9928409998E+000
 0.7373737   0.1840569697E+001   0.9596526436E+000   0.1009228232E+001   0.9803328344E+000
 0.7474747   0.1847576065E+001   0.9773295640E+000   0.1007780844E+001   0.1052288488E+001
 0.7575758   0.1858037431E+001   0.9840158787E+000   0.1004604490E+001   0.1020677627E+001
 0.7676768   0.1869086973E+001   0.9560456707E+000   0.1007364415E+001   0.1007614097E+001
 0.7777778   0.1875298082E+001   0.9697717617E+000   0.1005168986E+001   0.1028457131E+001
 0.7878788   0.1893716055E+001   0.9815941547E+000   0.1012234515E+001   0.1016448159E+001
 0.7979798   0.1909235393E+001   0.9716351189E+000   0.1009312880E+001   0.1050599925E+001
 0.8080808   0.1917266115E+001   0.9841433042E+000   0.1009361988E+001   0.9804627615E+000
 0.8181818   0.1931441604E+001   0.9474985602E+000   0.1011651790E+001   0.9900075154E+000
 0.8282828   0.1949769745E+001   0.9553694834E+000   0.1015232204E+001   0.9950649016E+000
 0.8383838   0.1963851982E+001   0.1004126049E+001   0.1011752550E+001   0.1019940559E+001
 0.8484848   0.1970251903E+001   0.9809916052E+000   0.1007760247E+001   0.1029096509E+001
 0.8585859   0.1990181865E+001   0.9862807221E+000   0.1011963823E+001   0.1042308039E+001
 0.8686869   0.1984459115E+001   0.9884514372E+000   0.1008371208E+001   0.1035771634E+001
 0.8787879   0.2004477676E+001   0.9837117225E+000   0.1006368833E+001   0.1043451495E+001
 0.8888889   0.2028169525E+001   0.9684911038E+000   0.1009262052E+001   0.1009512204E+001
 0.8989899   0.2042202568E+001   0.9897756375E+000   0.1005600578E+001   0.1027693688E+001
 0.9090909   0.2060930302E+001   0.1004329674E+001   0.1013380573E+001   0.1015216783E+001
 0.9191919   0.2075046659E+001   0.1029141139E+001   0.1011283911E+001   0.1007197451E+001
 0.9292929   0.2083558534E+001   0.9512348795E+000   0.1007042449E+001   0.1053984867E+001
 0.9393939   0.2103252665E+001   0.9784001940E+000   0.1008021060E+001   0.1005517680E+001
 0.9494949   0.2115581832E+001   0.1039454277E+001   0.1010719159E+001   0.1062388119E+001
 0.9595960   0.2138413051E+001   0.9766597800E+000   0.1010504266E+001   0.9943073194E+000
 0.9696970   0.2155207430E+001   0.9596520033E+000   0.1006369527E+001   0.9817654511E+000
 0.9797980   0.2168138192E+001   0.9933352260E+000   0.1009202210E+001   0.1016178048E+001
 0.9898990   0.2173202839E+001   0.9813687589E+000   0.1003185451E+001   0.1010909164E+001
 1.0000000   0.2200072490E+001   0.9993408710E+000   0.1006853052E+001   0.1047630164E+001


 0.0000000   0.1542256209E-002   0.1339882480E+001   0.9841550127E+000   0.1034870086E+001
 0.0101010   0.1531956237E-002   0.1300103009E+001   0.9848501612E+000   0.1007273942E+001
 0.0202020   0.1479931090E-002   0.1280222825E+001   0.9919660718E+000   0.9818021279E+000
 0.0303030   0.1354921186E-002   0.1277761899E+001   0.9850700154E+000   0.9711756562E+000
 0.0404040   0.1195147229E-002   0.1245623397E+001   0.9831887840E+000   0.9765419018E+000
 0.0505051   0.1024055941E-002   0.1289933960E+001   0.9871487523E+000   0.9762711580E+000
 0.0606061   0.8396857332E-003   0.1276821178E+001   0.9834128663E+000   0.9832723801E+000
 0.0707071   0.6803441446E-003   0.1347697701E+001   0.9860858716E+000   0.1051995721E+001
 0.0808081   0.5431608319E-003   0.1294300063E+001   0.9870684594E+000   0.9826958450E+000
 0.0909091   0.4394728191E-003   0.1239726090E+001   0.9907136801E+000   0.9836316194E+000
 0.1010101   0.3666953676E-003   0.1348091356E+001   0.9886723814E+000   0.1009998903E+001
 0.1111111   0.3192810188E-003   0.1251925938E+001   0.9888923444E+000   0.9722818502E+000
 0.1212121   0.2873097226E-003   0.1260214124E+001   0.9898635077E+000   0.1008848461E+001
 0.1313131   0.2798621318E-003   0.1336660294E+001   0.9914392868E+000   0.9755478605E+000
 0.1414141   0.2755230542E-003   0.1108562378E+001   0.9890973783E+000   0.9686920865E+000
 0.1515152   0.2893695905E-003   0.1183070373E+001   0.9865211443E+000   0.9852249768E+000
 0.1616162   0.3135408841E-003   0.1147287663E+001   0.9897508674E+000   0.9888366453E+000
 0.1717172   0.3439077295E-003   0.1083541516E+001   0.9898105882E+000   0.1016706600E+001
 0.1818182   0.3922309242E-003   0.1054554574E+001   0.9882463685E+000   0.9633324124E+000
 0.1919192   0.4548029832E-003   0.1038982024E+001   0.9943774382E+000   0.9992970784E+000
 0.2020202   0.5337171620E-003   0.1005681081E+001   0.9896751430E+000   0.9876029652E+000
 0.2121212   0.6399801112E-003   0.1045670116E+001   0.9868725469E+000   0.9828846646E+000
 0.2222222   0.7733494708E-003   0.1083759763E+001   0.9885431877E+000   0.9398298430E+000
 0.2323232   0.9495303893E-003   0.9395313187E+000   0.9896890808E+000   0.9632325264E+000
 0.2424242   0.1184857324E-002   0.9826261805E+000   0.9928397832E+000   0.9838191247E+000
 0.2525253   0.1467283574E-002   0.9384725011E+000   0.9922850212E+000   0.1001097217E+001
 0.2626263   0.1857528806E-002   0.9056051577E+000   0.9924334335E+000   0.9651491991E+000
 0.2727273   0.2349861984E-002   0.9688742871E+000   0.9921266209E+000   0.9846497559E+000
 0.2828283   0.3029192156E-002   0.8919013135E+000   0.9942946002E+000   0.1020116306E+001
 0.2929293   0.3909950930E-002   0.9272081634E+000   0.9948122340E+000   0.9731479672E+000
 0.3030303   0.5054899910E-002   0.9073204538E+000   0.9944161733E+000   0.9569313827E+000
 0.3131313   0.6577902185E-002   0.8774136317E+000   0.9963152585E+000   0.1016614600E+001
 0.3232323   0.8570527955E-002   0.8772115938E+000   0.9929806544E+000   0.9901277161E+000
 0.3333333   0.1133689246E-001   0.8626393918E+000   0.9930716201E+000   0.9794469205E+000
 0.3434343   0.1502604399E-001   0.8167976248E+000   0.9915180575E+000   0.9875114031E+000
 0.3535354   0.1990109757E-001   0.9152468240E+000   0.9988585985E+000   0.1014443393E+001
 0.3636364   0.2652711728E-001   0.8797460408E+000   0.9961895443E+000   0.1008575965E+001
 0.3737374   0.3555168065E-001   0.8488967609E+000   0.9988937858E+000   0.9515270228E+000
 0.3838384   0.4776392781E-001   0.8402942295E+000   0.9971827173E+000   0.1000942569E+001
 0.3939394   0.6471127472E-001   0.8460190231E+000   0.9955754732E+000   0.1037920991E+001
 0.4040404   0.8706471620E-001   0.8112580808E+000   0.9945482446E+000   0.9645647782E+000
 0.4141414   0.1178820190E+000   0.8547743856E+000   0.9975020639E+000   0.9383977052E+000
 0.4242424   0.1592434895E+000   0.8339696901E+000   0.9952175198E+000   0.1000532073E+001
 0.4343434   0.2171685437E+000   0.9113727903E+000   0.1003516282E+001   0.1031187446E+001
 0.4444444   0.2992193880E+000   0.9016309734E+000   0.1001319807E+001   0.9756950610E+000
 0.4545455   0.4089875994E+000   0.9126226466E+000   0.9973719420E+000   0.9867670769E+000
 0.4646465   0.5593677546E+000   0.9290218735E+000   0.1001518496E+001   0.1054363195E+001
 0.4747475   0.7744040027E+000   0.8665302137E+000   0.1000107477E+001   0.9497106742E+000
 0.4848485   0.1061779650E+001   0.8631372502E+000   0.9983226300E+000   0.9915734349E+000
 0.4949495   0.1476232954E+001   0.9316859953E+000   0.1005420801E+001   0.9770159223E+000
 0.5050505   0.1717494311E+001   0.9049683619E+000   0.1003690654E+001   0.1026944480E+001
 0.5151515   0.1717197917E+001   0.9244618371E+000   0.1004287765E+001   0.1037234055E+001
 0.5252525   0.1715411385E+001   0.8774315777E+000   0.9950567796E+000   0.1018906283E+001
 0.5353535   0.1727274779E+001   0.9197715471E+000   0.1006864350E+001   0.9961585542E+000
 0.5454545   0.1721850863E+001   0.9161672833E+000   0.1006405583E+001   0.1026509450E+001
 0.5555556   0.1746890367E+001   0.9515326026E+000   0.1003773763E+001   0.1016254484E+001
 0.5656566   0.1727529603E+001   0.9651849242E+000   0.1004454894E+001   0.1001177827E+001
 0.5757576   0.1729533946E+001   0.9325589843E+000   0.1006311015E+001   0.9794101203E+000
 0.5858586   0.1735737012E+001   0.9525005321E+000   0.1002133389E+001   0.9379793229E+000
 0.5959596   0.1733087664E+001   0.9407012861E+000   0.1007397380E+001   0.1041258849E+001
 0.6060606   0.1744136339E+001   0.9646164393E+000   0.1004785804E+001   0.1037343141E+001
 0.6161616   0.1753556398E+001   0.9831767193E+000   0.1008455410E+001   0.9704414063E+000
 0.6262626   0.1754252136E+001   0.9128542087E+000   0.1002307350E+001   0.9797141594E+000
 0.6363636   0.1753074028E+001   0.9463600846E+000   0.1007932863E+001   0.9882964722E+000
 0.6464646   0.1775246040E+001   0.1009827779E+001   0.1004643235E+001   0.1033152309E+001
 0.6565657   0.1777872796E+001   0.9342244946E+000   0.1006201417E+001   0.9637442233E+000
 0.6666667   0.1790029479E+001   0.9296540380E+000   0.1007241995E+001   0.9647408931E+000
 0.6767677   0.1788321140E+001   0.9104471209E+000   0.1007860334E+001   0.9660876021E+000
 0.6868687   0.1792455069E+001   0.9511302635E+000   0.1009644675E+001   0.9973497389E+000
 0.6969697   0.1801907751E+001   0.9583897349E+000   0.1007141284E+001   0.9871346400E+000
 0.7070707   0.1810138118E+001   0.9496939997E+000   0.1007532269E+001   0.9898350675E+000
 0.7171717   0.1812930364E+001   0.9474507420E+000   0.1009694976E+001   0.1065049248E+001
 0.7272727   0.1829578656E+001   0.9830406766E+000   0.1008372837E+001   0.9922099893E+000
 0.7373737   0.1839132124E+001   0.9577708852E+000   0.1008934155E+001   0.9800471128E+000
 0.7474747   0.1846213869E+001   0.9754558605E+000   0.1006021553E+001   0.1050451430E+001
 0.7575758   0.1856131503E+001   0.9818458162E+000   0.1004143489E+001   0.1020209182E+001
 0.7676768   0.1867348905E+001   0.9540288419E+000   0.1008633580E+001   0.1008883509E+001
 0.7777778   0.1875698956E+001   0.9688337638E+000   0.1006924243E+001   0.1030252986E+001
 0.7878788   0.1894390084E+001   0.9807841041E+000   0.1012579208E+001   0.1016794219E+001
 0.7979798   0.1909465120E+001   0.9706046348E+000   0.1010431245E+001   0.1051763968E+001
 0.8080808   0.1912461213E+001   0.9805178077E+000   0.1009010376E+001   0.9801211512E+000
 0.8181818   0.1929261717E+001   0.9453116872E+000   0.1011638592E+001   0.9899945347E+000
 0.8282828   0.1947653344E+001   0.9532056387E+000   0.1015059458E+001   0.9948955216E+000
 0.8383838   0.1961258642E+001   0.1001616008E+001   0.1011911308E+001   0.1020100535E+001
 0.8484848   0.1968783339E+001   0.9791029633E+000   0.1009434228E+001   0.1030805864E+001
 0.8585859   0.1987546662E+001   0.9838117783E+000   0.1010342534E+001   0.1040638066E+001
 0.8686869   0.1983341502E+001   0.9867283028E+000   0.1008252759E+001   0.1035649898E+001
 0.8787879   0.2005025947E+001   0.9828189559E+000   0.1006681597E+001   0.1043775714E+001
 0.8888889   0.2025275057E+001   0.9659670252E+000   0.1008967764E+001   0.1009217776E+001
 0.8989899   0.2038943604E+001   0.9870293335E+000   0.1006102137E+001   0.1028206198E+001
 0.9090909   0.2060568590E+001   0.1002967752E+001   0.1013474948E+001   0.1015311262E+001
 0.9191919   0.2071913811E+001   0.1026374047E+001   0.1010892753E+001   0.1006807807E+001
 0.9292929   0.2083551486E+001   0.9501084958E+000   0.1008604914E+001   0.1055620094E+001
 0.9393939   0.2101730794E+001   0.9765378343E+000   0.1007590656E+001   0.1005088278E+001
 0.9494949   0.2114783610E+001   0.1037835213E+001   0.1011144892E+001   0.1062835546E+001
 0.9595960   0.2139369094E+001   0.9759427198E+000   0.1011445391E+001   0.9952332941E+000
 0.9696970   0.2155405137E+001   0.9586068243E+000   0.1005865155E+001   0.9812733453E+000
 0.9797980   0.2165930964E+001   0.9911522964E+000   0.1009532716E+001   0.1016510771E+001
 0.9898990   0.2173904505E+001   0.9805264912E+000   0.1004835059E+001   0.1012571406E+001
 1.0000000   0.2196384075E+001   0.9964874868E+000   0.1005605491E+001   0.1046332008E+001


