# Cycle, ((Average number_of_molecules(Ib,Tm), Tm=1,N_MolType), Ib=1,N_Box)
    100100   0.3997522299E+003   0.2477701484E+000
    100200   0.3989922119E+003   0.1007788137E+001
    100300   0.3986170511E+003   0.1382948946E+001
    100400   0.3987007164E+003   0.1299283567E+001
    100500   0.3987855377E+003   0.1214462285E+001
    100600   0.3987433460E+003   0.1256653987E+001
    100700   0.3986252856E+003   0.1374714394E+001
    100800   0.3985425478E+003   0.1457452245E+001
    100900   0.3984776633E+003   0.1522336717E+001
    101000   0.3984268765E+003   0.1573123481E+001
    101100   0.3983725209E+003   0.1627479058E+001
    101200   0.3982820779E+003   0.1717922123E+001
    101300   0.3982011425E+003   0.1798857492E+001
    101400   0.3981730770E+003   0.1826923045E+001
    101500   0.3982061499E+003   0.1793850103E+001
    101600   0.3983024750E+003   0.1697524995E+001
    101700   0.3985212218E+003   0.1478778151E+001
    101800   0.3986890146E+003   0.1310985427E+001
    101900   0.3988271792E+003   0.1172820753E+001
    102000   0.3988963190E+003   0.1103681009E+001
    102100   0.3989509188E+003   0.1049081152E+001
    102200   0.3990266809E+003   0.9733191104E+000
    102300   0.3990454430E+003   0.9545569541E+000
    102400   0.3990439867E+003   0.9560132879E+000
    102500   0.3990426900E+003   0.9573100102E+000
    102600   0.3990409179E+003   0.9590820860E+000
    102700   0.3990392177E+003   0.9607823026E+000
    102800   0.3990377357E+003   0.9622642820E+000
    102900   0.3990082782E+003   0.9917218210E+000
    103000   0.3989818543E+003   0.1018145673E+001
    103100   0.3989621311E+003   0.1037868933E+001
    103200   0.3989536910E+003   0.1046308959E+001
    103300   0.3989554539E+003   0.1044546091E+001
    103400   0.3989572894E+003   0.1042710635E+001
    103500   0.3989589760E+003   0.1041024022E+001
    103600   0.3989601760E+003   0.1039824009E+001
    103700   0.3989615897E+003   0.1038410290E+001
    103800   0.3989624367E+003   0.1037563318E+001
    103900   0.3989636295E+003   0.1036370539E+001
    104000   0.3989647361E+003   0.1035263858E+001
    104100   0.3989657211E+003   0.1034278927E+001
    104200   0.3989666833E+003   0.1033316717E+001
    104300   0.3989604409E+003   0.1039559082E+001
    104400   0.3989654804E+003   0.1034519623E+001
    104500   0.3990016624E+003   0.9983376083E+000
    104600   0.3990256155E+003   0.9743845110E+000
    104700   0.3990662943E+003   0.9337056700E+000
    104800   0.3991022072E+003   0.8977927857E+000
    104900   0.3991354190E+003   0.8645810362E+000
    105000   0.3991607751E+003   0.8392248698E+000
    105100   0.3991771324E+003   0.8228675966E+000
    105200   0.3991748422E+003   0.8251577806E+000
    105300   0.3991717402E+003   0.8282597678E+000
    105400   0.3991683936E+003   0.8316064101E+000
    105500   0.3991654866E+003   0.8345134229E+000
    105600   0.3991576628E+003   0.8423372029E+000
    105700   0.3991320579E+003   0.8679421374E+000
    105800   0.3991184241E+003   0.8815758611E+000
    105900   0.3991018526E+003   0.8981473890E+000
    106000   0.3990902908E+003   0.9097091625E+000
    106100   0.3990735673E+003   0.9264326667E+000
    106200   0.3990544421E+003   0.9455579412E+000
    106300   0.3990358221E+003   0.9641779098E+000
    106400   0.3990283726E+003   0.9716274020E+000
    106500   0.3990167858E+003   0.9832142197E+000
    106600   0.3990088403E+003   0.9911597229E+000
    106700   0.3990022786E+003   0.9977214321E+000
    106800   0.3989910883E+003   0.1008911663E+001
    106900   0.3989774872E+003   0.1022512794E+001
    107000   0.3989608595E+003   0.1039140458E+001
    107100   0.3989449400E+003   0.1055060014E+001
    107200   0.3989210736E+003   0.1078926351E+001
    107300   0.3989002245E+003   0.1099775542E+001
    107400   0.3988820966E+003   0.1117903353E+001
    107500   0.3988676924E+003   0.1132307600E+001
    107600   0.3988513359E+003   0.1148664079E+001
    107700   0.3988351520E+003   0.1164848023E+001
    107800   0.3988260877E+003   0.1173912335E+001
    107900   0.3988088596E+003   0.1191140440E+001
    108000   0.3987860629E+003   0.1213937108E+001
    108100   0.3987634018E+003   0.1236598158E+001
    108200   0.3987388319E+003   0.1261168067E+001
    108300   0.3987187983E+003   0.1281201707E+001
    108400   0.3987015998E+003   0.1298400190E+001
    108500   0.3986852081E+003   0.1314791927E+001
    108600   0.3986761219E+003   0.1323878107E+001
    108700   0.3986597516E+003   0.1340248356E+001
    108800   0.3986381561E+003   0.1361843948E+001
    108900   0.3986133941E+003   0.1386605877E+001
    109000   0.3986003965E+003   0.1399603460E+001
    109100   0.3985784613E+003   0.1421538695E+001
    109200   0.3985599161E+003   0.1440083941E+001
    109300   0.3985404577E+003   0.1459542258E+001
    109400   0.3985255884E+003   0.1474411644E+001
    109500   0.3985158951E+003   0.1484104866E+001
    109600   0.3985029031E+003   0.1497096936E+001
    109700   0.3984848831E+003   0.1515116889E+001
    109800   0.3984770495E+003   0.1522950498E+001
    109900   0.3984654295E+003   0.1534570482E+001
    110000   0.3984581733E+003   0.1541826694E+001
    110100   0.3984461890E+003   0.1553811044E+001
    110200   0.3984345692E+003   0.1565430778E+001
    110300   0.3984297532E+003   0.1570246813E+001
    110400   0.3984188328E+003   0.1581167166E+001
    110500   0.3984103716E+003   0.1589628378E+001
    110600   0.3984019584E+003   0.1598041551E+001
    110700   0.3983881878E+003   0.1611812228E+001
    110800   0.3983809262E+003   0.1619073773E+001
    110900   0.3983715725E+003   0.1628427518E+001
    111000   0.3983668809E+003   0.1633119113E+001
    111100   0.3983645044E+003   0.1635495635E+001
    111200   0.3983621307E+003   0.1637869322E+001
    111300   0.3983604624E+003   0.1639537634E+001
    111400   0.3983571770E+003   0.1642823001E+001
    111500   0.3983547793E+003   0.1645220655E+001
    111600   0.3983519001E+003   0.1648099913E+001
    111700   0.3983488366E+003   0.1651163385E+001
    111800   0.3983453943E+003   0.1654605661E+001
    111900   0.3983372024E+003   0.1662797569E+001
    112000   0.3983296452E+003   0.1670354751E+001
    112100   0.3983214999E+003   0.1678500118E+001
    112200   0.3983136383E+003   0.1686361731E+001
    112300   0.3983073803E+003   0.1692619712E+001
    112400   0.3983018401E+003   0.1698159886E+001
    112500   0.3982961758E+003   0.1703824161E+001
    112600   0.3982866506E+003   0.1713349404E+001
    112700   0.3982774240E+003   0.1722575997E+001
    112800   0.3982666353E+003   0.1733364685E+001
    112900   0.3982590359E+003   0.1740964050E+001
    113000   0.3982515634E+003   0.1748436587E+001
    113100   0.3982424406E+003   0.1757559427E+001
    113200   0.3982360362E+003   0.1763963821E+001
    113300   0.3982217237E+003   0.1778276336E+001
    113400   0.3982115720E+003   0.1788428038E+001
    113500   0.3982039510E+003   0.1796048969E+001
    113600   0.3981914366E+003   0.1808563423E+001
    113700   0.3981819104E+003   0.1818089569E+001
    113800   0.3981743955E+003   0.1825604482E+001
    113900   0.3981625986E+003   0.1837401403E+001
    114000   0.3981524377E+003   0.1847562284E+001
    114100   0.3981424449E+003   0.1857555086E+001
    114200   0.3981338395E+003   0.1866160492E+001
    114300   0.3981257849E+003   0.1874215078E+001
    114400   0.3981177671E+003   0.1882232949E+001
    114500   0.3981113766E+003   0.1888623354E+001
    114600   0.3981107796E+003   0.1889220392E+001
    114700   0.3981099575E+003   0.1890042549E+001
    114800   0.3981093679E+003   0.1890632141E+001
    114900   0.3981088518E+003   0.1891148156E+001
    115000   0.3981078470E+003   0.1892153009E+001
    115100   0.3981041024E+003   0.1895897558E+001
    115200   0.3980976159E+003   0.1902384075E+001
    115300   0.3980951033E+003   0.1904896683E+001
    115400   0.3980945358E+003   0.1905464223E+001
    115500   0.3980940607E+003   0.1905939254E+001
    115600   0.3980933943E+003   0.1906605669E+001
    115700   0.3980928700E+003   0.1907129969E+001
    115800   0.3980925185E+003   0.1907481499E+001
    115900   0.3980920281E+003   0.1907971869E+001
    116000   0.3980917355E+003   0.1908264528E+001
    116100   0.3980911411E+003   0.1908858922E+001
    116200   0.3980905988E+003   0.1909401197E+001
    116300   0.3980902218E+003   0.1909778222E+001
    116400   0.3980896856E+003   0.1910314411E+001
    116500   0.3980901566E+003   0.1909843408E+001
    116600   0.3980968756E+003   0.1903124442E+001
    116700   0.3981045604E+003   0.1895439578E+001
    116800   0.3981120702E+003   0.1887929808E+001
    116900   0.3981201261E+003   0.1879873895E+001
    117000   0.3981273949E+003   0.1872605093E+001
    117100   0.3981341895E+003   0.1865810538E+001
    117200   0.3981417165E+003   0.1858283500E+001
    117300   0.3981495117E+003   0.1850488263E+001
    117400   0.3981571075E+003   0.1842892499E+001
    117500   0.3981655887E+003   0.1834411303E+001
    117600   0.3981717924E+003   0.1828207557E+001
    117700   0.3981919925E+003   0.1808007470E+001
    117800   0.3982170168E+003   0.1782983242E+001
    117900   0.3982366276E+003   0.1763372419E+001
    118000   0.3982413807E+003   0.1758619274E+001
    118100   0.3982456435E+003   0.1754356464E+001
    118200   0.3982504364E+003   0.1749563562E+001
    118300   0.3982569111E+003   0.1743088907E+001
    118400   0.3982694945E+003   0.1730505495E+001
    118500   0.3982746718E+003   0.1725328189E+001
    118600   0.3982802187E+003   0.1719781338E+001
    118700   0.3982859531E+003   0.1714046917E+001
    118800   0.3982886240E+003   0.1711376004E+001
    118900   0.3982930113E+003   0.1706988667E+001
    119000   0.3983077127E+003   0.1692287317E+001
    119100   0.3983252987E+003   0.1674701256E+001
    119200   0.3983412377E+003   0.1658762342E+001
    119300   0.3983547419E+003   0.1645258121E+001
    119400   0.3983583695E+003   0.1641630503E+001
    119500   0.3983623371E+003   0.1637662870E+001
    119600   0.3983637092E+003   0.1636290835E+001
    119700   0.3983647458E+003   0.1635254191E+001
    119800   0.3983699391E+003   0.1630060943E+001
    119900   0.3983743722E+003   0.1625627795E+001
    120000   0.3983775593E+003   0.1622440741E+001
    120100   0.3983806888E+003   0.1619311177E+001
    120200   0.3983847687E+003   0.1615231314E+001
    120300   0.3983891342E+003   0.1610865834E+001
    120400   0.3983871919E+003   0.1612808132E+001
    120500   0.3983856993E+003   0.1614300745E+001
    120600   0.3983841747E+003   0.1615825328E+001
    120700   0.3983826035E+003   0.1617396525E+001
    120800   0.3983808261E+003   0.1619173915E+001
    120900   0.3983793904E+003   0.1620609623E+001
    121000   0.3983780923E+003   0.1621907695E+001
    121100   0.3983762758E+003   0.1623724171E+001
    121200   0.3983705214E+003   0.1629478629E+001
    121300   0.3983659404E+003   0.1634059579E+001
    121400   0.3983607492E+003   0.1639250820E+001
    121500   0.3983559514E+003   0.1644048618E+001
    121600   0.3983522661E+003   0.1647733861E+001
    121700   0.3983473853E+003   0.1652614729E+001
    121800   0.3983427817E+003   0.1657218305E+001
    121900   0.3983394605E+003   0.1660539496E+001
    122000   0.3983412591E+003   0.1658740893E+001
    122100   0.3983453403E+003   0.1654659679E+001
    122200   0.3983486590E+003   0.1651341032E+001
    122300   0.3983517419E+003   0.1648258128E+001
    122400   0.3983561872E+003   0.1643812767E+001
    122500   0.3983603872E+003   0.1639612799E+001
    122600   0.3983774667E+003   0.1622533261E+001
    122700   0.3983956977E+003   0.1604302334E+001
    122800   0.3984121655E+003   0.1587834488E+001
    122900   0.3984265258E+003   0.1573474235E+001
    123000   0.3984371565E+003   0.1562843469E+001
    123100   0.3984525203E+003   0.1547479747E+001
    123200   0.3984667854E+003   0.1533214624E+001
    123300   0.3984691768E+003   0.1530823211E+001
    123400   0.3984720311E+003   0.1527968890E+001
    123500   0.3984749151E+003   0.1525084935E+001
    123600   0.3984779638E+003   0.1522036169E+001
    123700   0.3984804317E+003   0.1519568319E+001
    123800   0.3984828500E+003   0.1517150048E+001
    123900   0.3984836178E+003   0.1516382167E+001
    124000   0.3984816931E+003   0.1518306948E+001
    124100   0.3984798584E+003   0.1520141621E+001
    124200   0.3984784987E+003   0.1521501313E+001
    124300   0.3984767616E+003   0.1523238386E+001
    124400   0.3984767272E+003   0.1523272767E+001
    124500   0.3984748193E+003   0.1525180662E+001
    124600   0.3984728537E+003   0.1527146321E+001
    124700   0.3984711280E+003   0.1528872030E+001
    124800   0.3984733481E+003   0.1526651865E+001
    124900   0.3984749300E+003   0.1525070016E+001
    125000   0.3984779272E+003   0.1522072795E+001
    125100   0.3984810543E+003   0.1518945731E+001
    125200   0.3984832525E+003   0.1516747531E+001
    125300   0.3984855821E+003   0.1514417924E+001
    125400   0.3984882440E+003   0.1511756002E+001
    125500   0.3984906657E+003   0.1509334291E+001
    125600   0.3984938064E+003   0.1506193572E+001
    125700   0.3984966090E+003   0.1503391028E+001
    125800   0.3984993272E+003   0.1500672828E+001
    125900   0.3985015122E+003   0.1498487765E+001
    126000   0.3984996250E+003   0.1500375002E+001
    126100   0.3984978067E+003   0.1502193337E+001
    126200   0.3984961779E+003   0.1503822082E+001
    126300   0.3984941196E+003   0.1505880419E+001
    126400   0.3984927682E+003   0.1507231824E+001
    126500   0.3984911839E+003   0.1508816076E+001
    126600   0.3984897407E+003   0.1510259272E+001
    126700   0.3984878664E+003   0.1512133639E+001
    126800   0.3984858402E+003   0.1514159784E+001
    126900   0.3984848953E+003   0.1515104653E+001
    127000   0.3984835708E+003   0.1516429163E+001
    127100   0.3984821954E+003   0.1517804630E+001
    127200   0.3984840387E+003   0.1515961268E+001
    127300   0.3984860494E+003   0.1513950644E+001
    127400   0.3984869589E+003   0.1513041092E+001
    127500   0.3984892560E+003   0.1510743973E+001
    127600   0.3984911904E+003   0.1508809586E+001
    127700   0.3984939528E+003   0.1506047159E+001
    127800   0.3984967236E+003   0.1503276380E+001
    127900   0.3984980931E+003   0.1501906866E+001
    128000   0.3984971885E+003   0.1502811518E+001
    128100   0.3984954025E+003   0.1504597502E+001
    128200   0.3984928251E+003   0.1507174901E+001
    128300   0.3984917738E+003   0.1508226203E+001
    128400   0.3984903223E+003   0.1509677730E+001
    128500   0.3984886650E+003   0.1511334976E+001
    128600   0.3984868184E+003   0.1513181625E+001
    128700   0.3984850583E+003   0.1514941686E+001
    128800   0.3984835191E+003   0.1516480873E+001
    128900   0.3984819415E+003   0.1518058507E+001
    129000   0.3984803378E+003   0.1519662168E+001
    129100   0.3984786672E+003   0.1521332808E+001
    129200   0.3984774533E+003   0.1522546692E+001
    129300   0.3984759124E+003   0.1524087609E+001
    129400   0.3984744004E+003   0.1525599564E+001
    129500   0.3984730473E+003   0.1526952722E+001
    129600   0.3984709336E+003   0.1529066368E+001
    129700   0.3984698639E+003   0.1530136056E+001
    129800   0.3984686587E+003   0.1531341280E+001
    129900   0.3984674979E+003   0.1532502093E+001
    130000   0.3984666375E+003   0.1533362496E+001
    130100   0.3984650671E+003   0.1534932929E+001
    130200   0.3984638740E+003   0.1536126002E+001
    130300   0.3984629041E+003   0.1537095933E+001
    130400   0.3984612721E+003   0.1538727854E+001
    130500   0.3984598296E+003   0.1540170409E+001
    130600   0.3984572973E+003   0.1542702668E+001
    130700   0.3984534676E+003   0.1546532360E+001
    130800   0.3984499053E+003   0.1550094661E+001
    130900   0.3984467804E+003   0.1553219648E+001
    131000   0.3984441696E+003   0.1555830424E+001
    131100   0.3984418663E+003   0.1558133741E+001
    131200   0.3984389332E+003   0.1561066837E+001
    131300   0.3984363647E+003   0.1563635262E+001
    131400   0.3984328367E+003   0.1567163294E+001
    131500   0.3984290659E+003   0.1570934065E+001
    131600   0.3984252218E+003   0.1574778152E+001
    131700   0.3984209180E+003   0.1579082026E+001
    131800   0.3984171423E+003   0.1582857742E+001
    131900   0.3984127775E+003   0.1587222538E+001
    132000   0.3984093498E+003   0.1590650220E+001
    132100   0.3984078269E+003   0.1592173076E+001
    132200   0.3984044051E+003   0.1595594884E+001
    132300   0.3983999401E+003   0.1600059912E+001
    132400   0.3983971807E+003   0.1602819264E+001
    132500   0.3983936208E+003   0.1606379243E+001
    132600   0.3983905042E+003   0.1609495830E+001
    132700   0.3983872739E+003   0.1612726131E+001
    132800   0.3983840906E+003   0.1615909386E+001
    132900   0.3983822726E+003   0.1617727393E+001
    133000   0.3983783629E+003   0.1621637144E+001
    133100   0.3983749380E+003   0.1625061985E+001
    133200   0.3983715290E+003   0.1628470977E+001
    133300   0.3983688746E+003   0.1631125361E+001
    133400   0.3983662158E+003   0.1633784228E+001
    133500   0.3983633134E+003   0.1636686641E+001
    133600   0.3983595669E+003   0.1640433091E+001
    133700   0.3983570426E+003   0.1642957354E+001
    133800   0.3983542284E+003   0.1645771566E+001
    133900   0.3983522644E+003   0.1647735613E+001
    134000   0.3983497711E+003   0.1650228881E+001
    134100   0.3983460306E+003   0.1653969448E+001
    134200   0.3983423926E+003   0.1657607351E+001
    134300   0.3983402575E+003   0.1659742470E+001
    134400   0.3983391076E+003   0.1660892420E+001
    134500   0.3983356142E+003   0.1664385793E+001
    134600   0.3983328596E+003   0.1667140389E+001
    134700   0.3983301337E+003   0.1669866256E+001
    134800   0.3983279698E+003   0.1672030239E+001
    134900   0.3983248177E+003   0.1675182346E+001
    135000   0.3983214639E+003   0.1678536076E+001
    135100   0.3983185964E+003   0.1681403551E+001
    135200   0.3983148978E+003   0.1685102248E+001
    135300   0.3983124464E+003   0.1687553562E+001
    135400   0.3983101017E+003   0.1689898261E+001
    135500   0.3983063306E+003   0.1693669444E+001
    135600   0.3983042058E+003   0.1695794161E+001
    135700   0.3983026258E+003   0.1697374247E+001
    135800   0.3983009898E+003   0.1699010219E+001
    135900   0.3983001678E+003   0.1699832168E+001
    136000   0.3982994712E+003   0.1700528803E+001
    136100   0.3982988698E+003   0.1701130162E+001
    136200   0.3982982502E+003   0.1701749754E+001
    136300   0.3982976093E+003   0.1702390706E+001
    136400   0.3982969178E+003   0.1703082207E+001
    136500   0.3982961286E+003   0.1703871401E+001
    136600   0.3982954167E+003   0.1704583264E+001
    136700   0.3982945728E+003   0.1705427163E+001
    136800   0.3982939413E+003   0.1706058735E+001
    136900   0.3982932668E+003   0.1706733196E+001
    137000   0.3982923579E+003   0.1707642085E+001
    137100   0.3982893247E+003   0.1710675301E+001
    137200   0.3982868376E+003   0.1713162431E+001
    137300   0.3982841575E+003   0.1715842507E+001
    137400   0.3982815975E+003   0.1718402464E+001
    137500   0.3982789769E+003   0.1721023142E+001
    137600   0.3982771389E+003   0.1722861114E+001
    137700   0.3982765114E+003   0.1723488581E+001
    137800   0.3982742814E+003   0.1725718619E+001
    137900   0.3982718574E+003   0.1728142556E+001
    138000   0.3982691787E+003   0.1730821263E+001
    138100   0.3982663784E+003   0.1733621609E+001
    138200   0.3982641947E+003   0.1735805257E+001
    138300   0.3982618387E+003   0.1738161256E+001
    138400   0.3982579911E+003   0.1742008936E+001
    138500   0.3982538612E+003   0.1746138782E+001
    138600   0.3982493055E+003   0.1750694501E+001
    138700   0.3982467769E+003   0.1753223080E+001
    138800   0.3982432512E+003   0.1756748829E+001
    138900   0.3982395844E+003   0.1760415639E+001
    139000   0.3982357426E+003   0.1764257365E+001
    139100   0.3982334997E+003   0.1766500293E+001
    139200   0.3982290665E+003   0.1770933547E+001
    139300   0.3982252265E+003   0.1774773531E+001
    139400   0.3982194535E+003   0.1780546543E+001
    139500   0.3982159658E+003   0.1784034226E+001
    139600   0.3982109442E+003   0.1789055833E+001
    139700   0.3982064432E+003   0.1793556783E+001
    139800   0.3982019460E+003   0.1798054007E+001
    139900   0.3981998330E+003   0.1800166957E+001
    140000   0.3981971909E+003   0.1802809066E+001
    140100   0.3981944745E+003   0.1805525495E+001
    140200   0.3981922661E+003   0.1807733867E+001
    140300   0.3981899064E+003   0.1810093579E+001
    140400   0.3981874233E+003   0.1812576668E+001
    140500   0.3981846355E+003   0.1815364466E+001
    140600   0.3981820733E+003   0.1817926747E+001
    140700   0.3981801325E+003   0.1819867474E+001
    140800   0.3981787690E+003   0.1821231039E+001
    140900   0.3981768395E+003   0.1823160451E+001
    141000   0.3981753516E+003   0.1824648358E+001
    141100   0.3981723614E+003   0.1827638639E+001
    141200   0.3981700454E+003   0.1829954629E+001
    141300   0.3981674953E+003   0.1832504735E+001
    141400   0.3981664481E+003   0.1833551873E+001
    141500   0.3981660955E+003   0.1833904548E+001
    141600   0.3981656860E+003   0.1834314006E+001
    141700   0.3981652657E+003   0.1834734274E+001
    141800   0.3981650000E+003   0.1834999989E+001
    141900   0.3981637155E+003   0.1836284544E+001
    142000   0.3981618113E+003   0.1838188717E+001
    142100   0.3981599604E+003   0.1840039638E+001
    142200   0.3981577363E+003   0.1842263654E+001
    142300   0.3981557307E+003   0.1844269347E+001
    142400   0.3981551678E+003   0.1844832151E+001
    142500   0.3981548111E+003   0.1845188909E+001
    142600   0.3981540538E+003   0.1845946203E+001
    142700   0.3981522899E+003   0.1847710105E+001
    142800   0.3981510864E+003   0.1848913602E+001
    142900   0.3981491178E+003   0.1850882179E+001
    143000   0.3981470037E+003   0.1852996277E+001
    143100   0.3981448050E+003   0.1855194991E+001
    143200   0.3981431848E+003   0.1856815204E+001
    143300   0.3981413504E+003   0.1858649616E+001
    143400   0.3981395103E+003   0.1860489664E+001
    143500   0.3981372455E+003   0.1862754476E+001
    143600   0.3981347162E+003   0.1865283817E+001
    143700   0.3981335394E+003   0.1866460602E+001
    143800   0.3981316803E+003   0.1868319733E+001
    143900   0.3981296018E+003   0.1870398212E+001
    144000   0.3981275277E+003   0.1872472315E+001
    144100   0.3981252287E+003   0.1874771297E+001
    144200   0.3981231720E+003   0.1876828029E+001
    144300   0.3981212986E+003   0.1878701379E+001
    144400   0.3981189225E+003   0.1881077543E+001
    144500   0.3981177084E+003   0.1882291606E+001
    144600   0.3981166035E+003   0.1883396472E+001
    144700   0.3981152579E+003   0.1884742140E+001
    144800   0.3981129315E+003   0.1887068497E+001
    144900   0.3981103029E+003   0.1889697102E+001
    145000   0.3981081325E+003   0.1891867451E+001
    145100   0.3981053656E+003   0.1894634418E+001
    145200   0.3981026185E+003   0.1897381500E+001
    145300   0.3980997304E+003   0.1900269629E+001
    145400   0.3980970466E+003   0.1902953411E+001
    145500   0.3980935361E+003   0.1906463930E+001
    145600   0.3980898603E+003   0.1910139674E+001
    145700   0.3980856536E+003   0.1914346358E+001
    145800   0.3980835833E+003   0.1916416673E+001
    145900   0.3980811523E+003   0.1918847719E+001
    146000   0.3980778616E+003   0.1922138408E+001
    146100   0.3980741785E+003   0.1925821506E+001
    146200   0.3980711055E+003   0.1928894527E+001
    146300   0.3980699002E+003   0.1930099771E+001
    146400   0.3980676196E+003   0.1932380444E+001
    146500   0.3980653514E+003   0.1934648578E+001
    146600   0.3980643217E+003   0.1935678270E+001
    146700   0.3980642241E+003   0.1935775857E+001
    146800   0.3980640835E+003   0.1935916487E+001
    146900   0.3980639890E+003   0.1936011037E+001
    147000   0.3980638489E+003   0.1936151108E+001
    147100   0.3980648100E+003   0.1935190020E+001
    147200   0.3980674134E+003   0.1932586567E+001
    147300   0.3980694857E+003   0.1930514266E+001
    147400   0.3980716104E+003   0.1928389648E+001
    147500   0.3980746324E+003   0.1925367590E+001
    147600   0.3980773367E+003   0.1922663304E+001
    147700   0.3980783236E+003   0.1921676401E+001
    147800   0.3980781406E+003   0.1921859446E+001
    147900   0.3980780090E+003   0.1921990972E+001
    148000   0.3980779025E+003   0.1922097534E+001
    148100   0.3980777406E+003   0.1922259441E+001
    148200   0.3980775571E+003   0.1922442921E+001
    148300   0.3980774146E+003   0.1922585353E+001
    148400   0.3980772639E+003   0.1922736076E+001
    148500   0.3980771248E+003   0.1922875176E+001
    148600   0.3980794805E+003   0.1920519485E+001
    148700   0.3980813007E+003   0.1918699260E+001
    148800   0.3980841448E+003   0.1915855176E+001
    148900   0.3980867821E+003   0.1913217867E+001
    149000   0.3980888114E+003   0.1911188588E+001
    149100   0.3980908853E+003   0.1909114657E+001
    149200   0.3980942792E+003   0.1905720769E+001
    149300   0.3980972896E+003   0.1902710433E+001
    149400   0.3980993313E+003   0.1900668730E+001
    149500   0.3981024047E+003   0.1897595258E+001
    149600   0.3981055797E+003   0.1894420348E+001
    149700   0.3981079266E+003   0.1892073434E+001
    149800   0.3981109243E+003   0.1889075733E+001
    149900   0.3981139091E+003   0.1886090946E+001
    150000   0.3981166252E+003   0.1883374818E+001
    150100   0.3981169432E+003   0.1883056755E+001
    150200   0.3981166513E+003   0.1883348732E+001
    150300   0.3981164196E+003   0.1883580446E+001
    150400   0.3981161542E+003   0.1883845793E+001
    150500   0.3981155544E+003   0.1884445630E+001
    150600   0.3981134587E+003   0.1886541332E+001
    150700   0.3981119641E+003   0.1888035897E+001
    150800   0.3981103716E+003   0.1889628447E+001
    150900   0.3981089773E+003   0.1891022669E+001
    151000   0.3981060894E+003   0.1893910567E+001
    151100   0.3981038283E+003   0.1896171684E+001
    151200   0.3981013320E+003   0.1898668004E+001
    151300   0.3980982223E+003   0.1901777674E+001
    151400   0.3980962425E+003   0.1903757462E+001
    151500   0.3980922919E+003   0.1907708081E+001
    151600   0.3980898556E+003   0.1910144440E+001
    151700   0.3980884421E+003   0.1911557855E+001
    151800   0.3980864512E+003   0.1913548835E+001
    151900   0.3980851900E+003   0.1914810000E+001
    152000   0.3980841624E+003   0.1915837623E+001
    152100   0.3980824120E+003   0.1917587999E+001
    152200   0.3980810416E+003   0.1918958353E+001
    152300   0.3980786874E+003   0.1921312640E+001
    152400   0.3980763174E+003   0.1923682642E+001
    152500   0.3980736407E+003   0.1926359269E+001
    152600   0.3980704046E+003   0.1929595390E+001
    152700   0.3980669782E+003   0.1933021778E+001
    152800   0.3980649095E+003   0.1935090541E+001
    152900   0.3980624270E+003   0.1937572967E+001
    153000   0.3980600192E+003   0.1939980777E+001
    153100   0.3980574632E+003   0.1942536795E+001
    153200   0.3980546334E+003   0.1945366552E+001
    153300   0.3980523636E+003   0.1947636446E+001
    153400   0.3980501119E+003   0.1949888115E+001
    153500   0.3980482881E+003   0.1951711935E+001
    153600   0.3980450122E+003   0.1954987843E+001
    153700   0.3980425176E+003   0.1957482449E+001
    153800   0.3980398817E+003   0.1960118312E+001
    153900   0.3980377402E+003   0.1962259784E+001
    154000   0.3980350841E+003   0.1964915924E+001
    154100   0.3980328811E+003   0.1967118949E+001
    154200   0.3980310717E+003   0.1968928256E+001
    154300   0.3980280672E+003   0.1971932811E+001
    154400   0.3980250075E+003   0.1974992509E+001
    154500   0.3980240981E+003   0.1975901856E+001
    154600   0.3980240824E+003   0.1975917600E+001
    154700   0.3980240536E+003   0.1975946374E+001
    154800   0.3980240326E+003   0.1975967404E+001
    154900   0.3980240052E+003   0.1975994755E+001
    155000   0.3980239703E+003   0.1976029698E+001
    155100   0.3980239599E+003   0.1976040101E+001
    155200   0.3980239210E+003   0.1976079000E+001
    155300   0.3980239050E+003   0.1976095024E+001
    155400   0.3980238975E+003   0.1976102517E+001
    155500   0.3980238678E+003   0.1976132179E+001
    155600   0.3980238391E+003   0.1976160919E+001
    155700   0.3980238202E+003   0.1976179784E+001
    155800   0.3980238917E+003   0.1976108275E+001
    155900   0.3980258385E+003   0.1974161455E+001
    156000   0.3980284638E+003   0.1971536203E+001
    156100   0.3980310172E+003   0.1968982826E+001
    156200   0.3980333863E+003   0.1966613661E+001
    156300   0.3980399748E+003   0.1960025203E+001
    156400   0.3980457208E+003   0.1954279166E+001
    156500   0.3980485924E+003   0.1951407628E+001
    156600   0.3980499703E+003   0.1950029691E+001
    156700   0.3980528751E+003   0.1947124933E+001
    156800   0.3980553746E+003   0.1944625381E+001
    156900   0.3980579840E+003   0.1942015954E+001
    157000   0.3980607031E+003   0.1939296919E+001
    157100   0.3980634790E+003   0.1936521004E+001
    157200   0.3980654969E+003   0.1934503119E+001
    157300   0.3980677866E+003   0.1932213377E+001
    157400   0.3980696055E+003   0.1930394450E+001
    157500   0.3980720473E+003   0.1927952735E+001
    157600   0.3980748173E+003   0.1925182703E+001
    157700   0.3980801781E+003   0.1919821943E+001
    157800   0.3980871500E+003   0.1912849978E+001
    157900   0.3980963673E+003   0.1903632714E+001
    158000   0.3981038083E+003   0.1896191659E+001
    158100   0.3981105207E+003   0.1889479349E+001
    158200   0.3981185248E+003   0.1881475203E+001
    158300   0.3981267536E+003   0.1873246364E+001
    158400   0.3981350185E+003   0.1864981511E+001
    158500   0.3981434973E+003   0.1856502709E+001
    158600   0.3981519958E+003   0.1848004210E+001
    158700   0.3981556487E+003   0.1844351292E+001
    158800   0.3981636919E+003   0.1836308135E+001
    158900   0.3981720717E+003   0.1827928282E+001
    159000   0.3981803891E+003   0.1819610927E+001
    159100   0.3981871329E+003   0.1812867130E+001
    159200   0.3981931817E+003   0.1806818280E+001
    159300   0.3982000395E+003   0.1799960459E+001
    159400   0.3982081173E+003   0.1791882732E+001
    159500   0.3982108132E+003   0.1789186782E+001
    159600   0.3982123598E+003   0.1787640231E+001
    159700   0.3982141729E+003   0.1785827106E+001
    159800   0.3982158478E+003   0.1784152192E+001
    159900   0.3982175843E+003   0.1782415705E+001
    160000   0.3982189446E+003   0.1781055416E+001
    160100   0.3982188137E+003   0.1781186263E+001
    160200   0.3982184794E+003   0.1781520633E+001
    160300   0.3982187620E+003   0.1781237975E+001
    160400   0.3982206575E+003   0.1779342496E+001
    160500   0.3982223413E+003   0.1777658698E+001
    160600   0.3982227291E+003   0.1777270943E+001
    160700   0.3982221158E+003   0.1777884203E+001
    160800   0.3982214541E+003   0.1778545912E+001
    160900   0.3982211100E+003   0.1778889998E+001
    161000   0.3982208338E+003   0.1779166173E+001
    161100   0.3982204747E+003   0.1779525287E+001
    161200   0.3982198311E+003   0.1780168932E+001
    161300   0.3982190426E+003   0.1780957434E+001
    161400   0.3982198519E+003   0.1780148053E+001
    161500   0.3982196652E+003   0.1780334819E+001
    161600   0.3982193475E+003   0.1780652506E+001
    161700   0.3982193580E+003   0.1780642022E+001
    161800   0.3982209293E+003   0.1779070716E+001
    161900   0.3982225001E+003   0.1777499852E+001
    162000   0.3982242085E+003   0.1775791472E+001
    162100   0.3982253193E+003   0.1774680678E+001
    162200   0.3982250704E+003   0.1774929582E+001
    162300   0.3982247835E+003   0.1775216506E+001
    162400   0.3982245110E+003   0.1775488969E+001
    162500   0.3982242493E+003   0.1775750706E+001
    162600   0.3982240246E+003   0.1775975370E+001
    162700   0.3982221812E+003   0.1777818778E+001
    162800   0.3982203779E+003   0.1779622104E+001
    162900   0.3982189388E+003   0.1781061190E+001
    163000   0.3982177134E+003   0.1782286637E+001
    163100   0.3982162098E+003   0.1783790163E+001
    163200   0.3982149172E+003   0.1785082755E+001
    163300   0.3982134409E+003   0.1786559075E+001
    163400   0.3982115569E+003   0.1788443126E+001
    163500   0.3982095603E+003   0.1790439718E+001
    163600   0.3982078440E+003   0.1792156027E+001
    163700   0.3982054608E+003   0.1794539169E+001
    163800   0.3982041080E+003   0.1795892017E+001
    163900   0.3982020214E+003   0.1797978602E+001
    164000   0.3981989596E+003   0.1801040399E+001
    164100   0.3981967907E+003   0.1803209273E+001
    164200   0.3981952821E+003   0.1804717854E+001
    164300   0.3981930331E+003   0.1806966858E+001
    164400   0.3981908511E+003   0.1809148884E+001
    164500   0.3981889208E+003   0.1811079169E+001
    164600   0.3981866572E+003   0.1813342778E+001
    164700   0.3981833738E+003   0.1816626248E+001
    164800   0.3981811603E+003   0.1818839748E+001
    164900   0.3981784155E+003   0.1821584539E+001
    165000   0.3981746681E+003   0.1825331902E+001
    165100   0.3981723921E+003   0.1827607932E+001
    165200   0.3981685461E+003   0.1831453913E+001
    165300   0.3981659369E+003   0.1834063077E+001
    165400   0.3981624752E+003   0.1837524766E+001
    165500   0.3981606464E+003   0.1839353568E+001
    165600   0.3981573779E+003   0.1842622091E+001
    165700   0.3981548049E+003   0.1845195135E+001
    165800   0.3981535156E+003   0.1846484424E+001
    165900   0.3981521703E+003   0.1847829677E+001
    166000   0.3981501863E+003   0.1849813690E+001
    166100   0.3981481554E+003   0.1851844581E+001
    166200   0.3981467970E+003   0.1853202982E+001
    166300   0.3981445894E+003   0.1855410577E+001
    166400   0.3981428351E+003   0.1857164930E+001
    166500   0.3981406647E+003   0.1859335274E+001
    166600   0.3981396852E+003   0.1860314801E+001
    166700   0.3981379341E+003   0.1862065910E+001
    166800   0.3981372564E+003   0.1862743622E+001
    166900   0.3981371627E+003   0.1862837269E+001
    167000   0.3981370315E+003   0.1862968498E+001
    167100   0.3981368103E+003   0.1863189729E+001
    167200   0.3981366279E+003   0.1863372061E+001
    167300   0.3981365527E+003   0.1863447284E+001
    167400   0.3981363862E+003   0.1863613753E+001
    167500   0.3981361920E+003   0.1863807954E+001
    167600   0.3981360002E+003   0.1863999819E+001
    167700   0.3981358340E+003   0.1864166040E+001
    167800   0.3981356593E+003   0.1864340684E+001
    167900   0.3981354570E+003   0.1864542992E+001
    168000   0.3981353043E+003   0.1864695709E+001
    168100   0.3981351420E+003   0.1864858030E+001
    168200   0.3981349597E+003   0.1865040287E+001
    168300   0.3981347840E+003   0.1865215967E+001
    168400   0.3981345789E+003   0.1865421067E+001
    168500   0.3981344312E+003   0.1865568794E+001
    168600   0.3981342765E+003   0.1865723470E+001
    168700   0.3981362429E+003   0.1863757126E+001
    168800   0.3981376491E+003   0.1862350949E+001
    168900   0.3981393545E+003   0.1860645529E+001
    169000   0.3981412328E+003   0.1858767177E+001
