# Lambda, (Probability, Probability_biased(/observed)) per Fractional
 0.0000000   0.3053853372E-002   0.8537436964E+000   0.9806772748E+000   0.9746879584E+000
 0.0101010   0.3006513167E-002   0.8303924740E+000   0.9777002112E+000   0.9795417404E+000
 0.0202020   0.2893123087E-002   0.8287179029E+000   0.9776194682E+000   0.9893625593E+000
 0.0303030   0.2710444817E-002   0.8254151475E+000   0.9833553682E+000   0.9803129524E+000
 0.0404040   0.2403701259E-002   0.8388349104E+000   0.9700776795E+000   0.9763759960E+000
 0.0505051   0.2105965258E-002   0.8437565725E+000   0.9775023853E+000   0.9874102603E+000
 0.0606061   0.1759603637E-002   0.7980746421E+000   0.9777675920E+000   0.9548629556E+000
 0.0707071   0.1441316067E-002   0.8376659577E+000   0.9815564622E+000   0.9835973449E+000
 0.0808081   0.1195229506E-002   0.8274932857E+000   0.9833592949E+000   0.9759229763E+000
 0.0909091   0.1003405239E-002   0.8843637636E+000   0.1002301131E+001   0.1031018795E+001
 0.1010101   0.8428065158E-003   0.9123444098E+000   0.9917495745E+000   0.1009856305E+001
 0.1111111   0.7240807901E-003   0.8475974171E+000   0.9739138368E+000   0.9747958203E+000
 0.1212121   0.6787835809E-003   0.8486318475E+000   0.9867592343E+000   0.1014337964E+001
 0.1313131   0.6440582696E-003   0.8785050839E+000   0.9921430348E+000   0.9972202930E+000
 0.1414141   0.6431917905E-003   0.8925325166E+000   0.9720530867E+000   0.9899935509E+000
 0.1515152   0.6422593584E-003   0.8348734595E+000   0.9901130128E+000   0.1002397660E+001
 0.1616162   0.6975396373E-003   0.8539617153E+000   0.9852599786E+000   0.9929166063E+000
 0.1717172   0.7648319199E-003   0.8758424693E+000   0.9926682794E+000   0.1013658435E+001
 0.1818182   0.8372587235E-003   0.7950130992E+000   0.9942243244E+000   0.1004792193E+001
 0.1919192   0.9886312267E-003   0.8804950867E+000   0.9785922810E+000   0.9785224462E+000
 0.2020202   0.1085491258E-002   0.8780133815E+000   0.9936542641E+000   0.1017244840E+001
 0.2121212   0.1306930847E-002   0.8682118057E+000   0.9869429946E+000   0.1001043995E+001
 0.2222222   0.1560384329E-002   0.8710182200E+000   0.9913455910E+000   0.9928249238E+000
 0.2323232   0.1873235897E-002   0.8625711449E+000   0.9869593875E+000   0.9980346497E+000
 0.2424242   0.2301104794E-002   0.9027840465E+000   0.9986148799E+000   0.9917409125E+000
 0.2525253   0.2825046409E-002   0.8934509795E+000   0.9921561325E+000   0.1012838685E+001
 0.2626263   0.3572805626E-002   0.9556002994E+000   0.9988844507E+000   0.1025399194E+001
 0.2727273   0.4465166296E-002   0.9574743348E+000   0.1002844040E+001   0.1005223640E+001
 0.2828283   0.5475568903E-002   0.9532623940E+000   0.1002224694E+001   0.1013669221E+001
 0.2929293   0.6925776969E-002   0.9413223768E+000   0.9937520911E+000   0.1001572517E+001
 0.3030303   0.8742800340E-002   0.9367115078E+000   0.9984476549E+000   0.1010638304E+001
 0.3131313   0.1132229367E-001   0.9617836883E+000   0.9994078472E+000   0.1013884944E+001
 0.3232323   0.1446279030E-001   0.1002131112E+001   0.9829592573E+000   0.1012703857E+001
 0.3333333   0.1867575209E-001   0.9972326436E+000   0.9929256078E+000   0.1006620451E+001
 0.3434343   0.2439615707E-001   0.1009492731E+001   0.9875021571E+000   0.9928464961E+000
 0.3535354   0.3195963853E-001   0.1070440627E+001   0.9995184547E+000   0.1004339173E+001
 0.3636364   0.3989940991E-001   0.1025732824E+001   0.1000599094E+001   0.1016581490E+001
 0.3737374   0.5171566471E-001   0.1015690036E+001   0.1000921146E+001   0.1014726267E+001
 0.3838384   0.6842663980E-001   0.1004172141E+001   0.9871223173E+000   0.9933372674E+000
 0.3939394   0.8871992346E-001   0.1024633452E+001   0.1000715013E+001   0.1000839057E+001
 0.4040404   0.1183475628E+000   0.1054330418E+001   0.1013648627E+001   0.1005590370E+001
 0.4141414   0.1516796507E+000   0.1028098562E+001   0.1010558333E+001   0.1033742306E+001
 0.4242424   0.2029282139E+000   0.1057494012E+001   0.1005093682E+001   0.9916654092E+000
 0.4343434   0.2673476842E+000   0.1019581906E+001   0.1015677822E+001   0.1015605340E+001
 0.4444444   0.3614014451E+000   0.1088921213E+001   0.1016159127E+001   0.1000919953E+001
 0.4545455   0.4780927539E+000   0.1093750101E+001   0.1003936702E+001   0.1013221594E+001
 0.4646465   0.6392789706E+000   0.1068840276E+001   0.1007717028E+001   0.1004991737E+001
 0.4747475   0.8504242708E+000   0.1048211971E+001   0.9986738046E+000   0.9789053557E+000
 0.4848485   0.1140770038E+001   0.1073984595E+001   0.1006688640E+001   0.9957641584E+000
 0.4949495   0.1523364038E+001   0.1074675762E+001   0.1006083007E+001   0.9678495190E+000
 0.5050505   0.1775800600E+001   0.1060922012E+001   0.1009537509E+001   0.1029174358E+001
 0.5151515   0.1754206834E+001   0.1097887823E+001   0.1015658321E+001   0.9904142120E+000
 0.5252525   0.1739789312E+001   0.1068534121E+001   0.1014982018E+001   0.1002106434E+001
 0.5353535   0.1724298928E+001   0.1040567391E+001   0.1003771431E+001   0.9926847034E+000
 0.5454545   0.1752629466E+001   0.1064503090E+001   0.1009736862E+001   0.9710799805E+000
 0.5555556   0.1756967437E+001   0.1074457743E+001   0.1015540972E+001   0.1034082071E+001
 0.5656566   0.1753730913E+001   0.1053379484E+001   0.1005868278E+001   0.9916546230E+000
 0.5757576   0.1754558965E+001   0.1090094805E+001   0.9945583221E+000   0.9718296202E+000
 0.5858586   0.1766650775E+001   0.1084713911E+001   0.1006145926E+001   0.1010406401E+001
 0.5959596   0.1789054678E+001   0.1050113838E+001   0.1006853283E+001   0.9882731549E+000
 0.6060606   0.1781538179E+001   0.1068933050E+001   0.1009258691E+001   0.9958720202E+000
 0.6161616   0.1765335563E+001   0.1072639372E+001   0.9996912583E+000   0.9884565200E+000
 0.6262626   0.1758292008E+001   0.1060666884E+001   0.1010577054E+001   0.9967834526E+000
 0.6363636   0.1756415967E+001   0.1062021385E+001   0.1021721354E+001   0.1024946174E+001
 0.6464646   0.1763395164E+001   0.1046231245E+001   0.1002933798E+001   0.9933103020E+000
 0.6565657   0.1767173890E+001   0.1061246721E+001   0.1008262271E+001   0.9960553853E+000
 0.6666667   0.1795113903E+001   0.1070890581E+001   0.1009538476E+001   0.1003470886E+001
 0.6767677   0.1808501009E+001   0.1096830199E+001   0.9957261516E+000   0.9746825654E+000
 0.6868687   0.1823148198E+001   0.1091978118E+001   0.1018082481E+001   0.1008707577E+001
 0.6969697   0.1804617397E+001   0.1070793169E+001   0.1011255908E+001   0.1002041716E+001
 0.7070707   0.1817517908E+001   0.1065259198E+001   0.9995102713E+000   0.9922424699E+000
 0.7171717   0.1822875417E+001   0.1065481856E+001   0.1008701134E+001   0.1010897172E+001
 0.7272727   0.1841480996E+001   0.1059669563E+001   0.1007712721E+001   0.9985308141E+000
 0.7373737   0.1817673782E+001   0.1047094044E+001   0.1004921900E+001   0.9907216182E+000
 0.7474747   0.1847285243E+001   0.1070510208E+001   0.1016320230E+001   0.1005978673E+001
 0.7575758   0.1836049083E+001   0.1068580508E+001   0.1003456725E+001   0.1008001082E+001
 0.7676768   0.1880310393E+001   0.1082965121E+001   0.1012814740E+001   0.1008400171E+001
 0.7777778   0.1881898835E+001   0.1071252400E+001   0.1018540133E+001   0.1004441642E+001
 0.7878788   0.1883423710E+001   0.1042998071E+001   0.1011124454E+001   0.9971286104E+000
 0.7979798   0.1885069189E+001   0.1071591025E+001   0.9968135928E+000   0.9957695515E+000
 0.8080808   0.1897137093E+001   0.1063287750E+001   0.1007663277E+001   0.1003859188E+001
 0.8181818   0.1891780940E+001   0.1053268155E+001   0.9928119369E+000   0.9886776367E+000
 0.8282828   0.1937587454E+001   0.1088188299E+001   0.1020561916E+001   0.1020788101E+001
 0.8383838   0.1938622720E+001   0.1068023864E+001   0.1006779809E+001   0.1004743655E+001
 0.8484848   0.1921901918E+001   0.1063890781E+001   0.1004134913E+001   0.1001712738E+001
 0.8585859   0.1948463131E+001   0.1053402678E+001   0.1010960230E+001   0.1002629563E+001
 0.8686869   0.1947339985E+001   0.1054441747E+001   0.1001951727E+001   0.9914658648E+000
 0.8787879   0.1979278274E+001   0.1080246842E+001   0.1010038737E+001   0.1020874390E+001
 0.8888889   0.1974181981E+001   0.1076308585E+001   0.1011469348E+001   0.1013275525E+001
 0.8989899   0.1987265201E+001   0.1065082927E+001   0.1004094696E+001   0.1009430251E+001
 0.9090909   0.1996541325E+001   0.1026451823E+001   0.1007710505E+001   0.9903710673E+000
 0.9191919   0.2009919901E+001   0.1071349813E+001   0.1017190031E+001   0.1021397520E+001
 0.9292929   0.2019331001E+001   0.1053282071E+001   0.1021451099E+001   0.1009478789E+001
 0.9393939   0.2029647745E+001   0.1057113639E+001   0.1012324400E+001   0.9989946200E+000
 0.9494949   0.2052500062E+001   0.1055221048E+001   0.1005673394E+001   0.1014974349E+001
 0.9595960   0.2042859831E+001   0.1052832117E+001   0.9877635999E+000   0.9880790036E+000
 0.9696970   0.2082046878E+001   0.1107197697E+001   0.9904607072E+000   0.1016851145E+001
 0.9797980   0.2058931881E+001   0.1029875185E+001   0.9862031136E+000   0.9585032921E+000
 0.9898990   0.2106565142E+001   0.1048671202E+001   0.9963705785E+000   0.9989299029E+000
 1.0000000   0.2120909990E+001   0.1071182820E+001   0.1003642361E+001   0.1020868997E+001


 0.0000000   0.2625166110E-002   0.7636895083E+000   0.9832567716E+000   0.9772602654E+000
 0.0101010   0.2587917643E-002   0.7437919127E+000   0.9841480010E+000   0.9860103155E+000
 0.0202020   0.2501416865E-002   0.7456011857E+000   0.9906571440E+000   0.1002565628E+001
 0.0303030   0.2321095834E-002   0.7355388952E+000   0.9839285509E+000   0.9808929577E+000
 0.0404040   0.2050268451E-002   0.7445389816E+000   0.9710504493E+000   0.9773636464E+000
 0.0505051   0.1795817647E-002   0.7487018521E+000   0.9748428640E+000   0.9847324119E+000
 0.0606061   0.1507926400E-002   0.7116877846E+000   0.9750429491E+000   0.9522104832E+000
 0.0707071   0.1240746810E-002   0.7503700856E+000   0.9780123211E+000   0.9800544232E+000
 0.0808081   0.1008398067E-002   0.7264837152E+000   0.9808786588E+000   0.9734696300E+000
 0.0909091   0.8495088514E-003   0.7791179131E+000   0.9900671571E+000   0.1018443222E+001
 0.1010101   0.7203326394E-003   0.8114181743E+000   0.9881513381E+000   0.1006201192E+001
 0.1111111   0.6287419553E-003   0.7658712139E+000   0.9827110098E+000   0.9836095797E+000
 0.1212121   0.5815150865E-003   0.7565361585E+000   0.9842546808E+000   0.1011772278E+001
 0.1313131   0.5612529173E-003   0.7966332625E+000   0.9831671765E+000   0.9882071610E+000
 0.1414141   0.5532012226E-003   0.7988171718E+000   0.9787635501E+000   0.9968365999E+000
 0.1515152   0.5646277853E-003   0.7637534168E+000   0.9924656760E+000   0.1004788319E+001
 0.1616162   0.6075680329E-003   0.7740074330E+000   0.9851146983E+000   0.9927788970E+000
 0.1717172   0.6657122568E-003   0.7932813694E+000   0.9920217445E+000   0.1013007106E+001
 0.1818182   0.7399417185E-003   0.7311270017E+000   0.9883697254E+000   0.9988841173E+000
 0.1919192   0.8606548276E-003   0.7976315581E+000   0.9807533341E+000   0.9806919391E+000
 0.2020202   0.9738165589E-003   0.8196579694E+000   0.9885159437E+000   0.1011993398E+001
 0.2121212   0.1158824187E-002   0.8010716009E+000   0.9795728225E+000   0.9935772278E+000
 0.2222222   0.1373368723E-002   0.7977439490E+000   0.9817081302E+000   0.9831816974E+000
 0.2323232   0.1686955246E-002   0.8083263229E+000   0.9912553296E+000   0.1002387583E+001
 0.2424242   0.2080501991E-002   0.8493688326E+000   0.9930700798E+000   0.9862429226E+000
 0.2525253   0.2560793504E-002   0.8427531961E+000   0.9899663533E+000   0.1010612114E+001
 0.2626263   0.3234447438E-002   0.9002179987E+000   0.9981700375E+000   0.1024674797E+001
 0.2727273   0.4037546706E-002   0.9009231964E+000   0.1001458422E+001   0.1003843532E+001
 0.2828283   0.5033471028E-002   0.9118669842E+000   0.9894234987E+000   0.1000730616E+001
 0.2929293   0.6402734969E-002   0.9055576680E+000   0.9920675348E+000   0.9998834667E+000
 0.3030303   0.8143707402E-002   0.9079421179E+000   0.9997634573E+000   0.1011979040E+001
 0.3131313   0.1050484196E-001   0.9285669487E+000   0.9884311520E+000   0.1002758032E+001
 0.3232323   0.1358974883E-001   0.9798612709E+000   0.9855807592E+000   0.1015413585E+001
 0.3333333   0.1747975952E-001   0.9712578582E+000   0.9909539235E+000   0.1004630376E+001
 0.3434343   0.2286932909E-001   0.9847271354E+000   0.9905309696E+000   0.9959004278E+000
 0.3535354   0.2978582078E-001   0.1038128236E+001   0.9943237912E+000   0.9991282113E+000
 0.3636364   0.3820257494E-001   0.1021977003E+001   0.9950992559E+000   0.1011002664E+001
 0.3737374   0.4981300159E-001   0.1018034507E+001   0.9974802337E+000   0.1011246758E+001
 0.3838384   0.6629542361E-001   0.1012388518E+001   0.9926971064E+000   0.9989559097E+000
 0.3939394   0.8570840927E-001   0.1030033888E+001   0.9962535217E+000   0.9963857440E+000
 0.4040404   0.1132369284E+000   0.1049750776E+001   0.1007230066E+001   0.9992315923E+000
 0.4141414   0.1498130499E+000   0.1056666122E+001   0.9987770784E+000   0.1021699722E+001
 0.4242424   0.1986239099E+000   0.1077079393E+001   0.1003061300E+001   0.9896688530E+000
 0.4343434   0.2659023946E+000   0.1055233689E+001   0.1006674862E+001   0.1006611845E+001
 0.4444444   0.3521367833E+000   0.1104075245E+001   0.1012185489E+001   0.9970146449E+000
 0.4545455   0.4695277303E+000   0.1117758286E+001   0.1006654633E+001   0.1015973565E+001
 0.4646465   0.6322868581E+000   0.1100062229E+001   0.1012301402E+001   0.1009572560E+001
 0.4747475   0.8366984776E+000   0.1073156731E+001   0.1003352907E+001   0.9835004554E+000
 0.4848485   0.1123538512E+001   0.1100699111E+001   0.1006376299E+001   0.9954639304E+000
 0.4949495   0.1513707829E+001   0.1111210965E+001   0.1002178838E+001   0.9641021659E+000
 0.5050505   0.1766009186E+001   0.1097900357E+001   0.1002782618E+001   0.1022297034E+001
 0.5151515   0.1753573385E+001   0.1142041330E+001   0.1011919593E+001   0.9867770576E+000
 0.5252525   0.1729697963E+001   0.1105459196E+001   0.1013111362E+001   0.1000268274E+001
 0.5353535   0.1720368910E+001   0.1080338729E+001   0.1003073869E+001   0.9920035398E+000
 0.5454545   0.1749239780E+001   0.1105571587E+001   0.1009408929E+001   0.9707731099E+000
 0.5555556   0.1747452188E+001   0.1112017535E+001   0.1013755746E+001   0.1032273297E+001
 0.5656566   0.1739946195E+001   0.1087522932E+001   0.1000498408E+001   0.9863692772E+000
 0.5757576   0.1754891682E+001   0.1134559622E+001   0.1000645018E+001   0.9777857853E+000
 0.5858586   0.1762078649E+001   0.1125823985E+001   0.1006070294E+001   0.1010339303E+001
 0.5959596   0.1770207711E+001   0.1081229042E+001   0.1003614590E+001   0.9851028603E+000
 0.6060606   0.1768605908E+001   0.1104249341E+001   0.1008082515E+001   0.9947201618E+000
 0.6161616   0.1764836963E+001   0.1115865270E+001   0.1000098297E+001   0.9888676505E+000
 0.6262626   0.1759447987E+001   0.1104447678E+001   0.1000426334E+001   0.9867799293E+000
 0.6363636   0.1764071273E+001   0.1109948220E+001   0.1014044835E+001   0.1017254341E+001
 0.6464646   0.1765856965E+001   0.1090220313E+001   0.1009695175E+001   0.1000015565E+001
 0.6565657   0.1776813488E+001   0.1110349302E+001   0.1009172118E+001   0.9969629544E+000
 0.6666667   0.1786947908E+001   0.1109291505E+001   0.1005507419E+001   0.9994728145E+000
 0.6767677   0.1809175646E+001   0.1141779084E+001   0.9995506261E+000   0.9784347881E+000
 0.6868687   0.1812181269E+001   0.1129468976E+001   0.1015630853E+001   0.1006287343E+001
 0.6969697   0.1801129347E+001   0.1112105685E+001   0.1015265052E+001   0.1006023147E+001
 0.7070707   0.1833777074E+001   0.1118417205E+001   0.1008630297E+001   0.1001304955E+001
 0.7171717   0.1821968450E+001   0.1108180819E+001   0.1008301836E+001   0.1010505861E+001
 0.7272727   0.1831534032E+001   0.1096727966E+001   0.1005634751E+001   0.9964805099E+000
 0.7373737   0.1829677909E+001   0.1096794078E+001   0.1007524151E+001   0.9932958018E+000
 0.7474747   0.1856930548E+001   0.1119781322E+001   0.1018041846E+001   0.1007691601E+001
 0.7575758   0.1841490949E+001   0.1115252630E+001   0.1003640125E+001   0.1008194148E+001
 0.7676768   0.1883631463E+001   0.1128915836E+001   0.1020651739E+001   0.1016211916E+001
 0.7777778   0.1879074581E+001   0.1113064313E+001   0.1021596708E+001   0.1007464737E+001
 0.7878788   0.1886247405E+001   0.1086963181E+001   0.1013230603E+001   0.9992143621E+000
 0.7979798   0.1885955729E+001   0.1115614044E+001   0.1007253093E+001   0.1006206936E+001
 0.8080808   0.1912771778E+001   0.1115567765E+001   0.1007560902E+001   0.1003765996E+001
 0.8181818   0.1913534229E+001   0.1108625975E+001   0.1004623911E+001   0.1000449190E+001
 0.8282828   0.1929113817E+001   0.1127408476E+001   0.1017614329E+001   0.1017848781E+001
 0.8383838   0.1924985295E+001   0.1103559569E+001   0.1005894944E+001   0.1003869377E+001
 0.8484848   0.1946753758E+001   0.1121392258E+001   0.1011817763E+001   0.1009385900E+001
 0.8585859   0.1954524573E+001   0.1099572998E+001   0.1014668465E+001   0.1006316060E+001
 0.8686869   0.1958610779E+001   0.1103594829E+001   0.1007480713E+001   0.9969457242E+000
 0.8787879   0.1974908101E+001   0.1121614836E+001   0.1014145069E+001   0.1025033758E+001
 0.8888889   0.1978871958E+001   0.1122659410E+001   0.1011462002E+001   0.1013277045E+001
 0.8989899   0.1985985134E+001   0.1107603438E+001   0.1003456200E+001   0.1008797203E+001
 0.9090909   0.2015660469E+001   0.1078346546E+001   0.1013041443E+001   0.9956190019E+000
 0.9191919   0.2025124365E+001   0.1123272051E+001   0.1015591717E+001   0.1019801533E+001
 0.9292929   0.2027278084E+001   0.1100350920E+001   0.1014476116E+001   0.1002594345E+001
 0.9393939   0.2050527602E+001   0.1111340986E+001   0.1013312257E+001   0.9999782326E+000
 0.9494949   0.2059757226E+001   0.1101937615E+001   0.1004677112E+001   0.1013977738E+001
 0.9595960   0.2059168507E+001   0.1104315453E+001   0.1005380291E+001   0.1005710133E+001
 0.9696970   0.2062870554E+001   0.1141530061E+001   0.1008251356E+001   0.1035124889E+001
 0.9797980   0.2060807089E+001   0.1072656481E+001   0.9910509716E+000   0.9632234277E+000
 0.9898990   0.2117058305E+001   0.1096675076E+001   0.1008942062E+001   0.1011542542E+001
 1.0000000   0.2137488475E+001   0.1123377830E+001   0.1006920575E+001   0.1024212454E+001


 0.0000000   0.2733006320E-002   0.7864873441E+000   0.9824311489E+000   0.9764449686E+000
 0.0101010   0.2693014053E-002   0.7656507061E+000   0.9793784149E+000   0.9812370205E+000
 0.0202020   0.2601596278E-002   0.7670991229E+000   0.9902000644E+000   0.1002108484E+001
 0.0303030   0.2408569195E-002   0.7550274927E+000   0.9818922613E+000   0.9788682542E+000
 0.0404040   0.2151077273E-002   0.7727229141E+000   0.9814066085E+000   0.9877924874E+000
 0.0505051   0.1871478894E-002   0.7718318099E+000   0.9745020713E+000   0.9843934957E+000
 0.0606061   0.1580777084E-002   0.7380249868E+000   0.9835557187E+000   0.9605291147E+000
 0.0707071   0.1297084151E-002   0.7759818519E+000   0.9823689226E+000   0.9844254553E+000
 0.0808081   0.1052376156E-002   0.7499908170E+000   0.9741915847E+000   0.9668383051E+000
 0.0909091   0.8916335131E-003   0.8089333342E+000   0.9891318933E+000   0.1017486666E+001
 0.1010101   0.7474979009E-003   0.8329380114E+000   0.9847175115E+000   0.1002710076E+001
 0.1111111   0.6552964594E-003   0.7896091890E+000   0.9786768153E+000   0.9795770041E+000
 0.1212121   0.6020753096E-003   0.7748374238E+000   0.9827142458E+000   0.1010194249E+001
 0.1313131   0.5848238027E-003   0.8211375869E+000   0.9817523830E+000   0.9867904617E+000
 0.1414141   0.5763007924E-003   0.8231984515E+000   0.9815514922E+000   0.9996814385E+000
 0.1515152   0.5963214707E-003   0.7979256645E+000   0.9909200598E+000   0.1003228948E+001
 0.1616162   0.6320171176E-003   0.7964712871E+000   0.9841684590E+000   0.9918306701E+000
 0.1717172   0.6932650434E-003   0.8172051054E+000   0.9871851302E+000   0.1008073639E+001
 0.1818182   0.7747505626E-003   0.7572656841E+000   0.9884985129E+000   0.9990196879E+000
 0.1919192   0.8962428972E-003   0.8216561558E+000   0.9864633548E+000   0.9864069471E+000
 0.2020202   0.1022664331E-002   0.8514902637E+000   0.9842906425E+000   0.1007673205E+001
 0.2121212   0.1201579057E-002   0.8216695671E+000   0.9800048710E+000   0.9940208389E+000
 0.2222222   0.1423802018E-002   0.8181200518E+000   0.9832469184E+000   0.9847281310E+000
 0.2323232   0.1762988383E-002   0.8356485774E+000   0.9929092676E+000   0.1004065536E+001
 0.2424242   0.2143932357E-002   0.8658254176E+000   0.9887056431E+000   0.9819138109E+000
 0.2525253   0.2642279950E-002   0.8601926856E+000   0.9907744578E+000   0.1011442551E+001
 0.2626263   0.3305548786E-002   0.9100855780E+000   0.9943141955E+000   0.1020722100E+001
 0.2727273   0.4107464109E-002   0.9066403726E+000   0.9934429183E+000   0.9958143335E+000
 0.2828283   0.5178527226E-002   0.9280283627E+000   0.9884217119E+000   0.9997227979E+000
 0.2929293   0.6555693365E-002   0.9171920592E+000   0.9929659500E+000   0.1000794383E+001
 0.3030303   0.8360473494E-002   0.9220573688E+000   0.9958849447E+000   0.1008058600E+001
 0.3131313   0.1071117596E-001   0.9365951819E+000   0.9875075669E+000   0.1001826488E+001
 0.3232323   0.1386037222E-001   0.9885966234E+000   0.9893010029E+000   0.1019251961E+001
 0.3333333   0.1774754727E-001   0.9755027567E+000   0.9909069218E+000   0.1004588169E+001
 0.3434343   0.2313504206E-001   0.9854256039E+000   0.9949200787E+000   0.1000318749E+001
 0.3535354   0.3008643927E-001   0.1037297403E+001   0.9931570730E+000   0.9979612630E+000
 0.3636364   0.3880071540E-001   0.1026784460E+001   0.9917520328E+000   0.1007607406E+001
 0.3737374   0.5040601532E-001   0.1019044669E+001   0.9996818024E+000   0.1013484202E+001
 0.3838384   0.6649768902E-001   0.1004526228E+001   0.9919854139E+000   0.9982451389E+000
 0.3939394   0.8649767582E-001   0.1028308874E+001   0.9930959452E+000   0.9932331301E+000
 0.4040404   0.1139486318E+000   0.1044956727E+001   0.1002826824E+001   0.9948687069E+000
 0.4141414   0.1509794152E+000   0.1053408805E+001   0.9965754786E+000   0.1019453118E+001
 0.4242424   0.1987764241E+000   0.1066282131E+001   0.1004111305E+001   0.9907102060E+000
 0.4343434   0.2670347318E+000   0.1048299112E+001   0.1008608827E+001   0.1008551153E+001
 0.4444444   0.3531794008E+000   0.1095402461E+001   0.1009125393E+001   0.9940057992E+000
 0.4545455   0.4688239098E+000   0.1104046768E+001   0.1009653469E+001   0.1019005684E+001
 0.4646465   0.6332956242E+000   0.1089935135E+001   0.1010928675E+001   0.1008208997E+001
 0.4747475   0.8407610234E+000   0.1066738114E+001   0.1000415039E+001   0.9806260292E+000
 0.4848485   0.1126689599E+001   0.1091882749E+001   0.1006622458E+001   0.9957128149E+000
 0.4949495   0.1519613752E+001   0.1103516278E+001   0.1003510897E+001   0.9653888457E+000
 0.5050505   0.1769009488E+001   0.1087905563E+001   0.1001949668E+001   0.1021453409E+001
 0.5151515   0.1750896429E+001   0.1128000780E+001   0.1006597313E+001   0.9815923355E+000
 0.5252525   0.1728581581E+001   0.1092831969E+001   0.1010578843E+001   0.9977732656E+000
 0.5353535   0.1729228580E+001   0.1074191798E+001   0.1002186486E+001   0.9911313200E+000
 0.5454545   0.1747730484E+001   0.1092705307E+001   0.1009164955E+001   0.9705437325E+000
 0.5555556   0.1744082915E+001   0.1097904408E+001   0.1009543890E+001   0.1027990076E+001
 0.5656566   0.1745969445E+001   0.1079519051E+001   0.1000067822E+001   0.9859501136E+000
 0.5757576   0.1746576585E+001   0.1117006522E+001   0.1003640497E+001   0.9807181479E+000
 0.5858586   0.1758983881E+001   0.1111726953E+001   0.1005297021E+001   0.1009568218E+001
 0.5959596   0.1768644873E+001   0.1068624632E+001   0.1009279701E+001   0.9906688466E+000
 0.6060606   0.1760584969E+001   0.1087386994E+001   0.1004005631E+001   0.9907026861E+000
 0.6161616   0.1762050379E+001   0.1102088723E+001   0.1001836567E+001   0.9905917677E+000
 0.6262626   0.1753870578E+001   0.1089073834E+001   0.1001342641E+001   0.9876890889E+000
 0.6363636   0.1769406286E+001   0.1101298948E+001   0.1016797126E+001   0.1020020870E+001
 0.6464646   0.1773524563E+001   0.1083146054E+001   0.1012064817E+001   0.1002367920E+001
 0.6565657   0.1778662651E+001   0.1099518230E+001   0.1009412179E+001   0.9972055137E+000
 0.6666667   0.1786824919E+001   0.1097253216E+001   0.1007317579E+001   0.1001277536E+001
 0.6767677   0.1804236533E+001   0.1126382487E+001   0.1002317638E+001   0.9811486618E+000
 0.6868687   0.1814014976E+001   0.1118419175E+001   0.1010470388E+001   0.1001179777E+001
 0.6969697   0.1801254137E+001   0.1100188793E+001   0.1010227524E+001   0.1001036899E+001
 0.7070707   0.1828655265E+001   0.1103265934E+001   0.1013200837E+001   0.1005847751E+001
 0.7171717   0.1822903725E+001   0.1096792763E+001   0.1011078740E+001   0.1013294325E+001
 0.7272727   0.1831039713E+001   0.1084607882E+001   0.1006256614E+001   0.9971021152E+000
 0.7373737   0.1831868244E+001   0.1086264918E+001   0.1010752140E+001   0.9964836040E+000
 0.7474747   0.1854919007E+001   0.1106505500E+001   0.1015320778E+001   0.1005003643E+001
 0.7575758   0.1847689563E+001   0.1106939131E+001   0.1011955059E+001   0.1016552319E+001
 0.7676768   0.1879489017E+001   0.1114285525E+001   0.1016554658E+001   0.1012138142E+001
 0.7777778   0.1875424687E+001   0.1098922174E+001   0.1020820801E+001   0.1006705019E+001
 0.7878788   0.1885269119E+001   0.1074683544E+001   0.1016849908E+001   0.1002789034E+001
 0.7979798   0.1881739032E+001   0.1101115661E+001   0.1011685088E+001   0.1010639803E+001
 0.8080808   0.1905056422E+001   0.1099086089E+001   0.1007820259E+001   0.1004029817E+001
 0.8181818   0.1910547052E+001   0.1094958399E+001   0.1004581874E+001   0.1000412748E+001
 0.8282828   0.1926756711E+001   0.1113887657E+001   0.1017594498E+001   0.1017834461E+001
 0.8383838   0.1927574605E+001   0.1093127016E+001   0.1004398202E+001   0.1002381080E+001
 0.8484848   0.1940718993E+001   0.1105860269E+001   0.1011194127E+001   0.1008769229E+001
 0.8585859   0.1946938413E+001   0.1083493256E+001   0.1011432724E+001   0.1003112390E+001
 0.8686869   0.1967925138E+001   0.1096885151E+001   0.1010502039E+001   0.9999408748E+000
 0.8787879   0.1972477413E+001   0.1108153596E+001   0.1016214456E+001   0.1027130929E+001
 0.8888889   0.1978949383E+001   0.1110595936E+001   0.1009432034E+001   0.1011248914E+001
 0.8989899   0.1991673279E+001   0.1098797002E+001   0.1008133492E+001   0.1013504882E+001
 0.9090909   0.2011495501E+001   0.1064513334E+001   0.1012058293E+001   0.9946581499E+000
 0.9191919   0.2032086303E+001   0.1114978440E+001   0.1018831996E+001   0.1023060786E+001
 0.9292929   0.2027773318E+001   0.1088750473E+001   0.1012238451E+001   0.1000388308E+001
 0.9393939   0.2051630444E+001   0.1099947391E+001   0.1019269759E+001   0.1005862791E+001
 0.9494949   0.2060027898E+001   0.1090197400E+001   0.1004445306E+001   0.1013749279E+001
 0.9595960   0.2063026861E+001   0.1094453242E+001   0.1007468815E+001   0.1007804803E+001
 0.9696970   0.2068761557E+001   0.1132444380E+001   0.1010204924E+001   0.1037136146E+001
 0.9797980   0.2064919979E+001   0.1063206480E+001   0.9961072799E+000   0.9681430066E+000
 0.9898990   0.2114957622E+001   0.1083771913E+001   0.1008538716E+001   0.1011143636E+001
 1.0000000   0.2128982140E+001   0.1106840782E+001   0.1005605472E+001   0.1022880309E+001


 0.0000000   0.2800485243E-002   0.7973901089E+000   0.9845614425E+000   0.9785658099E+000
 0.0101010   0.2765175836E-002   0.7778597041E+000   0.9800563366E+000   0.9819197690E+000
 0.0202020   0.2667390369E-002   0.7781881541E+000   0.9858715293E+000   0.9977314901E+000
 0.0303030   0.2475415120E-002   0.7677823616E+000   0.9848149673E+000   0.9817854987E+000
 0.0404040   0.2212747223E-002   0.7864770186E+000   0.9819410511E+000   0.9883339709E+000
 0.0505051   0.1918016458E-002   0.7826660981E+000   0.9754267104E+000   0.9853310726E+000
 0.0606061   0.1623750441E-002   0.7500775541E+000   0.9844312444E+000   0.9613876092E+000
 0.0707071   0.1334058153E-002   0.7896681583E+000   0.9779793182E+000   0.9800301949E+000
 0.0808081   0.1085121889E-002   0.7651558860E+000   0.9720359366E+000   0.9647024061E+000
 0.0909091   0.9125334751E-003   0.8191465502E+000   0.9901583087E+000   0.1018546177E+001
 0.1010101   0.7718434412E-003   0.8509780843E+000   0.9878201417E+000   0.1005873023E+001
 0.1111111   0.6794559156E-003   0.8100691807E+000   0.9803794897E+000   0.9812847826E+000
 0.1212121   0.6251424919E-003   0.7960223169E+000   0.9859658310E+000   0.1013540414E+001
 0.1313131   0.6067261145E-003   0.8428883146E+000   0.9844686355E+000   0.9895242208E+000
 0.1414141   0.6058054959E-003   0.8561995402E+000   0.9824376092E+000   0.1000587530E+001
 0.1515152   0.6228918605E-003   0.8246717100E+000   0.9896171329E+000   0.1001913449E+001
 0.1616162   0.6655566598E-003   0.8298751686E+000   0.9843868875E+000   0.9920543759E+000
 0.1717172   0.7312556287E-003   0.8528790452E+000   0.9843581668E+000   0.1005190482E+001
 0.1818182   0.8198464784E-003   0.7928761704E+000   0.9833190698E+000   0.9937887000E+000
 0.1919192   0.9386680027E-003   0.8514572614E+000   0.9845977835E+000   0.9845450322E+000
 0.2020202   0.1079101923E-002   0.8889871789E+000   0.9839877797E+000   0.1007366779E+001
 0.2121212   0.1270114428E-002   0.8593580599E+000   0.9814230426E+000   0.9954628822E+000
 0.2222222   0.1514040996E-002   0.8607787188E+000   0.9831275846E+000   0.9846121673E+000
 0.2323232   0.1854518308E-002   0.8697447303E+000   0.9872893346E+000   0.9983860576E+000
 0.2424242   0.2243145022E-002   0.8963199388E+000   0.9870885122E+000   0.9803113232E+000
 0.2525253   0.2740951263E-002   0.8828861068E+000   0.9875319483E+000   0.1008136036E+001
 0.2626263   0.3422364832E-002   0.9322908434E+000   0.9912059332E+000   0.1017534954E+001
 0.2727273   0.4258179698E-002   0.9299759454E+000   0.9934166220E+000   0.9957915646E+000
 0.2828283   0.5354943480E-002   0.9495029758E+000   0.9913556487E+000   0.1002693895E+001
 0.2929293   0.6742562790E-002   0.9333684295E+000   0.9943654840E+000   0.1002208564E+001
 0.3030303   0.8577206598E-002   0.9359645347E+000   0.9973202637E+000   0.1009515104E+001
 0.3131313   0.1088691254E-001   0.9419025066E+000   0.9864413064E+000   0.1000748375E+001
 0.3232323   0.1401513599E-001   0.9890722081E+000   0.9897540889E+000   0.1019722440E+001
 0.3333333   0.1797724305E-001   0.9776866896E+000   0.9929529312E+000   0.1006666057E+001
 0.3434343   0.2335531879E-001   0.9842961845E+000   0.9956303624E+000   0.1001036496E+001
 0.3535354   0.3023608082E-001   0.1031441140E+001   0.9940021649E+000   0.9988140440E+000
 0.3636364   0.3917427982E-001   0.1025715760E+001   0.9897853179E+000   0.1005612874E+001
 0.3737374   0.5091772537E-001   0.1018512356E+001   0.9971675959E+000   0.1010938928E+001
 0.3838384   0.6676686094E-001   0.9979347353E+000   0.9933046537E+000   0.9995763074E+000
 0.3939394   0.8673385459E-001   0.1020220971E+001   0.9941722746E+000   0.9943131932E+000
 0.4040404   0.1146278347E+000   0.1040077576E+001   0.9965759933E+000   0.9886710452E+000
 0.4141414   0.1512691408E+000   0.1044277688E+001   0.9973902693E+000   0.1020290291E+001
 0.4242424   0.1994845630E+000   0.1058773358E+001   0.9971801259E+000   0.9838750795E+000
 0.4343434   0.2684860895E+000   0.1042859278E+001   0.1010117492E+001   0.1010063374E+001
 0.4444444   0.3535709632E+000   0.1085029115E+001   0.1006552809E+001   0.9914753354E+000
 0.4545455   0.4693735089E+000   0.1093661052E+001   0.1007463667E+001   0.1016799265E+001
 0.4646465   0.6316307004E+000   0.1075582802E+001   0.1009879998E+001   0.1007166773E+001
 0.4747475   0.8385499138E+000   0.1052690283E+001   0.1002444708E+001   0.9826190932E+000
 0.4848485   0.1120159416E+001   0.1074083405E+001   0.1007064658E+001   0.9961538146E+000
 0.4949495   0.1521896432E+001   0.1093495703E+001   0.1001959212E+001   0.9638995819E+000
 0.5050505   0.1764433803E+001   0.1073625599E+001   0.1003079823E+001   0.1022609251E+001
 0.5151515   0.1745715172E+001   0.1112778645E+001   0.1004595896E+001   0.9796441679E+000
 0.5252525   0.1734066698E+001   0.1084715288E+001   0.1008733814E+001   0.9959552065E+000
 0.5353535   0.1733872961E+001   0.1065695555E+001   0.9994886848E+000   0.9884668425E+000
 0.5454545   0.1751059407E+001   0.1083218141E+001   0.1009239256E+001   0.9706186892E+000
 0.5555556   0.1740157673E+001   0.1083858168E+001   0.1010360036E+001   0.1028824844E+001
 0.5656566   0.1744553271E+001   0.1067245570E+001   0.1001928917E+001   0.9877884980E+000
 0.5757576   0.1746060530E+001   0.1104876722E+001   0.1006184839E+001   0.9832079242E+000
 0.5858586   0.1762874074E+001   0.1102412222E+001   0.1005688965E+001   0.1009965468E+001
 0.5959596   0.1765634102E+001   0.1055532726E+001   0.1008813848E+001   0.9902151531E+000
 0.6060606   0.1765313452E+001   0.1078786315E+001   0.1003848115E+001   0.9905508288E+000
 0.6161616   0.1759698078E+001   0.1088987388E+001   0.1005330681E+001   0.9940502473E+000
 0.6262626   0.1760324351E+001   0.1081530897E+001   0.1004691237E+001   0.9909955990E+000
 0.6363636   0.1767642862E+001   0.1088575701E+001   0.1014528726E+001   0.1017748947E+001
 0.6464646   0.1774969730E+001   0.1072573884E+001   0.1011653140E+001   0.1001963800E+001
 0.6565657   0.1783957087E+001   0.1091138061E+001   0.1006745573E+001   0.9945747404E+000
 0.6666667   0.1784951941E+001   0.1084520692E+001   0.1008785278E+001   0.1002740050E+001
 0.6767677   0.1800544128E+001   0.1112199358E+001   0.1003837608E+001   0.9826400729E+000
 0.6868687   0.1812528937E+001   0.1105694472E+001   0.1013005629E+001   0.1003695327E+001
 0.6969697   0.1793798038E+001   0.1084057263E+001   0.1008275626E+001   0.9991063615E+000
 0.7070707   0.1823553166E+001   0.1088562203E+001   0.1014213075E+001   0.1006856273E+001
 0.7171717   0.1826849526E+001   0.1087552106E+001   0.1015006386E+001   0.1017234245E+001
 0.7272727   0.1829921768E+001   0.1072491772E+001   0.1009632063E+001   0.1000450463E+001
 0.7373737   0.1834032569E+001   0.1076056355E+001   0.1012422823E+001   0.9981343008E+000
 0.7474747   0.1851577616E+001   0.1092841052E+001   0.1017255170E+001   0.1006922009E+001
 0.7575758   0.1847037294E+001   0.1094855621E+001   0.1012351786E+001   0.1016954515E+001
 0.7676768   0.1871314870E+001   0.1097716061E+001   0.1012614319E+001   0.1008218556E+001
 0.7777778   0.1879390760E+001   0.1089609419E+001   0.1017775167E+001   0.1003705118E+001
 0.7878788   0.1886532005E+001   0.1064039807E+001   0.1015152814E+001   0.1001119017E+001
 0.7979798   0.1881800745E+001   0.1089516058E+001   0.1012753723E+001   0.1011710982E+001
 0.8080808   0.1904471257E+001   0.1087138169E+001   0.1009454791E+001   0.1005661827E+001
 0.8181818   0.1910318689E+001   0.1083258634E+001   0.1008786001E+001   0.1004603050E+001
 0.8282828   0.1926762876E+001   0.1102120891E+001   0.1017123597E+001   0.1017367116E+001
 0.8383838   0.1924641418E+001   0.1079930266E+001   0.1004319820E+001   0.1002306469E+001
 0.8484848   0.1938185760E+001   0.1092746566E+001   0.1013542040E+001   0.1011115157E+001
 0.8585859   0.1941988621E+001   0.1069318629E+001   0.1010887242E+001   0.1002575010E+001
 0.8686869   0.1968677852E+001   0.1085709637E+001   0.1012223247E+001   0.1001647706E+001
 0.8787879   0.1966141679E+001   0.1092922040E+001   0.1010076653E+001   0.1020930872E+001
 0.8888889   0.1979929083E+001   0.1099404429E+001   0.1008261742E+001   0.1010080158E+001
 0.8989899   0.1991865590E+001   0.1087291146E+001   0.1008874729E+001   0.1014253725E+001
 0.9090909   0.2011311329E+001   0.1053168335E+001   0.1013533774E+001   0.9961118551E+000
 0.9191919   0.2032249261E+001   0.1103285089E+001   0.1019490159E+001   0.1023725372E+001
 0.9292929   0.2029618695E+001   0.1078226150E+001   0.1013373252E+001   0.1001513436E+001
 0.9393939   0.2050225458E+001   0.1087579102E+001   0.1018508284E+001   0.1005114955E+001
 0.9494949   0.2061305613E+001   0.1079346479E+001   0.1007232238E+001   0.1016565691E+001
 0.9595960   0.2067977514E+001   0.1085486921E+001   0.1013488283E+001   0.1013829934E+001
 0.9696970   0.2073471910E+001   0.1123029211E+001   0.1006724110E+001   0.1033566263E+001
 0.9797980   0.2082084027E+001   0.1060715938E+001   0.1002559310E+001   0.9744174185E+000
 0.9898990   0.2112164156E+001   0.1070903513E+001   0.1005254836E+001   0.1007854908E+001
 1.0000000   0.2127411611E+001   0.1094337075E+001   0.1005713498E+001   0.1022993879E+001


 0.0000000   0.2817801188E-002   0.8007201385E+000   0.9862638143E+000   0.9802600247E+000
 0.0101010   0.2782416099E-002   0.7811482179E+000   0.9796796749E+000   0.9815446039E+000
 0.0202020   0.2689509526E-002   0.7830761039E+000   0.9871555247E+000   0.9990331840E+000
 0.0303030   0.2489231702E-002   0.7705277120E+000   0.9819380547E+000   0.9789196428E+000
 0.0404040   0.2223584535E-002   0.7887524568E+000   0.9808196221E+000   0.9872074664E+000
 0.0505051   0.1937125045E-002   0.7888868137E+000   0.9785912682E+000   0.9885299914E+000
 0.0606061   0.1632194587E-002   0.7524742947E+000   0.9825490395E+000   0.9595516263E+000
 0.0707071   0.1339347650E-002   0.7912177704E+000   0.9766984892E+000   0.9787488864E+000
 0.0808081   0.1095047111E-002   0.7706142775E+000   0.9754960050E+000   0.9681385526E+000
 0.0909091   0.9146556335E-003   0.8194137798E+000   0.9895507839E+000   0.1017923529E+001
 0.1010101   0.7772440209E-003   0.8552230454E+000   0.9917300707E+000   0.1009856684E+001
 0.1111111   0.6835331078E-003   0.8133045994E+000   0.9786777657E+000   0.9795836955E+000
 0.1212121   0.6269034284E-003   0.7966722992E+000   0.9828056971E+000   0.1010294178E+001
 0.1313131   0.6129727022E-003   0.8498677063E+000   0.9863519657E+000   0.9914194575E+000
 0.1414141   0.6087648251E-003   0.8586658278E+000   0.9844333649E+000   0.1002622416E+001
 0.1515152   0.6273887290E-003   0.8289684479E+000   0.9872892017E+000   0.9995588458E+000
 0.1616162   0.6700400729E-003   0.8337989836E+000   0.9815652764E+000   0.9892130170E+000
 0.1717172   0.7415744611E-003   0.8631888757E+000   0.9840466275E+000   0.1004874615E+001
 0.1818182   0.8247847684E-003   0.7960609303E+000   0.9824512266E+000   0.9929138550E+000
 0.1919192   0.9455764563E-003   0.8560129557E+000   0.9835660357E+000   0.9835155568E+000
 0.2020202   0.1091964116E-002   0.8977889293E+000   0.9844107070E+000   0.1007802027E+001
 0.2121212   0.1282582077E-002   0.8660626703E+000   0.9824045504E+000   0.9964606775E+000
 0.2222222   0.1527776648E-002   0.8668552857E+000   0.9848263671E+000   0.9863157385E+000
 0.2323232   0.1860131507E-002   0.8706371164E+000   0.9854063096E+000   0.9964841146E+000
 0.2424242   0.2265356221E-002   0.9033895374E+000   0.9882168379E+000   0.9814341145E+000
 0.2525253   0.2757607699E-002   0.8864795063E+000   0.9887975814E+000   0.1009430351E+001
 0.2626263   0.3431536212E-002   0.9329246071E+000   0.9906146334E+000   0.1016930240E+001
 0.2727273   0.4265842475E-002   0.9297911160E+000   0.9944671311E+000   0.9968468324E+000
 0.2828283   0.5367540942E-002   0.9498382451E+000   0.9905456511E+000   0.1001876892E+001
 0.2929293   0.6782524308E-002   0.9370274515E+000   0.9921572621E+000   0.9999851788E+000
 0.3030303   0.8610029973E-002   0.9376721842E+000   0.9967127713E+000   0.1008902457E+001
 0.3131313   0.1093068275E-001   0.9438030060E+000   0.9840795577E+000   0.9983546226E+000
 0.3232323   0.1407551443E-001   0.9913518171E+000   0.9890598233E+000   0.1019009450E+001
 0.3333333   0.1799176636E-001   0.9765247685E+000   0.9951191947E+000   0.1008864511E+001
 0.3434343   0.2336700208E-001   0.9828242127E+000   0.9926621369E+000   0.9980544038E+000
 0.3535354   0.3026574869E-001   0.1030393763E+001   0.9928130031E+000   0.9976213745E+000
 0.3636364   0.3911222909E-001   0.1022048307E+001   0.9897561847E+000   0.1005585542E+001
 0.3737374   0.5100004056E-001   0.1018124004E+001   0.9955793497E+000   0.1009331022E+001
 0.3838384   0.6689448141E-001   0.9978478372E+000   0.9968695118E+000   0.1003165935E+001
 0.3939394   0.8706363758E-001   0.1022057325E+001   0.9977701028E+000   0.9979137809E+000
 0.4040404   0.1151733781E+000   0.1042943057E+001   0.9978512849E+000   0.9899384527E+000
 0.4141414   0.1515000082E+000   0.1043785267E+001   0.1000261013E+001   0.1023229254E+001
 0.4242424   0.1995541062E+000   0.1057029790E+001   0.9988800958E+000   0.9855545891E+000
 0.4343434   0.2686174734E+000   0.1041288393E+001   0.1011357229E+001   0.1011305324E+001
 0.4444444   0.3538257325E+000   0.1083645077E+001   0.1002042160E+001   0.9870344779E+000
 0.4545455   0.4705084015E+000   0.1094118602E+001   0.1007540302E+001   0.1016878902E+001
 0.4646465   0.6313130080E+000   0.1072897428E+001   0.1008094162E+001   0.1005388000E+001
 0.4747475   0.8445309404E+000   0.1058083906E+001   0.1005449689E+001   0.9855668657E+000
 0.4848485   0.1120534204E+001   0.1072299585E+001   0.1005710660E+001   0.9948167286E+000
 0.4949495   0.1523662851E+001   0.1092581163E+001   0.1002732115E+001   0.9646453008E+000
 0.5050505   0.1757822242E+001   0.1067469050E+001   0.1004443282E+001   0.1024001564E+001
 0.5151515   0.1754205415E+001   0.1115960162E+001   0.1003318471E+001   0.9784006773E+000
 0.5252525   0.1739397506E+001   0.1085879550E+001   0.1011412679E+001   0.9986023868E+000
 0.5353535   0.1736764798E+001   0.1065343686E+001   0.1003405230E+001   0.9923424349E+000
 0.5454545   0.1753734680E+001   0.1082709088E+001   0.1009579043E+001   0.9709476627E+000
 0.5555556   0.1743955835E+001   0.1084057165E+001   0.1006986698E+001   0.1025392168E+001
 0.5656566   0.1746864206E+001   0.1066527650E+001   0.1005001688E+001   0.9908201361E+000
 0.5757576   0.1745458659E+001   0.1102292731E+001   0.1004633430E+001   0.9816941552E+000
 0.5858586   0.1767344576E+001   0.1103003289E+001   0.1002245505E+001   0.1006509636E+001
 0.5959596   0.1768563378E+001   0.1055174944E+001   0.1010045317E+001   0.9914261539E+000
 0.6060606   0.1766943789E+001   0.1077628774E+001   0.1005151408E+001   0.9918390942E+000
 0.6161616   0.1762620133E+001   0.1088619889E+001   0.1006698427E+001   0.9954048895E+000
 0.6262626   0.1768136248E+001   0.1084163569E+001   0.1008812957E+001   0.9950633767E+000
 0.6363636   0.1770647655E+001   0.1088251084E+001   0.1014848434E+001   0.1018071964E+001
 0.6464646   0.1770526603E+001   0.1067754896E+001   0.1010897145E+001   0.1001217303E+001
 0.6565657   0.1789400768E+001   0.1092284496E+001   0.1005534316E+001   0.9933803660E+000
 0.6666667   0.1788669626E+001   0.1084611726E+001   0.1008705082E+001   0.1002662594E+001
 0.6767677   0.1798607444E+001   0.1108786947E+001   0.1004728572E+001   0.9835144408E+000
 0.6868687   0.1811144704E+001   0.1102646207E+001   0.1012349645E+001   0.1003047633E+001
 0.6969697   0.1793455562E+001   0.1081688336E+001   0.1008553161E+001   0.9993836252E+000
 0.7070707   0.1818305541E+001   0.1083264550E+001   0.1012200041E+001   0.1004860107E+001
 0.7171717   0.1823149197E+001   0.1083184296E+001   0.1014267566E+001   0.1016496095E+001
 0.7272727   0.1830247547E+001   0.1070543027E+001   0.1008503604E+001   0.9993345188E+000
 0.7373737   0.1833874155E+001   0.1073817187E+001   0.1011288977E+001   0.9970187049E+000
 0.7474747   0.1847556528E+001   0.1088292563E+001   0.1014602684E+001   0.1004298731E+001
 0.7575758   0.1847213470E+001   0.1092775935E+001   0.1011928712E+001   0.1016531809E+001
 0.7676768   0.1872612887E+001   0.1096286347E+001   0.1014948909E+001   0.1010545290E+001
 0.7777778   0.1873460851E+001   0.1084004865E+001   0.1016140835E+001   0.1002095639E+001
 0.7878788   0.1883777851E+001   0.1060367071E+001   0.1015951842E+001   0.1001909257E+001
 0.7979798   0.1884438521E+001   0.1088866961E+001   0.1012424686E+001   0.1011384563E+001
 0.8080808   0.1901454505E+001   0.1083251024E+001   0.1010984639E+001   0.1007188197E+001
 0.8181818   0.1910181392E+001   0.1081020159E+001   0.1009133751E+001   0.1004951623E+001
 0.8282828   0.1925512746E+001   0.1099208835E+001   0.1014961761E+001   0.1015207051E+001
 0.8383838   0.1922959643E+001   0.1076834356E+001   0.1005505288E+001   0.1003491823E+001
 0.8484848   0.1937698305E+001   0.1090292587E+001   0.1014455315E+001   0.1012028527E+001
 0.8585859   0.1937181256E+001   0.1064543857E+001   0.1009854721E+001   0.1001553236E+001
 0.8686869   0.1960157094E+001   0.1078854217E+001   0.1011602182E+001   0.1001035386E+001
 0.8787879   0.1964858602E+001   0.1090030185E+001   0.1011731076E+001   0.1022605379E+001
 0.8888889   0.1978539603E+001   0.1096441443E+001   0.1009408900E+001   0.1011231664E+001
 0.8989899   0.1995639072E+001   0.1087178032E+001   0.1010547860E+001   0.1015938067E+001
 0.9090909   0.2011744456E+001   0.1051293924E+001   0.1012605487E+001   0.9952017675E+000
 0.9191919   0.2027960475E+001   0.1098760678E+001   0.1017349984E+001   0.1021578609E+001
 0.9292929   0.2027934352E+001   0.1075182397E+001   0.1011030741E+001   0.9992005922E+000
 0.9393939   0.2047674051E+001   0.1084058969E+001   0.1015412517E+001   0.1002062157E+001
 0.9494949   0.2056287267E+001   0.1074571028E+001   0.1006507479E+001   0.1015836506E+001
 0.9595960   0.2067255628E+001   0.1082943536E+001   0.1012987197E+001   0.1013330963E+001
 0.9696970   0.2072185339E+001   0.1120093665E+001   0.1004294311E+001   0.1031074004E+001
 0.9797980   0.2085224101E+001   0.1060196645E+001   0.1004851384E+001   0.9766473550E+000
 0.9898990   0.2113504549E+001   0.1069445629E+001   0.1008166433E+001   0.1010776313E+001
 1.0000000   0.2120943395E+001   0.1088833598E+001   0.1005153742E+001   0.1022426810E+001


 0.0000000   0.2988057661E-002   0.8390070617E+000   0.9856310300E+000   0.9796284409E+000
 0.0101010   0.2945945716E-002   0.8172263244E+000   0.9768606183E+000   0.9787175318E+000
 0.0202020   0.2863584721E-002   0.8238481295E+000   0.9859231103E+000   0.9977832402E+000
 0.0303030   0.2645427266E-002   0.8091424825E+000   0.9826535146E+000   0.9796302518E+000
 0.0404040   0.2360534999E-002   0.8273776078E+000   0.9802364366E+000   0.9866178122E+000
 0.0505051   0.2052744928E-002   0.8260346544E+000   0.9769806269E+000   0.9869003208E+000
 0.0606061   0.1731118049E-002   0.7885925298E+000   0.9799868004E+000   0.9570467681E+000
 0.0707071   0.1427032896E-002   0.8329960392E+000   0.9764484663E+000   0.9784956901E+000
 0.0808081   0.1163202472E-002   0.8088459265E+000   0.9765153166E+000   0.9691475530E+000
 0.0909091   0.9691420070E-003   0.8579052126E+000   0.9870854827E+000   0.1015384793E+001
 0.1010101   0.8229093935E-003   0.8947058234E+000   0.9906845314E+000   0.1008789304E+001
 0.1111111   0.7231217841E-003   0.8501809257E+000   0.9791810581E+000   0.9800848009E+000
 0.1212121   0.6624886457E-003   0.8318858747E+000   0.9835932149E+000   0.1011100985E+001
 0.1313131   0.6428573812E-003   0.8807062257E+000   0.9857556648E+000   0.9908174112E+000
 0.1414141   0.6389904916E-003   0.8905847696E+000   0.9826265032E+000   0.1000779461E+001
 0.1515152   0.6601563100E-003   0.8618948905E+000   0.9873527237E+000   0.9996204515E+000
 0.1616162   0.7007745167E-003   0.8616782355E+000   0.9832587606E+000   0.9909170136E+000
 0.1717172   0.7758258020E-003   0.8923218506E+000   0.9843466478E+000   0.1005178265E+001
 0.1818182   0.8649797104E-003   0.8249314043E+000   0.9853743784E+000   0.9958654414E+000
 0.1919192   0.9863535312E-003   0.8823126991E+000   0.9824948388E+000   0.9824417557E+000
 0.2020202   0.1135736928E-002   0.9226773608E+000   0.9851690032E+000   0.1008575612E+001
 0.2121212   0.1328891589E-002   0.8866657735E+000   0.9851983678E+000   0.9992917636E+000
 0.2222222   0.1583232222E-002   0.8876414890E+000   0.9833368941E+000   0.9848213473E+000
 0.2323232   0.1919339201E-002   0.8876699154E+000   0.9849252237E+000   0.9959949245E+000
 0.2424242   0.2307699794E-002   0.9093354107E+000   0.9878774566E+000   0.9810944070E+000
 0.2525253   0.2826397740E-002   0.8977920041E+000   0.9930346856E+000   0.1013753125E+001
 0.2626263   0.3505077999E-002   0.9415901089E+000   0.9925985888E+000   0.1018964141E+001
 0.2727273   0.4342383525E-002   0.9352226045E+000   0.9946560511E+000   0.9970335058E+000
 0.2828283   0.5458832040E-002   0.9545095050E+000   0.9905599768E+000   0.1001888670E+001
 0.2929293   0.6850047271E-002   0.9351058259E+000   0.9930675004E+000   0.1000899889E+001
 0.3030303   0.8714248744E-002   0.9377402580E+000   0.9954729860E+000   0.1007644782E+001
 0.3131313   0.1104268984E-001   0.9421394291E+000   0.9858235241E+000   0.1000121180E+001
 0.3232323   0.1414475685E-001   0.9843856084E+000   0.9896583371E+000   0.1019623328E+001
 0.3333333   0.1813452991E-001   0.9725725355E+000   0.9956988060E+000   0.1009449396E+001
 0.3434343   0.2348967247E-001   0.9762387675E+000   0.9921060361E+000   0.9974925823E+000
 0.3535354   0.3037669667E-001   0.1021876903E+001   0.9942284243E+000   0.9990409467E+000
 0.3636364   0.3922501076E-001   0.1012810431E+001   0.9927027646E+000   0.1008576517E+001
 0.3737374   0.5132301834E-001   0.1012391718E+001   0.9949744679E+000   0.1008715055E+001
 0.3838384   0.6703013331E-001   0.9879850001E+000   0.9978362501E+000   0.1004136062E+001
 0.3939394   0.8758328855E-001   0.1015935026E+001   0.9975336394E+000   0.9976745830E+000
 0.4040404   0.1156511109E+000   0.1034819347E+001   0.9947231074E+000   0.9868324101E+000
 0.4141414   0.1517772570E+000   0.1033264349E+001   0.1003471205E+001   0.1026510380E+001
 0.4242424   0.2000393044E+000   0.1047003500E+001   0.9992959708E+000   0.9859622474E+000
 0.4343434   0.2684463899E+000   0.1028254395E+001   0.1011285107E+001   0.1011230468E+001
 0.4444444   0.3540990513E+000   0.1071589995E+001   0.1003859316E+001   0.9888217415E+000
 0.4545455   0.4717011448E+000   0.1083852512E+001   0.1009356124E+001   0.1018708797E+001
 0.4646465   0.6316188675E+000   0.1060656603E+001   0.1006510189E+001   0.1003805563E+001
 0.4747475   0.8459935165E+000   0.1047316189E+001   0.1006681599E+001   0.9867717432E+000
 0.4848485   0.1119393001E+001   0.1058473151E+001   0.1005727287E+001   0.9948304820E+000
 0.4949495   0.1522600871E+001   0.1078840253E+001   0.1002964722E+001   0.9648664612E+000
 0.5050505   0.1758477996E+001   0.1055172620E+001   0.1004319625E+001   0.1023872728E+001
 0.5151515   0.1758139728E+001   0.1105166903E+001   0.1005207915E+001   0.9802405429E+000
 0.5252525   0.1739743452E+001   0.1073184176E+001   0.1009170683E+001   0.9963860903E+000
 0.5353535   0.1736991269E+001   0.1052816306E+001   0.1007733825E+001   0.9966206086E+000
 0.5454545   0.1753284327E+001   0.1069563273E+001   0.1007446418E+001   0.9688940197E+000
 0.5555556   0.1740470534E+001   0.1069029318E+001   0.1007459773E+001   0.1025871114E+001
 0.5656566   0.1746009597E+001   0.1053333358E+001   0.1007408873E+001   0.9931906645E+000
 0.5757576   0.1747187487E+001   0.1090267650E+001   0.1003052196E+001   0.9801463733E+000
 0.5858586   0.1763608734E+001   0.1087587121E+001   0.1003603068E+001   0.1007870246E+001
 0.5959596   0.1766989181E+001   0.1041703136E+001   0.1010316226E+001   0.9916893848E+000
 0.6060606   0.1764686473E+001   0.1063457752E+001   0.1008673855E+001   0.9953121954E+000
 0.6161616   0.1763033456E+001   0.1075930777E+001   0.1006892204E+001   0.9955937985E+000
 0.6262626   0.1767595743E+001   0.1070947713E+001   0.1009228594E+001   0.9954706538E+000
 0.6363636   0.1769416295E+001   0.1074566312E+001   0.1012966809E+001   0.1016181613E+001
 0.6464646   0.1770367410E+001   0.1054966721E+001   0.1010499860E+001   0.1000821113E+001
 0.6565657   0.1792392987E+001   0.1081104374E+001   0.1006372475E+001   0.9942057034E+000
 0.6666667   0.1786678768E+001   0.1070525159E+001   0.1009679128E+001   0.1003628089E+001
 0.6767677   0.1796610565E+001   0.1094389472E+001   0.1007066327E+001   0.9858001672E+000
 0.6868687   0.1810386829E+001   0.1089082194E+001   0.1010553009E+001   0.1001264796E+001
 0.6969697   0.1795741517E+001   0.1070191726E+001   0.1008496083E+001   0.9993243608E+000
 0.7070707   0.1819550624E+001   0.1071119808E+001   0.1010824947E+001   0.1003492268E+001
 0.7171717   0.1825659539E+001   0.1071781297E+001   0.1014891634E+001   0.1017118780E+001
 0.7272727   0.1832112021E+001   0.1058894169E+001   0.1011991317E+001   0.1002787808E+001
 0.7373737   0.1833349116E+001   0.1060748028E+001   0.1009175030E+001   0.9949318954E+000
 0.7474747   0.1845666725E+001   0.1074255159E+001   0.1013337880E+001   0.1003044057E+001
 0.7575758   0.1848989212E+001   0.1080823184E+001   0.1012444558E+001   0.1017047248E+001
 0.7676768   0.1867802721E+001   0.1080471312E+001   0.1012557782E+001   0.1008161809E+001
 0.7777778   0.1871789011E+001   0.1070162531E+001   0.1014383845E+001   0.1000360226E+001
 0.7878788   0.1881981157E+001   0.1046762260E+001   0.1014334264E+001   0.1000311330E+001
 0.7979798   0.1884024811E+001   0.1075686464E+001   0.1010926247E+001   0.1009884931E+001
 0.8080808   0.1899117150E+001   0.1069057744E+001   0.1012845376E+001   0.1009039216E+001
 0.8181818   0.1911369263E+001   0.1068833407E+001   0.1008768511E+001   0.1004585178E+001
 0.8282828   0.1924611776E+001   0.1085633385E+001   0.1013108994E+001   0.1013351094E+001
 0.8383838   0.1920867382E+001   0.1062875396E+001   0.1005500290E+001   0.1003484119E+001
 0.8484848   0.1939291563E+001   0.1078217178E+001   0.1013854139E+001   0.1011426051E+001
 0.8585859   0.1940137448E+001   0.1053493929E+001   0.1008944881E+001   0.1000648167E+001
 0.8686869   0.1959167226E+001   0.1065490621E+001   0.1010533740E+001   0.9999753982E+000
 0.8787879   0.1966517306E+001   0.1077981316E+001   0.1011380535E+001   0.1022248304E+001
 0.8888889   0.1979726215E+001   0.1084056874E+001   0.1008825650E+001   0.1010644625E+001
 0.8989899   0.1993931732E+001   0.1073334759E+001   0.1008134959E+001   0.1013509552E+001
 0.9090909   0.2010842168E+001   0.1038330387E+001   0.1012454327E+001   0.9950505128E+000
 0.9191919   0.2031045692E+001   0.1087350491E+001   0.1018573325E+001   0.1022804266E+001
 0.9292929   0.2029258248E+001   0.1063094355E+001   0.1010866444E+001   0.9990355138E+000
 0.9393939   0.2046702208E+001   0.1070663450E+001   0.1012947446E+001   0.9996267898E+000
 0.9494949   0.2057616008E+001   0.1062482804E+001   0.1007698166E+001   0.1017035477E+001
 0.9595960   0.2069732627E+001   0.1071351828E+001   0.1010709116E+001   0.1011049373E+001
 0.9696970   0.2070851596E+001   0.1106065791E+001   0.1001898073E+001   0.1028611085E+001
 0.9797980   0.2086738766E+001   0.1048354136E+001   0.1005132925E+001   0.9769183504E+000
 0.9898990   0.2114125352E+001   0.1057042614E+001   0.1009035783E+001   0.1011645176E+001
 1.0000000   0.2117345542E+001   0.1074064625E+001   0.1004449533E+001   0.1021707734E+001


 0.0000000   0.3056225270E-002   0.8531532188E+000   0.9839538225E+000   0.9779674005E+000
 0.0101010   0.3030609527E-002   0.8358197337E+000   0.9793628253E+000   0.9812304679E+000
 0.0202020   0.2925835629E-002   0.8368585863E+000   0.9831273651E+000   0.9949599199E+000
 0.0303030   0.2715378540E-002   0.8257043800E+000   0.9812768364E+000   0.9782637638E+000
 0.0404040   0.2422441647E-002   0.8441345425E+000   0.9799781506E+000   0.9863638487E+000
 0.0505051   0.2103976959E-002   0.8417231814E+000   0.9773153907E+000   0.9872444930E+000
 0.0606061   0.1770104041E-002   0.8016592291E+000   0.9781098801E+000   0.9552195980E+000
 0.0707071   0.1460359474E-002   0.8474883814E+000   0.9744151817E+000   0.9764640861E+000
 0.0808081   0.1195708451E-002   0.8266103020E+000   0.9768439282E+000   0.9694795864E+000
 0.0909091   0.9927342680E-003   0.8736750442E+000   0.9851997311E+000   0.1013451147E+001
 0.1010101   0.8428219907E-003   0.9110225598E+000   0.9881404299E+000   0.1006204834E+001
 0.1111111   0.7398090903E-003   0.8647381202E+000   0.9799430711E+000   0.9808534876E+000
 0.1212121   0.6791482332E-003   0.8478419768E+000   0.9815250560E+000   0.1008981128E+001
 0.1313131   0.6570102064E-003   0.8948568700E+000   0.9829474166E+000   0.9880007568E+000
 0.1414141   0.6519877789E-003   0.9034109539E+000   0.9829079697E+000   0.1001072221E+001
 0.1515152   0.6770594118E-003   0.8788187936E+000   0.9826076607E+000   0.9948224871E+000
 0.1616162   0.7156687391E-003   0.8748707549E+000   0.9818042892E+000   0.9894572366E+000
 0.1717172   0.7933465776E-003   0.9071629200E+000   0.9827023894E+000   0.1003505318E+001
 0.1818182   0.8834226185E-003   0.8376169553E+000   0.9830966094E+000   0.9935694693E+000
 0.1919192   0.1005562006E-002   0.8942600117E+000   0.9812076412E+000   0.9811605998E+000
 0.2020202   0.1160125151E-002   0.9370051742E+000   0.9854743645E+000   0.1008894369E+001
 0.2121212   0.1355521134E-002   0.8991698032E+000   0.9835520400E+000   0.9976279573E+000
 0.2222222   0.1605493225E-002   0.8948834562E+000   0.9840101629E+000   0.9855016311E+000
 0.2323232   0.1953462491E-002   0.8981934280E+000   0.9859608735E+000   0.9970482830E+000
 0.2424242   0.2340917823E-002   0.9170562796E+000   0.9843045982E+000   0.9775520312E+000
 0.2525253   0.2864154578E-002   0.9044903503E+000   0.9916543470E+000   0.1012350150E+001
 0.2626263   0.3545493169E-002   0.9469038510E+000   0.9900583073E+000   0.1016362571E+001
 0.2727273   0.4381965086E-002   0.9382547218E+000   0.9921486089E+000   0.9945261238E+000
 0.2828283   0.5513545032E-002   0.9584654896E+000   0.9920399596E+000   0.1003391686E+001
 0.2929293   0.6887814984E-002   0.9347892211E+000   0.9905723444E+000   0.9983911312E+000
 0.3030303   0.8782925228E-002   0.9396298888E+000   0.9948650796E+000   0.1007035573E+001
 0.3131313   0.1112222482E-001   0.9434024591E+000   0.9866187388E+000   0.1000934020E+001
 0.3232323   0.1421429488E-001   0.9834677408E+000   0.9876685649E+000   0.1017579503E+001
 0.3333333   0.1823089647E-001   0.9720503319E+000   0.9935534009E+000   0.1007280495E+001
 0.3434343   0.2356873043E-001   0.9738236260E+000   0.9931845959E+000   0.9985830763E+000
 0.3535354   0.3059227711E-001   0.1023139548E+001   0.9945116860E+000   0.9993316624E+000
 0.3636364   0.3945623150E-001   0.1012851384E+001   0.9936639989E+000   0.1009559267E+001
 0.3737374   0.5148459781E-001   0.1009668361E+001   0.9956307224E+000   0.1009386517E+001
 0.3838384   0.6735542864E-001   0.9870017007E+000   0.9966967884E+000   0.1002995511E+001
 0.3939394   0.8766631068E-001   0.1010979722E+001   0.9970825292E+000   0.9972294792E+000
 0.4040404   0.1160053064E+000   0.1031947529E+001   0.9957058990E+000   0.9878134184E+000
 0.4141414   0.1524017785E+000   0.1031477620E+001   0.1002115566E+001   0.1025129857E+001
 0.4242424   0.2005592512E+000   0.1043615512E+001   0.9975896636E+000   0.9842846989E+000
 0.4343434   0.2682895369E+000   0.1021672659E+001   0.1009947813E+001   0.1009899394E+001
 0.4444444   0.3547157243E+000   0.1067208699E+001   0.1002368899E+001   0.9873596601E+000
 0.4545455   0.4725639203E+000   0.1079515414E+001   0.1009782183E+001   0.1019145008E+001
 0.4646465   0.6311011096E+000   0.1053619204E+001   0.1006499400E+001   0.1003800913E+001
 0.4747475   0.8456424491E+000   0.1040788743E+001   0.1005798005E+001   0.9859116259E+000
 0.4848485   0.1120431236E+001   0.1053288872E+001   0.1006867270E+001   0.9959641768E+000
 0.4949495   0.1521636193E+001   0.1071881874E+001   0.9989213815E+000   0.9609825589E+000
 0.5050505   0.1754517593E+001   0.1046668928E+001   0.1004922295E+001   0.1024493367E+001
 0.5151515   0.1755720701E+001   0.1097223098E+001   0.1006905845E+001   0.9819022758E+000
 0.5252525   0.1739742246E+001   0.1066937521E+001   0.1009135361E+001   0.9963572805E+000
 0.5353535   0.1740032131E+001   0.1048521316E+001   0.1006962243E+001   0.9958635976E+000
 0.5454545   0.1752351696E+001   0.1062772805E+001   0.1007951753E+001   0.9693859171E+000
 0.5555556   0.1739546088E+001   0.1062243077E+001   0.1008393532E+001   0.1026828188E+001
 0.5656566   0.1746997544E+001   0.1047795515E+001   0.1009560219E+001   0.9953177056E+000
 0.5757576   0.1748770565E+001   0.1084904420E+001   0.1007213530E+001   0.9842186698E+000
 0.5858586   0.1766501249E+001   0.1083030763E+001   0.1005537229E+001   0.1009818777E+001
 0.5959596   0.1767580970E+001   0.1035987290E+001   0.1010361487E+001   0.9917398482E+000
 0.6060606   0.1762927627E+001   0.1056214674E+001   0.1008540248E+001   0.9951864151E+000
 0.6161616   0.1763594950E+001   0.1070009547E+001   0.1007158935E+001   0.9958635976E+000
 0.6262626   0.1768003086E+001   0.1064960178E+001   0.1009688543E+001   0.9959303945E+000
 0.6363636   0.1770284318E+001   0.1068836434E+001   0.1014765094E+001   0.1017991801E+001
 0.6464646   0.1771322528E+001   0.1049392676E+001   0.1008727070E+001   0.9990713848E+000
 0.6565657   0.1790296950E+001   0.1073555470E+001   0.1008806150E+001   0.9966160225E+000
 0.6666667   0.1788672909E+001   0.1065482595E+001   0.1009933356E+001   0.1003886904E+001
 0.6767677   0.1795376139E+001   0.1087272579E+001   0.1008803131E+001   0.9875063062E+000
 0.6868687   0.1811530182E+001   0.1083427561E+001   0.1014349422E+001   0.1005032433E+001
 0.6969697   0.1799623990E+001   0.1066263563E+001   0.1010132963E+001   0.1000952447E+001
 0.7070707   0.1822465624E+001   0.1066591901E+001   0.1012333082E+001   0.1004995580E+001
 0.7171717   0.1823738738E+001   0.1064422474E+001   0.1013573190E+001   0.1015803627E+001
 0.7272727   0.1832680793E+001   0.1053058237E+001   0.1012823146E+001   0.1003618181E+001
 0.7373737   0.1833389245E+001   0.1054597573E+001   0.1010741608E+001   0.9964824287E+000
 0.7474747   0.1844743148E+001   0.1067468578E+001   0.1013187263E+001   0.1002901074E+001
 0.7575758   0.1847722629E+001   0.1073796739E+001   0.1013179950E+001   0.1017792178E+001
 0.7676768   0.1867773685E+001   0.1074166287E+001   0.1012395178E+001   0.1008006047E+001
 0.7777778   0.1874039535E+001   0.1065213411E+001   0.1017047547E+001   0.1002993208E+001
 0.7878788   0.1881856722E+001   0.1040601311E+001   0.1014803019E+001   0.1000779697E+001
 0.7979798   0.1883446365E+001   0.1069097643E+001   0.1011745411E+001   0.1010709403E+001
 0.8080808   0.1899882166E+001   0.1063263984E+001   0.1011769784E+001   0.1007973800E+001
 0.8181818   0.1912643370E+001   0.1063321144E+001   0.1010880642E+001   0.1006694678E+001
 0.8282828   0.1924343340E+001   0.1079164477E+001   0.1013634243E+001   0.1013882640E+001
 0.8383838   0.1917767868E+001   0.1054984402E+001   0.1006809405E+001   0.1004796724E+001
 0.8484848   0.1939618126E+001   0.1072122479E+001   0.1014326360E+001   0.1011903301E+001
 0.8585859   0.1946069793E+001   0.1050565124E+001   0.1010893689E+001   0.1002587052E+001
 0.8686869   0.1960741711E+001   0.1060140779E+001   0.1012996108E+001   0.1002418140E+001
 0.8787879   0.1968830127E+001   0.1072967917E+001   0.1013146629E+001   0.1024039609E+001
 0.8888889   0.1979162930E+001   0.1077441032E+001   0.1009639834E+001   0.1011466434E+001
 0.8989899   0.1994394541E+001   0.1067335648E+001   0.1011431790E+001   0.1016830149E+001
 0.9090909   0.2011416721E+001   0.1032582273E+001   0.1012563007E+001   0.9951633817E+000
 0.9191919   0.2025815974E+001   0.1078238615E+001   0.1016774122E+001   0.1021003804E+001
 0.9292929   0.2030155522E+001   0.1057374494E+001   0.1011855242E+001   0.1000018826E+001
 0.9393939   0.2045939700E+001   0.1064035646E+001   0.1012620438E+001   0.9993101645E+000
 0.9494949   0.2055400593E+001   0.1055161864E+001   0.1010763521E+001   0.1020135444E+001
 0.9595960   0.2065957020E+001   0.1063173591E+001   0.1011138303E+001   0.1011484861E+001
 0.9696970   0.2069452151E+001   0.1098885396E+001   0.1001528418E+001   0.1028237833E+001
 0.9797980   0.2087994131E+001   0.1042879741E+001   0.1006651681E+001   0.9784004287E+000
 0.9898990   0.2108557938E+001   0.1048123189E+001   0.1010258128E+001   0.1012876847E+001
 1.0000000   0.2113858205E+001   0.1066054862E+001   0.1005327421E+001   0.1022606930E+001


 0.0000000   0.3027804300E-002   0.8469748211E+000   0.9842760738E+000   0.9782872419E+000
 0.0101010   0.3005985050E-002   0.8307502487E+000   0.9819613001E+000   0.9838334460E+000
 0.0202020   0.2902342879E-002   0.8318631716E+000   0.9844683856E+000   0.9963166227E+000
 0.0303030   0.2690646147E-002   0.8198828847E+000   0.9808601878E+000   0.9778479453E+000
 0.0404040   0.2401330150E-002   0.8385157966E+000   0.9807745135E+000   0.9871649473E+000
 0.0505051   0.2084179132E-002   0.8355344844E+000   0.9779826002E+000   0.9879180273E+000
 0.0606061   0.1751537297E-002   0.7948980281E+000   0.9780635330E+000   0.9551738968E+000
 0.0707071   0.1447329156E-002   0.8416709125E+000   0.9760309241E+000   0.9780827766E+000
 0.0808081   0.1187792604E-002   0.8228433405E+000   0.9776583825E+000   0.9702874549E+000
 0.0909091   0.9822668412E-003   0.8662583381E+000   0.9843815719E+000   0.1012609061E+001
 0.1010101   0.8362352893E-003   0.9057801336E+000   0.9873168420E+000   0.1005365728E+001
 0.1111111   0.7310301296E-003   0.8562513023E+000   0.9812952749E+000   0.9822064965E+000
 0.1212121   0.6707394386E-003   0.8390835553E+000   0.9814928725E+000   0.1008947581E+001
 0.1313131   0.6492386903E-003   0.8861084551E+000   0.9825238437E+000   0.9875745526E+000
 0.1414141   0.6452613147E-003   0.8959474807E+000   0.9812915192E+000   0.9994254392E+000
 0.1515152   0.6690473800E-003   0.8702227998E+000   0.9842425339E+000   0.9964772258E+000
 0.1616162   0.7117286797E-003   0.8718611890E+000   0.9823638584E+000   0.9900207127E+000
 0.1717172   0.7859384953E-003   0.9005584920E+000   0.9837647491E+000   0.1004589705E+001
 0.1818182   0.8762773022E-003   0.8325676558E+000   0.9840879443E+000   0.9945709079E+000
 0.1919192   0.9984765162E-003   0.8898029417E+000   0.9830469708E+000   0.9829993897E+000
 0.2020202   0.1153228238E-002   0.9333691485E+000   0.9861384745E+000   0.1009573798E+001
 0.2121212   0.1345217144E-002   0.8941880082E+000   0.9830373734E+000   0.9971054672E+000
 0.2222222   0.1595546738E-002   0.8911864189E+000   0.9823900970E+000   0.9838786578E+000
 0.2323232   0.1942865725E-002   0.8951763718E+000   0.9868753541E+000   0.9979725888E+000
 0.2424242   0.2329241211E-002   0.9143770423E+000   0.9849570096E+000   0.9781995175E+000
 0.2525253   0.2855128699E-002   0.9035125750E+000   0.9914443937E+000   0.1012135350E+001
 0.2626263   0.3528927373E-002   0.9444369661E+000   0.9904601462E+000   0.1016774619E+001
 0.2727273   0.4377824746E-002   0.9393149720E+000   0.9909510331E+000   0.9933252220E+000
 0.2828283   0.5502572177E-002   0.9585446098E+000   0.9920733478E+000   0.1003424995E+001
 0.2929293   0.6872802024E-002   0.9346888977E+000   0.9912247470E+000   0.9990482244E+000
 0.3030303   0.8751392781E-002   0.9382008904E+000   0.9944925027E+000   0.1006657975E+001
 0.3131313   0.1109001042E-001   0.9426236145E+000   0.9853377177E+000   0.9996339532E+000
 0.3232323   0.1417696830E-001   0.9829223123E+000   0.9899615568E+000   0.1019941468E+001
 0.3333333   0.1825090590E-001   0.9751382253E+000   0.9925451166E+000   0.1006257817E+001
 0.3434343   0.2358643273E-001   0.9765790577E+000   0.9948618052E+000   0.1000268943E+001
 0.3535354   0.3055930862E-001   0.1024159550E+001   0.9960842169E+000   0.1000911355E+001
 0.3636364   0.3951104952E-001   0.1016365035E+001   0.9930212209E+000   0.1008905744E+001
 0.3737374   0.5151049820E-001   0.1012274276E+001   0.9957999347E+000   0.1009557603E+001
 0.3838384   0.6738487754E-001   0.9894839801E+000   0.9961242204E+000   0.1002418864E+001
 0.3939394   0.8766291857E-001   0.1013040171E+001   0.9960103601E+000   0.9961566945E+000
 0.4040404   0.1157944701E+000   0.1032211295E+001   0.9938929719E+000   0.9860144086E+000
 0.4141414   0.1521964025E+000   0.1032226937E+001   0.1000980929E+001   0.1023968691E+001
 0.4242424   0.2007230418E+000   0.1046636999E+001   0.9960932034E+000   0.9828077458E+000
 0.4343434   0.2681594397E+000   0.1023298063E+001   0.1008250050E+001   0.1008201249E+001
 0.4444444   0.3549501125E+000   0.1070131779E+001   0.1002040155E+001   0.9870353852E+000
 0.4545455   0.4720403314E+000   0.1080558840E+001   0.1008402841E+001   0.1017752408E+001
 0.4646465   0.6313193091E+000   0.1056172448E+001   0.1006214277E+001   0.1003516094E+001
 0.4747475   0.8464746267E+000   0.1043976644E+001   0.1006304668E+001   0.9864078186E+000
 0.4848485   0.1120362021E+001   0.1055411187E+001   0.1007433470E+001   0.9965237872E+000
 0.4949495   0.1521342938E+001   0.1073901001E+001   0.9983979037E+000   0.9604785216E+000
 0.5050505   0.1752089688E+001   0.1047391307E+001   0.1004517981E+001   0.1024080709E+001
 0.5151515   0.1757181209E+001   0.1100416489E+001   0.1007111017E+001   0.9821019020E+000
 0.5252525   0.1739216012E+001   0.1068829989E+001   0.1010029615E+001   0.9972397529E+000
 0.5353535   0.1742444881E+001   0.1052155845E+001   0.1005826872E+001   0.9947402834E+000
 0.5454545   0.1751590390E+001   0.1064517341E+001   0.1007369146E+001   0.9688251572E+000
 0.5555556   0.1740392161E+001   0.1064966913E+001   0.1005801208E+001   0.1024188002E+001
 0.5656566   0.1750615378E+001   0.1052145996E+001   0.1008197452E+001   0.9939737075E+000
 0.5757576   0.1752317427E+001   0.1089362575E+001   0.1007931585E+001   0.9849198785E+000
 0.5858586   0.1764908328E+001   0.1084301413E+001   0.1006311742E+001   0.1010596124E+001
 0.5959596   0.1766547685E+001   0.1037532004E+001   0.1009113766E+001   0.9905146684E+000
 0.6060606   0.1761999104E+001   0.1057850812E+001   0.1009482979E+001   0.9961162063E+000
 0.6161616   0.1761837037E+001   0.1071163014E+001   0.1007000620E+001   0.9957066010E+000
 0.6262626   0.1767800511E+001   0.1067049660E+001   0.1009833601E+001   0.9960730189E+000
 0.6363636   0.1771618491E+001   0.1071863443E+001   0.1014762358E+001   0.1017988589E+001
 0.6464646   0.1773921871E+001   0.1053115241E+001   0.1009135428E+001   0.9994753746E+000
 0.6565657   0.1788775470E+001   0.1074870825E+001   0.1008597814E+001   0.9964097455E+000
 0.6666667   0.1787165956E+001   0.1066795907E+001   0.1011708033E+001   0.1005650495E+001
 0.6767677   0.1794874789E+001   0.1089226429E+001   0.1009459955E+001   0.9881488098E+000
 0.6868687   0.1807398071E+001   0.1083201235E+001   0.1013750498E+001   0.1004438549E+001
 0.6969697   0.1797194792E+001   0.1067035756E+001   0.1011308891E+001   0.1002117227E+001
 0.7070707   0.1822326927E+001   0.1068725707E+001   0.1011620869E+001   0.1004288068E+001
 0.7171717   0.1820729380E+001   0.1064873059E+001   0.1012692902E+001   0.1014920936E+001
 0.7272727   0.1830771463E+001   0.1054145897E+001   0.1012171027E+001   0.1002971528E+001
 0.7373737   0.1833651405E+001   0.1056938922E+001   0.1010558836E+001   0.9963017771E+000
 0.7474747   0.1842493368E+001   0.1068380997E+001   0.1012760564E+001   0.1002478247E+001
 0.7575758   0.1847306394E+001   0.1075784453E+001   0.1013961026E+001   0.1018576342E+001
 0.7676768   0.1868752239E+001   0.1076961104E+001   0.1012433104E+001   0.1008043346E+001
 0.7777778   0.1873245085E+001   0.1066973187E+001   0.1016005116E+001   0.1001964722E+001
 0.7878788   0.1881299194E+001   0.1042453545E+001   0.1013086069E+001   0.9990860134E+000
 0.7979798   0.1886860968E+001   0.1073260245E+001   0.1010444962E+001   0.1009409821E+001
 0.8080808   0.1900088569E+001   0.1065587972E+001   0.1012763953E+001   0.1008963777E+001
 0.8181818   0.1909243752E+001   0.1063635577E+001   0.1009698415E+001   0.1005516884E+001
 0.8282828   0.1923822911E+001   0.1081113274E+001   0.1013267480E+001   0.1013515321E+001
 0.8383838   0.1919606784E+001   0.1058189149E+001   0.1007278587E+001   0.1005264508E+001
 0.8484848   0.1940166749E+001   0.1074652992E+001   0.1015419159E+001   0.1012993024E+001
 0.8585859   0.1945940894E+001   0.1052677256E+001   0.1009463802E+001   0.1001168455E+001
 0.8686869   0.1962770052E+001   0.1063441496E+001   0.1014117024E+001   0.1003526891E+001
 0.8787879   0.1969297111E+001   0.1075451330E+001   0.1012327189E+001   0.1023210888E+001
 0.8888889   0.1980292027E+001   0.1080294659E+001   0.1010590911E+001   0.1012418767E+001
 0.8989899   0.1994372031E+001   0.1069540267E+001   0.1011965680E+001   0.1017366421E+001
 0.9090909   0.2012867313E+001   0.1035473010E+001   0.1012576521E+001   0.9951762060E+000
 0.9191919   0.2026410819E+001   0.1080795213E+001   0.1015826862E+001   0.1020052136E+001
 0.9292929   0.2029230503E+001   0.1059087714E+001   0.1012143606E+001   0.1000303358E+001
 0.9393939   0.2046398905E+001   0.1066484799E+001   0.1013133628E+001   0.9998161500E+000
 0.9494949   0.2053543266E+001   0.1056397813E+001   0.1008604759E+001   0.1017956198E+001
 0.9595960   0.2069739844E+001   0.1067332381E+001   0.1011445677E+001   0.1011791875E+001
 0.9696970   0.2068688372E+001   0.1100761199E+001   0.1002135212E+001   0.1028860337E+001
 0.9797980   0.2089310032E+001   0.1045704253E+001   0.1007650020E+001   0.9793703004E+000
 0.9898990   0.2109146904E+001   0.1050593350E+001   0.1011147139E+001   0.1013767698E+001
 1.0000000   0.2115331893E+001   0.1069013642E+001   0.1005774360E+001   0.1023061082E+001


 0.0000000   0.3012157042E-002   0.8448110925E+000   0.9831449390E+000   0.9771630486E+000
 0.0101010   0.2997073545E-002   0.8304631428E+000   0.9830185119E+000   0.9848927331E+000
 0.0202020   0.2888043471E-002   0.8299390591E+000   0.9838175434E+000   0.9956580078E+000
 0.0303030   0.2679978235E-002   0.8187773117E+000   0.9808129267E+000   0.9778008886E+000
 0.0404040   0.2397192002E-002   0.8392696024E+000   0.9837422321E+000   0.9901520627E+000
 0.0505051   0.2079762963E-002   0.8359541809E+000   0.9798632491E+000   0.9898178418E+000
 0.0606061   0.1746460841E-002   0.7946761539E+000   0.9788046380E+000   0.9558977157E+000
 0.0707071   0.1443930755E-002   0.8419003172E+000   0.9760022529E+000   0.9780541044E+000
 0.0808081   0.1183571867E-002   0.8220731701E+000   0.9770341413E+000   0.9696679788E+000
 0.0909091   0.9797312856E-003   0.8662918318E+000   0.9844818507E+000   0.1012712277E+001
 0.1010101   0.8339010096E-003   0.9056243654E+000   0.9877731567E+000   0.1005830445E+001
 0.1111111   0.7279212534E-003   0.8548495092E+000   0.9816565708E+000   0.9825681874E+000
 0.1212121   0.6668968243E-003   0.8364679682E+000   0.9816650654E+000   0.1009124652E+001
 0.1313131   0.6462298354E-003   0.8843186639E+000   0.9823426524E+000   0.9873924898E+000
 0.1414141   0.6399570211E-003   0.8909165586E+000   0.9809805896E+000   0.9991088241E+000
 0.1515152   0.6639750913E-003   0.8658938783E+000   0.9843715119E+000   0.9966078674E+000
 0.1616162   0.7053948785E-003   0.8663721433E+000   0.9838694998E+000   0.9915381496E+000
 0.1717172   0.7779464315E-003   0.8937423891E+000   0.9848028424E+000   0.1005649834E+001
 0.1818182   0.8689480896E-003   0.8277727091E+000   0.9829329463E+000   0.9934036665E+000
 0.1919192   0.9886428919E-003   0.8833538968E+000   0.9839784393E+000   0.9839308728E+000
 0.2020202   0.1139680313E-002   0.9248270395E+000   0.9859271047E+000   0.1009357467E+001
 0.2121212   0.1328803063E-002   0.8855974693E+000   0.9830182173E+000   0.9970860974E+000
 0.2222222   0.1578413546E-002   0.8839325511E+000   0.9824379796E+000   0.9839266725E+000
 0.2323232   0.1918505767E-002   0.8862744537E+000   0.9863190778E+000   0.9974101177E+000
 0.2424242   0.2302538698E-002   0.9062689163E+000   0.9843579995E+000   0.9776046763E+000
 0.2525253   0.2831083720E-002   0.8982568193E+000   0.9911924649E+000   0.1011878225E+001
 0.2626263   0.3491296222E-002   0.9368202163E+000   0.9912514254E+000   0.1017586982E+001
 0.2727273   0.4338205503E-002   0.9332592271E+000   0.9918930149E+000   0.9942695208E+000
 0.2828283   0.5459289442E-002   0.9535028612E+000   0.9907407501E+000   0.1002077210E+001
 0.2929293   0.6814759893E-002   0.9292297545E+000   0.9906811387E+000   0.9985003860E+000
 0.3030303   0.8680354610E-002   0.9330296188E+000   0.9932184679E+000   0.1005368416E+001
 0.3131313   0.1103809827E-001   0.9406756808E+000   0.9859798846E+000   0.1000285498E+001
 0.3232323   0.1407730959E-001   0.9785765083E+000   0.9897350030E+000   0.1019708115E+001
 0.3333333   0.1812932891E-001   0.9711868251E+000   0.9919560120E+000   0.1005660635E+001
 0.3434343   0.2347568976E-001   0.9745470357E+000   0.9947755621E+000   0.1000182291E+001
 0.3535354   0.3028662638E-001   0.1017687156E+001   0.9956804697E+000   0.1000505712E+001
 0.3636364   0.3928483719E-001   0.1013200526E+001   0.9943014570E+000   0.1010206520E+001
 0.3737374   0.5117326563E-001   0.1008288657E+001   0.9970063586E+000   0.1010780756E+001
 0.3838384   0.6696142626E-001   0.9858488133E+000   0.9959659173E+000   0.1002259622E+001
 0.3939394   0.8739688192E-001   0.1012618782E+001   0.9942565922E+000   0.9944027292E+000
 0.4040404   0.1153443190E+000   0.1030899419E+001   0.9959170777E+000   0.9880225293E+000
 0.4141414   0.1516062268E+000   0.1030925160E+001   0.1001494399E+001   0.1024494015E+001
 0.4242424   0.2000616440E+000   0.1045928472E+001   0.9968300741E+000   0.9835348480E+000
 0.4343434   0.2675457193E+000   0.1023637925E+001   0.1006479737E+001   0.1006431083E+001
 0.4444444   0.3546308461E+000   0.1071977697E+001   0.1001856211E+001   0.9868542560E+000
 0.4545455   0.4710825990E+000   0.1081199099E+001   0.1007705585E+001   0.1017048749E+001
 0.4646465   0.6301421882E+000   0.1056972326E+001   0.1006210011E+001   0.1003511900E+001
 0.4747475   0.8445676608E+000   0.1044360854E+001   0.1005514955E+001   0.9856337795E+000
 0.4848485   0.1119006077E+001   0.1056902826E+001   0.1007010073E+001   0.9961050359E+000
 0.4949495   0.1519071749E+001   0.1075114477E+001   0.9990127145E+000   0.9610700399E+000
 0.5050505   0.1750983703E+001   0.1049479680E+001   0.1005572530E+001   0.1025155857E+001
 0.5151515   0.1756434019E+001   0.1102837888E+001   0.1006941801E+001   0.9819369478E+000
 0.5252525   0.1739488963E+001   0.1071805748E+001   0.1009814369E+001   0.9970272937E+000
 0.5353535   0.1739131318E+001   0.1052913509E+001   0.1005555268E+001   0.9944717335E+000
 0.5454545   0.1752153702E+001   0.1067656838E+001   0.1008317187E+001   0.9697369831E+000
 0.5555556   0.1740943613E+001   0.1068102670E+001   0.1006841195E+001   0.1025247062E+001
 0.5656566   0.1746016858E+001   0.1052138709E+001   0.1008421359E+001   0.9941945161E+000
 0.5757576   0.1752494715E+001   0.1092334591E+001   0.1007515046E+001   0.9845129093E+000
 0.5858586   0.1762406428E+001   0.1085608507E+001   0.1007001607E+001   0.1011288988E+001
 0.5959596   0.1769424649E+001   0.1041951511E+001   0.1009320751E+001   0.9907178982E+000
 0.6060606   0.1759819980E+001   0.1059317832E+001   0.1010865338E+001   0.9974803221E+000
 0.6161616   0.1763921399E+001   0.1075247300E+001   0.1006512060E+001   0.9952235806E+000
 0.6262626   0.1770674035E+001   0.1071591585E+001   0.1010328328E+001   0.9965610644E+000
 0.6363636   0.1770001678E+001   0.1073698216E+001   0.1014204653E+001   0.1017429172E+001
 0.6464646   0.1770519985E+001   0.1053856654E+001   0.1010456165E+001   0.1000783529E+001
 0.6565657   0.1788830938E+001   0.1077727688E+001   0.1009389276E+001   0.9971917040E+000
 0.6666667   0.1786712754E+001   0.1069326905E+001   0.1011260605E+001   0.1005205806E+001
 0.6767677   0.1796282553E+001   0.1092944134E+001   0.1010178639E+001   0.9888523813E+000
 0.6868687   0.1807542953E+001   0.1086133620E+001   0.1013491653E+001   0.1004182142E+001
 0.6969697   0.1794631463E+001   0.1068312715E+001   0.1012145269E+001   0.1002946065E+001
 0.7070707   0.1820588795E+001   0.1070510984E+001   0.1009178030E+001   0.1001862997E+001
 0.7171717   0.1819457223E+001   0.1066924254E+001   0.1013261106E+001   0.1015490451E+001
 0.7272727   0.1832347684E+001   0.1057824863E+001   0.1012841036E+001   0.1003635508E+001
 0.7373737   0.1834529747E+001   0.1060222881E+001   0.1010804731E+001   0.9965442634E+000
 0.7474747   0.1844206930E+001   0.1072183624E+001   0.1012271698E+001   0.1001994405E+001
 0.7575758   0.1849091497E+001   0.1079652589E+001   0.1013663004E+001   0.1018277026E+001
 0.7676768   0.1868525941E+001   0.1079659282E+001   0.1011367596E+001   0.1006982518E+001
 0.7777778   0.1874028361E+001   0.1070223201E+001   0.1016768939E+001   0.1002718050E+001
 0.7878788   0.1882715916E+001   0.1045978924E+001   0.1012785444E+001   0.9987896041E+000
 0.7979798   0.1888850165E+001   0.1077213901E+001   0.1010055526E+001   0.1009020845E+001
 0.8080808   0.1901708825E+001   0.1069298075E+001   0.1011956276E+001   0.1008159191E+001
 0.8181818   0.1911428152E+001   0.1067649631E+001   0.1008845510E+001   0.1004667573E+001
 0.8282828   0.1923676254E+001   0.1083870485E+001   0.1012188621E+001   0.1012436260E+001
 0.8383838   0.1920169520E+001   0.1061279800E+001   0.1008416776E+001   0.1006400481E+001
 0.8484848   0.1942010713E+001   0.1078499914E+001   0.1015390297E+001   0.1012964293E+001
 0.8585859   0.1949143214E+001   0.1057179283E+001   0.1009119186E+001   0.1000826732E+001
 0.8686869   0.1965470031E+001   0.1067701627E+001   0.1014236428E+001   0.1003645108E+001
 0.8787879   0.1969001274E+001   0.1078114316E+001   0.1011021330E+001   0.1021891052E+001
 0.8888889   0.1983137189E+001   0.1084688529E+001   0.1010486125E+001   0.1012313852E+001
 0.8989899   0.1996035519E+001   0.1073244147E+001   0.1011576220E+001   0.1016974944E+001
 0.9090909   0.2012381959E+001   0.1037942631E+001   0.1012787063E+001   0.9953831906E+000
 0.9191919   0.2026306778E+001   0.1083578584E+001   0.1013424443E+001   0.1017639786E+001
 0.9292929   0.2029027005E+001   0.1061763213E+001   0.1012245688E+001   0.1000404305E+001
 0.9393939   0.2043929888E+001   0.1067996103E+001   0.1012643006E+001   0.9993320381E+000
 0.9494949   0.2055343751E+001   0.1060101384E+001   0.1009494511E+001   0.1018854262E+001
 0.9595960   0.2071388066E+001   0.1070988219E+001   0.1010498424E+001   0.1010844360E+001
 0.9696970   0.2068199487E+001   0.1103391831E+001   0.1003081526E+001   0.1029831950E+001
 0.9797980   0.2090060979E+001   0.1048827921E+001   0.1007613829E+001   0.9793351847E+000
 0.9898990   0.2111407786E+001   0.1054482156E+001   0.1009950749E+001   0.1012568268E+001
 1.0000000   0.2113722505E+001   0.1071006238E+001   0.1004072485E+001   0.1021330017E+001


 0.0000000   0.2946976160E-002   0.8314719048E+000   0.9840923544E+000   0.9781035043E+000
 0.0101010   0.2926703552E-002   0.8158130655E+000   0.9815972471E+000   0.9834675567E+000
 0.0202020   0.2823504439E-002   0.8162438319E+000   0.9840454029E+000   0.9958873927E+000
 0.0303030   0.2617331019E-002   0.8044186752E+000   0.9800100674E+000   0.9769993009E+000
 0.0404040   0.2346136276E-002   0.8263059268E+000   0.9842752970E+000   0.9906873903E+000
 0.0505051   0.2029229721E-002   0.8205193142E+000   0.9784753862E+000   0.9884146715E+000
 0.0606061   0.1709356953E-002   0.7824436153E+000   0.9801018767E+000   0.9571634254E+000
 0.0707071   0.1411565526E-002   0.8279503784E+000   0.9764356290E+000   0.9784871960E+000
 0.0808081   0.1156657107E-002   0.8081824788E+000   0.9776452075E+000   0.9702732523E+000
 0.0909091   0.9605044293E-003   0.8543691816E+000   0.9859827676E+000   0.1014254994E+001
 0.1010101   0.8136026110E-003   0.8888631297E+000   0.9883082149E+000   0.1006374055E+001
 0.1111111   0.7124743743E-003   0.8417119149E+000   0.9823749841E+000   0.9832860662E+000
 0.1212121   0.6522165768E-003   0.8229462252E+000   0.9822288916E+000   0.1009703016E+001
 0.1313131   0.6318829816E-003   0.8698560821E+000   0.9833797861E+000   0.9884337471E+000
 0.1414141   0.6272844112E-003   0.8784957746E+000   0.9812559321E+000   0.9993880337E+000
 0.1515152   0.6506850621E-003   0.8536359134E+000   0.9845832367E+000   0.9968210060E+000
 0.1616162   0.6891223264E-003   0.8514466826E+000   0.9848176576E+000   0.9924924849E+000
 0.1717172   0.7618531320E-003   0.8804868621E+000   0.9860640527E+000   0.1006936512E+001
 0.1818182   0.8481838359E-003   0.8128234460E+000   0.9845973491E+000   0.9950845834E+000
 0.1919192   0.9670211234E-003   0.8692009679E+000   0.9839163647E+000   0.9838675988E+000
 0.2020202   0.1114134875E-002   0.9095031358E+000   0.9870462860E+000   0.1010502010E+001
 0.2121212   0.1303233542E-002   0.8737495294E+000   0.9830364027E+000   0.9971033245E+000
 0.2222222   0.1553019646E-002   0.8749117251E+000   0.9824552943E+000   0.9839428111E+000
 0.2323232   0.1884221413E-002   0.8756408557E+000   0.9858546751E+000   0.9969392745E+000
 0.2424242   0.2270331880E-002   0.8989353387E+000   0.9861972128E+000   0.9794300745E+000
 0.2525253   0.2790285258E-002   0.8906055037E+000   0.9907825453E+000   0.1011458514E+001
 0.2626263   0.3440351094E-002   0.9286697095E+000   0.9896325296E+000   0.1015923834E+001
 0.2727273   0.4274762990E-002   0.9251095659E+000   0.9920412922E+000   0.9944169382E+000
 0.2828283   0.5380484817E-002   0.9453578826E+000   0.9904304402E+000   0.1001762126E+001
 0.2929293   0.6744450239E-002   0.9251412872E+000   0.9906946037E+000   0.9985127372E+000
 0.3030303   0.8584653219E-002   0.9282600907E+000   0.9924158870E+000   0.1004554790E+001
 0.3131313   0.1092035671E-001   0.9362060517E+000   0.9855971507E+000   0.9998959891E+000
 0.3232323   0.1393153487E-001   0.9742334791E+000   0.9887446473E+000   0.1018686523E+001
 0.3333333   0.1798011665E-001   0.9689525688E+000   0.9915518752E+000   0.1005249686E+001
 0.3434343   0.2331473736E-001   0.9736523813E+000   0.9954509462E+000   0.1000860123E+001
 0.3535354   0.3004728922E-001   0.1015681752E+001   0.9953992520E+000   0.1000221909E+001
 0.3636364   0.3906385749E-001   0.1013525162E+001   0.9950612829E+000   0.1010977265E+001
 0.3737374   0.5091108101E-001   0.1009120496E+001   0.9961756864E+000   0.1009937373E+001
 0.3838384   0.6669583655E-001   0.9878097447E+000   0.9961546295E+000   0.1002448301E+001
 0.3939394   0.8723361923E-001   0.1016770391E+001   0.9952207496E+000   0.9953658119E+000
 0.4040404   0.1151704220E+000   0.1035499762E+001   0.9936375798E+000   0.9857598961E+000
 0.4141414   0.1516334271E+000   0.1037275237E+001   0.1000259235E+001   0.1023229235E+001
 0.4242424   0.1996327535E+000   0.1049926527E+001   0.9965134135E+000   0.9832212093E+000
 0.4343434   0.2670418626E+000   0.1027819065E+001   0.1004984477E+001   0.1004934667E+001
 0.4444444   0.3548515163E+000   0.1079058193E+001   0.1001688159E+001   0.9866875142E+000
 0.4545455   0.4712039316E+000   0.1087943840E+001   0.1007316928E+001   0.1016655246E+001
 0.4646465   0.6301738895E+000   0.1063345565E+001   0.1005069367E+001   0.1002373089E+001
 0.4747475   0.8438956950E+000   0.1049769300E+001   0.1006467184E+001   0.9865659755E+000
 0.4848485   0.1119689485E+001   0.1063871495E+001   0.1005630906E+001   0.9947395880E+000
 0.4949495   0.1515739065E+001   0.1079169907E+001   0.9987171377E+000   0.9607845151E+000
 0.5050505   0.1749582865E+001   0.1054909992E+001   0.1005371690E+001   0.1024949852E+001
 0.5151515   0.1754755911E+001   0.1108371911E+001   0.1005061437E+001   0.9801020798E+000
 0.5252525   0.1741418734E+001   0.1079410345E+001   0.1009996387E+001   0.9972057876E+000
 0.5353535   0.1740243838E+001   0.1059886562E+001   0.1007348349E+001   0.9962438335E+000
 0.5454545   0.1751794847E+001   0.1073820497E+001   0.1007205392E+001   0.9686665437E+000
 0.5555556   0.1739669836E+001   0.1073702806E+001   0.1006185522E+001   0.1024578151E+001
 0.5656566   0.1746263538E+001   0.1058579092E+001   0.1009323738E+001   0.9950829484E+000
 0.5757576   0.1754056173E+001   0.1099844852E+001   0.1007437065E+001   0.9844355060E+000
 0.5858586   0.1759787292E+001   0.1090476489E+001   0.1006042273E+001   0.1010324335E+001
 0.5959596   0.1765009531E+001   0.1045565995E+001   0.1010591301E+001   0.9919638189E+000
 0.6060606   0.1757675185E+001   0.1064352832E+001   0.1009475408E+001   0.9961075794E+000
 0.6161616   0.1764349534E+001   0.1081938856E+001   0.1005447253E+001   0.9941695007E+000
 0.6262626   0.1768686915E+001   0.1076788969E+001   0.1010883735E+001   0.9971076846E+000
 0.6363636   0.1770203417E+001   0.1080241076E+001   0.1013566981E+001   0.1016788230E+001
 0.6464646   0.1767603269E+001   0.1058411291E+001   0.1011572571E+001   0.1001888024E+001
 0.6565657   0.1785363309E+001   0.1082069879E+001   0.1009157611E+001   0.9969616202E+000
 0.6666667   0.1787444330E+001   0.1076160979E+001   0.1011239641E+001   0.1005183739E+001
 0.6767677   0.1796364336E+001   0.1099529018E+001   0.1009367481E+001   0.9880571407E+000
 0.6868687   0.1806118203E+001   0.1091766489E+001   0.1011953101E+001   0.1002656498E+001
 0.6969697   0.1795626652E+001   0.1075296228E+001   0.1011769580E+001   0.1002572565E+001
 0.7070707   0.1818993262E+001   0.1075967892E+001   0.1009152319E+001   0.1001836248E+001
 0.7171717   0.1820382724E+001   0.1073849460E+001   0.1012124222E+001   0.1014349827E+001
 0.7272727   0.1832832806E+001   0.1064431446E+001   0.1012327296E+001   0.1003125212E+001
 0.7373737   0.1832775459E+001   0.1065542152E+001   0.1010773222E+001   0.9965119816E+000
 0.7474747   0.1843517568E+001   0.1078191143E+001   0.1012060848E+001   0.1001784471E+001
 0.7575758   0.1850222032E+001   0.1086771990E+001   0.1013621028E+001   0.1018233614E+001
 0.7676768   0.1869121325E+001   0.1086460754E+001   0.1011078489E+001   0.1006693435E+001
 0.7777778   0.1875907947E+001   0.1077701991E+001   0.1016926617E+001   0.1002872324E+001
 0.7878788   0.1884066670E+001   0.1052987864E+001   0.1012484382E+001   0.9984914815E+000
 0.7979798   0.1888893248E+001   0.1083679391E+001   0.1009177101E+001   0.1008142089E+001
 0.8080808   0.1902188485E+001   0.1075962835E+001   0.1012291565E+001   0.1008491989E+001
 0.8181818   0.1908343078E+001   0.1072299712E+001   0.1008481194E+001   0.1004303537E+001
 0.8282828   0.1921390476E+001   0.1089055466E+001   0.1010843464E+001   0.1011089538E+001
 0.8383838   0.1922973961E+001   0.1069184587E+001   0.1010780756E+001   0.1008758502E+001
 0.8484848   0.1944608358E+001   0.1086399610E+001   0.1015863663E+001   0.1013435289E+001
 0.8585859   0.1948380258E+001   0.1063083979E+001   0.1009629983E+001   0.1001332108E+001
 0.8686869   0.1964838675E+001   0.1073740504E+001   0.1013515660E+001   0.1002930641E+001
 0.8787879   0.1971511408E+001   0.1085943098E+001   0.1010772534E+001   0.1021638332E+001
 0.8888889   0.1984974342E+001   0.1092184843E+001   0.1010455055E+001   0.1012281489E+001
 0.8989899   0.2000771646E+001   0.1082222969E+001   0.1013728287E+001   0.1019137252E+001
 0.9090909   0.2010563032E+001   0.1043204825E+001   0.1012295371E+001   0.9948987328E+000
 0.9191919   0.2026872152E+001   0.1090361557E+001   0.1014675418E+001   0.1018894719E+001
 0.9292929   0.2032450369E+001   0.1069913717E+001   0.1013338467E+001   0.1001483077E+001
 0.9393939   0.2045806903E+001   0.1075368405E+001   0.1012433683E+001   0.9991242457E+000
 0.9494949   0.2058166083E+001   0.1067904241E+001   0.1010203823E+001   0.1019568905E+001
 0.9595960   0.2069065066E+001   0.1076183505E+001   0.1009950391E+001   0.1010294904E+001
 0.9696970   0.2072522939E+001   0.1112309493E+001   0.1004543835E+001   0.1031331996E+001
 0.9797980   0.2092318505E+001   0.1056238610E+001   0.1008288025E+001   0.9799892614E+000
 0.9898990   0.2111986413E+001   0.1061077721E+001   0.1009505581E+001   0.1012120709E+001
 1.0000000   0.2114784399E+001   0.1077951165E+001   0.1005265723E+001   0.1022542515E+001


