# Cycle, ((density(Ib,Tm), Tm=1,N_MolType), Ib=1,N_Box)
       100   0.6321137963E+003   0.3000607619E+002
       200   0.6828617287E+003   0.2686573412E+002
       300   0.7297569165E+003   0.2486331370E+002
       400   0.7533879964E+003   0.2302563667E+002
       500   0.7664968675E+003   0.2193423770E+002
       600   0.7669694316E+003   0.2193212955E+002
       700   0.7991150011E+003   0.2145334746E+002
       800   0.8004667975E+003   0.2144794354E+002
       900   0.7942596131E+003   0.2181527854E+002
      1000   0.7979754351E+003   0.2214193614E+002
      1100   0.7953159430E+003   0.2181094086E+002
      1200   0.7944377277E+003   0.2112956726E+002
      1300   0.8205347371E+003   0.2068712277E+002
      1400   0.8051283561E+003   0.2074496616E+002
      1500   0.8026544239E+003   0.2006854074E+002
      1600   0.8185436727E+003   0.2035242550E+002
      1700   0.8158100234E+003   0.2036242909E+002
      1800   0.8134987596E+003   0.2037094718E+002
      1900   0.8304184639E+003   0.1996809564E+002
      2000   0.8285367788E+003   0.1997465971E+002
      2100   0.8308151223E+003   0.1996671628E+002
      2200   0.8360100770E+003   0.2029027390E+002
      2300   0.8242469993E+003   0.1998975259E+002
      2400   0.8115642636E+003   0.2037811953E+002
      2500   0.8080043303E+003   0.2004856871E+002
      2600   0.8132369494E+003   0.2002932639E+002
      2700   0.8136621652E+003   0.2002777520E+002
      2800   0.8122385917E+003   0.1934680705E+002
      2900   0.8103890243E+003   0.1969673420E+002
      3000   0.8069115219E+003   0.1970941616E+002
      3100   0.8059790214E+003   0.1902542721E+002
      3200   0.8183150097E+003   0.1898214676E+002
      3300   0.8140641424E+003   0.1899689053E+002
      3400   0.8140213571E+003   0.1830927126E+002
      3500   0.8086584069E+003   0.1798295184E+002
      3600   0.8082913949E+003   0.1763925867E+002
      3700   0.8288765402E+003   0.1757259176E+002
      3800   0.8145436847E+003   0.1761859980E+002
      3900   0.8260120769E+003   0.1654787479E+002
      4000   0.8385717693E+003   0.1651066681E+002
      4100   0.8204724913E+003   0.1621922929E+002
      4200   0.8143122564E+003   0.1658372593E+002
      4300   0.8287632751E+003   0.1619458329E+002
      4400   0.8104459402E+003   0.1624981281E+002
      4500   0.8142803385E+003   0.1554549203E+002
      4600   0.8288320154E+003   0.1550344816E+002
      4700   0.8334351793E+003   0.1514484058E+002
      4800   0.8226103282E+003   0.1552121453E+002
      4900   0.8008411994E+003   0.1523840769E+002
      5000   0.8151572974E+003   0.1519624653E+002
      5100   0.7948265862E+003   0.1525664611E+002
      5200   0.8126568559E+003   0.1485638091E+002
      5300   0.8074671736E+003   0.1487127465E+002
      5400   0.8272714900E+003   0.1446901345E+002
      5500   0.8258481197E+003   0.1481949511E+002
      5600   0.7951710836E+003   0.1455902197E+002
      5700   0.8228338566E+003   0.1413384601E+002
      5800   0.8297864344E+003   0.1411556213E+002
      5900   0.8329983646E+003   0.1376037929E+002
      6000   0.8098096036E+003   0.1382089381E+002
      6100   0.8215938394E+003   0.1413714456E+002
      6200   0.8290609069E+003   0.1411745359E+002
      6300   0.8136906751E+003   0.1381048749E+002
      6400   0.8148405956E+003   0.1276195118E+002
      6500   0.8262551668E+003   0.1308221697E+002
      6600   0.8172150324E+003   0.1345308689E+002
      6700   0.8080004691E+003   0.1382578422E+002
      6800   0.8208210497E+003   0.1344382472E+002
      6900   0.8246570316E+003   0.1343407459E+002
      7000   0.8321843747E+003   0.1341524330E+002
      7100   0.8294345320E+003   0.1376942578E+002
      7200   0.8178103072E+003   0.1345155140E+002
      7300   0.8227407706E+003   0.1343893212E+002
      7400   0.8122875080E+003   0.1346589735E+002
      7500   0.8253504283E+003   0.1343232332E+002
      7600   0.8285105116E+003   0.1342438493E+002
      7700   0.8370061521E+003   0.1375031189E+002
      7800   0.8333669571E+003   0.1341232048E+002
      7900   0.8301148479E+003   0.1342038139E+002
      8000   0.8287573100E+003   0.1342376789E+002
      8100   0.8456705311E+003   0.1372892246E+002
      8200   0.8254903609E+003   0.1412681798E+002
      8300   0.8258298135E+003   0.1412592369E+002
      8400   0.8384102487E+003   0.1374681108E+002
      8500   0.8264586069E+003   0.1377704891E+002
      8600   0.8254349080E+003   0.1377968588E+002
      8700   0.8305333516E+003   0.1376662697E+002
      8800   0.8177125201E+003   0.1345180346E+002
      8900   0.8381322192E+003   0.1340063914E+002
      9000   0.8334426156E+003   0.1341213381E+002
      9100   0.8316588732E+003   0.1306902645E+002
      9200   0.8094036861E+003   0.1312466261E+002
      9300   0.8247992208E+003   0.1308580511E+002
      9400   0.8220194265E+003   0.1239565530E+002
      9500   0.8216505761E+003   0.1239653043E+002
      9600   0.8113972447E+003   0.1207161458E+002
      9700   0.8313064935E+003   0.1167676736E+002
      9800   0.8170950817E+003   0.1170857873E+002
      9900   0.8162785120E+003   0.1101029466E+002
     10000   0.8241033574E+003   0.1099353532E+002
     10100   0.8242710334E+003   0.1099318023E+002
     10200   0.8202613344E+003   0.1065143219E+002
     10300   0.8268651396E+003   0.1098770783E+002
     10400   0.8250000009E+003   0.1099163841E+002
     10500   0.8145278595E+003   0.1066345335E+002
     10600   0.8318158524E+003   0.1097737364E+002
     10700   0.8251211837E+003   0.1064139436E+002
     10800   0.8277468932E+003   0.1063602788E+002
     10900   0.8159262866E+003   0.1101105783E+002
     11000   0.8248831174E+003   0.1064188289E+002
     11100   0.8278244543E+003   0.1028574600E+002
     11200   0.8341909321E+003   0.9923246076E+001
     11300   0.8279201640E+003   0.9935138747E+001
     11400   0.8238239854E+003   0.1029369149E+002
     11500   0.8131409097E+003   0.1031535493E+002
     11600   0.8230745042E+003   0.1064560495E+002
     11700   0.7998244348E+003   0.1104678180E+002
     11800   0.8121227765E+003   0.1101934797E+002
     11900   0.8191812486E+003   0.1065368184E+002
     12000   0.8212387858E+003   0.1064940224E+002
     12100   0.8232816221E+003   0.1099527797E+002
     12200   0.8292408627E+003   0.1098273088E+002
     12300   0.8239619545E+003   0.1099383491E+002
     12400   0.8342488327E+003   0.1027317084E+002
     12500   0.8334099010E+003   0.1027480023E+002
     12600   0.8256131849E+003   0.9939566719E+001
     12700   0.8172790627E+003   0.9955805059E+001
     12800   0.8133303287E+003   0.1031496506E+002
     12900   0.8246465939E+003   0.9941430520E+001
     13000   0.7988187487E+003   0.9640588385E+001
     13100   0.8115514741E+003   0.9615436262E+001
     13200   0.8031329473E+003   0.9631962021E+001
     13300   0.8170343482E+003   0.9253178431E+001
     13400   0.8201233001E+003   0.9950220224E+001
     13500   0.8127950467E+003   0.9613028861E+001
     13600   0.8259345681E+003   0.9588106395E+001
     13700   0.8257795717E+003   0.9237241747E+001
     13800   0.8252514057E+003   0.9238193113E+001
     13900   0.8258946020E+003   0.9237034735E+001
     14000   0.8314757439E+003   0.8524572707E+001
     14100   0.8372692562E+003   0.8515108883E+001
     14200   0.8255660394E+003   0.8886157165E+001
     14300   0.8182566845E+003   0.8546750158E+001
     14400   0.8199909497E+003   0.8543793200E+001
     14500   0.8251108048E+003   0.8886948808E+001
     14600   0.8110364424E+003   0.9264339933E+001
     14700   0.8167847351E+003   0.8196626439E+001
     14800   0.8061857694E+003   0.8567742434E+001
     14900   0.8185477289E+003   0.8193723559E+001
     15000   0.8209842871E+003   0.7837059105E+001
     15100   0.8224580347E+003   0.7834756485E+001
     15200   0.8343283690E+003   0.7816554357E+001
     15300   0.8331183808E+003   0.7818382200E+001
     15400   0.8338087589E+003   0.7817338541E+001
     15500   0.8227242258E+003   0.7834341605E+001
     15600   0.8143076769E+003   0.7847612506E+001
     15700   0.8149683312E+003   0.7846559258E+001
     15800   0.8183061344E+003   0.8194120498E+001
     15900   0.8384626170E+003   0.8161915507E+001
     16000   0.8322394999E+003   0.8171665226E+001
     16100   0.8205931646E+003   0.8542769811E+001
     16200   0.8118348026E+003   0.8204855373E+001
     16300   0.8175300622E+003   0.7842493967E+001
     16400   0.8196745263E+003   0.7839113600E+001
     16500   0.8303483349E+003   0.7822590014E+001
     16600   0.8295117971E+003   0.7823867169E+001
     16700   0.8325747777E+003   0.7114442716E+001
     16800   0.8327132442E+003   0.7114250650E+001
     16900   0.8281250046E+003   0.7120654740E+001
     17000   0.8271630608E+003   0.7474890260E+001
     17100   0.8388411205E+003   0.7105824445E+001
     17200   0.8397770541E+003   0.7104550044E+001
     17300   0.8337769779E+003   0.7112777627E+001
     17400   0.8189483330E+003   0.7133714104E+001
     17500   0.8241781068E+003   0.6772846648E+001
     17600   0.8260841196E+003   0.6770272525E+001
     17700   0.8264054969E+003   0.6416298905E+001
     17800   0.8224846223E+003   0.6775145408E+001
     17900   0.8392999469E+003   0.6752797647E+001
     18000   0.8396346727E+003   0.6399684559E+001
     18100   0.8293721414E+003   0.6412519469E+001
     18200   0.8072714057E+003   0.6796301542E+001
     18300   0.8209430280E+003   0.6423341281E+001
     18400   0.8175336859E+003   0.6073345631E+001
     18500   0.8222067814E+003   0.5713137775E+001
     18600   0.8260747819E+003   0.5354200149E+001
     18700   0.8260157562E+003   0.5354263799E+001
     18800   0.8164276121E+003   0.5364745866E+001
     18900   0.8221169086E+003   0.5003433063E+001
     19000   0.8111900679E+003   0.5014767935E+001
     19100   0.8205882002E+003   0.5360162248E+001
     19200   0.8239615210E+003   0.5001554192E+001
     19300   0.8055630315E+003   0.4664197401E+001
     19400   0.8153891733E+003   0.4298376067E+001
     19500   0.8186637488E+003   0.4651367740E+001
     19600   0.8254196334E+003   0.4644937457E+001
     19700   0.8251498204E+003   0.4645191910E+001
     19800   0.8120912787E+003   0.4657743648E+001
     19900   0.8099273205E+003   0.4659869412E+001
     20000   0.8049468333E+003   0.5021406211E+001
     20100   0.8116887809E+003   0.4301718711E+001
     20200   0.8260148253E+003   0.3577239143E+001
     20300   0.8252817337E+003   0.3933848103E+001
     20400   0.8263207613E+003   0.3933014467E+001
     20500   0.8198069640E+003   0.3938281466E+001
     20600   0.8320696900E+003   0.3572847935E+001
     20700   0.8322731547E+003   0.3572701670E+001
     20800   0.8248618402E+003   0.3578083872E+001
     20900   0.8288257603E+003   0.3219060668E+001
     21000   0.8264626819E+003   0.3220614463E+001
     21100   0.8218780056E+003   0.3223658852E+001
     21200   0.8315942378E+003   0.3928820920E+001
     21300   0.8109132302E+003   0.3588526423E+001
     21400   0.8206436438E+003   0.3581197986E+001
     21500   0.8244104755E+003   0.3221972305E+001
     21600   0.8279384555E+003   0.3575835922E+001
     21700   0.8269987895E+003   0.3576520422E+001
     21800   0.8395767173E+003   0.3567506084E+001
     21900   0.8285623682E+003   0.3575382435E+001
     22000   0.8213367249E+003   0.3937035736E+001
     22100   0.8359371162E+003   0.3925413723E+001
     22200   0.8362330494E+003   0.4280191444E+001
     22300   0.8304206639E+003   0.3929748785E+001
     22400   0.8400368394E+003   0.3922234957E+001
     22500   0.8292709795E+003   0.3930660735E+001
     22600   0.8289322656E+003   0.3930929973E+001
     22700   0.8347324540E+003   0.4281465226E+001
     22800   0.8118327413E+003   0.3944864194E+001
     22900   0.8275878244E+003   0.3932001182E+001
     23000   0.8351278643E+003   0.3926045487E+001
     23100   0.8381504822E+003   0.3923693064E+001
     23200   0.8290764341E+003   0.4286314715E+001
     23300   0.8436300883E+003   0.3919478472E+001
     23400   0.8428175016E+003   0.4274664634E+001
     23500   0.8433580833E+003   0.4628445177E+001
     23600   0.8333749743E+003   0.4282622132E+001
     23700   0.8373504160E+003   0.4279246421E+001
     23800   0.8180737873E+003   0.4295973138E+001
     23900   0.8209620655E+003   0.4293408431E+001
     24000   0.8246819202E+003   0.4290136229E+001
     24100   0.8304881391E+003   0.3929695354E+001
     24200   0.8333020716E+003   0.4282684388E+001
     24300   0.8263656775E+003   0.4644046805E+001
     24400   0.8338163575E+003   0.4282245483E+001
     24500   0.8155828672E+003   0.4298202077E+001
     24600   0.8199905872E+003   0.4294268718E+001
     24700   0.8277834739E+003   0.3931845042E+001
     24800   0.8078638884E+003   0.4305211549E+001
     24900   0.8311804240E+003   0.4284501753E+001
     25000   0.8247036430E+003   0.3934312981E+001
     25100   0.8181918688E+003   0.4295867870E+001
     25200   0.8211183943E+003   0.3937213197E+001
     25300   0.8393187730E+003   0.3922789104E+001
     25400   0.8275672216E+003   0.3932017630E+001
     25500   0.8112842432E+003   0.4658534886E+001
     25600   0.8180206165E+003   0.5007640849E+001
     25700   0.8214653208E+003   0.4648686192E+001
     25800   0.8362452570E+003   0.4634885955E+001
     25900   0.8269901886E+003   0.4643460162E+001
     26000   0.8202983999E+003   0.4649800518E+001
     26100   0.8287057886E+003   0.4641853901E+001
     26200   0.8227289779E+003   0.4647483654E+001
     26300   0.8177922457E+003   0.4652206287E+001
     26400   0.8181179796E+003   0.5007540265E+001
     26500   0.8232417717E+003   0.5002286139E+001
     26600   0.8249027834E+003   0.5000599228E+001
     26700   0.8195499710E+003   0.4650517167E+001
     26800   0.8178336081E+003   0.5007834124E+001
     26900   0.8162762399E+003   0.4653669956E+001
     27000   0.8310473571E+003   0.4639674048E+001
     27100   0.8274257096E+003   0.4287744644E+001
     27200   0.8192862798E+003   0.4294893905E+001
     27300   0.8328755483E+003   0.3572269117E+001
     27400   0.8213093236E+003   0.3937058002E+001
     27500   0.8204804064E+003   0.3937732392E+001
     27600   0.8324632619E+003   0.3572565083E+001
     27700   0.8102090320E+003   0.3946223181E+001
     27800   0.8243795577E+003   0.3934573931E+001
     27900   0.8299766692E+003   0.3930100620E+001
     28000   0.8190203015E+003   0.3582406436E+001
     28100   0.8299599422E+003   0.3574369506E+001
     28200   0.8255845612E+003   0.3577554051E+001
     28300   0.8110277710E+003   0.3945537128E+001
     28400   0.8222108496E+003   0.3580036621E+001
     28500   0.8112864433E+003   0.3945320714E+001
     28600   0.8256665284E+003   0.3933539088E+001
     28700   0.8397309408E+003   0.3212022309E+001
     28800   0.8295076833E+003   0.3574696856E+001
     28900   0.8304984578E+003   0.3217967064E+001
     29000   0.8193022586E+003   0.3225386745E+001
     29100   0.8358445380E+003   0.3925485925E+001
     29200   0.8150591434E+003   0.3942182628E+001
     29300   0.8087086263E+003   0.3947484655E+001
     29400   0.8221762722E+003   0.4292336539E+001
     29500   0.8140603133E+003   0.3943010127E+001
     29600   0.8072337135E+003   0.3948730058E+001
     29700   0.8107745327E+003   0.3945749153E+001
     29800   0.8114151153E+003   0.3945213123E+001
     29900   0.8141886188E+003   0.3586036655E+001
     30000   0.8257101311E+003   0.3933504093E+001
     30100   0.8292591692E+003   0.3574876911E+001
     30200   0.8122795743E+003   0.3587484943E+001
     30300   0.8308566381E+003   0.3217733555E+001
     30400   0.8047532900E+003   0.3593273326E+001
     30500   0.8167889524E+003   0.3584076679E+001
     30600   0.8166003205E+003   0.3227213017E+001
     30700   0.8287649480E+003   0.3575235363E+001
     30800   0.8150942003E+003   0.3585352419E+001
     30900   0.8338737613E+003   0.3571553947E+001
     31000   0.8220978352E+003   0.3936417961E+001
     31100   0.8259879425E+003   0.3577258807E+001
     31200   0.8404141670E+003   0.3566917067E+001
     31300   0.8264808146E+003   0.3576898519E+001
     31400   0.8459367446E+003   0.3563066789E+001
     31500   0.8261525923E+003   0.3220819128E+001
     31600   0.8313402450E+003   0.3573372998E+001
     31700   0.8226861159E+003   0.3223119356E+001
     31800   0.8290371800E+003   0.3218922158E+001
     31900   0.8405015855E+003   0.3566855661E+001
     32000   0.8342121114E+003   0.3215557390E+001
     32100   0.8337021967E+003   0.3571676722E+001
     32200   0.8314164351E+003   0.3573318105E+001
     32300   0.8185795965E+003   0.3225873818E+001
     32400   0.8188879706E+003   0.2868514013E+001
     32500   0.8209538500E+003   0.2867275547E+001
     32600   0.8152839704E+003   0.3228107893E+001
     32700   0.8149011134E+003   0.2513166031E+001
     32800   0.8256069568E+003   0.2507536068E+001
     32900   0.8271905387E+003   0.3220134770E+001
     33000   0.8201282403E+003   0.2867769612E+001
     33100   0.8229138460E+003   0.3222967546E+001
     33200   0.7982978098E+003   0.3598340409E+001
     33300   0.8100345965E+003   0.3231710441E+001
     33400   0.8126409791E+003   0.2872303943E+001
     33500   0.8191733741E+003   0.2868342482E+001
     33600   0.8225981548E+003   0.3223178019E+001
     33700   0.8217106563E+003   0.2866823677E+001
     33800   0.8286462174E+003   0.3219178359E+001
     33900   0.8092859319E+003   0.3589772195E+001
     34000   0.8198513158E+003   0.3225017354E+001
     34100   0.8386379053E+003   0.2856965535E+001
     34200   0.8159409150E+003   0.2870293458E+001
     34300   0.8204766082E+003   0.2867560998E+001
     34400   0.8304773578E+003   0.2861659459E+001
     34500   0.8117217595E+003   0.2872867393E+001
     34600   0.8115530628E+003   0.3230662726E+001
     34700   0.8329991934E+003   0.2860197435E+001
     34800   0.8263997938E+003   0.2507125922E+001
     34900   0.8267665352E+003   0.2863829764E+001
     35000   0.8224798441E+003   0.2866365412E+001
     35100   0.8037259533E+003   0.2877832450E+001
     35200   0.8284623405E+003   0.2862835138E+001
     35300   0.8210496180E+003   0.2509911643E+001
     35400   0.8110783651E+003   0.2156857176E+001
     35500   0.8131929447E+003   0.2514080411E+001
     35600   0.8121573875E+003   0.2156356894E+001
     35700   0.8218859056E+003   0.2151915842E+001
     35800   0.8258017472E+003   0.2864397766E+001
     35900   0.8283621229E+003   0.2506114732E+001
     36000   0.8410698626E+003   0.2499699693E+001
     36100   0.8326166182E+003   0.2503941518E+001
     36200   0.8434766200E+003   0.2854232326E+001
     36300   0.8276062627E+003   0.2506503563E+001
     36400   0.8126956262E+003   0.2514347473E+001
     36500   0.8200264870E+003   0.2510449217E+001
     36600   0.8222137747E+003   0.2151768316E+001
     36700   0.8190456092E+003   0.2153199646E+001
     36800   0.8401138232E+003   0.2143918129E+001
     36900   0.8356963838E+003   0.2145818901E+001
     37000   0.8365786608E+003   0.2145437394E+001
     37100   0.8306726856E+003   0.2148009280E+001
     37200   0.8332646487E+003   0.1789831326E+001
     37300   0.8238815559E+003   0.2151020018E+001
     37400   0.8389177163E+003   0.1430839492E+001
     37500   0.8566205116E+003   0.1425863975E+001
     37600   0.8381307039E+003   0.1431066393E+001
     37700   0.8339118437E+003   0.1789595644E+001
     37800   0.8343239932E+003   0.1789445779E+001
     37900   0.8377060814E+003   0.1788222499E+001
     38000   0.8429011677E+003   0.1429698628E+001
     38100   0.8237550188E+003   0.1793344385E+001
     38200   0.8371068750E+003   0.1788438386E+001
     38300   0.8297747432E+003   0.1791109623E+001
     38400   0.8459232030E+003   0.1785297967E+001
     38500   0.8347417800E+003   0.1432049161E+001
     38600   0.8427768276E+003   0.1786409919E+001
     38700   0.8359854520E+003   0.1788843394E+001
     38800   0.8326024222E+003   0.2147164241E+001
     38900   0.8166553457E+003   0.2512231661E+001
     39000   0.8087530906E+003   0.2157940607E+001
     39100   0.8388018738E+003   0.2144480204E+001
     39200   0.8399945725E+003   0.1787401294E+001
     39300   0.8173129247E+003   0.2511882622E+001
     39400   0.8103701912E+003   0.2515601349E+001
     39500   0.8311042134E+003   0.2504711081E+001
     39600   0.8139151728E+003   0.2871525375E+001
     39700   0.8358795480E+003   0.2502292309E+001
     39800   0.8238083216E+003   0.2865576293E+001
     39900   0.8173508060E+003   0.2869440283E+001
     40000   0.8205640397E+003   0.2867508674E+001
     40100   0.8119139618E+003   0.2872749456E+001
     40200   0.8208533414E+003   0.2867335631E+001
     40300   0.8098235355E+003   0.3589359985E+001
     40400   0.8153491323E+003   0.3228063515E+001
     40500   0.8240942739E+003   0.3222182223E+001
     40600   0.8255634240E+003   0.3577569531E+001
     40700   0.8174111189E+003   0.3226663503E+001
     40800   0.8300576912E+003   0.2861903767E+001
     40900   0.8242404601E+003   0.2865320243E+001
     41000   0.8290645648E+003   0.2505754123E+001
     41100   0.8258352004E+003   0.2507417900E+001
     41200   0.8240726253E+003   0.2508332424E+001
     41300   0.8261942147E+003   0.2507232183E+001
     41400   0.8380028486E+003   0.2144823536E+001
     41500   0.8204164410E+003   0.2867597013E+001
     41600   0.8241626998E+003   0.2508285577E+001
     41700   0.8311019856E+003   0.2504712217E+001
     41800   0.8281769703E+003   0.2506209902E+001
     41900   0.8314806487E+003   0.2504519232E+001
     42000   0.8199994692E+003   0.2510463434E+001
     42100   0.8252429223E+003   0.2507724697E+001
     42200   0.8185854957E+003   0.2868695957E+001
     42300   0.8229389025E+003   0.2866092392E+001
     42400   0.8221093494E+003   0.2866586019E+001
     42500   0.8280400628E+003   0.2863082367E+001
     42600   0.8282809073E+003   0.2862941325E+001
     42700   0.8313480377E+003   0.2504586793E+001
     42800   0.8257460275E+003   0.2507464058E+001
     42900   0.8392094616E+003   0.3212354022E+001
     43000   0.8208205980E+003   0.3581066595E+001
     43100   0.8179118433E+003   0.3226324778E+001
     43200   0.8237385012E+003   0.2865617692E+001
     43300   0.8405961416E+003   0.3211473013E+001
     43400   0.8401015339E+003   0.2500180546E+001
     43500   0.8404250817E+003   0.2500019735E+001
     43600   0.8265724117E+003   0.2507036747E+001
     43700   0.8258796068E+003   0.2864351870E+001
     43800   0.8288400604E+003   0.2505869298E+001
     43900   0.8255756952E+003   0.2864531075E+001
     44000   0.8381605780E+003   0.2857237155E+001
     44100   0.8336688517E+003   0.2859810940E+001
     44200   0.8243408275E+003   0.2150814575E+001
     44300   0.8236859824E+003   0.2865648838E+001
     44400   0.8218540362E+003   0.2151930189E+001
     44500   0.8336230813E+003   0.2146719140E+001
     44600   0.8250376559E+003   0.2150503380E+001
     44700   0.8209107531E+003   0.2867301308E+001
     44800   0.8291111386E+003   0.2505730239E+001
     44900   0.8184210106E+003   0.2868794964E+001
     45000   0.8161336245E+003   0.2512509057E+001
     45100   0.8235056476E+003   0.2151188370E+001
     45200   0.8228297407E+003   0.2151491531E+001
     45300   0.8237577533E+003   0.2508496280E+001
     45400   0.8168093000E+003   0.2512149884E+001
     45500   0.8344931310E+003   0.1789384328E+001
     45600   0.8290412082E+003   0.1791379908E+001
     45700   0.8277118950E+003   0.1791871148E+001
     45800   0.8171826400E+003   0.1795828439E+001
     45900   0.8306816389E+003   0.1790776233E+001
     46000   0.8334724200E+003   0.1789755618E+001
     46100   0.8255342346E+003   0.1434767046E+001
     46200   0.8396496003E+003   0.1073428936E+001
     46300   0.8398300479E+003   0.1430577083E+001
     46400   0.8118092525E+003   0.2156518134E+001
     46500   0.8296401021E+003   0.2148463342E+001
     46600   0.8362111700E+003   0.2502125536E+001
     46700   0.8246681741E+003   0.2865067124E+001
     46800   0.8306343820E+003   0.2504950814E+001
     46900   0.8303959768E+003   0.2148130829E+001
     47000   0.8123513361E+003   0.2872481323E+001
     47100   0.8136638786E+003   0.3229213917E+001
     47200   0.8231671336E+003   0.2865956788E+001
     47300   0.8321864560E+003   0.2860667486E+001
     47400   0.8114952539E+003   0.3230702529E+001
     47500   0.8229546680E+003   0.2866083023E+001
     47600   0.8256338403E+003   0.3221161916E+001
     47700   0.8135100681E+003   0.3229319191E+001
     47800   0.8345602179E+003   0.2502957334E+001
     47900   0.8268028949E+003   0.2863808388E+001
     48000   0.8301287387E+003   0.3218208341E+001
     48100   0.8186526808E+003   0.3225824513E+001
     48200   0.8248401705E+003   0.3221687343E+001
     48300   0.8363461084E+003   0.3214184004E+001
     48400   0.8129424704E+003   0.3229708081E+001
     48500   0.8319797924E+003   0.3217002860E+001
     48600   0.8232556230E+003   0.3579265273E+001
     48700   0.8166219300E+003   0.3227198355E+001
     48800   0.8130248522E+003   0.3229651597E+001
     48900   0.8338359073E+003   0.3571581031E+001
     49000   0.8166588370E+003   0.3584174405E+001
     49100   0.8093226790E+003   0.3946967724E+001
     49200   0.8129780551E+003   0.3586954119E+001
     49300   0.8142514676E+003   0.3228812179E+001
     49400   0.8310356635E+003   0.2861334890E+001
     49500   0.8357808166E+003   0.2858596749E+001
     49600   0.8192319630E+003   0.2868307287E+001
     49700   0.8324923554E+003   0.2504004624E+001
     49800   0.8283478442E+003   0.2862902142E+001
     49900   0.8435191767E+003   0.2854208450E+001
     50000   0.8292329148E+003   0.2505667805E+001
     50100   0.8259753769E+003   0.2864295430E+001
     50200   0.8198201604E+003   0.2867954273E+001
     50300   0.8195723188E+003   0.2510688350E+001
     50400   0.8294272303E+003   0.2148557113E+001
     50500   0.8415833906E+003   0.2143290954E+001
     50600   0.8220817159E+003   0.2509370945E+001
     50700   0.8319259834E+003   0.2147459935E+001
     50800   0.8235773636E+003   0.2508590219E+001
     50900   0.8197395391E+003   0.2152885029E+001
     51000   0.8216833943E+003   0.2152007032E+001
     51100   0.8370002396E+003   0.2145255429E+001
     51200   0.8310243486E+003   0.2504751810E+001
     51300   0.8077007946E+003   0.2875349811E+001
     51400   0.8211111727E+003   0.2867181533E+001
     51500   0.8306576562E+003   0.3217863248E+001
     51600   0.8076588273E+003   0.2875375873E+001
     51700   0.8257550343E+003   0.2864425307E+001
     51800   0.8226841266E+003   0.2866243873E+001
     51900   0.8320589831E+003   0.3216951427E+001
     52000   0.8236277079E+003   0.3222492309E+001
     52100   0.8303097559E+003   0.3574116592E+001
     52200   0.8276524001E+003   0.3576044107E+001
     52300   0.8377632826E+003   0.3568786261E+001
     52400   0.8257210420E+003   0.3577454120E+001
     52500   0.8295335199E+003   0.3574678144E+001
     52600   0.8273973666E+003   0.3576229857E+001
     52700   0.8204170234E+003   0.3937784025E+001
     52800   0.8307946247E+003   0.3573766446E+001
     52900   0.8354073780E+003   0.3214787138E+001
     53000   0.8264243623E+003   0.3220639745E+001
     53100   0.8161426914E+003   0.3227523737E+001
     53200   0.8162782686E+003   0.2870088999E+001
     53300   0.8277663967E+003   0.2506421117E+001
     53400   0.8233033934E+003   0.2508732982E+001
     53500   0.8073840101E+003   0.2517223946E+001
     53600   0.8208379147E+003   0.2867344855E+001
     53700   0.8265227684E+003   0.2507062388E+001
     53800   0.8096240218E+003   0.2874158859E+001
     53900   0.8295105964E+003   0.2505525518E+001
     54000   0.8077593252E+003   0.2875313468E+001
     54100   0.8233437688E+003   0.2508711936E+001
     54200   0.8201838021E+003   0.2510366458E+001
     54300   0.8110917042E+003   0.2156850982E+001
     54400   0.8147283009E+003   0.1796768134E+001
     54500   0.8167099767E+003   0.2512202638E+001
     54600   0.8297434796E+003   0.2148417824E+001
     54700   0.8302960914E+003   0.2505123624E+001
     54800   0.8288698924E+003   0.2505853990E+001
     54900   0.8325310469E+003   0.2503984973E+001
     55000   0.8349295244E+003   0.2146151267E+001
     55100   0.8362478935E+003   0.2502107078E+001
     55200   0.8377428218E+003   0.2144935432E+001
     55300   0.8349939418E+003   0.2502738440E+001
     55400   0.8143513618E+003   0.2155344472E+001
     55500   0.8184813241E+003   0.2153455945E+001
     55600   0.8395531716E+003   0.2144158076E+001
     55700   0.8282739560E+003   0.2149066118E+001
     55800   0.8239501767E+003   0.1793271335E+001
     55900   0.8198791123E+003   0.1436471836E+001
     56000   0.8253833942E+003   0.1792736099E+001
     56100   0.8227798535E+003   0.1793710013E+001
     56200   0.8242534100E+003   0.2150853659E+001
     56300   0.8288041620E+003   0.2148831902E+001
     56400   0.8394287230E+003   0.2144211389E+001
     56500   0.8211532336E+003   0.2509857289E+001
     56600   0.8309423967E+003   0.2504793612E+001
     56700   0.8271297599E+003   0.2506749114E+001
     56800   0.8263801862E+003   0.2864057034E+001
     56900   0.8232337271E+003   0.2865917237E+001
     57000   0.8345092818E+003   0.2502983059E+001
     57100   0.8135218589E+003   0.2513903994E+001
     57200   0.8332090040E+003   0.2860076264E+001
     57300   0.8098661732E+003   0.2515874231E+001
     57400   0.8171501765E+003   0.2511968946E+001
     57500   0.8266045931E+003   0.2507020126E+001
     57600   0.8237234642E+003   0.2865626609E+001
     57700   0.8217997715E+003   0.2866770532E+001
     57800   0.8232857649E+003   0.2865886337E+001
     57900   0.8285075976E+003   0.2148962865E+001
     58000   0.8185357396E+003   0.2153431211E+001
     58100   0.8268193119E+003   0.2506909272E+001
     58200   0.8369660910E+003   0.1788489162E+001
     58300   0.8239387650E+003   0.1793275605E+001
     58400   0.8147412067E+003   0.2155165245E+001
     58500   0.8242186863E+003   0.1435161182E+001
     58600   0.8078809202E+003   0.1799425291E+001
     58700   0.8224964448E+003   0.1793816465E+001
     58800   0.8058505447E+003   0.2518062676E+001
     58900   0.8182631728E+003   0.2153555141E+001
     59000   0.8087599096E+003   0.1799081235E+001
     59100   0.8141404158E+003   0.1796994205E+001
     59200   0.8236254957E+003   0.1435339384E+001
     59300   0.8207520989E+003   0.1436206867E+001
     59400   0.8135912567E+003   0.1797205731E+001
     59500   0.8055056615E+003   0.1800359438E+001
     59600   0.8299625297E+003   0.1433451087E+001
     59700   0.8197741311E+003   0.1436503744E+001
     59800   0.8073910460E+003   0.1440336018E+001
     59900   0.8314990440E+003   0.1432998314E+001
     60000   0.8154981929E+003   0.1437811595E+001
     60100   0.8221933445E+003   0.1435770864E+001
     60200   0.8258187995E+003   0.1076479026E+001
     60300   0.8288996890E+003   0.1075789276E+001
     60400   0.8197341075E+003   0.1436515912E+001
     60500   0.8214211194E+003   0.1077474098E+001
     60600   0.8232731995E+003   0.1435445361E+001
     60700   0.8223742904E+003   0.1077257362E+001
     60800   0.8138953309E+003   0.1079206299E+001
     60900   0.8004821754E+003   0.1442534874E+001
     61000   0.8026875494E+003   0.1801476193E+001
     61100   0.8097642290E+003   0.1439590897E+001
     61200   0.8072665730E+003   0.1440375241E+001
     61300   0.8112315027E+003   0.1079828486E+001
     61400   0.8121332518E+003   0.7200639602E+000
     61500   0.8156719115E+003   0.1437758147E+001
     61600   0.8213727222E+003   0.1436018897E+001
     61700   0.8187758425E+003   0.1436807649E+001
     61800   0.8163421554E+003   0.1796149489E+001
     61900   0.8176864816E+003   0.1437140272E+001
     62000   0.8184764297E+003   0.1795335747E+001
     62100   0.8111946659E+003   0.1798132794E+001
     62200   0.8062576582E+003   0.1440693695E+001
     62300   0.7991135601E+003   0.1802905833E+001
     62400   0.8124295460E+003   0.1438760153E+001
     62500   0.8111122900E+003   0.1439169922E+001
     62600   0.8104086648E+003   0.1798438243E+001
     62700   0.8078654908E+003   0.1799431338E+001
     62800   0.8129385055E+003   0.1438602245E+001
     62900   0.8198513932E+003   0.1794814141E+001
     63000   0.8212728943E+003   0.1794277034E+001
     63100   0.8262959105E+003   0.1434539521E+001
     63200   0.8349888094E+003   0.1789204404E+001
     63300   0.8159693322E+003   0.1437666702E+001
     63400   0.8317964466E+003   0.1432910903E+001
     63500   0.8209219457E+003   0.1794409436E+001
     63600   0.8338065519E+003   0.1789633958E+001
     63700   0.8195088125E+003   0.1436584429E+001
     63800   0.8147814686E+003   0.1438032392E+001
     63900   0.8215559537E+003   0.1794170342E+001
     64000   0.8323739761E+003   0.1432741368E+001
     64100   0.8153448407E+003   0.1796531454E+001
     64200   0.8147493471E+003   0.1079007839E+001
     64300   0.8235741795E+003   0.1076985363E+001
     64400   0.8331068166E+003   0.1074857031E+001
     64500   0.8089482275E+003   0.7205645267E+000
     64600   0.8369360116E+003   0.7163184521E+000
     64700   0.8178264216E+003   0.1078296814E+001
     64800   0.8142978451E+003   0.1438181637E+001
     64900   0.8307667168E+003   0.1075374202E+001
     65000   0.8174099678E+003   0.1437224868E+001
     65100   0.8234928986E+003   0.1435379259E+001
     65200   0.8205245876E+003   0.1794559506E+001
     65300   0.8174508035E+003   0.1078383272E+001
     65400   0.8291852509E+003   0.1075725649E+001
     65500   0.8385373517E+003   0.1430949092E+001
     65600   0.8386767209E+003   0.1787873554E+001
     65700   0.8087650826E+003   0.2157935001E+001
     65800   0.8108299893E+003   0.2515352756E+001
     65900   0.8041915554E+003   0.1800879042E+001
     66000   0.8115157803E+003   0.1439044239E+001
     66100   0.8076369521E+003   0.1440258570E+001
     66200   0.8194738398E+003   0.1436595069E+001
     66300   0.8103458752E+003   0.1798462674E+001
     66400   0.8244625023E+003   0.1793079756E+001
     66500   0.8291311921E+003   0.1433696881E+001
     66600   0.8085338654E+003   0.1439976558E+001
     66700   0.8178752369E+003   0.1078285585E+001
     66800   0.8100109586E+003   0.1439513724E+001
     66900   0.8184288832E+003   0.7190879885E+000
     67000   0.8301498693E+003   0.1075511097E+001
     67100   0.8357285699E+003   0.1074281639E+001
     67200   0.8264746011E+003   0.1076331700E+001
     67300   0.8217976436E+003   0.1077388412E+001
     67400   0.8339756005E+003   0.1074665891E+001
     67500   0.8184265728E+003   0.1078158868E+001
     67600   0.8146348385E+003   0.7196740315E+000
     67700   0.8241835274E+003   0.7182111878E+000
     67800   0.8216886681E+003   0.1077413202E+001
     67900   0.8303739186E+003   0.3587969135E+000
     68000   0.8071949707E+003   0.7208420583E+000
     68100   0.8176713386E+003   0.7192044912E+000
     68200   0.8283521528E+003   0.1075911419E+001
     68300   0.8284525562E+003   0.3589404333E+000
     68400   0.8126164751E+003   0.7199884189E+000
     68500   0.8187883392E+003   0.7190327964E+000
     68600   0.8269885378E+003   0.7177889928E+000
     68700   0.8304405011E+003   0.1433310030E+001
     68800   0.8206396319E+003   0.1794516040E+001
     68900   0.8134209254E+003   0.1079316754E+001
     69000   0.8173532416E+003   0.1795763367E+001
     69100   0.8101499699E+003   0.1439470269E+001
     69200   0.8253305812E+003   0.1434827964E+001
     69300   0.8315485890E+003   0.1432983747E+001
     69400   0.8216582389E+003   0.2152018363E+001
     69500   0.8245377106E+003   0.1793051656E+001
     69600   0.8264581207E+003   0.1792336169E+001
     69700   0.8136771575E+003   0.2155654905E+001
     69800   0.8026571138E+003   0.1801488304E+001
     69900   0.8312537097E+003   0.2504634866E+001
     70000   0.8186218136E+003   0.2511189827E+001
     70100   0.8213264739E+003   0.1794256832E+001
     70200   0.8268355587E+003   0.1792196004E+001
     70300   0.8200827215E+003   0.1794726586E+001
     70400   0.8148787353E+003   0.1796710345E+001
     70500   0.8050316820E+003   0.2159689867E+001
     70600   0.8216916972E+003   0.2152003292E+001
     70700   0.8372481449E+003   0.1788387456E+001
     70800   0.8177737101E+003   0.1795603125E+001
     70900   0.8275992143E+003   0.1791912873E+001
     71000   0.8263191428E+003   0.2507167602E+001
     71100   0.8309181268E+003   0.2504805994E+001
     71200   0.8392014992E+003   0.2856645290E+001
     71300   0.8344672952E+003   0.2859351062E+001
     71400   0.8325710353E+003   0.2860444929E+001
     71500   0.8144382803E+003   0.2871206568E+001
     71600   0.8279913534E+003   0.2149191100E+001
     71700   0.8304525666E+003   0.2505043671E+001
     71800   0.8148388807E+003   0.2155120372E+001
     71900   0.8203720543E+003   0.2510267473E+001
     72000   0.8359212186E+003   0.3214456800E+001
     72100   0.8212722758E+003   0.2867085304E+001
     72200   0.8240220614E+003   0.2865449609E+001
     72300   0.8295172448E+003   0.2862218812E+001
     72400   0.8158760265E+003   0.2512646174E+001
     72500   0.8300118871E+003   0.2505268933E+001
     72600   0.8093255534E+003   0.2874343249E+001
     72700   0.8115958274E+003   0.2156617063E+001
     72800   0.8130511353E+003   0.1797414104E+001
     72900   0.8279760852E+003   0.1791773371E+001
     73000   0.8230037632E+003   0.1793625971E+001
     73100   0.8177000347E+003   0.2153811493E+001
     73200   0.8249348263E+003   0.2150549264E+001
     73300   0.8301017476E+003   0.2148260178E+001
     73400   0.8279456487E+003   0.1791784632E+001
     73500   0.8109347827E+003   0.2156923865E+001
     73600   0.8207068098E+003   0.2510091586E+001
     73700   0.8392791423E+003   0.1787657458E+001
     73800   0.8277654750E+003   0.1791851312E+001
     73900   0.8151787742E+003   0.1796595163E+001
     74000   0.8366578300E+003   0.1431492374E+001
     74100   0.8393643311E+003   0.1073490659E+001
     74200   0.8263962142E+003   0.1076349295E+001
     74300   0.8429616390E+003   0.1786344337E+001
     74400   0.8266394709E+003   0.1792268804E+001
     74500   0.8227164714E+003   0.1793733813E+001
     74600   0.8219363943E+003   0.1794027080E+001
     74700   0.8257009143E+003   0.2150207748E+001
     74800   0.8218310133E+003   0.1435880307E+001
     74900   0.8266345385E+003   0.1434438526E+001
     75000   0.8436649526E+003   0.1786095068E+001
     75100   0.8256184078E+003   0.1434741878E+001
     75200   0.8225479877E+003   0.1793797099E+001
     75300   0.8251609133E+003   0.2150448399E+001
     75400   0.8159758111E+003   0.1796289669E+001
     75500   0.8208912424E+003   0.2152364242E+001
     75600   0.8240710269E+003   0.2508333255E+001
     75700   0.8243865942E+003   0.2508169184E+001
     75800   0.8233086797E+003   0.2865872732E+001
     75900   0.8213782818E+003   0.2152144523E+001
     76000   0.8291168635E+003   0.2862452518E+001
     76100   0.8242547519E+003   0.2150853059E+001
     76200   0.8251977983E+003   0.2507748092E+001
     76300   0.8232501937E+003   0.2508760717E+001
     76400   0.8272888017E+003   0.3220070085E+001
     76500   0.8341238932E+003   0.2859548725E+001
     76600   0.8302565279E+003   0.2861787979E+001
     76700   0.8203347279E+003   0.3581427518E+001
     76800   0.8199787823E+003   0.3224931681E+001
     76900   0.8183654360E+003   0.3226018355E+001
     77000   0.8376989462E+003   0.3568831797E+001
     77100   0.8192091033E+003   0.3582265600E+001
     77200   0.8246620298E+003   0.3578230543E+001
     77300   0.8155987325E+003   0.4298187829E+001
     77400   0.8209513914E+003   0.4293417871E+001
     77500   0.8118574935E+003   0.3944843526E+001
     77600   0.8328398121E+003   0.3927839467E+001
     77700   0.8212081554E+003   0.3937140225E+001
     77800   0.8163373241E+003   0.4653610858E+001
     77900   0.8292129027E+003   0.4286196797E+001
     78000   0.8204932506E+003   0.4649614192E+001
     78100   0.8313887839E+003   0.4639357397E+001
     78200   0.8121724390E+003   0.5013734279E+001
     78300   0.8115278781E+003   0.5014412159E+001
     78400   0.8182680041E+003   0.5007385331E+001
     78500   0.8101278725E+003   0.4659671840E+001
     78600   0.8233202697E+003   0.5357181801E+001
     78700   0.8102764525E+003   0.4659525542E+001
     78800   0.8286852548E+003   0.4641873081E+001
     78900   0.8252129230E+003   0.4645132382E+001
     79000   0.8129662689E+003   0.4656887863E+001
     79100   0.8292654819E+003   0.4641331556E+001
     79200   0.8401398854E+003   0.4631343581E+001
     79300   0.8213330210E+003   0.5004234494E+001
     79400   0.8260847251E+003   0.4999403676E+001
     79500   0.8355815627E+003   0.4635493457E+001
     79600   0.8336718121E+003   0.4637247809E+001
     79700   0.8306658455E+003   0.4994807285E+001
     79800   0.8280277260E+003   0.5352100175E+001
     79900   0.8304371082E+003   0.4995035383E+001
     80000   0.8351119916E+003   0.4990402485E+001
     80100   0.8277716819E+003   0.5352374838E+001
     80200   0.8230583206E+003   0.5712152225E+001
     80300   0.8274550025E+003   0.5352714819E+001
     80400   0.8427853190E+003   0.5336597315E+001
     80500   0.8306473328E+003   0.5349301417E+001
     80600   0.8275510427E+003   0.5706991598E+001
     80700   0.8233106323E+003   0.5357192274E+001
     80800   0.8236334053E+003   0.5711487981E+001
     80900   0.8073569882E+003   0.5730715738E+001
     81000   0.8410235133E+003   0.6045087303E+001
     81100   0.8327155015E+003   0.5347106298E+001
     81200   0.8224912200E+003   0.5712808308E+001
     81300   0.8324201584E+003   0.5701471864E+001
     81400   0.8273037438E+003   0.6061365135E+001
     81500   0.8121277658E+003   0.6434939577E+001
     81600   0.8071626002E+003   0.6441602696E+001
     81700   0.8227636660E+003   0.6420981950E+001
     81800   0.8107009985E+003   0.6081924777E+001
     81900   0.8131674307E+003   0.6078808487E+001
     82000   0.8226651022E+003   0.6067011877E+001
     82100   0.8219151340E+003   0.5713475868E+001
     82200   0.8250616023E+003   0.5709843032E+001
     82300   0.8166285741E+003   0.6074472461E+001
     82400   0.8176079196E+003   0.5718501820E+001
     82500   0.8234287103E+003   0.5711724287E+001
     82600   0.8195726480E+003   0.5361276043E+001
     82700   0.8268272694E+003   0.5707818553E+001
     82800   0.8036837435E+003   0.6090913432E+001
     82900   0.8123390837E+003   0.5369303595E+001
     83000   0.8324541686E+003   0.5347382971E+001
     83100   0.8238294722E+003   0.5356628856E+001
     83200   0.8231935983E+003   0.4647042590E+001
     83300   0.8172390545E+003   0.4652739645E+001
     83400   0.8331617187E+003   0.4637717982E+001
     83500   0.8288506526E+003   0.4641718625E+001
     83600   0.8151591037E+003   0.4298582858E+001
     83700   0.8181310271E+003   0.3939652489E+001
     83800   0.8266593123E+003   0.3932743369E+001
     83900   0.8068786008E+003   0.4306117590E+001
     84000   0.8112150397E+003   0.4302149231E+001
     84100   0.8218073787E+003   0.3936653560E+001
     84200   0.8098092209E+003   0.3946558789E+001
     84300   0.8149409766E+003   0.4654964400E+001
     84400   0.8016529182E+003   0.4668121954E+001
     84500   0.8322335564E+003   0.3928316739E+001
     84600   0.8092486899E+003   0.3589800774E+001
     84700   0.8027633963E+003   0.3594825042E+001
     84800   0.8371055949E+003   0.3213697190E+001
     84900   0.8157588200E+003   0.3584851381E+001
     85000   0.8312174623E+003   0.3217498561E+001
     85100   0.8118921868E+003   0.3230429365E+001
     85200   0.8237952671E+003   0.3222380899E+001
     85300   0.8280019366E+003   0.3219601180E+001
     85400   0.8297609941E+003   0.2862076663E+001
     85500   0.8331521058E+003   0.3216242636E+001
     85600   0.8283278034E+003   0.3575552833E+001
     85700   0.8326912928E+003   0.3216541167E+001
     85800   0.8314720478E+003   0.3217332900E+001
     85900   0.8426805321E+003   0.3210155080E+001
     86000   0.8425495664E+003   0.3565421318E+001
     86100   0.8294529497E+003   0.3930516197E+001
     86200   0.8491369054E+003   0.3915306687E+001
     86300   0.8391167557E+003   0.3922945204E+001
     86400   0.8412175726E+003   0.3566353280E+001
     86500   0.8435846754E+003   0.3564699446E+001
     86600   0.8279969055E+003   0.3931674809E+001
     86700   0.8452043082E+003   0.3563574065E+001
     86800   0.8480885015E+003   0.3561582407E+001
     86900   0.8403848556E+003   0.3566937660E+001
     87000   0.8260597703E+003   0.3577206270E+001
     87100   0.8368221079E+003   0.3924724462E+001
     87200   0.8316070262E+003   0.3928810826E+001
     87300   0.8307991300E+003   0.4284829511E+001
     87400   0.8282169229E+003   0.3575633421E+001
     87500   0.8267730322E+003   0.3220409806E+001
     87600   0.8307729919E+003   0.3573782058E+001
     87700   0.8351960815E+003   0.3214923114E+001
     87800   0.8242591375E+003   0.3222072751E+001
     87900   0.8288282204E+003   0.3575189444E+001
     88000   0.8268869401E+003   0.3576602020E+001
     88100   0.8195503105E+003   0.3582011270E+001
     88200   0.8190053856E+003   0.3582417565E+001
     88300   0.8266952588E+003   0.3576741918E+001
     88400   0.8295959118E+003   0.3930402694E+001
     88500   0.8193440986E+003   0.3938659463E+001
     88600   0.8302096311E+003   0.3929915959E+001
     88700   0.8278212840E+003   0.3931814877E+001
     88800   0.8265879959E+003   0.4643837848E+001
     88900   0.8231902347E+003   0.4291444253E+001
     89000   0.8245558488E+003   0.4290246564E+001
     89100   0.8341858120E+003   0.4636774713E+001
     89200   0.8125465334E+003   0.4300940710E+001
     89300   0.8235972448E+003   0.4291086806E+001
     89400   0.8175916615E+003   0.3940095124E+001
     89500   0.8228666037E+003   0.3579552216E+001
     89600   0.8262189660E+003   0.3933096032E+001
     89700   0.8201327305E+003   0.3938015729E+001
     89800   0.8244622006E+003   0.3934507365E+001
     89900   0.8332711014E+003   0.3927500429E+001
     90000   0.8332428634E+003   0.4282734958E+001
     90100   0.8342151289E+003   0.4636747750E+001
     90200   0.8179243307E+003   0.4652079062E+001
     90300   0.8183612640E+003   0.5007289053E+001
     90400   0.8382943674E+003   0.4633017400E+001
     90500   0.8249595421E+003   0.5000541724E+001
     90600   0.8286519111E+003   0.5351431431E+001
     90700   0.8153313092E+003   0.5010430241E+001
     90800   0.8322812801E+003   0.4993200529E+001
     90900   0.8187142759E+003   0.4651319187E+001
     91000   0.8276435643E+003   0.4642847511E+001
     91100   0.8310979807E+003   0.4639627079E+001
     91200   0.8308499597E+003   0.3929409015E+001
     91300   0.8360063627E+003   0.3570032721E+001
     91400   0.8335704699E+003   0.3571771029E+001
     91500   0.8381810554E+003   0.3923669370E+001
     91600   0.8194582044E+003   0.4294741178E+001
     91700   0.8266548143E+003   0.3932746969E+001
     91800   0.8260563908E+003   0.4288935872E+001
     91900   0.8330915716E+003   0.4637782691E+001
     92000   0.8303480737E+003   0.4640323535E+001
     92100   0.8136130732E+003   0.4656256640E+001
     92200   0.8205380150E+003   0.4649571401E+001
     92300   0.8265115869E+003   0.4643909650E+001
     92400   0.8220823731E+003   0.4648098445E+001
     92500   0.8351282939E+003   0.4635908997E+001
     92600   0.8158402933E+003   0.4654092031E+001
     92700   0.8295421754E+003   0.4641073630E+001
     92800   0.8182760509E+003   0.4295792844E+001
     92900   0.7979254321E+003   0.4314471123E+001
     93000   0.8176101191E+003   0.4296386837E+001
     93100   0.8204581402E+003   0.3937750530E+001
     93200   0.8253085510E+003   0.3577756264E+001
     93300   0.8355932881E+003   0.3925681968E+001
     93400   0.8050763764E+003   0.3593022234E+001
     93500   0.8279182533E+003   0.3575850620E+001
     93600   0.8314689228E+003   0.3217334932E+001
     93700   0.8079604120E+003   0.2875188655E+001
     93800   0.8065704846E+003   0.2517668438E+001
     93900   0.8295412800E+003   0.2505509802E+001
     94000   0.8249808114E+003   0.2507860634E+001
     94100   0.8208653990E+003   0.2152375909E+001
     94200   0.8119739956E+003   0.2514735675E+001
     94300   0.8193443451E+003   0.2153064127E+001
     94400   0.8286609734E+003   0.1791520233E+001
     94500   0.8259468327E+003   0.2150098277E+001
     94600   0.8351366677E+003   0.1789150783E+001
     94700   0.8273169687E+003   0.2149489752E+001
     94800   0.8389885192E+003   0.1430819104E+001
     94900   0.8200634458E+003   0.1436415832E+001
     95000   0.8268315171E+003   0.1434379821E+001
     95100   0.8304591952E+003   0.1433304517E+001
     95200   0.8283184868E+003   0.1791646756E+001
     95300   0.8109204079E+003   0.1439229743E+001
     95400   0.8236148418E+003   0.1435342588E+001
     95500   0.8152904629E+003   0.1796552312E+001
     95600   0.8179641654E+003   0.1437055386E+001
     95700   0.8275521918E+003   0.1434165322E+001
     95800   0.8293599503E+003   0.1791262393E+001
     95900   0.8325746285E+003   0.1790083075E+001
     96000   0.8186302561E+003   0.1436852042E+001
     96100   0.8334630294E+003   0.7168271941E+000
     96200   0.8334741434E+003   0.1074776159E+001
     96300   0.8290328610E+003   0.1075759597E+001
     96400   0.8310246765E+003   0.1075317025E+001
     96500   0.8216565495E+003   0.1077420510E+001
     96600   0.8335995026E+003   0.1432382521E+001
     96700   0.8303337510E+003   0.1433341517E+001
     96800   0.8160599538E+003   0.1078704225E+001
     96900   0.8270184343E+003   0.1434324146E+001
     97000   0.8321967133E+003   0.1075057763E+001
     97100   0.8235342339E+003   0.1435366827E+001
     97200   0.8358649949E+003   0.1074251813E+001
     97300   0.8098202287E+003   0.1439573376E+001
     97400   0.7979428487E+003   0.1083005500E+001
     97500   0.8063702827E+003   0.1440658100E+001
     97600   0.8168409525E+003   0.1437399163E+001
     97700   0.8164414124E+003   0.1437521716E+001
     97800   0.8140762022E+003   0.1438250106E+001
     97900   0.8105130367E+003   0.1798397643E+001
     98000   0.8314144268E+003   0.1790507469E+001
     98100   0.8176524443E+003   0.1078336848E+001
     98200   0.8211832148E+003   0.1077528286E+001
     98300   0.8275696591E+003   0.1434160129E+001
     98400   0.8169627008E+003   0.1795912377E+001
     98500   0.8274318665E+003   0.1791974866E+001
     98600   0.8360194208E+003   0.2145679107E+001
     98700   0.8221803486E+003   0.2151783350E+001
     98800   0.8196865728E+003   0.1794876559E+001
     98900   0.8143338593E+003   0.1796919774E+001
     99000   0.8255685680E+003   0.1792667105E+001
     99100   0.8118331070E+003   0.2156507081E+001
     99200   0.8355254038E+003   0.1431821086E+001
     99300   0.8100522001E+003   0.1080105472E+001
     99400   0.8202387334E+003   0.1436362603E+001
     99500   0.8332778218E+003   0.1432476593E+001
     99600   0.8155561251E+003   0.1437793768E+001
     99700   0.8270873695E+003   0.1792102576E+001
     99800   0.8321843203E+003   0.1432797011E+001
     99900   0.8312415008E+003   0.1433074069E+001
    100000   0.8226677994E+003   0.1793752092E+001
    100100   0.8273748305E+003   0.1434218071E+001
    100200   0.8182786560E+003   0.1795410943E+001
    100300   0.8221754458E+003   0.1435776268E+001
    100400   0.8278336809E+003   0.1434081660E+001
    100500   0.8238382215E+003   0.1435275444E+001
    100600   0.8192834022E+003   0.1436653026E+001
    100700   0.8361815836E+003   0.1431630488E+001
    100800   0.8335675453E+003   0.1789720970E+001
    100900   0.8318322521E+003   0.2147500952E+001
    101000   0.8231496489E+003   0.1793571243E+001
    101100   0.7970051509E+003   0.1803756312E+001
    101200   0.8209500044E+003   0.2509963913E+001
    101300   0.8120458733E+003   0.2872668551E+001
    101400   0.8194506740E+003   0.2868175955E+001
    101500   0.8184325909E+003   0.2868787992E+001
    101600   0.8149603445E+003   0.3228328418E+001
    101700   0.8081074668E+003   0.3233046781E+001
    101800   0.8296758071E+003   0.3218504266E+001
    101900   0.8238975696E+003   0.3578792464E+001
    102000   0.8258179791E+003   0.3221040181E+001
    102100   0.8075807093E+003   0.3233413356E+001
    102200   0.8117591982E+003   0.3587881109E+001
    102300   0.8136290153E+003   0.3586460371E+001
    102400   0.8245054847E+003   0.3578345514E+001
    102500   0.8209940201E+003   0.3580937892E+001
    102600   0.8214382855E+003   0.3580608475E+001
    102700   0.8171498145E+003   0.2869561699E+001
    102800   0.8012337220E+003   0.2520610658E+001
    102900   0.8134655518E+003   0.2871799779E+001
    103000   0.8236048001E+003   0.2508575928E+001
    103100   0.8295159727E+003   0.2862219554E+001
    103200   0.8265060491E+003   0.2863982968E+001
    103300   0.8343432463E+003   0.2859422443E+001
    103400   0.8288174241E+003   0.2505880915E+001
    103500   0.8447766366E+003   0.2497870858E+001
    103600   0.8267404156E+003   0.2506949997E+001
    103700   0.8208851946E+003   0.2509997928E+001
    103800   0.8278385592E+003   0.2506383976E+001
    103900   0.8305504804E+003   0.2861616921E+001
    104000   0.8240153349E+003   0.3222234658E+001
    104100   0.8202913671E+003   0.3581459752E+001
    104200   0.8319574254E+003   0.3572928674E+001
    104300   0.8230113758E+003   0.3935678226E+001
    104400   0.8098066850E+003   0.3231868094E+001
    104500   0.8203444242E+003   0.3224686097E+001
    104600   0.8264885967E+003   0.2863993236E+001
    104700   0.8279905718E+003   0.2863111362E+001
    104800   0.8322139078E+003   0.2860651592E+001
    104900   0.8320135883E+003   0.2860767603E+001
    105000   0.8270356948E+003   0.2863671578E+001
    105100   0.8222856608E+003   0.2866481007E+001
    105200   0.8152993837E+003   0.2870682816E+001
    105300   0.8228575583E+003   0.2866140745E+001
    105400   0.8181858985E+003   0.3226139593E+001
    105500   0.8278220875E+003   0.2863210100E+001
    105600   0.8128099017E+003   0.3229799002E+001
    105700   0.8161053215E+003   0.2870193792E+001
    105800   0.8159562798E+003   0.2512603445E+001
    105900   0.8355955140E+003   0.2858702994E+001
    106000   0.8129223333E+003   0.2872131781E+001
    106100   0.8219084038E+003   0.2866705767E+001
    106200   0.8176767595E+003   0.3226483745E+001
    106300   0.8235574186E+003   0.3222539059E+001
    106400   0.8209306995E+003   0.2867289385E+001
    106500   0.8357964326E+003   0.2858587798E+001
    106600   0.8248966431E+003   0.3221649918E+001
    106700   0.8191706477E+003   0.3225475376E+001
    106800   0.8316412449E+003   0.2860983413E+001
    106900   0.8354934134E+003   0.2502486691E+001
    107000   0.8334874572E+003   0.2859915561E+001
    107100   0.8472370267E+003   0.2496667258E+001
    107200   0.8403322261E+003   0.3211640427E+001
    107300   0.8450972511E+003   0.3563648297E+001
    107400   0.8414082259E+003   0.3210958638E+001
    107500   0.8501592242E+003   0.3205488305E+001
    107600   0.8411089120E+003   0.3566429459E+001
    107700   0.8191648153E+003   0.3582298629E+001
    107800   0.8112252085E+003   0.3588288259E+001
    107900   0.8144411039E+003   0.3228682668E+001
    108000   0.8391307019E+003   0.3212404163E+001
    108100   0.8213540318E+003   0.3224009323E+001
    108200   0.8190241137E+003   0.3225574095E+001
    108300   0.8345563140E+003   0.3215335316E+001
    108400   0.8316210300E+003   0.3217236011E+001
    108500   0.8327585826E+003   0.3216497550E+001
    108600   0.8288512493E+003   0.3930994409E+001
    108700   0.8242199260E+003   0.3578555366E+001
    108800   0.8270975488E+003   0.3220196000E+001
    108900   0.8275587257E+003   0.3219892492E+001
    109000   0.8221490524E+003   0.3223477762E+001
    109100   0.8236464776E+003   0.3578977297E+001
    109200   0.8123278415E+003   0.3587448227E+001
    109300   0.8175227069E+003   0.3226587975E+001
    109400   0.8256379304E+003   0.2864494365E+001
    109500   0.8122411332E+003   0.2514591874E+001
    109600   0.8245423066E+003   0.2508088279E+001
    109700   0.8159398089E+003   0.2512612214E+001
    109800   0.8172325331E+003   0.2869511722E+001
    109900   0.8167492529E+003   0.2512181775E+001
    110000   0.8182474620E+003   0.2511387706E+001
    110100   0.8226334076E+003   0.2509082576E+001
    110200   0.8233453365E+003   0.2508711119E+001
    110300   0.8184463928E+003   0.2868779683E+001
    110400   0.8139363653E+003   0.2513681906E+001
    110500   0.8311026819E+003   0.2504711862E+001
    110600   0.8295450173E+003   0.2505507888E+001
    110700   0.8141919237E+003   0.2513545113E+001
    110800   0.8136190214E+003   0.2513851911E+001
    110900   0.8263007405E+003   0.2507177114E+001
    111000   0.8260273311E+003   0.2864264818E+001
    111100   0.8215133528E+003   0.2509668504E+001
    111200   0.8315695486E+003   0.2504473954E+001
    111300   0.8136577389E+003   0.2871682443E+001
    111400   0.8129754257E+003   0.3229685484E+001
    111500   0.8169409068E+003   0.3226982031E+001
    111600   0.8115689945E+003   0.3945084507E+001
    111700   0.8231801082E+003   0.2865949081E+001
    111800   0.8226433430E+003   0.3223147880E+001
    111900   0.8259796874E+003   0.3220933327E+001
    112000   0.8152704584E+003   0.3228117096E+001
    112100   0.8025649980E+003   0.3236932163E+001
    112200   0.8127636116E+003   0.2872228886E+001
    112300   0.8210338655E+003   0.2867227725E+001
    112400   0.8155537152E+003   0.2870528371E+001
    112500   0.8104400511E+003   0.2873655540E+001
    112600   0.8176544377E+003   0.3226498845E+001
    112700   0.8156570886E+003   0.2870465629E+001
    112800   0.8215098641E+003   0.2866943470E+001
    112900   0.8221088356E+003   0.2509356759E+001
    113000   0.8149410758E+003   0.2870900593E+001
    113100   0.8225754944E+003   0.2866308495E+001
    113200   0.8280511157E+003   0.2863075892E+001
    113300   0.8208918534E+003   0.3224318895E+001
    113400   0.8063658311E+003   0.2876180407E+001
    113500   0.8232957459E+003   0.1793516458E+001
    113600   0.8077349202E+003   0.2875328621E+001
    113700   0.8101738791E+003   0.2515707588E+001
    113800   0.8273125865E+003   0.2149491694E+001
    113900   0.8170716023E+003   0.2154098057E+001
    114000   0.8248866359E+003   0.1792921367E+001
    114100   0.8107938502E+003   0.2156989350E+001
    114200   0.8144946254E+003   0.1796857948E+001
    114300   0.8112064764E+003   0.2156797696E+001
    114400   0.8309818845E+003   0.1433150489E+001
    114500   0.8125016622E+003   0.1797626418E+001
    114600   0.8232218024E+003   0.1793544183E+001
    114700   0.8196204612E+003   0.1436550469E+001
    114800   0.8125302424E+003   0.1797615366E+001
    114900   0.8138758077E+003   0.1797096086E+001
    115000   0.8155384274E+003   0.2154799358E+001
    115100   0.8083915210E+003   0.2158109734E+001
    115200   0.8273604156E+003   0.1792001344E+001
    115300   0.8157618502E+003   0.1437730486E+001
    115400   0.8098074468E+003   0.1439577375E+001
    115500   0.8220785174E+003   0.1077324553E+001
    115600   0.8324610339E+003   0.1074999411E+001
    115700   0.8200608953E+003   0.1794734845E+001
    115800   0.8201166535E+003   0.1794713748E+001
    115900   0.8062111454E+003   0.2159133401E+001
    116000   0.8056929156E+003   0.1800285559E+001
    116100   0.8326768647E+003   0.1432652564E+001
    116200   0.8123460806E+003   0.1438786071E+001
    116300   0.8202933979E+003   0.1794646898E+001
    116400   0.8271708654E+003   0.1792071612E+001
    116500   0.8285680333E+003   0.2506008951E+001
    116600   0.8224447548E+003   0.2866386295E+001
    116700   0.8237133113E+003   0.2508519419E+001
    116800   0.8365726176E+003   0.2501943940E+001
    116900   0.8192988143E+003   0.2153084774E+001
    117000   0.8244414455E+003   0.2508140680E+001
    117100   0.8290455995E+003   0.2505763850E+001
    117200   0.8208708556E+003   0.2510005455E+001
    117300   0.8224689238E+003   0.2509168504E+001
    117400   0.8181776825E+003   0.2511424614E+001
    117500   0.8196844839E+003   0.2152909968E+001
    117600   0.8206604276E+003   0.2510115946E+001
    117700   0.8320804140E+003   0.2147392378E+001
    117800   0.8435963053E+003   0.1786119377E+001
    117900   0.8268480842E+003   0.1792191356E+001
    118000   0.8252415942E+003   0.1076608922E+001
    118100   0.8318332151E+003   0.1075138079E+001
    118200   0.8321258728E+003   0.1432814165E+001
    118300   0.8366851321E+003   0.1074072754E+001
    118400   0.8315003484E+003   0.1432997931E+001
    118500   0.8058042138E+003   0.1081111121E+001
    118600   0.8370343729E+003   0.1073996629E+001
    118700   0.8041905720E+003   0.1441349088E+001
    118800   0.8283644453E+003   0.1075908675E+001
    118900   0.8338686811E+003   0.1432303868E+001
    119000   0.8403690501E+003   0.1430422365E+001
    119100   0.8400234305E+003   0.1787390972E+001
    119200   0.8317523219E+003   0.1790383726E+001
    119300   0.8176875639E+003   0.1795635940E+001
    119400   0.8370596400E+003   0.1788455420E+001
    119500   0.8349129131E+003   0.1431999309E+001
    119600   0.8366251514E+003   0.1431501845E+001
    119700   0.8389905682E+003   0.1787760928E+001
    119800   0.8355877172E+003   0.1788987343E+001
    119900   0.8406440691E+003   0.1430343512E+001
    120000   0.8408732654E+003   0.1430277843E+001
    120100   0.8256959166E+003   0.1434718708E+001
    120200   0.8347877672E+003   0.1432035762E+001
    120300   0.8345126795E+003   0.2146332232E+001
    120400   0.8240276447E+003   0.1793242348E+001
    120500   0.8319412227E+003   0.2147453267E+001
    120600   0.8202578780E+003   0.2152650430E+001
    120700   0.8193027845E+003   0.2153082974E+001
    120800   0.8083021688E+003   0.2158151556E+001
    120900   0.7986070958E+003   0.2162754953E+001
    121000   0.8191499390E+003   0.2153152305E+001
    121100   0.8196741978E+003   0.2152914627E+001
    121200   0.8128566735E+003   0.2514260948E+001
    121300   0.8204549258E+003   0.2867573976E+001
    121400   0.8171403518E+003   0.2869567417E+001
    121500   0.8073832502E+003   0.2517224361E+001
    121600   0.8091269793E+003   0.2874466014E+001
    121700   0.8364153091E+003   0.2502022952E+001
    121800   0.8254911642E+003   0.2150301179E+001
    121900   0.8140285903E+003   0.2155493015E+001
    122000   0.8260237846E+003   0.2864266908E+001
    122100   0.8233847784E+003   0.2865827555E+001
    122200   0.8211522243E+003   0.3224144445E+001
    122300   0.8221329202E+003   0.3223488537E+001
    122400   0.8260220223E+003   0.2864267946E+001
    122500   0.8228625658E+003   0.2866137768E+001
    122600   0.8277584645E+003   0.2863247398E+001
    122700   0.8199878569E+003   0.2510469545E+001
    122800   0.8258057116E+003   0.2864395429E+001
    122900   0.8249819833E+003   0.2507860026E+001
    123000   0.8179350007E+003   0.2869087776E+001
    123100   0.8221385385E+003   0.2509341223E+001
    123200   0.8141403246E+003   0.3228888116E+001
    123300   0.8026704311E+003   0.2878496574E+001
    123400   0.8173967656E+003   0.3226673220E+001
    123500   0.8059255377E+003   0.3234568867E+001
    123600   0.8088579904E+003   0.3232525453E+001
    123700   0.8074498333E+003   0.3233504521E+001
    123800   0.8212608677E+003   0.2867092117E+001
    123900   0.8174156818E+003   0.3226660415E+001
    124000   0.8186672869E+003   0.2868646743E+001
    124100   0.8257175342E+003   0.2864447419E+001
    124200   0.8179542981E+003   0.2869076142E+001
    124300   0.8239678859E+003   0.3222266181E+001
    124400   0.8375289232E+003   0.3213426292E+001
    124500   0.8327547124E+003   0.3216500059E+001
    124600   0.8354185719E+003   0.3214779937E+001
    124700   0.8388777523E+003   0.3212565273E+001
    124800   0.8135376088E+003   0.3229300338E+001
    124900   0.8158389163E+003   0.3227730219E+001
    125000   0.8174068864E+003   0.3583613065E+001
    125100   0.8283086705E+003   0.3219399785E+001
    125200   0.8338159527E+003   0.3215813251E+001
    125300   0.8352268669E+003   0.3214903298E+001
    125400   0.8273477767E+003   0.2506636725E+001
    125500   0.8384903993E+003   0.2500983478E+001
    125600   0.8197635803E+003   0.2867988204E+001
    125700   0.8288829787E+003   0.2505847275E+001
    125800   0.8253968384E+003   0.3221318693E+001
    125900   0.8182694694E+003   0.3226083152E+001
    126000   0.8185335632E+003   0.3225904878E+001
    126100   0.8203310688E+003   0.3224695063E+001
    126200   0.8303686772E+003   0.3574074017E+001
    126300   0.8196391130E+003   0.3581945119E+001
    126400   0.8288570345E+003   0.3930989807E+001
    126500   0.8138645626E+003   0.3943172579E+001
    126600   0.8320670229E+003   0.3572849853E+001
    126700   0.8215813673E+003   0.3580502471E+001
    126800   0.8165413725E+003   0.3940959016E+001
    126900   0.8263016749E+003   0.3577029412E+001
    127000   0.8213854166E+003   0.3580647655E+001
    127100   0.8022480634E+003   0.3595228372E+001
    127200   0.8129896272E+003   0.3943899801E+001
    127300   0.8113391245E+003   0.3945276659E+001
    127400   0.8229522724E+003   0.3579488999E+001
    127500   0.8322885224E+003   0.3928273434E+001
    127600   0.8377648358E+003   0.3213275465E+001
    127700   0.8174127310E+003   0.3583608683E+001
    127800   0.8312045162E+003   0.3573470816E+001
    127900   0.8090689605E+003   0.3589938741E+001
    128000   0.8230197934E+003   0.3222896953E+001
    128100   0.8294911703E+003   0.3574708817E+001
    128200   0.8238192653E+003   0.3222364947E+001
    128300   0.8213690820E+003   0.3223999249E+001
    128400   0.8302548094E+003   0.3574156302E+001
    128500   0.8252386635E+003   0.3221423384E+001
    128600   0.8257098282E+003   0.2864451963E+001
    128700   0.8278634772E+003   0.2863185840E+001
    128800   0.8423226084E+003   0.2854880859E+001
    128900   0.8317870824E+003   0.2504363209E+001
    129000   0.8331511564E+003   0.2860109666E+001
    129100   0.8395095255E+003   0.2500475164E+001
    129200   0.8390346013E+003   0.2500711864E+001
    129300   0.8397213556E+003   0.2500369689E+001
    129400   0.8266659092E+003   0.3220480427E+001
    129500   0.8249488339E+003   0.3221615336E+001
    129600   0.8151180797E+003   0.3585334401E+001
    129700   0.8226565408E+003   0.3579707291E+001
    129800   0.8191618972E+003   0.3582300806E+001
    129900   0.8261272905E+003   0.3220835836E+001
    130000   0.8212395275E+003   0.3580755800E+001
    130100   0.8329952439E+003   0.3216344214E+001
    130200   0.8256316688E+003   0.3577519555E+001
    130300   0.8228542204E+003   0.3579561355E+001
    130400   0.8223096367E+003   0.3936246285E+001
    130500   0.8303103285E+003   0.3574116179E+001
    130600   0.8174852972E+003   0.3583554294E+001
    130700   0.8315911750E+003   0.3928823337E+001
    130800   0.8257780198E+003   0.3933449615E+001
    130900   0.8299385946E+003   0.3574384948E+001
    131000   0.8203416349E+003   0.3937845450E+001
    131100   0.8194233579E+003   0.3225305223E+001
    131200   0.8249264247E+003   0.3578036482E+001
    131300   0.8174379679E+003   0.3940221379E+001
    131400   0.8077074112E+003   0.4305355268E+001
    131500   0.8259910558E+003   0.3933278732E+001
    131600   0.8206779170E+003   0.3581172532E+001
    131700   0.8144754314E+003   0.3585819754E+001
    131800   0.8277836865E+003   0.3575948539E+001
    131900   0.8274313692E+003   0.3576205084E+001
    132000   0.8180283563E+003   0.3939736694E+001
    132100   0.8343100144E+003   0.3571242021E+001
    132200   0.8407369498E+003   0.3566690405E+001
    132300   0.8313391443E+003   0.4284365422E+001
    132400   0.8309917668E+003   0.3573624216E+001
    132500   0.8228805885E+003   0.3222989710E+001
    132600   0.8246561920E+003   0.3221809310E+001
    132700   0.8154324701E+003   0.3228006771E+001
    132800   0.8138631312E+003   0.2871557117E+001
    132900   0.8403651520E+003   0.2855985664E+001
    133000   0.8231263476E+003   0.2865981014E+001
    133100   0.8343446585E+003   0.3215471847E+001
    133200   0.8334956066E+003   0.2859910859E+001
    133300   0.8277908707E+003   0.2506408520E+001
    133400   0.8333752027E+003   0.2859980331E+001
    133500   0.8374433078E+003   0.2501507245E+001
    133600   0.8392463991E+003   0.2500606266E+001
    133700   0.8317546386E+003   0.2504379721E+001
    133800   0.8342276288E+003   0.2859488994E+001
    133900   0.8287069624E+003   0.2862692055E+001
    134000   0.8331580491E+003   0.3216238789E+001
    134100   0.8237992285E+003   0.3222378266E+001
    134200   0.8144709258E+003   0.3585823159E+001
    134300   0.8276175716E+003   0.3219853793E+001
    134400   0.8372820793E+003   0.3213584215E+001
    134500   0.8187314834E+003   0.3582622026E+001
    134600   0.8202150568E+003   0.3224772958E+001
    134700   0.8264161850E+003   0.3220645141E+001
    134800   0.8269912505E+003   0.3220266012E+001
    134900   0.8216902006E+003   0.3936748662E+001
    135000   0.8215471280E+003   0.3936864823E+001
    135100   0.8193111712E+003   0.4294871788E+001
    135200   0.8436948615E+003   0.3919429033E+001
    135300   0.8331100798E+003   0.3927626961E+001
    135400   0.8253123159E+003   0.3933823531E+001
    135500   0.8296792667E+003   0.3930336537E+001
    135600   0.8374607349E+003   0.4279153278E+001
    135700   0.8258142055E+003   0.3933420582E+001
    135800   0.8302322396E+003   0.3929898044E+001
    135900   0.8145903031E+003   0.3585732932E+001
    136000   0.8297580244E+003   0.3930274042E+001
    136100   0.8205145081E+003   0.3937704616E+001
    136200   0.8256554279E+003   0.3577502158E+001
    136300   0.8373157913E+003   0.3569103158E+001
    136400   0.8280369195E+003   0.3931642905E+001
    136500   0.8285021585E+003   0.3575426163E+001
    136600   0.8160639838E+003   0.3584621646E+001
    136700   0.8152124681E+003   0.3585263190E+001
    136800   0.8085011366E+003   0.3232773189E+001
    136900   0.8327256995E+003   0.3216518864E+001
    137000   0.8153132580E+003   0.2870674388E+001
    137100   0.8319692307E+003   0.2860793301E+001
    137200   0.8198112528E+003   0.2867959614E+001
    137300   0.8248314728E+003   0.2864970566E+001
    137400   0.8263819264E+003   0.2864056010E+001
