# Lambda, (Probability, Probability_biased(/observed)) per Fractional
 0.0000000   0.6947461524E-002   0.8628629102E+000   0.9604414979E+000   0.9959186626E+000
 0.0101010   0.7062787512E-002   0.8831168879E+000   0.9874210188E+000   0.1043477686E+001
 0.0202020   0.6793946122E-002   0.8521603403E+000   0.9780106146E+000   0.1003791024E+001
 0.0303030   0.6367256280E-002   0.9098525084E+000   0.9746603618E+000   0.1049384665E+001
 0.0404040   0.5763532778E-002   0.8533854725E+000   0.9612703180E+000   0.9772123298E+000
 0.0505051   0.5044880597E-002   0.8351055757E+000   0.9697234883E+000   0.9953826490E+000
 0.0606061   0.4353174074E-002   0.8670098670E+000   0.9591634896E+000   0.1002394140E+001
 0.0707071   0.3747306548E-002   0.8912489918E+000   0.9783626363E+000   0.1015393823E+001
 0.0808081   0.3109859628E-002   0.8588361549E+000   0.9700306008E+000   0.1012069456E+001
 0.0909091   0.2650141891E-002   0.8770559510E+000   0.9827796083E+000   0.1012930326E+001
 0.1010101   0.2239457803E-002   0.8260765826E+000   0.9539533673E+000   0.9377368239E+000
 0.1111111   0.1957283838E-002   0.8213239943E+000   0.9625689127E+000   0.1019302932E+001
 0.1212121   0.1892342795E-002   0.8102885584E+000   0.9815918929E+000   0.1029546747E+001
 0.1313131   0.1731110357E-002   0.8089524708E+000   0.9783732989E+000   0.1034219270E+001
 0.1414141   0.1765542970E-002   0.8239961695E+000   0.9757220062E+000   0.1014137710E+001
 0.1515152   0.1818161335E-002   0.7819533313E+000   0.9747745939E+000   0.9984200593E+000
 0.1616162   0.1923532320E-002   0.8359608566E+000   0.9587290199E+000   0.1010883729E+001
 0.1717172   0.2046036078E-002   0.7880188914E+000   0.9682228612E+000   0.1032524601E+001
 0.1818182   0.2293726083E-002   0.8343612501E+000   0.9689482113E+000   0.9985770734E+000
 0.1919192   0.2558840113E-002   0.7903443310E+000   0.9665150648E+000   0.1019790217E+001
 0.2020202   0.2858291121E-002   0.7966410482E+000   0.9802566008E+000   0.9808723821E+000
 0.2121212   0.3358976440E-002   0.8534085882E+000   0.9821677261E+000   0.1004814322E+001
 0.2222222   0.3708544020E-002   0.8202976572E+000   0.9764792087E+000   0.1026888337E+001
 0.2323232   0.4516146272E-002   0.8856966002E+000   0.9667394864E+000   0.9823883802E+000
 0.2424242   0.5288341765E-002   0.8509629470E+000   0.9928553104E+000   0.1021019259E+001
 0.2525253   0.6049000827E-002   0.8769588650E+000   0.9865165209E+000   0.9976999603E+000
 0.2626263   0.7466553414E-002   0.9212855344E+000   0.9905807547E+000   0.1021668972E+001
 0.2727273   0.8905462486E-002   0.8690764108E+000   0.9868050134E+000   0.1004641066E+001
 0.2828283   0.1075585519E-001   0.8828626152E+000   0.9902210869E+000   0.1013152312E+001
 0.2929293   0.1318351555E-001   0.9122241794E+000   0.9822311515E+000   0.1007532290E+001
 0.3030303   0.1621494520E-001   0.9341609802E+000   0.9826360656E+000   0.1006963791E+001
 0.3131313   0.2015076819E-001   0.1038093798E+001   0.9805596010E+000   0.9890641858E+000
 0.3232323   0.2462298037E-001   0.9837580296E+000   0.9938826987E+000   0.9849385054E+000
 0.3333333   0.3123431011E-001   0.1002421647E+001   0.1000919777E+001   0.9896868278E+000
 0.3434343   0.3870136094E-001   0.1047867117E+001   0.9844823511E+000   0.9939911794E+000
 0.3535354   0.4901062549E-001   0.9990328853E+000   0.1007560992E+001   0.1019779389E+001
 0.3636364   0.6087082712E-001   0.1016767252E+001   0.9855450766E+000   0.9817440810E+000
 0.3737374   0.7523217428E-001   0.1091907151E+001   0.1000696551E+001   0.1024170369E+001
 0.3838384   0.9665998716E-001   0.9843729073E+000   0.1003011345E+001   0.1025837967E+001
 0.3939394   0.1221948476E+000   0.1035088757E+001   0.1012109308E+001   0.9995787150E+000
 0.4040404   0.1569265076E+000   0.1064057354E+001   0.1009235186E+001   0.9958645198E+000
 0.4141414   0.1999527141E+000   0.1049115364E+001   0.1000048176E+001   0.9844891203E+000
 0.4242424   0.2514200055E+000   0.1012023910E+001   0.9865982139E+000   0.1017462077E+001
 0.4343434   0.3237186580E+000   0.1060090700E+001   0.1004074017E+001   0.9660264300E+000
 0.4444444   0.4181696637E+000   0.1052721414E+001   0.1013620610E+001   0.1027316065E+001
 0.4545455   0.5337172886E+000   0.1047219877E+001   0.1003801414E+001   0.1044750042E+001
 0.4646465   0.6937331124E+000   0.1113034903E+001   0.1003027743E+001   0.1008176590E+001
 0.4747475   0.8899843719E+000   0.1080261461E+001   0.9925850007E+000   0.1028144449E+001
 0.4848485   0.1152985956E+001   0.1081972023E+001   0.1011807769E+001   0.1034430427E+001
 0.4949495   0.1514157136E+001   0.1074857010E+001   0.1017650543E+001   0.1015410066E+001
 0.5050505   0.1712349105E+001   0.1113381638E+001   0.1007367647E+001   0.9510992637E+000
 0.5151515   0.1734678975E+001   0.1109655387E+001   0.9973185452E+000   0.9807478537E+000
 0.5252525   0.1702489517E+001   0.1074380826E+001   0.1003839386E+001   0.9927675524E+000
 0.5353535   0.1716293193E+001   0.1065675453E+001   0.1009503996E+001   0.9818361238E+000
 0.5454545   0.1735616691E+001   0.1087399589E+001   0.1007516553E+001   0.9658423445E+000
 0.5555556   0.1719766021E+001   0.1073372982E+001   0.1007667737E+001   0.9810077391E+000
 0.5656566   0.1711076416E+001   0.1098411910E+001   0.1010353237E+001   0.9879542587E+000
 0.5757576   0.1723999539E+001   0.1081810213E+001   0.9970078746E+000   0.9944243217E+000
 0.5858586   0.1731764580E+001   0.1092748563E+001   0.1030262215E+001   0.1003298324E+001
 0.5959596   0.1701313482E+001   0.1084704299E+001   0.1012390151E+001   0.9822421947E+000
 0.6060606   0.1721338555E+001   0.1101874642E+001   0.1004812662E+001   0.9681542415E+000
 0.6161616   0.1707064578E+001   0.1048005811E+001   0.1010870035E+001   0.9970881468E+000
 0.6262626   0.1756199000E+001   0.1066858977E+001   0.9904523729E+000   0.9681163416E+000
 0.6363636   0.1727497949E+001   0.1057034804E+001   0.1026498245E+001   0.9942781362E+000
 0.6464646   0.1734527609E+001   0.1070705430E+001   0.9894187953E+000   0.9725993643E+000
 0.6565657   0.1733082894E+001   0.1049531447E+001   0.1021841379E+001   0.9799573691E+000
 0.6666667   0.1748688393E+001   0.1063645894E+001   0.1004227548E+001   0.9584680970E+000
 0.6767677   0.1779899988E+001   0.1029628828E+001   0.1020408364E+001   0.9733411205E+000
 0.6868687   0.1751983536E+001   0.1046979474E+001   0.1019898445E+001   0.1006779706E+001
 0.6969697   0.1770705667E+001   0.1049420492E+001   0.1016343176E+001   0.1017478320E+001
 0.7070707   0.1779415007E+001   0.1068994868E+001   0.1011101701E+001   0.9631460338E+000
 0.7171717   0.1796682026E+001   0.1067418377E+001   0.1015808958E+001   0.9916413824E+000
 0.7272727   0.1812240432E+001   0.1096289888E+001   0.1017046806E+001   0.9995624721E+000
 0.7373737   0.1811275383E+001   0.1054039009E+001   0.1017939945E+001   0.9802280830E+000
 0.7474747   0.1842182416E+001   0.1088906733E+001   0.1027905898E+001   0.9850034768E+000
 0.7575758   0.1819857538E+001   0.1067547825E+001   0.1006223413E+001   0.9788366134E+000
 0.7676768   0.1849112300E+001   0.1063521070E+001   0.1019831514E+001   0.9780298858E+000
 0.7777778   0.1865516360E+001   0.1053128250E+001   0.1018588444E+001   0.9971747752E+000
 0.7878788   0.1855754085E+001   0.1078236525E+001   0.1022185569E+001   0.1003926381E+001
 0.7979798   0.1867090477E+001   0.1060728693E+001   0.1019551050E+001   0.9899629560E+000
 0.8080808   0.1905937591E+001   0.1081847198E+001   0.1023779985E+001   0.9978623886E+000
 0.8181818   0.1916257650E+001   0.1073354489E+001   0.1033793008E+001   0.9985121021E+000
 0.8282828   0.1907094869E+001   0.1074394696E+001   0.1017092598E+001   0.1007250748E+001
 0.8383838   0.1908926771E+001   0.1095032394E+001   0.1018460430E+001   0.1023688498E+001
 0.8484848   0.1947878979E+001   0.1076881945E+001   0.1023441202E+001   0.9977270317E+000
 0.8585859   0.1960077176E+001   0.1105106217E+001   0.1017896343E+001   0.1012486355E+001
 0.8686869   0.1950354465E+001   0.1041612008E+001   0.1021615822E+001   0.9892590998E+000
 0.8787879   0.1973290419E+001   0.1094024550E+001   0.1017450535E+001   0.1007900461E+001
 0.8888889   0.1970998191E+001   0.1077704864E+001   0.1007708242E+001   0.1009622202E+001
 0.8989899   0.2014961912E+001   0.1081911922E+001   0.1025731418E+001   0.9981060312E+000
 0.9090909   0.2031021664E+001   0.1076567572E+001   0.1029005564E+001   0.1011809571E+001
 0.9191919   0.2031656688E+001   0.1074907864E+001   0.1026500915E+001   0.9907913407E+000
 0.9292929   0.2020826130E+001   0.1055999220E+001   0.1005176829E+001   0.9724856645E+000
 0.9393939   0.2073250391E+001   0.1081491216E+001   0.1019328531E+001   0.1012426798E+001
 0.9494949   0.2061694432E+001   0.1095818328E+001   0.1007796952E+001   0.1008528518E+001
 0.9595960   0.2083660161E+001   0.1077094610E+001   0.1020058185E+001   0.1018707362E+001
 0.9696970   0.2114324871E+001   0.1063465592E+001   0.1009931609E+001   0.9843645919E+000
 0.9797980   0.2130604058E+001   0.1086511946E+001   0.1025374575E+001   0.1001468298E+001
 0.9898990   0.2156192043E+001   0.1102679068E+001   0.1030409853E+001   0.1013883239E+001
 1.0000000   0.2113714519E+001   0.1069406327E+001   0.1015297579E+001   0.1016530822E+001


 0.0000000   0.6104231784E-002   0.7768975934E+000   0.9705736074E+000   0.1006446663E+001
 0.0101010   0.6119262291E-002   0.7840761207E+000   0.9820174688E+000   0.1037789673E+001
 0.0202020   0.5890337700E-002   0.7571057124E+000   0.9763526740E+000   0.1002110914E+001
 0.0303030   0.5446904752E-002   0.7976007552E+000   0.9656337703E+000   0.1039688373E+001
 0.0404040   0.4975779072E-002   0.7549786603E+000   0.9676967391E+000   0.9837664683E+000
 0.0505051   0.4385692486E-002   0.7439534763E+000   0.9703613667E+000   0.9960588097E+000
 0.0606061   0.3759986202E-002   0.7673992430E+000   0.9585810784E+000   0.1001807006E+001
 0.0707071   0.3217219570E-002   0.7841111700E+000   0.9685189911E+000   0.1005199194E+001
 0.0808081   0.2699279663E-002   0.7638965072E+000   0.9668315735E+000   0.1008753467E+001
 0.0909091   0.2300334390E-002   0.7801286974E+000   0.9807840729E+000   0.1010895292E+001
 0.1010101   0.1970054066E-002   0.7446851297E+000   0.9658817035E+000   0.9494827897E+000
 0.1111111   0.1736780957E-002   0.7468318971E+000   0.9683840586E+000   0.1025482860E+001
 0.1212121   0.1645531654E-002   0.7220433055E+000   0.9727264550E+000   0.1020270120E+001
 0.1313131   0.1578064979E-002   0.7556840267E+000   0.9710734767E+000   0.1026524829E+001
 0.1414141   0.1585506483E-002   0.7582842439E+000   0.9704623854E+000   0.1008692685E+001
 0.1515152   0.1642764709E-002   0.7240038736E+000   0.9785689457E+000   0.1002327991E+001
 0.1616162   0.1750777377E-002   0.7797124874E+000   0.9730206813E+000   0.1025974901E+001
 0.1717172   0.1888326234E-002   0.7452765860E+000   0.9662563007E+000   0.1030449580E+001
 0.1818182   0.2089763264E-002   0.7789808340E+000   0.9755045422E+000   0.1005355490E+001
 0.1919192   0.2378524930E-002   0.7528318929E+000   0.9685209114E+000   0.1021928588E+001
 0.2020202   0.2644364703E-002   0.7552568638E+000   0.9795815639E+000   0.9802179846E+000
 0.2121212   0.3092388154E-002   0.8051210128E+000   0.9732519658E+000   0.9957143810E+000
 0.2222222   0.3565912754E-002   0.8082688748E+000   0.9737704326E+000   0.1024061730E+001
 0.2323232   0.4182837103E-002   0.8406302979E+000   0.9738708901E+000   0.9896564882E+000
 0.2424242   0.4975400006E-002   0.8204200164E+000   0.9863809057E+000   0.1014382995E+001
 0.2525253   0.5889777194E-002   0.8750070537E+000   0.9746672321E+000   0.9857375266E+000
 0.2626263   0.7203349007E-002   0.9108054952E+000   0.9840257237E+000   0.1014930028E+001
 0.2727273   0.8663741304E-002   0.8664112218E+000   0.9856689131E+000   0.1003505995E+001
 0.2828283   0.1052750336E-001   0.8855043081E+000   0.9879712907E+000   0.1010872137E+001
 0.2929293   0.1286276106E-001   0.9120563158E+000   0.9854603085E+000   0.1010866349E+001
 0.3030303   0.1586342949E-001   0.9365272734E+000   0.9875698371E+000   0.1012041458E+001
 0.3131313   0.1980345347E-001   0.1045449431E+001   0.9845489327E+000   0.9931094582E+000
 0.3232323   0.2454551247E-001   0.1004932483E+001   0.9875355462E+000   0.9786695027E+000
 0.3333333   0.3098748506E-001   0.1019112101E+001   0.1002726324E+001   0.9914944060E+000
 0.3434343   0.3809738352E-001   0.1057041975E+001   0.9784538322E+000   0.9879256618E+000
 0.3535354   0.4856131861E-001   0.1014371688E+001   0.9985331073E+000   0.1010663744E+001
 0.3636364   0.6025941974E-001   0.1031464775E+001   0.9873071047E+000   0.9835204478E+000
 0.3737374   0.7553266784E-001   0.1123398993E+001   0.1000031588E+001   0.1023511802E+001
 0.3838384   0.9631962099E-001   0.1005182209E+001   0.1000183417E+001   0.1022967662E+001
 0.3939394   0.1226798126E+000   0.1064914916E+001   0.1006671480E+001   0.9942295750E+000
 0.4040404   0.1567528882E+000   0.1089184341E+001   0.9952784481E+000   0.9821137895E+000
 0.4141414   0.1991289521E+000   0.1070649852E+001   0.1004475918E+001   0.9888692227E+000
 0.4242424   0.2525184786E+000   0.1041600584E+001   0.9894176909E+000   0.1020391683E+001
 0.4343434   0.3234685649E+000   0.1085486643E+001   0.9982860830E+000   0.9604784583E+000
 0.4444444   0.4180721951E+000   0.1078522793E+001   0.1006981084E+001   0.1020608760E+001
 0.4545455   0.5396231110E+000   0.1085011288E+001   0.1007300949E+001   0.1048414864E+001
 0.4646465   0.6944175475E+000   0.1141705662E+001   0.1010182836E+001   0.1015390231E+001
 0.4747475   0.8980733874E+000   0.1117057267E+001   0.9981448559E+000   0.1033925704E+001
 0.4848485   0.1158439084E+001   0.1113992647E+001   0.1012560641E+001   0.1035222377E+001
 0.4949495   0.1495487429E+001   0.1087876565E+001   0.1013588451E+001   0.1011378650E+001
 0.5050505   0.1696027381E+001   0.1130060544E+001   0.1018631765E+001   0.9617548705E+000
 0.5151515   0.1718794433E+001   0.1126704577E+001   0.9957899918E+000   0.9792657406E+000
 0.5252525   0.1701202264E+001   0.1100137235E+001   0.1009525013E+001   0.9984119233E+000
 0.5353535   0.1725593307E+001   0.1097966372E+001   0.1004685024E+001   0.9771702249E+000
 0.5454545   0.1724847938E+001   0.1107396814E+001   0.1015636964E+001   0.9736477904E+000
 0.5555556   0.1719438786E+001   0.1099727597E+001   0.1010247833E+001   0.9835407083E+000
 0.5656566   0.1697774015E+001   0.1116844781E+001   0.1008203701E+001   0.9858735614E+000
 0.5757576   0.1726433724E+001   0.1110148181E+001   0.1002176972E+001   0.9996015047E+000
 0.5858586   0.1729036100E+001   0.1118027694E+001   0.1027279140E+001   0.1000414819E+001
 0.5959596   0.1718455596E+001   0.1122748392E+001   0.1011469388E+001   0.9813699393E+000
 0.6060606   0.1729224492E+001   0.1134316839E+001   0.1006791717E+001   0.9700819405E+000
 0.6161616   0.1717768800E+001   0.1080676132E+001   0.1012463248E+001   0.9986810986E+000
 0.6262626   0.1745827688E+001   0.1086805372E+001   0.9981539039E+000   0.9756651584E+000
 0.6363636   0.1738077965E+001   0.1089828371E+001   0.1024319452E+001   0.9921890521E+000
 0.6464646   0.1750548616E+001   0.1107337668E+001   0.1001308103E+001   0.9843077134E+000
 0.6565657   0.1747377244E+001   0.1084376020E+001   0.1023983456E+001   0.9820327475E+000
 0.6666667   0.1747032269E+001   0.1088936805E+001   0.1009320481E+001   0.9633496621E+000
 0.6767677   0.1774962532E+001   0.1052183271E+001   0.1012730875E+001   0.9660385214E+000
 0.6868687   0.1768771977E+001   0.1083171201E+001   0.1017565911E+001   0.1004498760E+001
 0.6969697   0.1778133721E+001   0.1079902857E+001   0.1010335571E+001   0.1011485741E+001
 0.7070707   0.1783569434E+001   0.1098007993E+001   0.1017121398E+001   0.9689010421E+000
 0.7171717   0.1804414463E+001   0.1098542494E+001   0.1016626829E+001   0.9924611218E+000
 0.7272727   0.1808155373E+001   0.1120888590E+001   0.1013842920E+001   0.9964350763E+000
 0.7373737   0.1820403250E+001   0.1085567695E+001   0.1021974225E+001   0.9841340519E+000
 0.7474747   0.1835950538E+001   0.1112080272E+001   0.1022956438E+001   0.9802816605E+000
 0.7575758   0.1838433232E+001   0.1105133946E+001   0.1008127578E+001   0.9807100255E+000
 0.7676768   0.1833328015E+001   0.1080538125E+001   0.1018291507E+001   0.9765739870E+000
 0.7777778   0.1861778513E+001   0.1077028818E+001   0.1018993568E+001   0.9975928198E+000
 0.7878788   0.1850983331E+001   0.1102080279E+001   0.1018343656E+001   0.1000174588E+001
 0.7979798   0.1875908158E+001   0.1092113145E+001   0.1017726101E+001   0.9882122033E+000
 0.8080808   0.1896410410E+001   0.1103079183E+001   0.1020416928E+001   0.9946058416E+000
 0.8181818   0.1907438389E+001   0.1094855749E+001   0.1029142268E+001   0.9940414417E+000
 0.8282828   0.1905670053E+001   0.1100161332E+001   0.1020671909E+001   0.1010817145E+001
 0.8383838   0.1909993418E+001   0.1122759344E+001   0.1026711252E+001   0.1032003850E+001
 0.8484848   0.1938846358E+001   0.1098415440E+001   0.1018486784E+001   0.9929184305E+000
 0.8585859   0.1957600260E+001   0.1131024399E+001   0.1019074130E+001   0.1013679665E+001
 0.8686869   0.1960289769E+001   0.1072827287E+001   0.1027016738E+001   0.9945103278E+000
 0.8787879   0.1974496097E+001   0.1121784537E+001   0.1013974360E+001   0.1004478499E+001
 0.8888889   0.1967033940E+001   0.1102154759E+001   0.1012475808E+001   0.1014420621E+001
 0.8989899   0.2002185998E+001   0.1101657497E+001   0.1023876208E+001   0.9963221963E+000
 0.9090909   0.2033485893E+001   0.1104549061E+001   0.1025969667E+001   0.1008846086E+001
 0.9191919   0.2018636370E+001   0.1094450492E+001   0.1021108071E+001   0.9856072804E+000
 0.9292929   0.2034546086E+001   0.1089480069E+001   0.1013972987E+001   0.9810168276E+000
 0.9393939   0.2065885344E+001   0.1104319051E+001   0.1020279519E+001   0.1013393124E+001
 0.9494949   0.2069149252E+001   0.1126998115E+001   0.1013295690E+001   0.1014053038E+001
 0.9595960   0.2089000945E+001   0.1106579728E+001   0.1014999112E+001   0.1013676771E+001
 0.9696970   0.2112604094E+001   0.1088897375E+001   0.1018504589E+001   0.9927418746E+000
 0.9797980   0.2111971426E+001   0.1103664068E+001   0.1020880860E+001   0.9971007788E+000
 0.9898990   0.2151682341E+001   0.1127604905E+001   0.1034543029E+001   0.1017971999E+001
 1.0000000   0.2129415502E+001   0.1104012370E+001   0.1017799205E+001   0.1019057384E+001


 0.0000000   0.6105250290E-002   0.7763222190E+000   0.9748796061E+000   0.1010883613E+001
 0.0101010   0.6051635207E-002   0.7747073610E+000   0.9724197602E+000   0.1027618209E+001
 0.0202020   0.5867004838E-002   0.7534224524E+000   0.9771420467E+000   0.1002893133E+001
 0.0303030   0.5464099494E-002   0.7993926617E+000   0.9690022904E+000   0.1043286120E+001
 0.0404040   0.4972986275E-002   0.7538702947E+000   0.9662350996E+000   0.9822531541E+000
 0.0505051   0.4381395524E-002   0.7425502419E+000   0.9700527697E+000   0.9957142622E+000
 0.0606061   0.3769608827E-002   0.7686651369E+000   0.9650427100E+000   0.1008531881E+001
 0.0707071   0.3214765107E-002   0.7828020740E+000   0.9696699412E+000   0.1006365659E+001
 0.0808081   0.2689131535E-002   0.7603341032E+000   0.9665665201E+000   0.1008448787E+001
 0.0909091   0.2290685466E-002   0.7761515429E+000   0.9782708710E+000   0.1008276804E+001
 0.1010101   0.1972548124E-002   0.7449513768E+000   0.9660253471E+000   0.9495975030E+000
 0.1111111   0.1738880700E-002   0.7470563815E+000   0.9707907299E+000   0.1028002757E+001
 0.1212121   0.1640423140E-002   0.7191486585E+000   0.9704811123E+000   0.1017886636E+001
 0.1313131   0.1580244081E-002   0.7560409440E+000   0.9715773529E+000   0.1027028827E+001
 0.1414141   0.1590442537E-002   0.7599548231E+000   0.9775447750E+000   0.1016025733E+001
 0.1515152   0.1641068515E-002   0.7226001076E+000   0.9720862816E+000   0.9956601550E+000
 0.1616162   0.1761464998E-002   0.7837604857E+000   0.9770108822E+000   0.1030153520E+001
 0.1717172   0.1902737934E-002   0.7502831800E+000   0.9715976819E+000   0.1036116911E+001
 0.1818182   0.2102928212E-002   0.7831769778E+000   0.9736280904E+000   0.1003393625E+001
 0.1919192   0.2360326668E-002   0.7463941000E+000   0.9731638139E+000   0.1026798871E+001
 0.2020202   0.2672687498E-002   0.7626535470E+000   0.9803508235E+000   0.9809603776E+000
 0.2121212   0.3116794054E-002   0.8107389723E+000   0.9753680812E+000   0.9978514982E+000
 0.2222222   0.3585353536E-002   0.8119380810E+000   0.9768744808E+000   0.1027297431E+001
 0.2323232   0.4230417302E-002   0.8494211682E+000   0.9767825342E+000   0.9925876368E+000
 0.2424242   0.4984430267E-002   0.8211633405E+000   0.9823403428E+000   0.1010199543E+001
 0.2525253   0.5939663165E-002   0.8816176741E+000   0.9832390602E+000   0.9943789729E+000
 0.2626263   0.7265255084E-002   0.9177995387E+000   0.9823444732E+000   0.1013167712E+001
 0.2727273   0.8723734622E-002   0.8716192666E+000   0.9811425689E+000   0.9988698737E+000
 0.2828283   0.1064756318E-001   0.8947903644E+000   0.9844178062E+000   0.1007208186E+001
 0.2929293   0.1294960271E-001   0.9173808718E+000   0.9872736014E+000   0.1012698138E+001
 0.3030303   0.1597453647E-001   0.9422310135E+000   0.9889566690E+000   0.1013434383E+001
 0.3131313   0.1980284673E-001   0.1044468887E+001   0.9826126342E+000   0.9911286737E+000
 0.3232323   0.2450880121E-001   0.1002519047E+001   0.9909258187E+000   0.9820019419E+000
 0.3333333   0.3097879068E-001   0.1017901774E+001   0.9947331445E+000   0.9835633223E+000
 0.3434343   0.3809156740E-001   0.1055921688E+001   0.9828880033E+000   0.9923750726E+000
 0.3535354   0.4844373443E-001   0.1010997417E+001   0.1004066853E+001   0.1016236365E+001
 0.3636364   0.6050585069E-001   0.1034743270E+001   0.9919151044E+000   0.9880832091E+000
 0.3737374   0.7639552962E-001   0.1135201444E+001   0.9981940743E+000   0.1021602644E+001
 0.3838384   0.9641651870E-001   0.1005280498E+001   0.1001408482E+001   0.1024192062E+001
 0.3939394   0.1226566678E+000   0.1063747987E+001   0.1006216884E+001   0.9937528748E+000
 0.4040404   0.1566664358E+000   0.1087595954E+001   0.9968378853E+000   0.9836251591E+000
 0.4141414   0.1998172561E+000   0.1073375867E+001   0.1001092807E+001   0.9855111829E+000
 0.4242424   0.2535613212E+000   0.1044953199E+001   0.9938986702E+000   0.1024984346E+001
 0.4343434   0.3252990669E+000   0.1090638948E+001   0.9972799559E+000   0.9594836685E+000
 0.4444444   0.4197030965E+000   0.1081747747E+001   0.9983612226E+000   0.1011844017E+001
 0.4545455   0.5371458998E+000   0.1079050482E+001   0.1006201904E+001   0.1047241745E+001
 0.4646465   0.6926195619E+000   0.1137716363E+001   0.1009491729E+001   0.1014667255E+001
 0.4747475   0.8943625399E+000   0.1111432251E+001   0.1004866268E+001   0.1040859024E+001
 0.4848485   0.1155421654E+001   0.1110082889E+001   0.1014586615E+001   0.1037264757E+001
 0.4949495   0.1496706307E+001   0.1087775383E+001   0.1014309715E+001   0.1012070108E+001
 0.5050505   0.1700410072E+001   0.1131952764E+001   0.1016772423E+001   0.9599725661E+000
 0.5151515   0.1717784211E+001   0.1125020691E+001   0.9991072084E+000   0.9825005015E+000
 0.5252525   0.1710466309E+001   0.1105124531E+001   0.1006391631E+001   0.9952852691E+000
 0.5353535   0.1723114736E+001   0.1095394537E+001   0.1010948580E+001   0.9832348140E+000
 0.5454545   0.1724809489E+001   0.1106367403E+001   0.1019054243E+001   0.9768965375E+000
 0.5555556   0.1719784965E+001   0.1098951018E+001   0.1011652967E+001   0.9848812200E+000
 0.5656566   0.1706521993E+001   0.1121580912E+001   0.1010479729E+001   0.9880716147E+000
 0.5757576   0.1721519398E+001   0.1105983746E+001   0.1005398573E+001   0.1002786851E+001
 0.5858586   0.1731863487E+001   0.1118839884E+001   0.1023379792E+001   0.9965896401E+000
 0.5959596   0.1726082923E+001   0.1126708487E+001   0.1017050647E+001   0.9867575818E+000
 0.6060606   0.1720392082E+001   0.1127499141E+001   0.1007621017E+001   0.9708539183E+000
 0.6161616   0.1728397779E+001   0.1086376423E+001   0.1012289095E+001   0.9984814610E+000
 0.6262626   0.1742888595E+001   0.1083991334E+001   0.1002535549E+001   0.9799207456E+000
 0.6363636   0.1729977971E+001   0.1083765225E+001   0.1018710587E+001   0.9867285958E+000
 0.6464646   0.1748985039E+001   0.1105344805E+001   0.1006204978E+001   0.9890938551E+000
 0.6565657   0.1743887410E+001   0.1081228425E+001   0.1017709200E+001   0.9759883088E+000
 0.6666667   0.1750351863E+001   0.1090016053E+001   0.1014682401E+001   0.9684403490E+000
 0.6767677   0.1770420960E+001   0.1048538855E+001   0.1011776432E+001   0.9651011594E+000
 0.6868687   0.1774987547E+001   0.1085991308E+001   0.1013156635E+001   0.1000118205E+001
 0.6969697   0.1772042464E+001   0.1075227046E+001   0.1013354507E+001   0.1014479812E+001
 0.7070707   0.1791793120E+001   0.1102069867E+001   0.1018546679E+001   0.9702316851E+000
 0.7171717   0.1804240117E+001   0.1097439732E+001   0.1017048064E+001   0.9928446462E+000
 0.7272727   0.1807104298E+001   0.1119220623E+001   0.1012459432E+001   0.9950475837E+000
 0.7373737   0.1813490235E+001   0.1080464029E+001   0.1014215815E+001   0.9766356633E+000
 0.7474747   0.1831858613E+001   0.1108594944E+001   0.1016167378E+001   0.9737486556E+000
 0.7575758   0.1834937774E+001   0.1102031939E+001   0.1011813915E+001   0.9842686488E+000
 0.7676768   0.1835563210E+001   0.1080873944E+001   0.1021569952E+001   0.9796907899E+000
 0.7777778   0.1861785442E+001   0.1076055627E+001   0.1018078197E+001   0.9966688685E+000
 0.7878788   0.1855251084E+001   0.1103619081E+001   0.1017326942E+001   0.9991481395E+000
 0.7979798   0.1873898467E+001   0.1089953326E+001   0.1010673960E+001   0.9813371959E+000
 0.8080808   0.1891980386E+001   0.1099503891E+001   0.1020738022E+001   0.9948910592E+000
 0.8181818   0.1900240357E+001   0.1089734511E+001   0.1024508703E+001   0.9895383074E+000
 0.8282828   0.1910041874E+001   0.1101684752E+001   0.1017981052E+001   0.1008124144E+001
 0.8383838   0.1932277300E+001   0.1134827999E+001   0.1025398864E+001   0.1030655944E+001
 0.8484848   0.1928633516E+001   0.1091638205E+001   0.1013491896E+001   0.9880213723E+000
 0.8585859   0.1952042685E+001   0.1126790178E+001   0.1019701057E+001   0.1014274978E+001
 0.8686869   0.1945515728E+001   0.1063775704E+001   0.1016211222E+001   0.9840193690E+000
 0.8787879   0.1974740568E+001   0.1120905502E+001   0.1014382234E+001   0.1004854521E+001
 0.8888889   0.1981077700E+001   0.1109016529E+001   0.1014194856E+001   0.1016114624E+001
 0.8989899   0.1994498136E+001   0.1096431722E+001   0.1021089561E+001   0.9935828235E+000
 0.9090909   0.2033570519E+001   0.1103592823E+001   0.1026926679E+001   0.1009758956E+001
 0.9191919   0.2014941150E+001   0.1091455859E+001   0.1017062905E+001   0.9816753661E+000
 0.9292929   0.2038371690E+001   0.1090538293E+001   0.1013845055E+001   0.9808656899E+000
 0.9393939   0.2060348742E+001   0.1100360189E+001   0.1016820229E+001   0.1009929007E+001
 0.9494949   0.2071388752E+001   0.1127194258E+001   0.1015492199E+001   0.1016222838E+001
 0.9595960   0.2091748228E+001   0.1107029684E+001   0.1016959630E+001   0.1015606402E+001
 0.9696970   0.2116796948E+001   0.1090068569E+001   0.1021424004E+001   0.9955596701E+000
 0.9797980   0.2110578888E+001   0.1101935660E+001   0.1017236156E+001   0.9935132570E+000
 0.9898990   0.2142139356E+001   0.1121585288E+001   0.1029274875E+001   0.1012759975E+001
 1.0000000   0.2142164712E+001   0.1109614624E+001   0.1018918375E+001   0.1020149478E+001


 0.0000000   0.6231444824E-002   0.7917708849E+000   0.9706834554E+000   0.1006553167E+001
 0.0101010   0.6166143082E-002   0.7887707010E+000   0.9667244027E+000   0.1021620545E+001
 0.0202020   0.5968696724E-002   0.7659031486E+000   0.9703555943E+000   0.9959482922E+000
 0.0303030   0.5574639663E-002   0.8149492970E+000   0.9644395526E+000   0.1038394932E+001
 0.0404040   0.5067065736E-002   0.7675525860E+000   0.9633043123E+000   0.9792938965E+000
 0.0505051   0.4462169443E-002   0.7556691141E+000   0.9647416902E+000   0.9902830264E+000
 0.0606061   0.3838797407E-002   0.7821829077E+000   0.9658139975E+000   0.1009358659E+001
 0.0707071   0.3302509921E-002   0.8035614307E+000   0.9728779146E+000   0.1009715774E+001
 0.0808081   0.2748251079E-002   0.7764635305E+000   0.9693573831E+000   0.1011381356E+001
 0.0909091   0.2326602012E-002   0.7877263892E+000   0.9759437175E+000   0.1005898933E+001
 0.1010101   0.2004997376E-002   0.7566348813E+000   0.9659315699E+000   0.9495248248E+000
 0.1111111   0.1759062945E-002   0.7551569146E+000   0.9654399427E+000   0.1022357630E+001
 0.1212121   0.1654489144E-002   0.7247678834E+000   0.9661602096E+000   0.1013375484E+001
 0.1313131   0.1597232323E-002   0.7635921662E+000   0.9694546344E+000   0.1024806008E+001
 0.1414141   0.1600086180E-002   0.7639859957E+000   0.9759712621E+000   0.1014411116E+001
 0.1515152   0.1640943649E-002   0.7220000146E+000   0.9688708640E+000   0.9923871456E+000
 0.1616162   0.1757368144E-002   0.7813476795E+000   0.9784125390E+000   0.1031652608E+001
 0.1717172   0.1896486054E-002   0.7472537752E+000   0.9730266953E+000   0.1037662133E+001
 0.1818182   0.2090563328E-002   0.7779846415E+000   0.9764908830E+000   0.1006364610E+001
 0.1919192   0.2340844101E-002   0.7396747708E+000   0.9691241927E+000   0.1022557614E+001
 0.2020202   0.2656728276E-002   0.7575276352E+000   0.9783397953E+000   0.9789682080E+000
 0.2121212   0.3094661404E-002   0.8043745337E+000   0.9748826087E+000   0.9973753221E+000
 0.2222222   0.3567322405E-002   0.8072452849E+000   0.9785276794E+000   0.1029057100E+001
 0.2323232   0.4206573774E-002   0.8439964317E+000   0.9800147238E+000   0.9958925823E+000
 0.2424242   0.4932516966E-002   0.8119977886E+000   0.9797495239E+000   0.1007555945E+001
 0.2525253   0.5897959024E-002   0.8747671234E+000   0.9810686002E+000   0.9922043029E+000
 0.2626263   0.7211542082E-002   0.9103268256E+000   0.9826905538E+000   0.1013545470E+001
 0.2727273   0.8614623292E-002   0.8600682135E+000   0.9785291495E+000   0.9962296985E+000
 0.2828283   0.1057837793E-001   0.8883055640E+000   0.9857859452E+000   0.1008628717E+001
 0.2929293   0.1289112659E-001   0.9125493069E+000   0.9819075064E+000   0.1007214543E+001
 0.3030303   0.1593564477E-001   0.9392279336E+000   0.9879198571E+000   0.1012392705E+001
 0.3131313   0.1975976003E-001   0.1041410083E+001   0.9829309116E+000   0.9914700753E+000
 0.3232323   0.2442078498E-001   0.9981651751E+000   0.9878831422E+000   0.9790067763E+000
 0.3333333   0.3079278242E-001   0.1011026583E+001   0.9932061796E+000   0.9820736764E+000
 0.3434343   0.3795363914E-001   0.1051304495E+001   0.9869854431E+000   0.9965325317E+000
 0.3535354   0.4823031107E-001   0.1005784005E+001   0.9978988204E+000   0.1010014321E+001
 0.3636364   0.6033346251E-001   0.1031016747E+001   0.9949318663E+000   0.9911086754E+000
 0.3737374   0.7583495786E-001   0.1126021465E+001   0.9979398358E+000   0.1021363423E+001
 0.3838384   0.9649633645E-001   0.1005353669E+001   0.1003210260E+001   0.1026055909E+001
 0.3939394   0.1227978814E+000   0.1064169222E+001   0.1001671924E+001   0.9892845341E+000
 0.4040404   0.1562438627E+000   0.1083844100E+001   0.9930375029E+000   0.9798952774E+000
 0.4141414   0.1990795823E+000   0.1068606440E+001   0.1001028068E+001   0.9854676934E+000
 0.4242424   0.2533576488E+000   0.1043326130E+001   0.9933022617E+000   0.1024390326E+001
 0.4343434   0.3264143819E+000   0.1093552660E+001   0.1000744439E+001   0.9628366280E+000
 0.4444444   0.4197248748E+000   0.1080987730E+001   0.1000215369E+001   0.1013744026E+001
 0.4545455   0.5352429472E+000   0.1074416531E+001   0.1007665871E+001   0.1048786966E+001
 0.4646465   0.6902588424E+000   0.1132983175E+001   0.1009079736E+001   0.1014273984E+001
 0.4747475   0.8922385153E+000   0.1107956198E+001   0.1005057997E+001   0.1041079005E+001
 0.4848485   0.1157559920E+001   0.1111298217E+001   0.1014605155E+001   0.1037305018E+001
 0.4949495   0.1501370877E+001   0.1090342286E+001   0.1015853373E+001   0.1013631178E+001
 0.5050505   0.1705840648E+001   0.1134711157E+001   0.1013668155E+001   0.9570613709E+000
 0.5151515   0.1719428766E+001   0.1125248187E+001   0.1002699523E+001   0.9860533613E+000
 0.5252525   0.1710295516E+001   0.1104180524E+001   0.1012592076E+001   0.1001437858E+001
 0.5353535   0.1714698062E+001   0.1089221642E+001   0.1015560270E+001   0.9877403706E+000
 0.5454545   0.1720247267E+001   0.1102608525E+001   0.1019538869E+001   0.9773811908E+000
 0.5555556   0.1719574688E+001   0.1097987666E+001   0.1013267539E+001   0.9864733281E+000
 0.5656566   0.1706383684E+001   0.1120643923E+001   0.1012808139E+001   0.9903687339E+000
 0.5757576   0.1728335260E+001   0.1109524878E+001   0.1010646268E+001   0.1008041620E+001
 0.5858586   0.1724979193E+001   0.1113551674E+001   0.1018967119E+001   0.9923128657E+000
 0.5959596   0.1720220299E+001   0.1122034495E+001   0.1017792407E+001   0.9874975327E+000
 0.6060606   0.1723127299E+001   0.1128439755E+001   0.1007777411E+001   0.9710245512E+000
 0.6161616   0.1733556449E+001   0.1088796838E+001   0.1009895660E+001   0.9961411341E+000
 0.6262626   0.1744211436E+001   0.1083995658E+001   0.1006062010E+001   0.9833878581E+000
 0.6363636   0.1736342427E+001   0.1086931679E+001   0.1021514204E+001   0.9894645198E+000
 0.6464646   0.1742779190E+001   0.1100591808E+001   0.1010614188E+001   0.9934484901E+000
 0.6565657   0.1750124168E+001   0.1084276649E+001   0.1016365769E+001   0.9747199729E+000
 0.6666667   0.1750681196E+001   0.1089398644E+001   0.1014266573E+001   0.9680633570E+000
 0.6767677   0.1767493741E+001   0.1046015454E+001   0.1013282666E+001   0.9665577620E+000
 0.6868687   0.1774154554E+001   0.1084662735E+001   0.1015591224E+001   0.1002542056E+001
 0.6969697   0.1777066605E+001   0.1077462072E+001   0.1016685219E+001   0.1017835131E+001
 0.7070707   0.1791279211E+001   0.1100922581E+001   0.1018789755E+001   0.9704831655E+000
 0.7171717   0.1797272190E+001   0.1092376703E+001   0.1020237142E+001   0.9959782898E+000
 0.7272727   0.1810927564E+001   0.1120742380E+001   0.1014264929E+001   0.9968425071E+000
 0.7373737   0.1810662503E+001   0.1077965421E+001   0.1012257537E+001   0.9747699689E+000
 0.7474747   0.1829166915E+001   0.1106130865E+001   0.1017526816E+001   0.9750713736E+000
 0.7575758   0.1831845975E+001   0.1099345051E+001   0.1011071261E+001   0.9835664154E+000
 0.7676768   0.1834553551E+001   0.1079464407E+001   0.1016837937E+001   0.9751727942E+000
 0.7777778   0.1860688208E+001   0.1074610127E+001   0.1022391662E+001   0.1000912185E+001
 0.7878788   0.1856038596E+001   0.1103254582E+001   0.1019233047E+001   0.1001040746E+001
 0.7979798   0.1873740312E+001   0.1089039109E+001   0.1014361300E+001   0.9849377354E+000
 0.8080808   0.1893341047E+001   0.1099464527E+001   0.1017214595E+001   0.9914772176E+000
 0.8181818   0.1905143015E+001   0.1091721796E+001   0.1027750643E+001   0.9926899787E+000
 0.8282828   0.1911629912E+001   0.1101768872E+001   0.1017656127E+001   0.1007823066E+001
 0.8383838   0.1933817948E+001   0.1134875990E+001   0.1026306831E+001   0.1031589756E+001
 0.8484848   0.1927665362E+001   0.1090267060E+001   0.1013320572E+001   0.9878746457E+000
 0.8585859   0.1951773326E+001   0.1125784725E+001   0.1019397642E+001   0.1013994006E+001
 0.8686869   0.1944635319E+001   0.1062492128E+001   0.1016027944E+001   0.9838621062E+000
 0.8787879   0.1973720434E+001   0.1119481241E+001   0.1016265013E+001   0.1006740295E+001
 0.8888889   0.1988141530E+001   0.1112131233E+001   0.1022600731E+001   0.1024557456E+001
 0.8989899   0.1998902970E+001   0.1098024173E+001   0.1023812171E+001   0.9962525538E+000
 0.9090909   0.2032180976E+001   0.1102006718E+001   0.1028109552E+001   0.1010942819E+001
 0.9191919   0.2015668190E+001   0.1091025956E+001   0.1015967353E+001   0.9806380758E+000
 0.9292929   0.2040011691E+001   0.1090592302E+001   0.1012506725E+001   0.9795910158E+000
 0.9393939   0.2058982198E+001   0.1098800769E+001   0.1019486897E+001   0.1012598403E+001
 0.9494949   0.2080500210E+001   0.1131298337E+001   0.1019063674E+001   0.1019817831E+001
 0.9595960   0.2089755658E+001   0.1105140760E+001   0.1018079050E+001   0.1016745217E+001
 0.9696970   0.2107885354E+001   0.1084660522E+001   0.1017923916E+001   0.9921685915E+000
 0.9797980   0.2107787748E+001   0.1099648166E+001   0.1015724438E+001   0.9920571717E+000
 0.9898990   0.2135907888E+001   0.1117478906E+001   0.1021575415E+001   0.1005204702E+001
 1.0000000   0.2145106912E+001   0.1110300368E+001   0.1024855122E+001   0.1026114475E+001


 0.0000000   0.6267547131E-002   0.7967607616E+000   0.9703973009E+000   0.1006240829E+001
 0.0101010   0.6203347903E-002   0.7939311949E+000   0.9671690431E+000   0.1022074581E+001
 0.0202020   0.5995784556E-002   0.7697681140E+000   0.9696278507E+000   0.9951859174E+000
 0.0303030   0.5611718079E-002   0.8207845817E+000   0.9674685302E+000   0.1041640020E+001
 0.0404040   0.5099865416E-002   0.7729116828E+000   0.9625460169E+000   0.9785078360E+000
 0.0505051   0.4471279275E-002   0.7575947678E+000   0.9606969651E+000   0.9861159216E+000
 0.0606061   0.3870294336E-002   0.7889994108E+000   0.9696731106E+000   0.1013376045E+001
 0.0707071   0.3310704289E-002   0.8059626192E+000   0.9714518272E+000   0.1008220048E+001
 0.0808081   0.2759880491E-002   0.7801434878E+000   0.9707764214E+000   0.1012846202E+001
 0.0909091   0.2347587139E-002   0.7952333278E+000   0.9755122820E+000   0.1005438659E+001
 0.1010101   0.2012712007E-002   0.7599302692E+000   0.9645162040E+000   0.9481187923E+000
 0.1111111   0.1772831134E-002   0.7614523810E+000   0.9686093893E+000   0.1025698021E+001
 0.1212121   0.1665286754E-002   0.7298667876E+000   0.9682311515E+000   0.1015531878E+001
 0.1313131   0.1593549992E-002   0.7622169849E+000   0.9707565455E+000   0.1026166334E+001
 0.1414141   0.1596712563E-002   0.7627607230E+000   0.9749280487E+000   0.1013311096E+001
 0.1515152   0.1631091001E-002   0.7180278448E+000   0.9709575827E+000   0.9945090861E+000
 0.1616162   0.1756058039E-002   0.7811600030E+000   0.9789174085E+000   0.1032168939E+001
 0.1717172   0.1882392310E-002   0.7420756142E+000   0.9726582759E+000   0.1037253150E+001
 0.1818182   0.2079562497E-002   0.7742821156E+000   0.9769531149E+000   0.1006825366E+001
 0.1919192   0.2327923810E-002   0.7359641048E+000   0.9711663266E+000   0.1024696448E+001
 0.2020202   0.2648914145E-002   0.7556814840E+000   0.9781659060E+000   0.9787790243E+000
 0.2121212   0.3066084542E-002   0.7973497373E+000   0.9732800252E+000   0.9957203179E+000
 0.2222222   0.3568532026E-002   0.8079273497E+000   0.9794616879E+000   0.1030023361E+001
 0.2323232   0.4186151495E-002   0.8403236716E+000   0.9811252287E+000   0.9970056138E+000
 0.2424242   0.4925182792E-002   0.8112004222E+000   0.9811417990E+000   0.1008972083E+001
 0.2525253   0.5879216066E-002   0.8724281666E+000   0.9828208388E+000   0.9939610122E+000
 0.2626263   0.7191692891E-002   0.9082802854E+000   0.9829359316E+000   0.1013782827E+001
 0.2727273   0.8591260569E-002   0.8581694564E+000   0.9790591220E+000   0.9967537961E+000
 0.2828283   0.1047897481E-001   0.8804032872E+000   0.9844607756E+000   0.1007257216E+001
 0.2929293   0.1286808178E-001   0.9113786166E+000   0.9858333752E+000   0.1011225909E+001
 0.3030303   0.1577584907E-001   0.9302799452E+000   0.9886256815E+000   0.1013100299E+001
 0.3131313   0.1958426427E-001   0.1032682764E+001   0.9844486994E+000   0.9929856458E+000
 0.3232323   0.2438012499E-001   0.9970071610E+000   0.9882056000E+000   0.9793111459E+000
 0.3333333   0.3063380528E-001   0.1006315460E+001   0.9951685925E+000   0.9839988297E+000
 0.3434343   0.3775337224E-001   0.1046285973E+001   0.9854266384E+000   0.9949432153E+000
 0.3535354   0.4804868429E-001   0.1002503084E+001   0.9969081891E+000   0.1008996012E+001
 0.3636364   0.6010573239E-001   0.1027644539E+001   0.9946250340E+000   0.9907876531E+000
 0.3737374   0.7586659032E-001   0.1127060791E+001   0.9960672440E+000   0.1019431064E+001
 0.3838384   0.9620124273E-001   0.1002786041E+001   0.1003244662E+001   0.1026075178E+001
 0.3939394   0.1225298563E+000   0.1062383458E+001   0.1001739571E+001   0.9893359980E+000
 0.4040404   0.1559216414E+000   0.1082155832E+001   0.9914805518E+000   0.9783437556E+000
 0.4141414   0.1983338826E+000   0.1065142064E+001   0.1001729848E+001   0.9861432684E+000
 0.4242424   0.2532241873E+000   0.1043303840E+001   0.9956640657E+000   0.1026810121E+001
 0.4343434   0.3260386102E+000   0.1092846095E+001   0.1001365567E+001   0.9634192827E+000
 0.4444444   0.4189608954E+000   0.1079565759E+001   0.9998576892E+000   0.1013365790E+001
 0.4545455   0.5363001178E+000   0.1077083013E+001   0.1006630183E+001   0.1047692761E+001
 0.4646465   0.6889961900E+000   0.1131482543E+001   0.1009221166E+001   0.1014400407E+001
 0.4747475   0.8921532158E+000   0.1108410486E+001   0.1008739311E+001   0.1044876049E+001
 0.4848485   0.1158468513E+001   0.1112732893E+001   0.1013929306E+001   0.1036597969E+001
 0.4949495   0.1499206638E+001   0.1089321111E+001   0.1015759606E+001   0.1013521894E+001
 0.5050505   0.1712687525E+001   0.1139841740E+001   0.1010870476E+001   0.9544051198E+000
 0.5151515   0.1721408001E+001   0.1127113124E+001   0.1005801744E+001   0.9890887381E+000
 0.5252525   0.1706288866E+001   0.1102150846E+001   0.1012655228E+001   0.1001484779E+001
 0.5353535   0.1706882603E+001   0.1084805336E+001   0.1014780949E+001   0.9869670883E+000
 0.5454545   0.1716426143E+001   0.1100715661E+001   0.1020134448E+001   0.9779369732E+000
 0.5555556   0.1717294200E+001   0.1097086010E+001   0.1012650453E+001   0.9858572672E+000
 0.5656566   0.1707026789E+001   0.1121633167E+001   0.1013728868E+001   0.9912536868E+000
 0.5757576   0.1724001792E+001   0.1107302609E+001   0.1012300835E+001   0.1009676261E+001
 0.5858586   0.1720878491E+001   0.1111466241E+001   0.1020251802E+001   0.9935485325E+000
 0.5959596   0.1719104240E+001   0.1121873547E+001   0.1016664863E+001   0.9863882494E+000
 0.6060606   0.1722059264E+001   0.1128310590E+001   0.1007494406E+001   0.9707368094E+000
 0.6161616   0.1731616038E+001   0.1088128081E+001   0.1011602170E+001   0.9978089237E+000
 0.6262626   0.1743341028E+001   0.1084002590E+001   0.1006788949E+001   0.9840831487E+000
 0.6363636   0.1734657298E+001   0.1086425906E+001   0.1019325771E+001   0.9873294324E+000
 0.6464646   0.1742820177E+001   0.1101174246E+001   0.1014362104E+001   0.9971172796E+000
 0.6565657   0.1752443668E+001   0.1086262696E+001   0.1015216317E+001   0.9736025179E+000
 0.6666667   0.1752536951E+001   0.1091104891E+001   0.1014461709E+001   0.9682345845E+000
 0.6767677   0.1766717234E+001   0.1046084622E+001   0.1014748101E+001   0.9679406072E+000
 0.6868687   0.1775957663E+001   0.1086314142E+001   0.1011714824E+001   0.9986999711E+000
 0.6969697   0.1776801080E+001   0.1077845843E+001   0.1015626120E+001   0.1016759062E+001
 0.7070707   0.1792661273E+001   0.1102329135E+001   0.1018595751E+001   0.9702833096E+000
 0.7171717   0.1796012550E+001   0.1092163096E+001   0.1019107459E+001   0.9948600357E+000
 0.7272727   0.1806786589E+001   0.1118745058E+001   0.1015097034E+001   0.9976448434E+000
 0.7373737   0.1811244253E+001   0.1078857036E+001   0.1010836047E+001   0.9733860230E+000
 0.7474747   0.1829989986E+001   0.1107188184E+001   0.1018767236E+001   0.9762448948E+000
 0.7575758   0.1834838186E+001   0.1101697583E+001   0.1012454465E+001   0.9848967137E+000
 0.7676768   0.1838535614E+001   0.1082354523E+001   0.1017445285E+001   0.9757401199E+000
 0.7777778   0.1859460545E+001   0.1074444154E+001   0.1021175538E+001   0.9997061025E+000
 0.7878788   0.1854314009E+001   0.1102786833E+001   0.1018004794E+001   0.9998189077E+000
 0.7979798   0.1871382205E+001   0.1088218556E+001   0.1011605216E+001   0.9822463606E+000
 0.8080808   0.1892493286E+001   0.1099527953E+001   0.1016562646E+001   0.9908263943E+000
 0.8181818   0.1902338291E+001   0.1090665821E+001   0.1024183200E+001   0.9892288900E+000
 0.8282828   0.1914413391E+001   0.1103931078E+001   0.1018577879E+001   0.1008720265E+001
 0.8383838   0.1933957407E+001   0.1135531751E+001   0.1023883524E+001   0.1029138011E+001
 0.8484848   0.1931413275E+001   0.1092939231E+001   0.1014704401E+001   0.9892083800E+000
 0.8585859   0.1950544954E+001   0.1125645120E+001   0.1018878106E+001   0.1013461503E+001
 0.8686869   0.1948096046E+001   0.1064921198E+001   0.1016131948E+001   0.9839475545E+000
 0.8787879   0.1970897278E+001   0.1118445248E+001   0.1015393547E+001   0.1005861394E+001
 0.8888889   0.1989394057E+001   0.1113394604E+001   0.1021450852E+001   0.1023389502E+001
 0.8989899   0.2001272832E+001   0.1099881870E+001   0.1024674557E+001   0.9970762595E+000
 0.9090909   0.2035510011E+001   0.1104370149E+001   0.1029728654E+001   0.1012519181E+001
 0.9191919   0.2018377332E+001   0.1093044786E+001   0.1014054694E+001   0.9787767454E+000
 0.9292929   0.2043336963E+001   0.1092922378E+001   0.1012240219E+001   0.9793179826E+000
 0.9393939   0.2060890016E+001   0.1100375049E+001   0.1019300197E+001   0.1012397260E+001
 0.9494949   0.2080742706E+001   0.1132002332E+001   0.1019870330E+001   0.1020609252E+001
 0.9595960   0.2094758488E+001   0.1108346621E+001   0.1018727105E+001   0.1017376642E+001
 0.9696970   0.2106680883E+001   0.1084588905E+001   0.1013802535E+001   0.9881361606E+000
 0.9797980   0.2113070310E+001   0.1102961574E+001   0.1013460384E+001   0.9898305179E+000
 0.9898990   0.2135484888E+001   0.1117822566E+001   0.1017586041E+001   0.1001263726E+001
 1.0000000   0.2144009689E+001   0.1110293612E+001   0.1022384928E+001   0.1023625368E+001


 0.0000000   0.6257106186E-002   0.7949080433E+000   0.9695258239E+000   0.1005320056E+001
 0.0101010   0.6197987458E-002   0.7927211723E+000   0.9677368269E+000   0.1022657195E+001
 0.0202020   0.5989744927E-002   0.7684847668E+000   0.9712099599E+000   0.9967927671E+000
 0.0303030   0.5627671112E-002   0.8225742123E+000   0.9697455902E+000   0.1044073886E+001
 0.0404040   0.5086896503E-002   0.7704369348E+000   0.9651418990E+000   0.9811300700E+000
 0.0505051   0.4465860879E-002   0.7561768828E+000   0.9633460135E+000   0.9888182347E+000
 0.0606061   0.3885523760E-002   0.7915808700E+000   0.9735353765E+000   0.1017395070E+001
 0.0707071   0.3311030185E-002   0.8055095332E+000   0.9714489503E+000   0.1008199907E+001
 0.0808081   0.2760169868E-002   0.7797099173E+000   0.9700162843E+000   0.1012035902E+001
 0.0909091   0.2350231732E-002   0.7956032955E+000   0.9755550389E+000   0.1005465618E+001
 0.1010101   0.2007337945E-002   0.7574005858E+000   0.9674710588E+000   0.9510072300E+000
 0.1111111   0.1779160080E-002   0.7636659749E+000   0.9688269445E+000   0.1025910942E+001
 0.1212121   0.1668336532E-002   0.7307204646E+000   0.9704513063E+000   0.1017843173E+001
 0.1313131   0.1601317258E-002   0.7654262473E+000   0.9738885743E+000   0.1029459618E+001
 0.1414141   0.1597502854E-002   0.7626341674E+000   0.9743722131E+000   0.1012716144E+001
 0.1515152   0.1635548478E-002   0.7195145037E+000   0.9711936610E+000   0.9947339640E+000
 0.1616162   0.1756513593E-002   0.7808465293E+000   0.9791120423E+000   0.1032356594E+001
 0.1717172   0.1885106924E-002   0.7426548905E+000   0.9738973016E+000   0.1038556788E+001
 0.1818182   0.2081115857E-002   0.7743486514E+000   0.9760232757E+000   0.1005849979E+001
 0.1919192   0.2332287719E-002   0.7368566932E+000   0.9711256392E+000   0.1024636082E+001
 0.2020202   0.2663350963E-002   0.7592981374E+000   0.9818804096E+000   0.9824791379E+000
 0.2121212   0.3058272755E-002   0.7947929059E+000   0.9743365148E+000   0.9967842046E+000
 0.2222222   0.3554300054E-002   0.8041736451E+000   0.9808376255E+000   0.1031452776E+001
 0.2323232   0.4186858814E-002   0.8399104973E+000   0.9806403539E+000   0.9964959341E+000
 0.2424242   0.4914817366E-002   0.8089584863E+000   0.9845069950E+000   0.1012415506E+001
 0.2525253   0.5877735298E-002   0.8716323045E+000   0.9819245236E+000   0.9930376395E+000
 0.2626263   0.7197864558E-002   0.9084592709E+000   0.9814636435E+000   0.1012247110E+001
 0.2727273   0.8571348566E-002   0.8556149322E+000   0.9803046331E+000   0.9980048352E+000
 0.2828283   0.1052204049E-001   0.8834375699E+000   0.9845722430E+000   0.1007354123E+001
 0.2929293   0.1291007691E-001   0.9137489450E+000   0.9841271836E+000   0.1009458593E+001
 0.3030303   0.1583344453E-001   0.9330595397E+000   0.9891264126E+000   0.1013596178E+001
 0.3131313   0.1970028174E-001   0.1038114224E+001   0.9903744230E+000   0.9989457577E+000
 0.3232323   0.2446123952E-001   0.9996635259E+000   0.9901270144E+000   0.9811985699E+000
 0.3333333   0.3064684264E-001   0.1006078741E+001   0.9971384711E+000   0.9859298214E+000
 0.3434343   0.3795447911E-001   0.1051164596E+001   0.9872121646E+000   0.9967290241E+000
 0.3535354   0.4822984510E-001   0.1005618192E+001   0.9967063357E+000   0.1008774545E+001
 0.3636364   0.6022880544E-001   0.1029068564E+001   0.9951891789E+000   0.9913327526E+000
 0.3737374   0.7594512076E-001   0.1127482186E+001   0.9963444568E+000   0.1019697428E+001
 0.3838384   0.9642816354E-001   0.1004487484E+001   0.1001335563E+001   0.1024105208E+001
 0.3939394   0.1226372958E+000   0.1062612640E+001   0.1003931610E+001   0.9914840233E+000
 0.4040404   0.1564229905E+000   0.1084918282E+001   0.9914296261E+000   0.9782768581E+000
 0.4141414   0.1985969790E+000   0.1065850508E+001   0.1003148859E+001   0.9875233959E+000
 0.4242424   0.2541348582E+000   0.1046364255E+001   0.9960296157E+000   0.1027169628E+001
 0.4343434   0.3269461005E+000   0.1095164027E+001   0.9984364842E+000   0.9605848508E+000
 0.4444444   0.4200449779E+000   0.1081644249E+001   0.1003074018E+001   0.1016608272E+001
 0.4545455   0.5387996217E+000   0.1081388142E+001   0.1007194149E+001   0.1048261895E+001
 0.4646465   0.6914627276E+000   0.1134783073E+001   0.1008552735E+001   0.1013711296E+001
 0.4747475   0.8938083575E+000   0.1109733326E+001   0.1007946221E+001   0.1044036782E+001
 0.4848485   0.1158255322E+001   0.1111793251E+001   0.1012826963E+001   0.1035453361E+001
 0.4949495   0.1501229869E+001   0.1090070677E+001   0.1017310202E+001   0.1015051801E+001
 0.5050505   0.1712733150E+001   0.1139119174E+001   0.1010384327E+001   0.9539298932E+000
 0.5151515   0.1721679584E+001   0.1126546326E+001   0.1007679009E+001   0.9909179476E+000
 0.5252525   0.1703120474E+001   0.1099377610E+001   0.1012877605E+001   0.1001687657E+001
 0.5353535   0.1715253997E+001   0.1089405685E+001   0.1012279051E+001   0.9845170105E+000
 0.5454545   0.1719687875E+001   0.1102078908E+001   0.1018832090E+001   0.9766718669E+000
 0.5555556   0.1721210666E+001   0.1098861706E+001   0.1012451965E+001   0.9856472592E+000
 0.5656566   0.1711898993E+001   0.1124091540E+001   0.1012841353E+001   0.9903689968E+000
 0.5757576   0.1722217635E+001   0.1105426009E+001   0.1012659749E+001   0.1010017057E+001
 0.5858586   0.1719272794E+001   0.1109695685E+001   0.1021288150E+001   0.9945408322E+000
 0.5959596   0.1722272143E+001   0.1123198488E+001   0.1014681870E+001   0.9844475592E+000
 0.6060606   0.1727913217E+001   0.1131398331E+001   0.1007183048E+001   0.9704202977E+000
 0.6161616   0.1733657387E+001   0.1088691243E+001   0.1011110023E+001   0.9973065165E+000
 0.6262626   0.1749099100E+001   0.1086864545E+001   0.1004570312E+001   0.9818978400E+000
 0.6363636   0.1733326710E+001   0.1084875474E+001   0.1018213421E+001   0.9862352169E+000
 0.6464646   0.1743224901E+001   0.1100702427E+001   0.1013885667E+001   0.9966319826E+000
 0.6565657   0.1753492909E+001   0.1086195125E+001   0.1016192110E+001   0.9745217305E+000
 0.6666667   0.1752167125E+001   0.1090154077E+001   0.1014170348E+001   0.9679400298E+000
 0.6767677   0.1762653569E+001   0.1042989108E+001   0.1016393536E+001   0.9694936460E+000
 0.6868687   0.1776916299E+001   0.1086182578E+001   0.1013102899E+001   0.1000053173E+001
 0.6969697   0.1777260205E+001   0.1077412214E+001   0.1015893823E+001   0.1017009758E+001
 0.7070707   0.1790077206E+001   0.1100013079E+001   0.1015681663E+001   0.9674909747E+000
 0.7171717   0.1796172164E+001   0.1091538677E+001   0.1017256982E+001   0.9930366881E+000
 0.7272727   0.1805546366E+001   0.1117238655E+001   0.1014436080E+001   0.9969782877E+000
 0.7373737   0.1810774260E+001   0.1077864645E+001   0.1009152627E+001   0.9717484351E+000
 0.7474747   0.1830323625E+001   0.1106658569E+001   0.1018780390E+001   0.9762408882E+000
 0.7575758   0.1836616363E+001   0.1102036839E+001   0.1012544943E+001   0.9849679683E+000
 0.7676768   0.1840658678E+001   0.1082888617E+001   0.1017393506E+001   0.9756738611E+000
 0.7777778   0.1859472086E+001   0.1073741105E+001   0.1019159643E+001   0.9977156133E+000
 0.7878788   0.1851820106E+001   0.1100576219E+001   0.1017945817E+001   0.9997439720E+000
 0.7979798   0.1870663815E+001   0.1087082273E+001   0.1013385821E+001   0.9839585459E+000
 0.8080808   0.1890361953E+001   0.1097564197E+001   0.1014989100E+001   0.9892758522E+000
 0.8181818   0.1899139429E+001   0.1088112604E+001   0.1021746310E+001   0.9868583759E+000
 0.8282828   0.1914611233E+001   0.1103315896E+001   0.1020595443E+001   0.1010701105E+001
 0.8383838   0.1930235299E+001   0.1132597678E+001   0.1020059900E+001   0.1025277317E+001
 0.8484848   0.1932965779E+001   0.1093095245E+001   0.1013087890E+001   0.9876156805E+000
 0.8585859   0.1948147253E+001   0.1123518805E+001   0.1016680747E+001   0.1011258618E+001
 0.8686869   0.1948478657E+001   0.1064426791E+001   0.1017087110E+001   0.9848557046E+000
 0.8787879   0.1976324529E+001   0.1120784294E+001   0.1015851660E+001   0.1006298082E+001
 0.8888889   0.1985327995E+001   0.1110385033E+001   0.1019121079E+001   0.1021037933E+001
 0.8989899   0.1998262872E+001   0.1097502200E+001   0.1025401853E+001   0.9977669882E+000
 0.9090909   0.2027632424E+001   0.1099369491E+001   0.1025221824E+001   0.1008070518E+001
 0.9191919   0.2021270729E+001   0.1093888660E+001   0.1011993680E+001   0.9767708112E+000
 0.9292929   0.2042261805E+001   0.1091625768E+001   0.1013151026E+001   0.9801824878E+000
 0.9393939   0.2061764719E+001   0.1100114931E+001   0.1019447028E+001   0.1012525867E+001
 0.9494949   0.2073550161E+001   0.1127344169E+001   0.1016665316E+001   0.1017384604E+001
 0.9595960   0.2096363409E+001   0.1108463125E+001   0.1017672089E+001   0.1016305731E+001
 0.9696970   0.2101804810E+001   0.1081363786E+001   0.1011478010E+001   0.9858537104E+000
 0.9797980   0.2105679030E+001   0.1098377539E+001   0.1011616086E+001   0.9880124093E+000
 0.9898990   0.2134868701E+001   0.1116761869E+001   0.1014921711E+001   0.9986251400E+000
 1.0000000   0.2140265375E+001   0.1107622475E+001   0.1019131901E+001   0.1020351031E+001


 0.0000000   0.6347909882E-002   0.8031854744E+000   0.9651166009E+000   0.1000763863E+001
 0.0101010   0.6311586687E-002   0.8039888815E+000   0.9684041043E+000   0.1023378515E+001
 0.0202020   0.6118075214E-002   0.7817780515E+000   0.9710953247E+000   0.9966908639E+000
 0.0303030   0.5709039359E-002   0.8310959106E+000   0.9661813973E+000   0.1040252948E+001
 0.0404040   0.5181042211E-002   0.7815253157E+000   0.9624729189E+000   0.9784323397E+000
 0.0505051   0.4543809969E-002   0.7662669485E+000   0.9628721724E+000   0.9883474844E+000
 0.0606061   0.3949785363E-002   0.8014214167E+000   0.9720374288E+000   0.1015845691E+001
 0.0707071   0.3358199089E-002   0.8136838779E+000   0.9697466139E+000   0.1006449075E+001
 0.0808081   0.2805208216E-002   0.7892308930E+000   0.9681569068E+000   0.1010111943E+001
 0.0909091   0.2387411594E-002   0.8049240676E+000   0.9732162289E+000   0.1003070953E+001
 0.1010101   0.2046334170E-002   0.7689948400E+000   0.9663733205E+000   0.9499431851E+000
 0.1111111   0.1816799582E-002   0.7766711331E+000   0.9687157164E+000   0.1025809372E+001
 0.1212121   0.1694820446E-002   0.7393209828E+000   0.9703239305E+000   0.1017725661E+001
 0.1313131   0.1626210606E-002   0.7741845183E+000   0.9742065318E+000   0.1029811994E+001
 0.1414141   0.1631155155E-002   0.7755532387E+000   0.9735354878E+000   0.1011862483E+001
 0.1515152   0.1670124586E-002   0.7317567339E+000   0.9715409007E+000   0.9951053468E+000
 0.1616162   0.1784496074E-002   0.7900807728E+000   0.9760848271E+000   0.1029181022E+001
 0.1717172   0.1918407767E-002   0.7527204367E+000   0.9756165701E+000   0.1040406646E+001
 0.1818182   0.2118123795E-002   0.7849343843E+000   0.9749117614E+000   0.1004720376E+001
 0.1919192   0.2380432281E-002   0.7490287115E+000   0.9699506190E+000   0.1023412490E+001
 0.2020202   0.2707485598E-002   0.7687618393E+000   0.9819331153E+000   0.9825474038E+000
 0.2121212   0.3103096774E-002   0.8031835646E+000   0.9721542721E+000   0.9945674035E+000
 0.2222222   0.3606202277E-002   0.8126200957E+000   0.9805272652E+000   0.1031142695E+001
 0.2323232   0.4242761594E-002   0.8476860745E+000   0.9789610805E+000   0.9948052310E+000
 0.2424242   0.4992450656E-002   0.8184164672E+000   0.9855347839E+000   0.1013488447E+001
 0.2525253   0.5934446366E-002   0.8764864971E+000   0.9821402311E+000   0.9932714859E+000
 0.2626263   0.7269620512E-002   0.9138086364E+000   0.9816281571E+000   0.1012432784E+001
 0.2727273   0.8650254058E-002   0.8600026478E+000   0.9812940289E+000   0.9990278838E+000
 0.2828283   0.1062359159E-001   0.8883599871E+000   0.9827415452E+000   0.1005496956E+001
 0.2929293   0.1300291609E-001   0.9166014625E+000   0.9848534628E+000   0.1010219532E+001
 0.3030303   0.1589774765E-001   0.9330636670E+000   0.9902300052E+000   0.1014743109E+001
 0.3131313   0.1978447735E-001   0.1038338634E+001   0.9888249963E+000   0.9973986841E+000
 0.3232323   0.2460119043E-001   0.1001320796E+001   0.9907026955E+000   0.9817845759E+000
 0.3333333   0.3081009601E-001   0.1007351442E+001   0.9959942703E+000   0.9848140462E+000
 0.3434343   0.3810782540E-001   0.1051147310E+001   0.9876162532E+000   0.9971527671E+000
 0.3535354   0.4831555804E-001   0.1003335043E+001   0.9955982350E+000   0.1007668952E+001
 0.3636364   0.6042190746E-001   0.1028196734E+001   0.9946396295E+000   0.9908009913E+000
 0.3737374   0.7608720975E-001   0.1125027651E+001   0.9958936135E+000   0.1019252126E+001
 0.3838384   0.9662972891E-001   0.1002520177E+001   0.1000991237E+001   0.1023769232E+001
 0.3939394   0.1229759173E+000   0.1061241463E+001   0.1001320605E+001   0.9889210210E+000
 0.4040404   0.1565786328E+000   0.1081609932E+001   0.9933742683E+000   0.9802111928E+000
 0.4141414   0.1986500596E+000   0.1061827785E+001   0.1002834498E+001   0.9872295330E+000
 0.4242424   0.2540184583E+000   0.1041659213E+001   0.9962095556E+000   0.1027371430E+001
 0.4343434   0.3271559583E+000   0.1091439254E+001   0.9980935348E+000   0.9602700789E+000
 0.4444444   0.4190341924E+000   0.1074681660E+001   0.1003657823E+001   0.1017216031E+001
 0.4545455   0.5389625616E+000   0.1077344617E+001   0.1009344708E+001   0.1050516744E+001
 0.4646465   0.6920419669E+000   0.1131144876E+001   0.1006290993E+001   0.1011453970E+001
 0.4747475   0.8946282749E+000   0.1106263450E+001   0.1007751033E+001   0.1043851101E+001
 0.4848485   0.1158184026E+001   0.1107233014E+001   0.1009937301E+001   0.1032515462E+001
 0.4949495   0.1498790675E+001   0.1083902379E+001   0.1016015934E+001   0.1013776429E+001
 0.5050505   0.1714534697E+001   0.1135710036E+001   0.1011212023E+001   0.9547264315E+000
 0.5151515   0.1720345454E+001   0.1121125207E+001   0.1009779175E+001   0.9929988740E+000
 0.5252525   0.1705172961E+001   0.1096255240E+001   0.1012851794E+001   0.1001677963E+001
 0.5353535   0.1713174224E+001   0.1083688477E+001   0.1013300386E+001   0.9855259110E+000
 0.5454545   0.1718069754E+001   0.1096593282E+001   0.1018482061E+001   0.9763517529E+000
 0.5555556   0.1718191880E+001   0.1092502399E+001   0.1012177540E+001   0.9853956721E+000
 0.5656566   0.1708475106E+001   0.1117310615E+001   0.1014058016E+001   0.9915743354E+000
 0.5757576   0.1718895737E+001   0.1098836073E+001   0.1012970835E+001   0.1010343299E+001
 0.5858586   0.1718553326E+001   0.1104749582E+001   0.1022819439E+001   0.9960477588E+000
 0.5959596   0.1717238099E+001   0.1115390587E+001   0.1014131428E+001   0.9839290688E+000
 0.6060606   0.1726442564E+001   0.1125867982E+001   0.1009329360E+001   0.9725036380E+000
 0.6161616   0.1732621381E+001   0.1083644551E+001   0.1013638006E+001   0.9998157888E+000
 0.6262626   0.1746732130E+001   0.1081008332E+001   0.1006287423E+001   0.9835917419E+000
 0.6363636   0.1735297548E+001   0.1081720703E+001   0.1019895333E+001   0.9878799186E+000
 0.6464646   0.1743461910E+001   0.1096404207E+001   0.1013826677E+001   0.9965897468E+000
 0.6565657   0.1756679644E+001   0.1083772510E+001   0.1015116812E+001   0.9735059114E+000
 0.6666667   0.1755108076E+001   0.1087571823E+001   0.1015882059E+001   0.9695890369E+000
 0.6767677   0.1765655036E+001   0.1040543865E+001   0.1016865887E+001   0.9699595302E+000
 0.6868687   0.1777856259E+001   0.1082366229E+001   0.1015382702E+001   0.1002319450E+001
 0.6969697   0.1777929550E+001   0.1073463181E+001   0.1017112442E+001   0.1018245808E+001
 0.7070707   0.1787499207E+001   0.1093990803E+001   0.1015724719E+001   0.9675472791E+000
 0.7171717   0.1796706992E+001   0.1087452140E+001   0.1016895567E+001   0.9926995672E+000
 0.7272727   0.1805647389E+001   0.1112786835E+001   0.1015043694E+001   0.9975912112E+000
 0.7373737   0.1810013993E+001   0.1073058931E+001   0.1009369017E+001   0.9719721662E+000
 0.7474747   0.1829343574E+001   0.1101597069E+001   0.1017967432E+001   0.9754772916E+000
 0.7575758   0.1834853869E+001   0.1096530894E+001   0.1013215589E+001   0.9856359265E+000
 0.7676768   0.1839594118E+001   0.1077889559E+001   0.1016708523E+001   0.9750323761E+000
 0.7777778   0.1859751179E+001   0.1069563283E+001   0.1018830543E+001   0.9974092003E+000
 0.7878788   0.1855829135E+001   0.1098502488E+001   0.1018650243E+001   0.1000451614E+001
 0.7979798   0.1872162325E+001   0.1083557334E+001   0.1014703260E+001   0.9852532991E+000
 0.8080808   0.1891803885E+001   0.1093963429E+001   0.1017149489E+001   0.9913971781E+000
 0.8181818   0.1900955043E+001   0.1084752259E+001   0.1023176413E+001   0.9882552655E+000
 0.8282828   0.1913817530E+001   0.1098402539E+001   0.1019330102E+001   0.1009463984E+001
 0.8383838   0.1930455528E+001   0.1128150244E+001   0.1020854800E+001   0.1026092500E+001
 0.8484848   0.1933093824E+001   0.1088750832E+001   0.1014814972E+001   0.9893149734E+000
 0.8585859   0.1951421013E+001   0.1120859739E+001   0.1018459135E+001   0.1013043532E+001
 0.8686869   0.1953132094E+001   0.1062657930E+001   0.1017330429E+001   0.9851068815E+000
 0.8787879   0.1979364121E+001   0.1117972694E+001   0.1017548560E+001   0.1007994954E+001
 0.8888889   0.1986782902E+001   0.1106709080E+001   0.1019871527E+001   0.1021805941E+001
 0.8989899   0.1999358903E+001   0.1093667403E+001   0.1025436946E+001   0.9978169047E+000
 0.9090909   0.2020932043E+001   0.1091309385E+001   0.1024744578E+001   0.1007617180E+001
 0.9191919   0.2021523502E+001   0.1089605169E+001   0.1010520210E+001   0.9753640404E+000
 0.9292929   0.2046955737E+001   0.1089714030E+001   0.1015412209E+001   0.9823856163E+000
 0.9393939   0.2063710463E+001   0.1096704053E+001   0.1021479213E+001   0.1014560289E+001
 0.9494949   0.2070839126E+001   0.1121321284E+001   0.1017763652E+001   0.1018499814E+001
 0.9595960   0.2094930649E+001   0.1103229984E+001   0.1017386518E+001   0.1016036600E+001
 0.9696970   0.2102076549E+001   0.1077133898E+001   0.1013925962E+001   0.9882552655E+000
 0.9797980   0.2101361149E+001   0.1091696446E+001   0.1011114923E+001   0.9875385471E+000
 0.9898990   0.2131800091E+001   0.1110650995E+001   0.1014262661E+001   0.9979924441E+000
 1.0000000   0.2142640469E+001   0.1104371433E+001   0.1019541220E+001   0.1020776973E+001


 0.0000000   0.6240022351E-002   0.7908744547E+000   0.9675262392E+000   0.1003255688E+001
 0.0101010   0.6200419130E-002   0.7911682466E+000   0.9673141379E+000   0.1022219729E+001
 0.0202020   0.6003632278E-002   0.7684560873E+000   0.9705563094E+000   0.9961308743E+000
 0.0303030   0.5607266545E-002   0.8176653968E+000   0.9647620038E+000   0.1038717681E+001
 0.0404040   0.5100114175E-002   0.7706232865E+000   0.9638416688E+000   0.9798171294E+000
 0.0505051   0.4469859261E-002   0.7550750016E+000   0.9621548917E+000   0.9876045169E+000
 0.0606061   0.3888398249E-002   0.7903045759E+000   0.9732447241E+000   0.1017100487E+001
 0.0707071   0.3307723429E-002   0.8028136918E+000   0.9720154158E+000   0.1008796892E+001
 0.0808081   0.2762712427E-002   0.7785938436E+000   0.9704759326E+000   0.1012524585E+001
 0.0909091   0.2342728343E-002   0.7911992303E+000   0.9731443811E+000   0.1002990087E+001
 0.1010101   0.2018162014E-002   0.7596948927E+000   0.9675045342E+000   0.9510487052E+000
 0.1111111   0.1789733932E-002   0.7663989909E+000   0.9709448540E+000   0.1028162904E+001
 0.1212121   0.1673267858E-002   0.7311577977E+000   0.9723008181E+000   0.1019792195E+001
 0.1313131   0.1603796360E-002   0.7648094164E+000   0.9741843014E+000   0.1029781499E+001
 0.1414141   0.1613196554E-002   0.7683161074E+000   0.9747266210E+000   0.1013093628E+001
 0.1515152   0.1650883764E-002   0.7245538431E+000   0.9750979650E+000   0.9987419018E+000
 0.1616162   0.1766973691E-002   0.7836502729E+000   0.9770550607E+000   0.1030197035E+001
 0.1717172   0.1898385952E-002   0.7461284579E+000   0.9757681090E+000   0.1040561179E+001
 0.1818182   0.2103498854E-002   0.7808373955E+000   0.9767124389E+000   0.1006569272E+001
 0.1919192   0.2367598634E-002   0.7462546059E+000   0.9708222999E+000   0.1024325258E+001
 0.2020202   0.2697042665E-002   0.7670961242E+000   0.9823828816E+000   0.9829907736E+000
 0.2121212   0.3097256531E-002   0.8030322376E+000   0.9730875381E+000   0.9955154230E+000
 0.2222222   0.3601571217E-002   0.8129536612E+000   0.9795620331E+000   0.1030120639E+001
 0.2323232   0.4243076210E-002   0.8491874394E+000   0.9793729239E+000   0.9952169791E+000
 0.2424242   0.4987337693E-002   0.8189656057E+000   0.9848590008E+000   0.1012786616E+001
 0.2525253   0.5952414192E-002   0.8806320228E+000   0.9821503301E+000   0.9932749516E+000
 0.2626263   0.7275710533E-002   0.9161260652E+000   0.9813638581E+000   0.1012153315E+001
 0.2727273   0.8668704686E-002   0.8632994086E+000   0.9830227335E+000   0.1000781031E+001
 0.2828283   0.1067556825E-001   0.8942211420E+000   0.9825750796E+000   0.1005319806E+001
 0.2929293   0.1308133927E-001   0.9236943874E+000   0.9858384301E+000   0.1011222998E+001
 0.3030303   0.1596662012E-001   0.9386960314E+000   0.9876767359E+000   0.1012119758E+001
 0.3131313   0.1988345125E-001   0.1045303753E+001   0.9891759461E+000   0.9977458987E+000
 0.3232323   0.2465476536E-001   0.1005204205E+001   0.9912234086E+000   0.9822939284E+000
 0.3333333   0.3089089175E-001   0.1011706909E+001   0.9955109734E+000   0.9843294874E+000
 0.3434343   0.3823349022E-001   0.1056403111E+001   0.9888454526E+000   0.9983870533E+000
 0.3535354   0.4848730709E-001   0.1008610199E+001   0.9959667375E+000   0.1008035075E+001
 0.3636364   0.6063405187E-001   0.1033557611E+001   0.9961207621E+000   0.9922696667E+000
 0.3737374   0.7626844229E-001   0.1129620915E+001   0.9974919495E+000   0.1020881015E+001
 0.3838384   0.9681231021E-001   0.1006118777E+001   0.1000315135E+001   0.1023070794E+001
 0.3939394   0.1231678965E+000   0.1064701763E+001   0.1001067227E+001   0.9886640642E+000
 0.4040404   0.1568837554E+000   0.1085556560E+001   0.9941227342E+000   0.9809430770E+000
 0.4141414   0.1990405505E+000   0.1065720352E+001   0.1003243257E+001   0.9876252223E+000
 0.4242424   0.2546661333E+000   0.1046087198E+001   0.9961986951E+000   0.1027353250E+001
 0.4343434   0.3277859727E+000   0.1095396651E+001   0.9983337541E+000   0.9604946698E+000
 0.4444444   0.4191417415E+000   0.1076781533E+001   0.1002512955E+001   0.1016048794E+001
 0.4545455   0.5398810992E+000   0.1081011915E+001   0.1008830377E+001   0.1049974301E+001
 0.4646465   0.6929143210E+000   0.1134492549E+001   0.1006401185E+001   0.1011557855E+001
 0.4747475   0.8929074681E+000   0.1106009122E+001   0.1006652350E+001   0.1042705977E+001
 0.4848485   0.1157049402E+001   0.1108025276E+001   0.1009654907E+001   0.1032219743E+001
 0.4949495   0.1498075449E+001   0.1085223485E+001   0.1013350689E+001   0.1011110189E+001
 0.5050505   0.1714063910E+001   0.1137324791E+001   0.1012349441E+001   0.9557938209E+000
 0.5151515   0.1721107228E+001   0.1123524872E+001   0.1011250243E+001   0.9944387401E+000
 0.5252525   0.1707450623E+001   0.1099582217E+001   0.1012507633E+001   0.1001330796E+001
 0.5353535   0.1709287519E+001   0.1083064585E+001   0.1012440503E+001   0.9846829079E+000
 0.5454545   0.1716757906E+001   0.1097615306E+001   0.1018316634E+001   0.9761865376E+000
 0.5555556   0.1718137574E+001   0.1094321628E+001   0.1011076778E+001   0.9843173497E+000
 0.5656566   0.1709394847E+001   0.1119809041E+001   0.1013360928E+001   0.9908859721E+000
 0.5757576   0.1719037062E+001   0.1100791135E+001   0.1015121024E+001   0.1012481032E+001
 0.5858586   0.1717170264E+001   0.1105733589E+001   0.1021668271E+001   0.9949199631E+000
 0.5959596   0.1716733089E+001   0.1116954668E+001   0.1011949617E+001   0.9818055656E+000
 0.6060606   0.1728514396E+001   0.1129131816E+001   0.1010305668E+001   0.9734377119E+000
 0.6161616   0.1732844234E+001   0.1085622954E+001   0.1014074078E+001   0.1000239119E+001
 0.6262626   0.1746115537E+001   0.1082460403E+001   0.1007707178E+001   0.9849727840E+000
 0.6363636   0.1735714364E+001   0.1083816493E+001   0.1018756234E+001   0.9867698734E+000
 0.6464646   0.1746579389E+001   0.1100228449E+001   0.1012442128E+001   0.9952219769E+000
 0.6565657   0.1754442922E+001   0.1084229240E+001   0.1015826877E+001   0.9741802518E+000
 0.6666667   0.1754472658E+001   0.1089022862E+001   0.1016182540E+001   0.9698692364E+000
 0.6767677   0.1767029782E+001   0.1043121062E+001   0.1017537875E+001   0.9705939268E+000
 0.6868687   0.1780790067E+001   0.1085991992E+001   0.1016296818E+001   0.1003214991E+001
 0.6969697   0.1778245525E+001   0.1075475792E+001   0.1015510298E+001   0.1016634972E+001
 0.7070707   0.1789486282E+001   0.1097065345E+001   0.1015329214E+001   0.9671639635E+000
 0.7171717   0.1796781662E+001   0.1089342658E+001   0.1014979570E+001   0.9908224279E+000
 0.7272727   0.1804684947E+001   0.1114080930E+001   0.1013308249E+001   0.9958788392E+000
 0.7373737   0.1812572648E+001   0.1076399217E+001   0.1010150430E+001   0.9727180193E+000
 0.7474747   0.1829512225E+001   0.1103568049E+001   0.1017993249E+001   0.9754954043E+000
 0.7575758   0.1834706009E+001   0.1098303033E+001   0.1013527951E+001   0.9859330881E+000
 0.7676768   0.1840016032E+001   0.1079966215E+001   0.1018076022E+001   0.9763371875E+000
 0.7777778   0.1860342831E+001   0.1071719018E+001   0.1018788293E+001   0.9973610631E+000
 0.7878788   0.1854499892E+001   0.1099578344E+001   0.1017403411E+001   0.9992202688E+000
 0.7979798   0.1873501490E+001   0.1086172361E+001   0.1014947746E+001   0.9854839942E+000
 0.8080808   0.1893284725E+001   0.1096677495E+001   0.1018570189E+001   0.9927751651E+000
 0.8181818   0.1899943418E+001   0.1086014676E+001   0.1021878326E+001   0.9869947774E+000
 0.8282828   0.1911559265E+001   0.1098968076E+001   0.1018495425E+001   0.1008630534E+001
 0.8383838   0.1927651426E+001   0.1128423063E+001   0.1019159619E+001   0.1024381663E+001
 0.8484848   0.1931214403E+001   0.1089537966E+001   0.1014042851E+001   0.9885555392E+000
 0.8585859   0.1952246483E+001   0.1123236613E+001   0.1017322713E+001   0.1011906278E+001
 0.8686869   0.1952688422E+001   0.1064219303E+001   0.1016926039E+001   0.9847086112E+000
 0.8787879   0.1976924515E+001   0.1118489468E+001   0.1015438040E+001   0.1005897416E+001
 0.8888889   0.1985997309E+001   0.1108148657E+001   0.1019528945E+001   0.1021455770E+001
 0.8989899   0.2000480012E+001   0.1096137494E+001   0.1024786142E+001   0.9971768561E+000
 0.9090909   0.2020840397E+001   0.1093111603E+001   0.1024228225E+001   0.1007102616E+001
 0.9191919   0.2023437564E+001   0.1092487503E+001   0.1010432382E+001   0.9752726423E+000
 0.9292929   0.2052207496E+001   0.1094363677E+001   0.1016001810E+001   0.9829493627E+000
 0.9393939   0.2066301105E+001   0.1099944063E+001   0.1020578812E+001   0.1013659100E+001
 0.9494949   0.2070517596E+001   0.1123049604E+001   0.1016380803E+001   0.1017109055E+001
 0.9595960   0.2095090627E+001   0.1105186394E+001   0.1015869961E+001   0.1014515163E+001
 0.9696970   0.2098146093E+001   0.1076944198E+001   0.1012772932E+001   0.9871247218E+000
 0.9797980   0.2100032849E+001   0.1092857648E+001   0.1009543055E+001   0.9859966323E+000
 0.9898990   0.2129858929E+001   0.1111522561E+001   0.1013843383E+001   0.9975731154E+000
 1.0000000   0.2139550940E+001   0.1104650266E+001   0.1017952696E+001   0.1019179599E+001


 0.0000000   0.6184809229E-002   0.7855431580E+000   0.9684520966E+000   0.1004209680E+001
 0.0101010   0.6130998043E-002   0.7839733827E+000   0.9665071804E+000   0.1021360809E+001
 0.0202020   0.5946403596E-002   0.7627490809E+000   0.9703142892E+000   0.9958764712E+000
 0.0303030   0.5562201113E-002   0.8128182476E+000   0.9666375896E+000   0.1040730767E+001
 0.0404040   0.5040779993E-002   0.7632772388E+000   0.9620162375E+000   0.9779555444E+000
 0.0505051   0.4427146031E-002   0.7494495963E+000   0.9631529581E+000   0.9886230209E+000
 0.0606061   0.3846361044E-002   0.7834226875E+000   0.9720263330E+000   0.1015821068E+001
 0.0707071   0.3274323713E-002   0.7963968504E+000   0.9720891895E+000   0.1008867373E+001
 0.0808081   0.2730190925E-002   0.7710643822E+000   0.9698140658E+000   0.1011827939E+001
 0.0909091   0.2315403333E-002   0.7836333627E+000   0.9729313496E+000   0.1002764475E+001
 0.1010101   0.1996211404E-002   0.7530296050E+000   0.9675002489E+000   0.9510387575E+000
 0.1111111   0.1779075683E-002   0.7634545979E+000   0.9728658063E+000   0.1030190846E+001
 0.1212121   0.1657248938E-002   0.7256976820E+000   0.9734465275E+000   0.1020987708E+001
 0.1313131   0.1587503484E-002   0.7586492435E+000   0.9735010521E+000   0.1029053050E+001
 0.1414141   0.1599145884E-002   0.7632434327E+000   0.9758870238E+000   0.1014293589E+001
 0.1515152   0.1635821462E-002   0.7194695351E+000   0.9750834008E+000   0.9987209615E+000
 0.1616162   0.1752989995E-002   0.7791013962E+000   0.9776387946E+000   0.1030806302E+001
 0.1717172   0.1884855718E-002   0.7423856078E+000   0.9769694760E+000   0.1041836037E+001
 0.1818182   0.2085601925E-002   0.7758398501E+000   0.9765551300E+000   0.1006401085E+001
 0.1919192   0.2350787524E-002   0.7425311207E+000   0.9722165660E+000   0.1025790177E+001
 0.2020202   0.2676275734E-002   0.7628078740E+000   0.9833627629E+000   0.9839653274E+000
 0.2121212   0.3073955581E-002   0.7986853711E+000   0.9755378746E+000   0.9980162167E+000
 0.2222222   0.3573916209E-002   0.8084264045E+000   0.9784059746E+000   0.1028898708E+001
 0.2323232   0.4217766928E-002   0.8459167917E+000   0.9795320005E+000   0.9953726265E+000
 0.2424242   0.4966100852E-002   0.8172120504E+000   0.9840040156E+000   0.1011901284E+001
 0.2525253   0.5917920248E-002   0.8773901971E+000   0.9815760878E+000   0.9926882185E+000
 0.2626263   0.7244976503E-002   0.9141956450E+000   0.9815712626E+000   0.1012361122E+001
 0.2727273   0.8628620417E-002   0.8611344005E+000   0.9846060551E+000   0.1002386910E+001
 0.2828283   0.1067487817E-001   0.8960643491E+000   0.9848371579E+000   0.1007628170E+001
 0.2929293   0.1303699430E-001   0.9225202551E+000   0.9868196326E+000   0.1012223362E+001
 0.3030303   0.1598755974E-001   0.9419254010E+000   0.9882748516E+000   0.1012726569E+001
 0.3131313   0.1978995162E-001   0.1042600221E+001   0.9900309964E+000   0.9986023348E+000
 0.3232323   0.2462916941E-001   0.1006295494E+001   0.9928728693E+000   0.9839225963E+000
 0.3333333   0.3079697841E-001   0.1010775527E+001   0.9946436220E+000   0.9834659472E+000
 0.3434343   0.3816360496E-001   0.1056713990E+001   0.9878101115E+000   0.9973357075E+000
 0.3535354   0.4832193526E-001   0.1007307225E+001   0.9954541317E+000   0.1007510182E+001
 0.3636364   0.6057871148E-001   0.1034809648E+001   0.9949975254E+000   0.9911447955E+000
 0.3737374   0.7621371456E-001   0.1131210211E+001   0.9975567229E+000   0.1020941151E+001
 0.3838384   0.9661081186E-001   0.1006159290E+001   0.1000979584E+001   0.1023744185E+001
 0.3939394   0.1229902718E+000   0.1065426634E+001   0.9986358503E+000   0.9862568641E+000
 0.4040404   0.1564570714E+000   0.1084905762E+001   0.9930808120E+000   0.9799090587E+000
 0.4141414   0.1986147688E+000   0.1065701492E+001   0.1003368833E+001   0.9877428871E+000
 0.4242424   0.2547044065E+000   0.1048468750E+001   0.9960953563E+000   0.1027240485E+001
 0.4343434   0.3277364085E+000   0.1097559502E+001   0.9979875479E+000   0.9601557954E+000
 0.4444444   0.4190112855E+000   0.1078734938E+001   0.1003116154E+001   0.1016654006E+001
 0.4545455   0.5394539731E+000   0.1082453110E+001   0.1010061834E+001   0.1051249641E+001
 0.4646465   0.6924749578E+000   0.1136183616E+001   0.1006655658E+001   0.1011807530E+001
 0.4747475   0.8933678927E+000   0.1108932044E+001   0.1006075930E+001   0.1042102628E+001
 0.4848485   0.1156419237E+001   0.1109776214E+001   0.1008514881E+001   0.1031048020E+001
 0.4949495   0.1499364748E+001   0.1088466662E+001   0.1013622316E+001   0.1011375117E+001
 0.5050505   0.1714935995E+001   0.1140322649E+001   0.1011676195E+001   0.9551524262E+000
 0.5151515   0.1719286451E+001   0.1124722395E+001   0.1012080199E+001   0.9952488976E+000
 0.5252525   0.1708642587E+001   0.1102689198E+001   0.1012108050E+001   0.1000929587E+001
 0.5353535   0.1709651838E+001   0.1085598540E+001   0.1013247866E+001   0.9854621926E+000
 0.5454545   0.1718498468E+001   0.1101064060E+001   0.1017123029E+001   0.9750364340E+000
 0.5555556   0.1716279259E+001   0.1095462059E+001   0.1010575189E+001   0.9838231029E+000
 0.5656566   0.1708426290E+001   0.1121553938E+001   0.1011885015E+001   0.9894368257E+000
 0.5757576   0.1719893207E+001   0.1103680842E+001   0.1014724287E+001   0.1012079224E+001
 0.5858586   0.1714143194E+001   0.1106131043E+001   0.1020816968E+001   0.9940849525E+000
 0.5959596   0.1717044585E+001   0.1119532436E+001   0.1012353020E+001   0.9821910288E+000
 0.6060606   0.1726389191E+001   0.1130141157E+001   0.1010167264E+001   0.9732984887E+000
 0.6161616   0.1731306345E+001   0.1086965479E+001   0.1012054782E+001   0.9982413524E+000
 0.6262626   0.1744049247E+001   0.1083478070E+001   0.1008862550E+001   0.9860961441E+000
 0.6363636   0.1737213925E+001   0.1087059058E+001   0.1018773987E+001   0.9867811177E+000
 0.6464646   0.1747033632E+001   0.1102854309E+001   0.1012068163E+001   0.9948483729E+000
 0.6565657   0.1752299778E+001   0.1085207076E+001   0.1015738197E+001   0.9740893336E+000
 0.6666667   0.1753958431E+001   0.1091018282E+001   0.1017975451E+001   0.9715745745E+000
 0.6767677   0.1769432775E+001   0.1046760321E+001   0.1017362546E+001   0.9704208339E+000
 0.6868687   0.1779634397E+001   0.1087594565E+001   0.1015589406E+001   0.1002510639E+001
 0.6969697   0.1778368606E+001   0.1077836874E+001   0.1014333910E+001   0.1015451157E+001
 0.7070707   0.1789964828E+001   0.1099691731E+001   0.1014769967E+001   0.9666254165E+000
 0.7171717   0.1799095261E+001   0.1093064281E+001   0.1015082680E+001   0.9909171087E+000
 0.7272727   0.1806974103E+001   0.1117865652E+001   0.1014161418E+001   0.9967113227E+000
 0.7373737   0.1813308234E+001   0.1079125422E+001   0.1011573330E+001   0.9740823180E+000
 0.7474747   0.1832145146E+001   0.1107505821E+001   0.1018592649E+001   0.9760638945E+000
 0.7575758   0.1834434463E+001   0.1100475149E+001   0.1013524008E+001   0.9859233062E+000
 0.7676768   0.1838153961E+001   0.1081167012E+001   0.1016917991E+001   0.9752207519E+000
 0.7777778   0.1858356408E+001   0.1072850731E+001   0.1018391978E+001   0.9969670718E+000
 0.7878788   0.1855569345E+001   0.1102551525E+001   0.1018264865E+001   0.1000060296E+001
 0.7979798   0.1874493656E+001   0.1089058023E+001   0.1014828287E+001   0.9853620615E+000
 0.8080808   0.1893555137E+001   0.1099166023E+001   0.1018328118E+001   0.9925332384E+000
 0.8181818   0.1900360870E+001   0.1088562691E+001   0.1021409712E+001   0.9865362109E+000
 0.8282828   0.1910238788E+001   0.1100543741E+001   0.1017396011E+001   0.1007535693E+001
 0.8383838   0.1927096138E+001   0.1130496365E+001   0.1018641308E+001   0.1023854521E+001
 0.8484848   0.1931597039E+001   0.1092070678E+001   0.1015203549E+001   0.9896810948E+000
 0.8585859   0.1951257786E+001   0.1125054576E+001   0.1016567216E+001   0.1011148706E+001
 0.8686869   0.1951639962E+001   0.1065909228E+001   0.1015685728E+001   0.9835016627E+000
 0.8787879   0.1976384658E+001   0.1120561315E+001   0.1014822046E+001   0.1005281147E+001
 0.8888889   0.1985151174E+001   0.1110031474E+001   0.1018116863E+001   0.1020034868E+001
 0.8989899   0.1999308381E+001   0.1097824561E+001   0.1023632894E+001   0.9960486713E+000
 0.9090909   0.2022635454E+001   0.1096408628E+001   0.1023092195E+001   0.1005979514E+001
 0.9191919   0.2026418135E+001   0.1096422836E+001   0.1011036899E+001   0.9758502389E+000
 0.9292929   0.2052970338E+001   0.1097097977E+001   0.1016885353E+001   0.9837982296E+000
 0.9393939   0.2067889947E+001   0.1103130147E+001   0.1020176467E+001   0.1013253373E+001
 0.9494949   0.2070522984E+001   0.1125440161E+001   0.1016639000E+001   0.1017361302E+001
 0.9595960   0.2092495854E+001   0.1106164359E+001   0.1015015582E+001   0.1013655811E+001
 0.9696970   0.2100553809E+001   0.1080472273E+001   0.1013546759E+001   0.9878729938E+000
 0.9797980   0.2103275428E+001   0.1096872113E+001   0.1010896981E+001   0.9873130247E+000
 0.9898990   0.2131119272E+001   0.1114544823E+001   0.1013739797E+001   0.9974651765E+000
 1.0000000   0.2137058519E+001   0.1105709203E+001   0.1017850551E+001   0.1019071185E+001


 0.0000000   0.6109908189E-002   0.7778343814E+000   0.9663744502E+000   0.1002064752E+001
 0.0101010   0.6058877649E-002   0.7765528757E+000   0.9644706071E+000   0.1019218242E+001
 0.0202020   0.5889962078E-002   0.7572661053E+000   0.9694156457E+000   0.9949635170E+000
 0.0303030   0.5511810360E-002   0.8073274763E+000   0.9670548700E+000   0.1041189831E+001
 0.0404040   0.4990481698E-002   0.7574182154E+000   0.9612688355E+000   0.9772049552E+000
 0.0505051   0.4390427053E-002   0.7449618923E+000   0.9642789838E+000   0.9897881383E+000
 0.0606061   0.3808946893E-002   0.7776062162E+000   0.9707931808E+000   0.1014541903E+001
 0.0707071   0.3242908804E-002   0.7905900889E+000   0.9706731558E+000   0.1007407246E+001
 0.0808081   0.2706462493E-002   0.7661403673E+000   0.9691093563E+000   0.1011102216E+001
 0.0909091   0.2293762731E-002   0.7781144223E+000   0.9717378599E+000   0.1001543814E+001
 0.1010101   0.1977816995E-002   0.7478256069E+000   0.9664740624E+000   0.9500389715E+000
 0.1111111   0.1762770494E-002   0.7582165737E+000   0.9724049150E+000   0.1029712488E+001
 0.1212121   0.1638252311E-002   0.7190473416E+000   0.9733233008E+000   0.1020868071E+001
 0.1313131   0.1572497530E-002   0.7532255157E+000   0.9727626739E+000   0.1028282214E+001
 0.1414141   0.1587512251E-002   0.7594527980E+000   0.9766406887E+000   0.1015086468E+001
 0.1515152   0.1618931429E-002   0.7136966707E+000   0.9753080395E+000   0.9989604467E+000
 0.1616162   0.1737604739E-002   0.7740593250E+000   0.9765282630E+000   0.1029645066E+001
 0.1717172   0.1865949826E-002   0.7366481517E+000   0.9766239626E+000   0.1041477384E+001
 0.1818182   0.2062578820E-002   0.7690594746E+000   0.9759683360E+000   0.1005805823E+001
 0.1919192   0.2326030018E-002   0.7364195469E+000   0.9727036065E+000   0.1026313714E+001
 0.2020202   0.2654362173E-002   0.7583212043E+000   0.9824081741E+000   0.9830194046E+000
 0.2121212   0.3049181833E-002   0.7940908195E+000   0.9751578076E+000   0.9976367807E+000
 0.2222222   0.3545000400E-002   0.8037502510E+000   0.9778899890E+000   0.1028365771E+001
 0.2323232   0.4176641792E-002   0.8396165835E+000   0.9783705042E+000   0.9942017031E+000
 0.2424242   0.4942057637E-002   0.8151466392E+000   0.9829627577E+000   0.1010840018E+001
 0.2525253   0.5890788403E-002   0.8753985082E+000   0.9832063995E+000   0.9943463440E+000
 0.2626263   0.7191995921E-002   0.9096206447E+000   0.9814577558E+000   0.1012253581E+001
 0.2727273   0.8594935012E-002   0.8597672162E+000   0.9844750635E+000   0.1002262985E+001
 0.2828283   0.1061470796E-001   0.8930854847E+000   0.9842453083E+000   0.1007032101E+001
 0.2929293   0.1298088151E-001   0.9206855560E+000   0.9854870133E+000   0.1010865950E+001
 0.3030303   0.1594060102E-001   0.9413426363E+000   0.9886188180E+000   0.1013088579E+001
 0.3131313   0.1972488026E-001   0.1041588473E+001   0.9910137217E+000   0.9996029751E+000
 0.3232323   0.2452941157E-001   0.1004550101E+001   0.9940641168E+000   0.9851123759E+000
 0.3333333   0.3069771091E-001   0.1009860327E+001   0.9947293170E+000   0.9835599352E+000
 0.3434343   0.3811172960E-001   0.1057731488E+001   0.9877451457E+000   0.9972795004E+000
 0.3535354   0.4820788396E-001   0.1007266542E+001   0.9938416644E+000   0.1005887652E+001
 0.3636364   0.6044699405E-001   0.1034960693E+001   0.9949718191E+000   0.9911285159E+000
 0.3737374   0.7617582814E-001   0.1133277017E+001   0.9968233499E+000   0.1020200187E+001
 0.3838384   0.9649216155E-001   0.1007260387E+001   0.1000763938E+001   0.1023533267E+001
 0.3939394   0.1226357836E+000   0.1064826150E+001   0.9977546852E+000   0.9853958952E+000
 0.4040404   0.1565260846E+000   0.1087908199E+001   0.9946024099E+000   0.9814197107E+000
 0.4141414   0.1984334629E+000   0.1067204519E+001   0.1003138232E+001   0.9875251708E+000
 0.4242424   0.2543686573E+000   0.1049521499E+001   0.9965876262E+000   0.1027757819E+001
 0.4343434   0.3269595094E+000   0.1097503885E+001   0.9993048206E+000   0.9614321806E+000
 0.4444444   0.4188639683E+000   0.1080863215E+001   0.1001158078E+001   0.1014679053E+001
 0.4545455   0.5393241380E+000   0.1084709051E+001   0.1009278782E+001   0.1050444544E+001
 0.4646465   0.6937344961E+000   0.1140897030E+001   0.1005661821E+001   0.1010818120E+001
 0.4747475   0.8927930635E+000   0.1110795495E+001   0.1006382455E+001   0.1042429939E+001
 0.4848485   0.1155579888E+001   0.1111549451E+001   0.1009445804E+001   0.1032009455E+001
 0.4949495   0.1500064614E+001   0.1091506966E+001   0.1012164569E+001   0.1009930106E+001
 0.5050505   0.1713772384E+001   0.1142198759E+001   0.1012362149E+001   0.9558090490E+000
 0.5151515   0.1717586050E+001   0.1126222801E+001   0.1013383763E+001   0.9965401606E+000
 0.5252525   0.1706704694E+001   0.1103999778E+001   0.1012442246E+001   0.1001269515E+001
 0.5353535   0.1707660843E+001   0.1086855738E+001   0.1013931528E+001   0.9861363875E+000
 0.5454545   0.1720290534E+001   0.1104775276E+001   0.1016173357E+001   0.9741352255E+000
 0.5555556   0.1717177506E+001   0.1098584043E+001   0.1009101450E+001   0.9823976216E+000
 0.5656566   0.1706833375E+001   0.1123113776E+001   0.1011923608E+001   0.9894838738E+000
 0.5757576   0.1718407778E+001   0.1105291835E+001   0.1014899948E+001   0.1012263953E+001
 0.5858586   0.1713817851E+001   0.1108492741E+001   0.1019362073E+001   0.9926774990E+000
 0.5959596   0.1716383820E+001   0.1121703900E+001   0.1012525543E+001   0.9823676561E+000
 0.6060606   0.1726193081E+001   0.1132640441E+001   0.1011245080E+001   0.9743461362E+000
 0.6161616   0.1730220720E+001   0.1088809869E+001   0.1013145864E+001   0.9993269472E+000
 0.6262626   0.1742986808E+001   0.1085335956E+001   0.1009921827E+001   0.9871408063E+000
 0.6363636   0.1736584248E+001   0.1089191903E+001   0.1018390291E+001   0.9864187542E+000
 0.6464646   0.1746468871E+001   0.1105061471E+001   0.1012016321E+001   0.9948067746E+000
 0.6565657   0.1753908215E+001   0.1088728978E+001   0.1015752456E+001   0.9741121752E+000
 0.6666667   0.1754424366E+001   0.1093845769E+001   0.1018864637E+001   0.9724323813E+000
 0.6767677   0.1770187575E+001   0.1049641956E+001   0.1017042270E+001   0.9701244656E+000
 0.6868687   0.1779568886E+001   0.1090083462E+001   0.1016225055E+001   0.1003147542E+001
 0.6969697   0.1778658684E+001   0.1080519429E+001   0.1014682482E+001   0.1015809672E+001
 0.7070707   0.1791471687E+001   0.1103176801E+001   0.1016360529E+001   0.9681496273E+000
 0.7171717   0.1799777464E+001   0.1096021471E+001   0.1017028140E+001   0.9928255975E+000
 0.7272727   0.1804757774E+001   0.1119090771E+001   0.1013318082E+001   0.9958918696E+000
 0.7373737   0.1812737055E+001   0.1081294047E+001   0.1012079547E+001   0.9745789447E+000
 0.7474747   0.1832308332E+001   0.1110180020E+001   0.1018910275E+001   0.9763774478E+000
 0.7575758   0.1831699694E+001   0.1101389727E+001   0.1013627477E+001   0.9860332372E+000
 0.7676768   0.1839367409E+001   0.1084396478E+001   0.1017645266E+001   0.9759273898E+000
 0.7777778   0.1856635631E+001   0.1074349737E+001   0.1017693788E+001   0.9962929456E+000
 0.7878788   0.1859586044E+001   0.1107507543E+001   0.1019006546E+001   0.1000798135E+001
 0.7979798   0.1875441166E+001   0.1092142223E+001   0.1014727763E+001   0.9852737283E+000
 0.8080808   0.1890322928E+001   0.1099841369E+001   0.1017113219E+001   0.9913584431E+000
 0.8181818   0.1900907142E+001   0.1091407611E+001   0.1021416312E+001   0.9865518700E+000
 0.8282828   0.1911544526E+001   0.1103856900E+001   0.1018522932E+001   0.1008661184E+001
 0.8383838   0.1929202643E+001   0.1134363769E+001   0.1019871534E+001   0.1025100690E+001
 0.8484848   0.1930550799E+001   0.1094017222E+001   0.1014900658E+001   0.9893951300E+000
 0.8585859   0.1950814670E+001   0.1127414623E+001   0.1018145232E+001   0.1012727841E+001
 0.8686869   0.1953097022E+001   0.1069185467E+001   0.1016009504E+001   0.9838244379E+000
 0.8787879   0.1975650474E+001   0.1122749767E+001   0.1016856951E+001   0.1007306400E+001
 0.8888889   0.1987475729E+001   0.1113915511E+001   0.1019703886E+001   0.1021634495E+001
 0.8989899   0.1999566994E+001   0.1100519710E+001   0.1023762962E+001   0.9961846090E+000
 0.9090909   0.2020666866E+001   0.1097888557E+001   0.1021741430E+001   0.1004660797E+001
 0.9191919   0.2025142716E+001   0.1098280702E+001   0.1010971193E+001   0.9757960029E+000
 0.9292929   0.2055209626E+001   0.1100848549E+001   0.1018001222E+001   0.9848870588E+000
 0.9393939   0.2065727789E+001   0.1104539197E+001   0.1019789759E+001   0.1012878821E+001
 0.9494949   0.2073005374E+001   0.1129409640E+001   0.1017104163E+001   0.1017836374E+001
 0.9595960   0.2094021148E+001   0.1109544763E+001   0.1016549382E+001   0.1015197110E+001
 0.9696970   0.2101167955E+001   0.1083301373E+001   0.1014324390E+001   0.9886402312E+000
 0.9797980   0.2103158782E+001   0.1099361739E+001   0.1009878621E+001   0.9863277054E+000
 0.9898990   0.2133972612E+001   0.1118632243E+001   0.1015360013E+001   0.9990687834E+000
 1.0000000   0.2140770753E+001   0.1110205519E+001   0.1018560537E+001   0.1019791619E+001


