# Lambda, (Probability, Probability_biased(/observed)) per Fractional
 0.0000000   0.5908205078E-002   0.1301273451E+001   0.9695275093E+000   0.9868896658E+000
 0.0101010   0.5913208948E-002   0.1272703102E+001   0.9845247093E+000   0.9947450944E+000
 0.0202020   0.5659481377E-002   0.1332077556E+001   0.9791914193E+000   0.1062669105E+001
 0.0303030   0.5290555844E-002   0.1281763805E+001   0.9729939154E+000   0.1009163678E+001
 0.0404040   0.4856636641E-002   0.1275730953E+001   0.9800656949E+000   0.9875358025E+000
 0.0505051   0.4239757889E-002   0.1294429365E+001   0.9791662282E+000   0.1004910683E+001
 0.0606061   0.3658267104E-002   0.1296634554E+001   0.9819922156E+000   0.1032920265E+001
 0.0707071   0.3070242416E-002   0.1190511216E+001   0.9841090036E+000   0.9217582051E+000
 0.0808081   0.2633943500E-002   0.1271069205E+001   0.9819728755E+000   0.9741174028E+000
 0.0909091   0.2198664332E-002   0.1376815490E+001   0.9785298536E+000   0.1026467749E+001
 0.1010101   0.1964535112E-002   0.1421496295E+001   0.9755312272E+000   0.9568266087E+000
 0.1111111   0.1728854673E-002   0.1414760753E+001   0.9880999605E+000   0.9999186133E+000
 0.1212121   0.1605981035E-002   0.1381591497E+001   0.9746943724E+000   0.9597475004E+000
 0.1313131   0.1583769015E-002   0.1431779564E+001   0.9851904895E+000   0.9561627696E+000
 0.1414141   0.1563925294E-002   0.1288322245E+001   0.9854279628E+000   0.9718337965E+000
 0.1515152   0.1607812149E-002   0.1407145421E+001   0.9709408431E+000   0.9949132670E+000
 0.1616162   0.1721980155E-002   0.1465268744E+001   0.9928881445E+000   0.9811054150E+000
 0.1717172   0.1852853453E-002   0.1426038072E+001   0.9715936631E+000   0.9778526037E+000
 0.1818182   0.2076801144E-002   0.1350198961E+001   0.9716272442E+000   0.9925101697E+000
 0.1919192   0.2331042625E-002   0.1362196109E+001   0.9951848506E+000   0.1047206081E+001
 0.2020202   0.2617397479E-002   0.1327844277E+001   0.9803096874E+000   0.9959178767E+000
 0.2121212   0.3061757971E-002   0.1364349882E+001   0.9996916931E+000   0.1083646418E+001
 0.2222222   0.3661409257E-002   0.1317155390E+001   0.9901401208E+000   0.1007871405E+001
 0.2323232   0.4142656234E-002   0.1126240784E+001   0.9612401229E+000   0.9845883572E+000
 0.2424242   0.4808639902E-002   0.1118191269E+001   0.9710062938E+000   0.1003175850E+001
 0.2525253   0.5869763406E-002   0.1238916850E+001   0.9835530878E+000   0.1004299951E+001
 0.2626263   0.7129730557E-002   0.1155165335E+001   0.9885615429E+000   0.9898902183E+000
 0.2727273   0.8668710028E-002   0.1035622330E+001   0.9871881824E+000   0.1002905889E+001
 0.2828283   0.1049214512E-001   0.1089026775E+001   0.9799822041E+000   0.9717629870E+000
 0.2929293   0.1294637082E-001   0.1050618764E+001   0.9979495271E+000   0.9950062045E+000
 0.3030303   0.1598143510E-001   0.9916670670E+000   0.9952925552E+000   0.1013907915E+001
 0.3131313   0.1913943392E-001   0.1006743482E+001   0.9912467969E+000   0.9688288184E+000
 0.3232323   0.2486025587E-001   0.9736713459E+000   0.9716532149E+000   0.9875092489E+000
 0.3333333   0.3014997420E-001   0.9200041065E+000   0.9949922370E+000   0.9974978136E+000
 0.3434343   0.3841856525E-001   0.9112176242E+000   0.9836409683E+000   0.9838094527E+000
 0.3535354   0.4760494893E-001   0.8640231314E+000   0.9861995825E+000   0.9921649734E+000
 0.3636364   0.5998076299E-001   0.9308015391E+000   0.9869827802E+000   0.9859956959E+000
 0.3737374   0.7496240703E-001   0.8739921896E+000   0.9922119319E+000   0.9950991419E+000
 0.3838384   0.9603537730E-001   0.8611780936E+000   0.9994651156E+000   0.1006689772E+001
 0.3939394   0.1227578630E+000   0.8677536730E+000   0.9986965333E+000   0.9872304365E+000
 0.4040404   0.1552120354E+000   0.8445191975E+000   0.9935107740E+000   0.1024423125E+001
 0.4141414   0.2013742213E+000   0.9324468622E+000   0.9918282404E+000   0.1011168472E+001
 0.4242424   0.2562157804E+000   0.9308415296E+000   0.9989189252E+000   0.9751839708E+000
 0.4343434   0.3266356739E+000   0.8013808831E+000   0.1010910630E+001   0.1026604943E+001
 0.4444444   0.4192214425E+000   0.8876917894E+000   0.1005589438E+001   0.9952097818E+000
 0.4545455   0.5274716511E+000   0.8540255086E+000   0.1011875888E+001   0.1006136572E+001
 0.4646465   0.6979595583E+000   0.8818131872E+000   0.1016205988E+001   0.1040076449E+001
 0.4747475   0.9022024428E+000   0.8533799478E+000   0.1010364667E+001   0.9871286479E+000
 0.4848485   0.1168050687E+001   0.8798250884E+000   0.1003810453E+001   0.9985068490E+000
 0.4949495   0.1512805556E+001   0.8478041307E+000   0.1017960460E+001   0.9929969850E+000
 0.5050505   0.1752245931E+001   0.8588529322E+000   0.1021956209E+001   0.1007858128E+001
 0.5151515   0.1738048807E+001   0.8462559274E+000   0.1003078357E+001   0.9636862787E+000
 0.5252525   0.1732848883E+001   0.8387948443E+000   0.1020553393E+001   0.1004118502E+001
 0.5353535   0.1752204009E+001   0.8933932909E+000   0.1007388789E+001   0.1012690876E+001
 0.5454545   0.1740378760E+001   0.8852866470E+000   0.1022955713E+001   0.1040461476E+001
 0.5555556   0.1726929860E+001   0.8500893016E+000   0.1013525590E+001   0.9691695891E+000
 0.5656566   0.1733066318E+001   0.8631661923E+000   0.9979831913E+000   0.9708513147E+000
 0.5757576   0.1723036750E+001   0.8899198311E+000   0.1004515021E+001   0.9957010227E+000
 0.5858586   0.1730898796E+001   0.8460731137E+000   0.1021203719E+001   0.1024175292E+001
 0.5959596   0.1740660626E+001   0.8979693457E+000   0.1007193777E+001   0.1005008046E+001
 0.6060606   0.1739201084E+001   0.8140578689E+000   0.1014785818E+001   0.9933864372E+000
 0.6161616   0.1727359971E+001   0.8193251879E+000   0.1016125693E+001   0.9885005819E+000
 0.6262626   0.1751434107E+001   0.8554423145E+000   0.9943577792E+000   0.9639296863E+000
 0.6363636   0.1774850608E+001   0.8812190427E+000   0.1018883823E+001   0.9513521494E+000
 0.6464646   0.1758145576E+001   0.8434280283E+000   0.1007795316E+001   0.1000905521E+001
 0.6565657   0.1753287270E+001   0.8566820198E+000   0.1021287513E+001   0.1017877672E+001
 0.6666667   0.1756223454E+001   0.8421768973E+000   0.1013304853E+001   0.1031450968E+001
 0.6767677   0.1790200678E+001   0.8815789571E+000   0.1009702430E+001   0.9711876598E+000
 0.6868687   0.1779260073E+001   0.8305339513E+000   0.1017266148E+001   0.1026622645E+001
 0.6969697   0.1838719641E+001   0.8966725112E+000   0.1008422684E+001   0.1051644951E+001
 0.7070707   0.1782044799E+001   0.8568991110E+000   0.1007856365E+001   0.9896910666E+000
 0.7171717   0.1818009432E+001   0.8670509829E+000   0.1026154366E+001   0.1019935573E+001
 0.7272727   0.1809374466E+001   0.8758374652E+000   0.1019012764E+001   0.1002994401E+001
 0.7373737   0.1810578945E+001   0.8438336462E+000   0.1006154011E+001   0.9757460212E+000
 0.7474747   0.1839938967E+001   0.8757974747E+000   0.1015732332E+001   0.1022675016E+001
 0.7575758   0.1857375227E+001   0.8751633397E+000   0.1023344924E+001   0.1013177692E+001
 0.7676768   0.1850295356E+001   0.8762659347E+000   0.1014025224E+001   0.9988653221E+000
 0.7777778   0.1860714898E+001   0.8750262295E+000   0.1007546818E+001   0.1021192442E+001
 0.7878788   0.1878230509E+001   0.8716098989E+000   0.1013585126E+001   0.1008229878E+001
 0.7979798   0.1882167825E+001   0.8858065234E+000   0.1021718525E+001   0.1040421646E+001
 0.8080808   0.1903958083E+001   0.8722326080E+000   0.1016823502E+001   0.9860930590E+000
 0.8181818   0.1882742404E+001   0.8581445292E+000   0.1014746159E+001   0.9810080520E+000
 0.8282828   0.1895353440E+001   0.8682906881E+000   0.1012644657E+001   0.9812735876E+000
 0.8383838   0.1911699429E+001   0.8598469815E+000   0.1006464118E+001   0.9949088414E+000
 0.8484848   0.1925322140E+001   0.9164392398E+000   0.1004448626E+001   0.1035296808E+001
 0.8585859   0.1925951797E+001   0.8826529875E+000   0.1008504985E+001   0.1045586313E+001
 0.8686869   0.1958589582E+001   0.9145996772E+000   0.1005257195E+001   0.1023259194E+001
 0.8787879   0.1943505338E+001   0.8456046537E+000   0.1006681849E+001   0.9819949593E+000
 0.8888889   0.1982706450E+001   0.8687477223E+000   0.1015346357E+001   0.9978253076E+000
 0.8989899   0.1962932014E+001   0.9126972724E+000   0.1010877600E+001   0.1062058373E+001
 0.9090909   0.1978332448E+001   0.8712442716E+000   0.1009415313E+001   0.1006831391E+001
 0.9191919   0.2014304976E+001   0.8719698133E+000   0.1011381764E+001   0.9804327248E+000
 0.9292929   0.1992881222E+001   0.8533113926E+000   0.9973114855E+000   0.9705769279E+000
 0.9393939   0.2044276527E+001   0.9191186027E+000   0.1019732542E+001   0.1054751718E+001
 0.9494949   0.2053650000E+001   0.8827729590E+000   0.1015265136E+001   0.1019413353E+001
 0.9595960   0.2037904333E+001   0.8870233769E+000   0.9889361413E+000   0.9726304033E+000
 0.9696970   0.2104059636E+001   0.8586529797E+000   0.1015453086E+001   0.9630799724E+000
 0.9797980   0.2081850060E+001   0.8653313918E+000   0.1020501121E+001   0.1010756892E+001
 0.9898990   0.2075499161E+001   0.8620178939E+000   0.1017065641E+001   0.1005388647E+001
 1.0000000   0.2074844164E+001   0.8553737594E+000   0.1001494621E+001   0.9888369270E+000


 0.0000000   0.6327389146E-002   0.1362376089E+001   0.9643760648E+000   0.9816762477E+000
 0.0101010   0.6277129161E-002   0.1320761503E+001   0.9663133456E+000   0.9763747921E+000
 0.0202020   0.6061924677E-002   0.1394835112E+001   0.9673118202E+000   0.1049809129E+001
 0.0303030   0.5692137510E-002   0.1348160329E+001   0.9680235720E+000   0.1004039536E+001
 0.0404040   0.5157554415E-002   0.1324423138E+001   0.9692528225E+000   0.9766706371E+000
 0.0505051   0.4506614275E-002   0.1345077002E+001   0.9655681510E+000   0.9909856468E+000
 0.0606061   0.3935684740E-002   0.1363709739E+001   0.9704530712E+000   0.1020814162E+001
 0.0707071   0.3281312095E-002   0.1243849464E+001   0.9687378600E+000   0.9073889269E+000
 0.0808081   0.2787331536E-002   0.1314954817E+001   0.9740481048E+000   0.9662858307E+000
 0.0909091   0.2341226278E-002   0.1433242447E+001   0.9673525528E+000   0.1014774174E+001
 0.1010101   0.2065817777E-002   0.1461293346E+001   0.9666053153E+000   0.9481010823E+000
 0.1111111   0.1813703618E-002   0.1450942809E+001   0.9761397384E+000   0.9878458031E+000
 0.1212121   0.1701124742E-002   0.1430654813E+001   0.9689137243E+000   0.9540849248E+000
 0.1313131   0.1668172803E-002   0.1474296428E+001   0.9755679150E+000   0.9468529189E+000
 0.1414141   0.1663118689E-002   0.1339341129E+001   0.9820165026E+000   0.9684992694E+000
 0.1515152   0.1709081115E-002   0.1462264077E+001   0.9736403352E+000   0.9977101815E+000
 0.1616162   0.1836428152E-002   0.1527645359E+001   0.9811777359E+000   0.9695638794E+000
 0.1717172   0.1976313636E-002   0.1486980851E+001   0.9711102410E+000   0.9773962131E+000
 0.1818182   0.2189821317E-002   0.1391781290E+001   0.9719482418E+000   0.9928686893E+000
 0.1919192   0.2446018126E-002   0.1397360784E+001   0.9891833630E+000   0.1040922983E+001
 0.2020202   0.2748175093E-002   0.1362954397E+001   0.9768679145E+000   0.9924519150E+000
 0.2121212   0.3177454534E-002   0.1384183619E+001   0.9838648213E+000   0.1066523291E+001
 0.2222222   0.3757108311E-002   0.1321301454E+001   0.9832119408E+000   0.1000850025E+001
 0.2323232   0.4332613557E-002   0.1151494235E+001   0.9669583390E+000   0.9904760161E+000
 0.2424242   0.5088324702E-002   0.1156719662E+001   0.9806389670E+000   0.1013158904E+001
 0.2525253   0.6117102748E-002   0.1262195996E+001   0.9762107140E+000   0.9968334438E+000
 0.2626263   0.7405822240E-002   0.1173015561E+001   0.9841216217E+000   0.9854747244E+000
 0.2727273   0.8894235751E-002   0.1038759543E+001   0.9969139154E+000   0.1012817710E+001
 0.2828283   0.1073944361E-001   0.1089721478E+001   0.9781241386E+000   0.9699504213E+000
 0.2929293   0.1338862372E-001   0.1062166272E+001   0.9961864725E+000   0.9932789852E+000
 0.3030303   0.1638852350E-001   0.9941442459E+000   0.9894286479E+000   0.1007965421E+001
 0.3131313   0.1975581203E-001   0.1015883913E+001   0.9872623500E+000   0.9649642458E+000
 0.3232323   0.2537732823E-001   0.9716551384E+000   0.9828095470E+000   0.9988784452E+000
 0.3333333   0.3090923368E-001   0.9220416061E+000   0.9945336499E+000   0.9970688241E+000
 0.3434343   0.3844763540E-001   0.8914768377E+000   0.9972106054E+000   0.9974121771E+000
 0.3535354   0.4811117958E-001   0.8536478102E+000   0.9855013702E+000   0.9914931181E+000
 0.3636364   0.6101988299E-001   0.9257120929E+000   0.9939465626E+000   0.9929831403E+000
 0.3737374   0.7604168813E-001   0.8667128546E+000   0.9974287448E+000   0.1000361989E+001
 0.3838384   0.9639715167E-001   0.8450558028E+000   0.1001386789E+001   0.1008656446E+001
 0.3939394   0.1231832122E+000   0.8512519620E+000   0.9956205072E+000   0.9842200826E+000
 0.4040404   0.1551418120E+000   0.8252251426E+000   0.9957581466E+000   0.1026772091E+001
 0.4141414   0.2019873417E+000   0.9143318137E+000   0.9970160362E+000   0.1016488779E+001
 0.4242424   0.2576741960E+000   0.9151668199E+000   0.1003872610E+001   0.9800501801E+000
 0.4343434   0.3263247711E+000   0.7826811330E+000   0.1004405500E+001   0.1020030281E+001
 0.4444444   0.4188781857E+000   0.8670934758E+000   0.1002073668E+001   0.9917608902E+000
 0.4545455   0.5377349143E+000   0.8511368905E+000   0.1012115933E+001   0.1006406296E+001
 0.4646465   0.7063658872E+000   0.8724398761E+000   0.1009216465E+001   0.1032954604E+001
 0.4747475   0.9072203678E+000   0.8389009512E+000   0.1011611232E+001   0.9883770284E+000
 0.4848485   0.1165284422E+001   0.8580765888E+000   0.1005229795E+001   0.9999495336E+000
 0.4949495   0.1527454394E+001   0.8368355648E+000   0.1006678274E+001   0.9820217601E+000
 0.5050505   0.1754618237E+001   0.8407479968E+000   0.1016033998E+001   0.1002048521E+001
 0.5151515   0.1741234831E+001   0.8288130139E+000   0.1001116239E+001   0.9618308805E+000
 0.5252525   0.1737201244E+001   0.8220621508E+000   0.1016278259E+001   0.9999430552E+000
 0.5353535   0.1736742961E+001   0.8656713097E+000   0.1008450520E+001   0.1013789464E+001
 0.5454545   0.1724038569E+001   0.8573271486E+000   0.1019085075E+001   0.1036556570E+001
 0.5555556   0.1722631070E+001   0.8289752942E+000   0.1013640183E+001   0.9693090640E+000
 0.5656566   0.1739563485E+001   0.8469913649E+000   0.1004584560E+001   0.9773033567E+000
 0.5757576   0.1716707853E+001   0.8667866184E+000   0.1002559120E+001   0.9937929349E+000
 0.5858586   0.1732377915E+001   0.8278245789E+000   0.1018335544E+001   0.1021330271E+001
 0.5959596   0.1735710786E+001   0.8753550215E+000   0.1015019418E+001   0.1012847943E+001
 0.6060606   0.1769275793E+001   0.8095813158E+000   0.1013382980E+001   0.9920437785E+000
 0.6161616   0.1721784899E+001   0.7983839709E+000   0.1014697663E+001   0.9871418216E+000
 0.6262626   0.1751744839E+001   0.8364254381E+000   0.1003016972E+001   0.9723538918E+000
 0.6363636   0.1761706737E+001   0.8550965313E+000   0.1016626441E+001   0.9492736650E+000
 0.6464646   0.1754049444E+001   0.8226109535E+000   0.1014698570E+001   0.1007792665E+001
 0.6565657   0.1756255550E+001   0.8389068523E+000   0.1010563380E+001   0.1007220410E+001
 0.6666667   0.1765566566E+001   0.8276888535E+000   0.1017158521E+001   0.1035405582E+001
 0.6767677   0.1790173236E+001   0.8618149382E+000   0.1010569429E+001   0.9720515685E+000
 0.6868687   0.1802654088E+001   0.8226021019E+000   0.1015270964E+001   0.1024640712E+001
 0.6969697   0.1819197008E+001   0.8672764100E+000   0.1015315512E+001   0.1058865872E+001
 0.7070707   0.1797633721E+001   0.8450292478E+000   0.1017774736E+001   0.9994614974E+000
 0.7171717   0.1809896559E+001   0.8438431259E+000   0.1026978393E+001   0.1020786089E+001
 0.7272727   0.1790555650E+001   0.8473100245E+000   0.1014393907E+001   0.9984789465E+000
 0.7373737   0.1806055773E+001   0.8228676515E+000   0.1008846591E+001   0.9783874017E+000
 0.7474747   0.1845944211E+001   0.8589706061E+000   0.1018122991E+001   0.1025113632E+001
 0.7575758   0.1840555529E+001   0.8478086678E+000   0.1023769855E+001   0.1013629664E+001
 0.7676768   0.1852078974E+001   0.8574599235E+000   0.1025943577E+001   0.1010636663E+001
 0.7777778   0.1857330118E+001   0.8538661511E+000   0.1014375682E+001   0.1028145503E+001
 0.7878788   0.1887651570E+001   0.8563564170E+000   0.1027036038E+001   0.1021641233E+001
 0.7979798   0.1873310262E+001   0.8618857515E+000   0.1019030279E+001   0.1037716196E+001
 0.8080808   0.1902925152E+001   0.8522285947E+000   0.1023605029E+001   0.9927002520E+000
 0.8181818   0.1898833111E+001   0.8460884960E+000   0.1028658260E+001   0.9944882786E+000
 0.8282828   0.1902569387E+001   0.8520692649E+000   0.1021795552E+001   0.9901715333E+000
 0.8383838   0.1902613020E+001   0.8365877185E+000   0.1010643078E+001   0.9990706365E+000
 0.8484848   0.1916663070E+001   0.8918781128E+000   0.1012111424E+001   0.1043227118E+001
 0.8585859   0.1921445019E+001   0.8608589594E+000   0.1013598626E+001   0.1050899653E+001
 0.8686869   0.1950335154E+001   0.8903408752E+000   0.1015020154E+001   0.1033228854E+001
 0.8787879   0.1944280620E+001   0.8269895727E+000   0.1007324666E+001   0.9826523202E+000
 0.8888889   0.1977677003E+001   0.8471300408E+000   0.1018485062E+001   0.1000940722E+001
 0.8989899   0.1978882092E+001   0.8994993887E+000   0.1020433721E+001   0.1072131388E+001
 0.9090909   0.1985752423E+001   0.8549194982E+000   0.1015974538E+001   0.1013405081E+001
 0.9191919   0.1999916427E+001   0.8463451940E+000   0.1007431977E+001   0.9766339264E+000
 0.9292929   0.2006466565E+001   0.8398805345E+000   0.1015339804E+001   0.9881524453E+000
 0.9393939   0.2046757912E+001   0.8996174108E+000   0.1026002127E+001   0.1061269343E+001
 0.9494949   0.2051718551E+001   0.8621837573E+000   0.1023007564E+001   0.1027219098E+001
 0.9595960   0.2043615581E+001   0.8695807912E+000   0.1004377838E+001   0.9878479625E+000
 0.9696970   0.2085810590E+001   0.8321353354E+000   0.1017098800E+001   0.9646705603E+000
 0.9797980   0.2078965690E+001   0.8447725498E+000   0.1026483354E+001   0.1016713362E+001
 0.9898990   0.2068520170E+001   0.8398716829E+000   0.1013852058E+001   0.1002242872E+001
 1.0000000   0.2071220238E+001   0.8347495245E+000   0.1002135215E+001   0.9894999436E+000


 0.0000000   0.5910863223E-002   0.1302084655E+001   0.9664631315E+000   0.9838104591E+000
 0.0101010   0.5858932156E-002   0.1261239749E+001   0.9688308012E+000   0.9789281162E+000
 0.0202020   0.5658503983E-002   0.1332078457E+001   0.9638592695E+000   0.1046072446E+001
 0.0303030   0.5314202930E-002   0.1287716138E+001   0.9658062340E+000   0.1001749582E+001
 0.0404040   0.4830760586E-002   0.1269153929E+001   0.9735542645E+000   0.9810146754E+000
 0.0505051   0.4226072631E-002   0.1290474893E+001   0.9667740248E+000   0.9922330514E+000
 0.0606061   0.3672061113E-002   0.1301749390E+001   0.9683489710E+000   0.1018610919E+001
 0.0707071   0.3079918283E-002   0.1194470205E+001   0.9687063753E+000   0.9073683865E+000
 0.0808081   0.2603615060E-002   0.1256651402E+001   0.9719229391E+000   0.9641871114E+000
 0.0909091   0.2202273131E-002   0.1379314480E+001   0.9648247657E+000   0.1012132453E+001
 0.1010101   0.1932730137E-002   0.1398725390E+001   0.9710284434E+000   0.9524489311E+000
 0.1111111   0.1721317281E-002   0.1408836995E+001   0.9753086171E+000   0.9870144508E+000
 0.1212121   0.1608114983E-002   0.1383667183E+001   0.9693035747E+000   0.9544782237E+000
 0.1313131   0.1563881838E-002   0.1414046061E+001   0.9716233060E+000   0.9430337182E+000
 0.1414141   0.1564411305E-002   0.1288946083E+001   0.9787198908E+000   0.9652575559E+000
 0.1515152   0.1623245453E-002   0.1420898886E+001   0.9689406413E+000   0.9929040982E+000
 0.1616162   0.1718066555E-002   0.1462192091E+001   0.9773510791E+000   0.9657920440E+000
 0.1717172   0.1860763770E-002   0.1432374543E+001   0.9722054478E+000   0.9785081613E+000
 0.1818182   0.2080284657E-002   0.1352698238E+001   0.9718496988E+000   0.9927778181E+000
 0.1919192   0.2315401019E-002   0.1353290221E+001   0.9863032041E+000   0.1037902414E+001
 0.2020202   0.2615033684E-002   0.1326875138E+001   0.9765662528E+000   0.9921552276E+000
 0.2121212   0.3065496175E-002   0.1366252540E+001   0.9812143436E+000   0.1063660627E+001
 0.2222222   0.3570892402E-002   0.1284815613E+001   0.9813711859E+000   0.9989861026E+000
 0.2323232   0.4175933543E-002   0.1135484566E+001   0.9688891592E+000   0.9924635861E+000
 0.2424242   0.4914187312E-002   0.1142933206E+001   0.9849810406E+000   0.1017655007E+001
 0.2525253   0.5908086362E-002   0.1247221823E+001   0.9812656779E+000   0.1002005079E+001
 0.2626263   0.7110159598E-002   0.1152194194E+001   0.9864076108E+000   0.9877736001E+000
 0.2727273   0.8606641178E-002   0.1028385467E+001   0.9946917901E+000   0.1010570104E+001
 0.2828283   0.1051789296E-001   0.1091888568E+001   0.9779649941E+000   0.9698021729E+000
 0.2929293   0.1296324006E-001   0.1052170153E+001   0.9901441880E+000   0.9872640744E+000
 0.3030303   0.1596749175E-001   0.9909736780E+000   0.9901191786E+000   0.1008678838E+001
 0.3131313   0.1924378019E-001   0.1012407675E+001   0.9894215449E+000   0.9670842130E+000
 0.3232323   0.2474103327E-001   0.9691699313E+000   0.9845701150E+000   0.1000677669E+001
 0.3333333   0.3050206985E-001   0.9309094423E+000   0.9954593190E+000   0.9980066972E+000
 0.3434343   0.3802043221E-001   0.9019310158E+000   0.9943378756E+000   0.9945486769E+000
 0.3535354   0.4748819860E-001   0.8620535896E+000   0.9921759678E+000   0.9982181431E+000
 0.3636364   0.6085455211E-001   0.9445250497E+000   0.9924613455E+000   0.9915091431E+000
 0.3737374   0.7569600279E-001   0.8826982758E+000   0.9997189145E+000   0.1002668784E+001
 0.3838384   0.9591747481E-001   0.8602699776E+000   0.9993611707E+000   0.1006626052E+001
 0.3939394   0.1222715067E+000   0.8644655847E+000   0.9948933072E+000   0.9835109109E+000
 0.4040404   0.1553324557E+000   0.8453209717E+000   0.9957312837E+000   0.1026754520E+001
 0.4141414   0.2012824304E+000   0.9321834509E+000   0.9933699532E+000   0.1012781475E+001
 0.4242424   0.2570900411E+000   0.9341797169E+000   0.1003760200E+001   0.9799501044E+000
 0.4343434   0.3257105652E+000   0.7992497565E+000   0.1007378963E+001   0.1023060091E+001
 0.4444444   0.4171012085E+000   0.8833553960E+000   0.1003389485E+001   0.9930729612E+000
 0.4545455   0.5384659297E+000   0.8719774458E+000   0.1014413512E+001   0.1008700864E+001
 0.4646465   0.7061574028E+000   0.8923251827E+000   0.1010971926E+001   0.1034761562E+001
 0.4747475   0.9077534790E+000   0.8587794833E+000   0.1012352766E+001   0.9891112886E+000
 0.4848485   0.1165825830E+001   0.8783015094E+000   0.1002195145E+001   0.9969406578E+000
 0.4949495   0.1530131433E+001   0.8576625705E+000   0.1006983162E+001   0.9823288700E+000
 0.5050505   0.1741549507E+001   0.8537581653E+000   0.1015196791E+001   0.1001232715E+001
 0.5151515   0.1740033039E+001   0.8473689644E+000   0.1001934191E+001   0.9626262300E+000
 0.5252525   0.1724501513E+001   0.8348990068E+000   0.1014495760E+001   0.9981990542E+000
 0.5353535   0.1732374186E+001   0.8834358597E+000   0.1010134218E+001   0.1015492093E+001
 0.5454545   0.1734616644E+001   0.8825086114E+000   0.1014886467E+001   0.1032296163E+001
 0.5555556   0.1722132410E+001   0.8478747363E+000   0.1013924727E+001   0.9695907271E+000
 0.5656566   0.1744742887E+001   0.8691324793E+000   0.1005583654E+001   0.9782849685E+000
 0.5757576   0.1719646952E+001   0.8883230716E+000   0.1005105500E+001   0.9963268776E+000
 0.5858586   0.1733476576E+001   0.8474800810E+000   0.1015488238E+001   0.1018484639E+001
 0.5959596   0.1738160319E+001   0.8968349815E+000   0.1016248023E+001   0.1014083922E+001
 0.6060606   0.1757816485E+001   0.8229137473E+000   0.1011025420E+001   0.9897456261E+000
 0.6161616   0.1729722299E+001   0.8205879632E+000   0.1015371777E+001   0.9878073727E+000
 0.6262626   0.1747875082E+001   0.8538520396E+000   0.1005771665E+001   0.9750339888E+000
 0.6363636   0.1757151852E+001   0.8725828393E+000   0.1018412944E+001   0.9509511898E+000
 0.6464646   0.1757557534E+001   0.8432921370E+000   0.1015435913E+001   0.1008534938E+001
 0.6565657   0.1752014304E+001   0.8562084765E+000   0.1007991794E+001   0.1004667241E+001
 0.6666667   0.1776011318E+001   0.8518136259E+000   0.1013881852E+001   0.1032080312E+001
 0.6767677   0.1790863718E+001   0.8820583978E+000   0.1011281675E+001   0.9727462624E+000
 0.6868687   0.1796463184E+001   0.8387095378E+000   0.1016597387E+001   0.1025989497E+001
 0.6969697   0.1810280466E+001   0.8829569091E+000   0.1015104651E+001   0.1058656409E+001
 0.7070707   0.1798416746E+001   0.8649215457E+000   0.1017521333E+001   0.9992225107E+000
 0.7171717   0.1807193549E+001   0.8620420947E+000   0.1021888907E+001   0.1015737311E+001
 0.7272727   0.1802350135E+001   0.8725885867E+000   0.1014014520E+001   0.9981153569E+000
 0.7373737   0.1808955382E+001   0.8432231681E+000   0.1012611586E+001   0.9820484106E+000
 0.7474747   0.1850831441E+001   0.8811349811E+000   0.1016136140E+001   0.1023123231E+001
 0.7575758   0.1847487878E+001   0.8706555422E+000   0.1023272370E+001   0.1013147100E+001
 0.7676768   0.1847197981E+001   0.8749507711E+000   0.1021480548E+001   0.1006250148E+001
 0.7777778   0.1858411147E+001   0.8740944074E+000   0.1014547784E+001   0.1028330085E+001
 0.7878788   0.1877627697E+001   0.8714812530E+000   0.1023501361E+001   0.1018135166E+001
 0.7979798   0.1872145016E+001   0.8812422660E+000   0.1020019216E+001   0.1038733513E+001
 0.8080808   0.1899655058E+001   0.8704122353E+000   0.1023924734E+001   0.9930200997E+000
 0.8181818   0.1890671461E+001   0.8619079886E+000   0.1026098231E+001   0.9920230739E+000
 0.8282828   0.1898517773E+001   0.8698911370E+000   0.1018109382E+001   0.9866091796E+000
 0.8383838   0.1913636974E+001   0.8608677079E+000   0.1010871407E+001   0.9993062081E+000
 0.8484848   0.1919451400E+001   0.9138032430E+000   0.1014749334E+001   0.1045956444E+001
 0.8585859   0.1930147020E+001   0.8847290263E+000   0.1015266234E+001   0.1052639014E+001
 0.8686869   0.1957730219E+001   0.9143569099E+000   0.1016406196E+001   0.1034649966E+001
 0.8787879   0.1946764846E+001   0.8471697210E+000   0.1013300598E+001   0.9884916349E+000
 0.8888889   0.1975607848E+001   0.8657874884E+000   0.1020762260E+001   0.1003188588E+001
 0.8989899   0.1988982964E+001   0.9249704550E+000   0.1022439205E+001   0.1074249071E+001
 0.9090909   0.1990410179E+001   0.8767152250E+000   0.1018881165E+001   0.1016314382E+001
 0.9191919   0.2000543931E+001   0.8661629856E+000   0.1011219911E+001   0.9803157294E+000
 0.9292929   0.2002136786E+001   0.8574230952E+000   0.1013436291E+001   0.9863096314E+000
 0.9393939   0.2042450227E+001   0.9184567269E+000   0.1023119555E+001   0.1058298126E+001
 0.9494949   0.2050321818E+001   0.8814951519E+000   0.1023045161E+001   0.1027266982E+001
 0.9595960   0.2038366934E+001   0.8873785810E+000   0.1001714035E+001   0.9852377185E+000
 0.9696970   0.2079029571E+001   0.8485854989E+000   0.1018961670E+001   0.9664469387E+000
 0.9797980   0.2078309703E+001   0.8640096238E+000   0.1024665037E+001   0.1014922364E+001
 0.9898990   0.2073408151E+001   0.8612987634E+000   0.1015890464E+001   0.1004267843E+001
 1.0000000   0.2085903590E+001   0.8600822289E+000   0.1009986660E+001   0.9972622317E+000


 0.0000000   0.5910934688E-002   0.1304233312E+001   0.9659494028E+000   0.9832928160E+000
 0.0101010   0.5873220026E-002   0.1266386488E+001   0.9670366186E+000   0.9771205076E+000
 0.0202020   0.5686244979E-002   0.1340801731E+001   0.9674136919E+000   0.1049935712E+001
 0.0303030   0.5339933070E-002   0.1296070525E+001   0.9699375480E+000   0.1006040076E+001
 0.0404040   0.4828696061E-002   0.1270689586E+001   0.9735148591E+000   0.9809802622E+000
 0.0505051   0.4226771539E-002   0.1292802531E+001   0.9649301262E+000   0.9903459401E+000
 0.0606061   0.3656124121E-002   0.1298222794E+001   0.9650709493E+000   0.1015168231E+001
 0.0707071   0.3087834691E-002   0.1199502027E+001   0.9726814857E+000   0.9110967119E+000
 0.0808081   0.2606379425E-002   0.1260046292E+001   0.9714481792E+000   0.9637213312E+000
 0.0909091   0.2204230691E-002   0.1382801930E+001   0.9632846062E+000   0.1010522230E+001
 0.1010101   0.1928956339E-002   0.1398280992E+001   0.9697361279E+000   0.9511864759E+000
 0.1111111   0.1720308644E-002   0.1410317863E+001   0.9744238657E+000   0.9861244023E+000
 0.1212121   0.1610519774E-002   0.1388006247E+001   0.9674250876E+000   0.9526336090E+000
 0.1313131   0.1557075861E-002   0.1410198372E+001   0.9687912739E+000   0.9402900919E+000
 0.1414141   0.1563248034E-002   0.1290097439E+001   0.9770064453E+000   0.9635728791E+000
 0.1515152   0.1614624328E-002   0.1415667583E+001   0.9697237663E+000   0.9937119540E+000
 0.1616162   0.1707556488E-002   0.1455627806E+001   0.9758289760E+000   0.9642931467E+000
 0.1717172   0.1850476332E-002   0.1426788840E+001   0.9731945252E+000   0.9795089370E+000
 0.1818182   0.2065299122E-002   0.1345153777E+001   0.9725597482E+000   0.9935085196E+000
 0.1919192   0.2293990681E-002   0.1342972715E+001   0.9867230712E+000   0.1038349850E+001
 0.2020202   0.2605340059E-002   0.1324122006E+001   0.9783400195E+000   0.9939626731E+000
 0.2121212   0.3031524964E-002   0.1353325202E+001   0.9794082556E+000   0.1061708513E+001
 0.2222222   0.3519952221E-002   0.1268561791E+001   0.9794363181E+000   0.9970218860E+000
 0.2323232   0.4147472065E-002   0.1129592872E+001   0.9655391093E+000   0.9890373624E+000
 0.2424242   0.4862901914E-002   0.1132857987E+001   0.9840982509E+000   0.1016748421E+001
 0.2525253   0.5819215537E-002   0.1230473107E+001   0.9798629838E+000   0.1000578138E+001
 0.2626263   0.7010491254E-002   0.1137903942E+001   0.9844358267E+000   0.9858044056E+000
 0.2727273   0.8542493278E-002   0.1022392596E+001   0.9908077410E+000   0.1006629486E+001
 0.2828283   0.1040031558E-001   0.1081451148E+001   0.9800512898E+000   0.9718762998E+000
 0.2929293   0.1290170192E-001   0.1048890700E+001   0.9877364024E+000   0.9848686075E+000
 0.3030303   0.1589596590E-001   0.9881506430E+000   0.9913630870E+000   0.1009951514E+001
 0.3131313   0.1926374413E-001   0.1015118071E+001   0.9886870098E+000   0.9663714761E+000
 0.3232323   0.2463908887E-001   0.9667575203E+000   0.9853129495E+000   0.1001438061E+001
 0.3333333   0.3034456048E-001   0.9276193349E+000   0.9931093885E+000   0.9956561267E+000
 0.3434343   0.3779336425E-001   0.8980130381E+000   0.9937477324E+000   0.9939637727E+000
 0.3535354   0.4759660207E-001   0.8654367541E+000   0.9959360962E+000   0.1002006578E+001
 0.3636364   0.6054528884E-001   0.9412642889E+000   0.9912927763E+000   0.9903470398E+000
 0.3737374   0.7585925722E-001   0.8860510289E+000   0.1001374352E+001   0.1004334526E+001
 0.3838384   0.9571204462E-001   0.8598336562E+000   0.9974858244E+000   0.1004742495E+001
 0.3939394   0.1225168779E+000   0.8676192557E+000   0.1001965551E+001   0.9905075880E+000
 0.4040404   0.1557526329E+000   0.8489960097E+000   0.9955303415E+000   0.1026552857E+001
 0.4141414   0.2003864669E+000   0.9295542176E+000   0.9910472763E+000   0.1010418863E+001
 0.4242424   0.2570865316E+000   0.9356971822E+000   0.1001608857E+001   0.9778550706E+000
 0.4343434   0.3287751549E+000   0.8080913800E+000   0.1008756530E+001   0.1024464631E+001
 0.4444444   0.4208415130E+000   0.8927367397E+000   0.1000670955E+001   0.9903877266E+000
 0.4545455   0.5385587502E+000   0.8735563511E+000   0.1013229539E+001   0.1007528996E+001
 0.4646465   0.7063161520E+000   0.8939877911E+000   0.1009978204E+001   0.1033750035E+001
 0.4747475   0.9082717107E+000   0.8606772881E+000   0.1010933447E+001   0.9877298843E+000
 0.4848485   0.1168471176E+001   0.8817364133E+000   0.1006762775E+001   0.1001489744E+001
 0.4949495   0.1530711475E+001   0.8593931249E+000   0.1010242881E+001   0.9855140992E+000
 0.5050505   0.1742217121E+001   0.8554844891E+000   0.1016701813E+001   0.1002722447E+001
 0.5151515   0.1735901120E+001   0.8467415258E+000   0.1005656405E+001   0.9662076290E+000
 0.5252525   0.1734313351E+001   0.8410246960E+000   0.1014618252E+001   0.9983249655E+000
 0.5353535   0.1735162617E+001   0.8863072857E+000   0.1009266259E+001   0.1014625006E+001
 0.5454545   0.1730549910E+001   0.8818818174E+000   0.1013103810E+001   0.1030488487E+001
 0.5555556   0.1721478853E+001   0.8489413032E+000   0.1013498918E+001   0.9691887670E+000
 0.5656566   0.1739641616E+001   0.8680108391E+000   0.1005048170E+001   0.9777692983E+000
 0.5757576   0.1728645240E+001   0.8944340810E+000   0.1009246777E+001   0.1000437384E+001
 0.5858586   0.1737618043E+001   0.8508963409E+000   0.1015167115E+001   0.1018168063E+001
 0.5959596   0.1741020762E+001   0.8997823617E+000   0.1015532918E+001   0.1013375809E+001
 0.6060606   0.1758779978E+001   0.8247135197E+000   0.1010766008E+001   0.9894970141E+000
 0.6161616   0.1733388190E+001   0.8236740961E+000   0.1014106589E+001   0.9865818547E+000
 0.6262626   0.1746605215E+001   0.8546293400E+000   0.1005943696E+001   0.9752060254E+000
 0.6363636   0.1758223837E+001   0.8745453871E+000   0.1016486661E+001   0.9491576306E+000
 0.6464646   0.1765970483E+001   0.8487167186E+000   0.1013545169E+001   0.1006662475E+001
 0.6565657   0.1750069963E+001   0.8566592393E+000   0.1011280119E+001   0.1007950160E+001
 0.6666667   0.1778374616E+001   0.8543442904E+000   0.1015797517E+001   0.1034035942E+001
 0.6767677   0.1779444127E+001   0.8778695271E+000   0.1010994841E+001   0.9724756064E+000
 0.6868687   0.1786161759E+001   0.8352661166E+000   0.1018463036E+001   0.1027877929E+001
 0.6969697   0.1810700617E+001   0.8846085048E+000   0.1014406995E+001   0.1057934531E+001
 0.7070707   0.1792065356E+001   0.8632787264E+000   0.1015964711E+001   0.9976992674E+000
 0.7171717   0.1808384151E+001   0.8640230228E+000   0.1021546510E+001   0.1015402455E+001
 0.7272727   0.1804928130E+001   0.8752680889E+000   0.1014944794E+001   0.9990364359E+000
 0.7373737   0.1817981946E+001   0.8488189333E+000   0.1012225872E+001   0.9816796365E+000
 0.7474747   0.1845578889E+001   0.8800736234E+000   0.1014612430E+001   0.1021594557E+001
 0.7575758   0.1845588727E+001   0.8711852560E+000   0.1020307004E+001   0.1010216528E+001
 0.7676768   0.1844861114E+001   0.8752752871E+000   0.1017722051E+001   0.1002553101E+001
 0.7777778   0.1859189452E+001   0.8758928947E+000   0.1014593101E+001   0.1028381567E+001
 0.7878788   0.1875050665E+001   0.8717107264E+000   0.1021480536E+001   0.1016130420E+001
 0.7979798   0.1872015391E+001   0.8826246741E+000   0.1020059175E+001   0.1038779812E+001
 0.8080808   0.1896846257E+001   0.8705489330E+000   0.1024504464E+001   0.9935876941E+000
 0.8181818   0.1896496115E+001   0.8659795002E+000   0.1027144618E+001   0.9930400708E+000
 0.8282828   0.1899223992E+001   0.8716401838E+000   0.1017767038E+001   0.9862827512E+000
 0.8383838   0.1912382049E+001   0.8617123928E+000   0.1010911195E+001   0.9993509344E+000
 0.8484848   0.1917854725E+001   0.9145387216E+000   0.1015875427E+001   0.1047122820E+001
 0.8585859   0.1928527850E+001   0.8854348609E+000   0.1014087374E+001   0.1051422432E+001
 0.8686869   0.1948934798E+001   0.9117400520E+000   0.1016499679E+001   0.1034750712E+001
 0.8787879   0.1947632313E+001   0.8489355446E+000   0.1013163554E+001   0.9883632799E+000
 0.8888889   0.1978622759E+001   0.8685291112E+000   0.1025223519E+001   0.1007578480E+001
 0.8989899   0.1985866071E+001   0.9250337327E+000   0.1023935370E+001   0.1075826858E+001
 0.9090909   0.1992780005E+001   0.8791968797E+000   0.1018596433E+001   0.1016035851E+001
 0.9191919   0.2004019647E+001   0.8690891331E+000   0.1015377711E+001   0.9843517743E+000
 0.9292929   0.2003136321E+001   0.8592563586E+000   0.1015710423E+001   0.9885282267E+000
 0.9393939   0.2038696113E+001   0.9182702811E+000   0.1022548846E+001   0.1057713502E+001
 0.9494949   0.2052590436E+001   0.8839160356E+000   0.1024738812E+001   0.1028973176E+001
 0.9595960   0.2032688877E+001   0.8863562336E+000   0.1004167550E+001   0.9876562080E+000
 0.9696970   0.2081162138E+001   0.8508473930E+000   0.1019494564E+001   0.9669575870E+000
 0.9797980   0.2073010433E+001   0.8632182613E+000   0.1024775620E+001   0.1015037373E+001
 0.9898990   0.2078211700E+001   0.8647082938E+000   0.1016190483E+001   0.1004569850E+001
 1.0000000   0.2081893974E+001   0.8598350959E+000   0.1010767943E+001   0.9980390577E+000


 0.0000000   0.6012074916E-002   0.1316820027E+001   0.9667190856E+000   0.9840724743E+000
 0.0101010   0.5977049577E-002   0.1279321701E+001   0.9640476630E+000   0.9740965793E+000
 0.0202020   0.5815138422E-002   0.1361137391E+001   0.9692023717E+000   0.1051872860E+001
 0.0303030   0.5435647504E-002   0.1309625183E+001   0.9687739730E+000   0.1004829266E+001
 0.0404040   0.4936857187E-002   0.1289623911E+001   0.9744842191E+000   0.9819532200E+000
 0.0505051   0.4309180429E-002   0.1308341177E+001   0.9643186438E+000   0.9897144856E+000
 0.0606061   0.3732651815E-002   0.1315675209E+001   0.9665362885E+000   0.1016705665E+001
 0.0707071   0.3147452503E-002   0.1213693541E+001   0.9716163407E+000   0.9100954509E+000
 0.0808081   0.2665457013E-002   0.1279155836E+001   0.9737808636E+000   0.9660316881E+000
 0.0909091   0.2245272684E-002   0.1398218154E+001   0.9622563914E+000   0.1009439650E+001
 0.1010101   0.1958209162E-002   0.1409074794E+001   0.9689690992E+000   0.9504304068E+000
 0.1111111   0.1755861807E-002   0.1428906722E+001   0.9741345164E+000   0.9858277278E+000
 0.1212121   0.1639292433E-002   0.1402441341E+001   0.9689946175E+000   0.9541754143E+000
 0.1313131   0.1590555220E-002   0.1429954109E+001   0.9720422774E+000   0.9434417678E+000
 0.1414141   0.1596053075E-002   0.1307509530E+001   0.9802450621E+000   0.9667631896E+000
 0.1515152   0.1636510907E-002   0.1424333246E+001   0.9724253739E+000   0.9964764992E+000
 0.1616162   0.1737317220E-002   0.1470135278E+001   0.9763586705E+000   0.9648128107E+000
 0.1717172   0.1883898180E-002   0.1441904533E+001   0.9747418492E+000   0.9810624683E+000
 0.1818182   0.2104443224E-002   0.1360595719E+001   0.9756137142E+000   0.9966243745E+000
 0.1919192   0.2332495374E-002   0.1355499129E+001   0.9861031654E+000   0.1037693457E+001
 0.2020202   0.2657339697E-002   0.1340644322E+001   0.9804392146E+000   0.9960914984E+000
 0.2121212   0.3083713729E-002   0.1366526275E+001   0.9773943606E+000   0.1059521251E+001
 0.2222222   0.3580566323E-002   0.1280942078E+001   0.9785296014E+000   0.9960949984E+000
 0.2323232   0.4207234184E-002   0.1137465078E+001   0.9692073432E+000   0.9927909918E+000
 0.2424242   0.4959192148E-002   0.1146816171E+001   0.9863532883E+000   0.1019074295E+001
 0.2525253   0.5901085070E-002   0.1238632497E+001   0.9830608008E+000   0.1003839639E+001
 0.2626263   0.7107589252E-002   0.1145202754E+001   0.9841737374E+000   0.9855381022E+000
 0.2727273   0.8644518823E-002   0.1027014999E+001   0.9925656462E+000   0.1008411523E+001
 0.2828283   0.1051421116E-001   0.1085275490E+001   0.9799399316E+000   0.9717620746E+000
 0.2929293   0.1302565879E-001   0.1051201181E+001   0.9856377622E+000   0.9827722217E+000
 0.3030303   0.1603773443E-001   0.9896512206E+000   0.9916744579E+000   0.1010264777E+001
 0.3131313   0.1950612441E-001   0.1020351387E+001   0.9850184229E+000   0.9627819316E+000
 0.3232323   0.2461606667E-001   0.9587701097E+000   0.9878536205E+000   0.1004016389E+001
 0.3333333   0.3051370726E-001   0.9259484902E+000   0.9907983115E+000   0.9933352429E+000
 0.3434343   0.3822945060E-001   0.9017124321E+000   0.9925589628E+000   0.9927708667E+000
 0.3535354   0.4781210197E-001   0.8629788151E+000   0.9935569304E+000   0.9996090055E+000
 0.3636364   0.6089542691E-001   0.9397640293E+000   0.9936378431E+000   0.9926859916E+000
 0.3737374   0.7581146790E-001   0.8789981594E+000   0.1000807187E+001   0.1003761764E+001
 0.3838384   0.9623682632E-001   0.8582069968E+000   0.9991716409E+000   0.1006436644E+001
 0.3939394   0.1228380668E+000   0.8635135279E+000   0.1001467243E+001   0.9900111112E+000
 0.4040404   0.1561553707E+000   0.8449482085E+000   0.9951210554E+000   0.1026126809E+001
 0.4141414   0.2007190410E+000   0.9242677988E+000   0.9934395165E+000   0.1012853907E+001
 0.4242424   0.2577446768E+000   0.9312121051E+000   0.1002703151E+001   0.9789195890E+000
 0.4343434   0.3291753669E+000   0.8031408632E+000   0.1009165096E+001   0.1024875556E+001
 0.4444444   0.4213435954E+000   0.8872461905E+000   0.1003477061E+001   0.9931611175E+000
 0.4545455   0.5377631004E+000   0.8658681198E+000   0.1010933821E+001   0.1005242267E+001
 0.4646465   0.7054232905E+000   0.8863089933E+000   0.1007864396E+001   0.1031582445E+001
 0.4747475   0.9027323197E+000   0.8491539969E+000   0.1008636800E+001   0.9854821021E+000
 0.4848485   0.1167563527E+001   0.8745893890E+000   0.1005519055E+001   0.1000248632E+001
 0.4949495   0.1527805473E+001   0.8514703122E+000   0.1010759379E+001   0.9860141032E+000
 0.5050505   0.1742228539E+001   0.8492154714E+000   0.1015222192E+001   0.1001259259E+001
 0.5151515   0.1736481342E+001   0.8408120141E+000   0.1008359670E+001   0.9688010687E+000
 0.5252525   0.1732734623E+001   0.8340962076E+000   0.1012783591E+001   0.9965158743E+000
 0.5353535   0.1738193588E+001   0.8813434722E+000   0.1007750417E+001   0.1013097158E+001
 0.5454545   0.1729865223E+001   0.8750672668E+000   0.1011512218E+001   0.1028865564E+001
 0.5555556   0.1720556201E+001   0.8422630458E+000   0.1013861484E+001   0.9695316951E+000
 0.5656566   0.1738691957E+001   0.8611740146E+000   0.1004888056E+001   0.9776097113E+000
 0.5757576   0.1736381800E+001   0.8918475039E+000   0.1010988143E+001   0.1002159636E+001
 0.5858586   0.1735130347E+001   0.8434461413E+000   0.1013996526E+001   0.1016990040E+001
 0.5959596   0.1738105810E+001   0.8916874380E+000   0.1017467345E+001   0.1015302162E+001
 0.6060606   0.1756722348E+001   0.8177068560E+000   0.1010119742E+001   0.9888604839E+000
 0.6161616   0.1741947507E+001   0.8216702257E+000   0.1015455307E+001   0.9878901070E+000
 0.6262626   0.1746453944E+001   0.8482875534E+000   0.1005833055E+001   0.9750949563E+000
 0.6363636   0.1755905398E+001   0.8669862610E+000   0.1016969100E+001   0.9496044051E+000
 0.6464646   0.1773385450E+001   0.8460292330E+000   0.1013496187E+001   0.1006609895E+001
 0.6565657   0.1752870996E+001   0.8517370886E+000   0.1012862764E+001   0.1009523650E+001
 0.6666667   0.1776435158E+001   0.8471531737E+000   0.1014257701E+001   0.1032464446E+001
 0.6767677   0.1779451699E+001   0.8714344679E+000   0.1012744013E+001   0.9741543294E+000
 0.6868687   0.1787718745E+001   0.8298625817E+000   0.1019773329E+001   0.1029196315E+001
 0.6969697   0.1815144054E+001   0.8802752066E+000   0.1015606027E+001   0.1059180875E+001
 0.7070707   0.1796303661E+001   0.8589736891E+000   0.1015977192E+001   0.9977076267E+000
 0.7171717   0.1809463474E+001   0.8581977176E+000   0.1019245330E+001   0.1013111158E+001
 0.7272727   0.1808575135E+001   0.8706039812E+000   0.1016247821E+001   0.1000315132E+001
 0.7373737   0.1819456792E+001   0.8432767963E+000   0.1013294159E+001   0.9827118466E+000
 0.7474747   0.1844880250E+001   0.8732879840E+000   0.1013700185E+001   0.1020672048E+001
 0.7575758   0.1838451579E+001   0.8614512301E+000   0.1016123046E+001   0.1006070018E+001
 0.7676768   0.1844386781E+001   0.8686321555E+000   0.1015811261E+001   0.1000666883E+001
 0.7777778   0.1862691123E+001   0.8711062169E+000   0.1016143306E+001   0.1029948816E+001
 0.7878788   0.1871911540E+001   0.8638684565E+000   0.1019570861E+001   0.1014226785E+001
 0.7979798   0.1878361366E+001   0.8791211086E+000   0.1021079167E+001   0.1039814461E+001
 0.8080808   0.1892340681E+001   0.8621112118E+000   0.1021979045E+001   0.9911346135E+000
 0.8181818   0.1900441856E+001   0.8614164332E+000   0.1024908923E+001   0.9908747379E+000
 0.8282828   0.1896923452E+001   0.8641990273E+000   0.1014920418E+001   0.9835203482E+000
 0.8383838   0.1911466206E+001   0.8549824818E+000   0.1013319979E+001   0.1001728260E+001
 0.8484848   0.1922429317E+001   0.9099964200E+000   0.1015885004E+001   0.1047128601E+001
 0.8585859   0.1928000070E+001   0.8787000658E+000   0.1015261681E+001   0.1052635862E+001
 0.8686869   0.1949906575E+001   0.9055041370E+000   0.1015489467E+001   0.1033718324E+001
 0.8787879   0.1948094808E+001   0.8429091088E+000   0.1012732694E+001   0.9879391071E+000
 0.8888889   0.1983637627E+001   0.8643440145E+000   0.1024944442E+001   0.1007300271E+001
 0.8989899   0.1980254736E+001   0.9156544000E+000   0.1022761839E+001   0.1074589656E+001
 0.9090909   0.1992717024E+001   0.8727207942E+000   0.1018927173E+001   0.1016361789E+001
 0.9191919   0.2004638401E+001   0.8629811349E+000   0.1015498833E+001   0.9844653501E+000
 0.9292929   0.2001890782E+001   0.8524237479E+000   0.1015278094E+001   0.9881036074E+000
 0.9393939   0.2032372443E+001   0.9087077739E+000   0.1020850009E+001   0.1055952119E+001
 0.9494949   0.2046554460E+001   0.8748526858E+000   0.1020994046E+001   0.1025208932E+001
 0.9595960   0.2034007507E+001   0.8804259932E+000   0.1008303207E+001   0.9917199896E+000
 0.9696970   0.2074749589E+001   0.8420043887E+000   0.1018185608E+001   0.9657123125E+000
 0.9797980   0.2066556677E+001   0.8542192692E+000   0.1021628196E+001   0.1011915905E+001
 0.9898990   0.2076860553E+001   0.8578079921E+000   0.1013865217E+001   0.1002267261E+001
 1.0000000   0.2082155545E+001   0.8536358408E+000   0.1010297104E+001   0.9975702514E+000


 0.0000000   0.6070648948E-002   0.1325337817E+001   0.9648025108E+000   0.9821217543E+000
 0.0101010   0.6039854313E-002   0.1288572336E+001   0.9654516386E+000   0.9755154466E+000
 0.0202020   0.5857878714E-002   0.1366695342E+001   0.9673186853E+000   0.1049828777E+001
 0.0303030   0.5495970882E-002   0.1319865226E+001   0.9677643228E+000   0.1003782304E+001
 0.0404040   0.4986176218E-002   0.1298283588E+001   0.9737943834E+000   0.9812583557E+000
 0.0505051   0.4373314810E-002   0.1323507795E+001   0.9671110095E+000   0.9925806513E+000
 0.0606061   0.3770819252E-002   0.1324818421E+001   0.9655487330E+000   0.1015667117E+001
 0.0707071   0.3184461567E-002   0.1223982755E+001   0.9698650052E+000   0.9084552461E+000
 0.0808081   0.2687881525E-002   0.1285734589E+001   0.9698233059E+000   0.9621058775E+000
 0.0909091   0.2265060005E-002   0.1405966545E+001   0.9631288738E+000   0.1010355180E+001
 0.1010101   0.1975565748E-002   0.1416954444E+001   0.9710138105E+000   0.9524362489E+000
 0.1111111   0.1770691266E-002   0.1436302193E+001   0.9733685273E+000   0.9850528037E+000
 0.1212121   0.1652540307E-002   0.1409190685E+001   0.9696054572E+000   0.9547771639E+000
 0.1313131   0.1600952438E-002   0.1434634300E+001   0.9696406442E+000   0.9411110462E+000
 0.1414141   0.1606331541E-002   0.1311662650E+001   0.9777737786E+000   0.9643261492E+000
 0.1515152   0.1647454366E-002   0.1429208309E+001   0.9730978020E+000   0.9971658213E+000
 0.1616162   0.1749417617E-002   0.1475574367E+001   0.9740897836E+000   0.9625710081E+000
 0.1717172   0.1905271323E-002   0.1453534495E+001   0.9728948860E+000   0.9792037867E+000
 0.1818182   0.2116150688E-002   0.1363728474E+001   0.9753416907E+000   0.9963467555E+000
 0.1919192   0.2338369928E-002   0.1354506522E+001   0.9833615625E+000   0.1034808693E+001
 0.2020202   0.2664244518E-002   0.1339769263E+001   0.9791536386E+000   0.9947856610E+000
 0.2121212   0.3102902623E-002   0.1370570911E+001   0.9766549957E+000   0.1058720039E+001
 0.2222222   0.3595575715E-002   0.1282140561E+001   0.9761921606E+000   0.9937158606E+000
 0.2323232   0.4229880448E-002   0.1139879412E+001   0.9713360058E+000   0.9949717132E+000
 0.2424242   0.4989063954E-002   0.1149982881E+001   0.9850375192E+000   0.1017715145E+001
 0.2525253   0.5942385051E-002   0.1243256721E+001   0.9855865234E+000   0.1006419013E+001
 0.2626263   0.7120167831E-002   0.1143509360E+001   0.9843071991E+000   0.9856720088E+000
 0.2727273   0.8696368091E-002   0.1029824707E+001   0.9915935080E+000   0.1007424131E+001
 0.2828283   0.1060323391E-001   0.1090915403E+001   0.9805673733E+000   0.9723845364E+000
 0.2929293   0.1303321936E-001   0.1048400644E+001   0.9849537965E+000   0.9820905033E+000
 0.3030303   0.1608803681E-001   0.9895360704E+000   0.9890984142E+000   0.1007640707E+001
 0.3131313   0.1962186552E-001   0.1023077412E+001   0.9854760262E+000   0.9632294586E+000
 0.3232323   0.2463686318E-001   0.9564684961E+000   0.9854177770E+000   0.1001540956E+001
 0.3333333   0.3050339322E-001   0.9226339629E+000   0.9904962803E+000   0.9930327001E+000
 0.3434343   0.3832111776E-001   0.9009435914E+000   0.9945832373E+000   0.9947958357E+000
 0.3535354   0.4810240820E-001   0.8654033030E+000   0.9962426295E+000   0.1002311328E+001
 0.3636364   0.6093343476E-001   0.9373013219E+000   0.9919637292E+000   0.9910137427E+000
 0.3737374   0.7594761119E-001   0.8777212439E+000   0.9990484430E+000   0.1001998092E+001
 0.3838384   0.9662652551E-001   0.8588880365E+000   0.1002053663E+001   0.1009339887E+001
 0.3939394   0.1232883360E+000   0.8638684146E+000   0.9997000407E+000   0.9882643850E+000
 0.4040404   0.1564215655E+000   0.8436440022E+000   0.9975156582E+000   0.1028596293E+001
 0.4141414   0.2010949561E+000   0.9229960840E+000   0.9951342763E+000   0.1014582054E+001
 0.4242424   0.2581774951E+000   0.9297511464E+000   0.1001005634E+001   0.9772625933E+000
 0.4343434   0.3297807621E+000   0.8020088185E+000   0.1008341558E+001   0.1024039467E+001
 0.4444444   0.4218955866E+000   0.8855277194E+000   0.1005706401E+001   0.9953678009E+000
 0.4545455   0.5383095252E+000   0.8639373438E+000   0.1009016565E+001   0.1003336069E+001
 0.4646465   0.7046198753E+000   0.8824288176E+000   0.1009455496E+001   0.1033211261E+001
 0.4747475   0.9063157278E+000   0.8497602560E+000   0.1008879253E+001   0.9857192486E+000
 0.4848485   0.1168727473E+001   0.8726224241E+000   0.1006564407E+001   0.1001288768E+001
 0.4949495   0.1526822539E+001   0.8481632342E+000   0.1012020625E+001   0.9872447315E+000
 0.5050505   0.1742979106E+001   0.8468263958E+000   0.1018075651E+001   0.1004073737E+001
 0.5151515   0.1733702343E+001   0.8367442855E+000   0.1007789577E+001   0.9682535955E+000
 0.5252525   0.1733895216E+001   0.8319483659E+000   0.1013548767E+001   0.9972690222E+000
 0.5353535   0.1736675544E+001   0.8777183314E+000   0.1010977426E+001   0.1016341556E+001
 0.5454545   0.1731957241E+001   0.8732845328E+000   0.1011915287E+001   0.1029275820E+001
 0.5555556   0.1721755340E+001   0.8401169626E+000   0.1013849353E+001   0.9695203496E+000
 0.5656566   0.1742024642E+001   0.8600268247E+000   0.1008438035E+001   0.9810635823E+000
 0.5757576   0.1735475774E+001   0.8884916754E+000   0.1012944501E+001   0.1004099174E+001
 0.5858586   0.1743601947E+001   0.8448157988E+000   0.1013554028E+001   0.1016546504E+001
 0.5959596   0.1737294294E+001   0.8883810004E+000   0.1016228330E+001   0.1014066050E+001
 0.6060606   0.1754984717E+001   0.8142490926E+000   0.1008768170E+001   0.9875376184E+000
 0.6161616   0.1742464514E+001   0.8192488873E+000   0.1014918654E+001   0.9873682818E+000
 0.6262626   0.1745167199E+001   0.8449138530E+000   0.1006057376E+001   0.9753126788E+000
 0.6363636   0.1757452546E+001   0.8649363319E+000   0.1016892165E+001   0.9495328167E+000
 0.6464646   0.1772376763E+001   0.8428061726E+000   0.1010927779E+001   0.1004059202E+001
 0.6565657   0.1757272150E+001   0.8511068026E+000   0.1014670219E+001   0.1011325413E+001
 0.6666667   0.1771551722E+001   0.8420848429E+000   0.1016968007E+001   0.1035223677E+001
 0.6767677   0.1777841360E+001   0.8678226211E+000   0.1012914381E+001   0.9743184622E+000
 0.6868687   0.1782729778E+001   0.8248632199E+000   0.1021805502E+001   0.1031247537E+001
 0.6969697   0.1813759309E+001   0.8767513808E+000   0.1016349253E+001   0.1059956269E+001
 0.7070707   0.1798938986E+001   0.8574444065E+000   0.1017258363E+001   0.9989660220E+000
 0.7171717   0.1806741468E+001   0.8541280378E+000   0.1017815551E+001   0.1011690250E+001
 0.7272727   0.1807921569E+001   0.8674672959E+000   0.1016270945E+001   0.1000338157E+001
 0.7373737   0.1821053648E+001   0.8412800216E+000   0.1015600537E+001   0.9849488761E+000
 0.7474747   0.1844049621E+001   0.8700642767E+000   0.1013539986E+001   0.1020511016E+001
 0.7575758   0.1842659010E+001   0.8606229168E+000   0.1018176738E+001   0.1008103657E+001
 0.7676768   0.1845030924E+001   0.8661178368E+000   0.1017775433E+001   0.1002602035E+001
 0.7777778   0.1858064091E+001   0.8661246326E+000   0.1016132989E+001   0.1029938631E+001
 0.7878788   0.1868018370E+001   0.8592763701E+000   0.1019118964E+001   0.1013777524E+001
 0.7979798   0.1878628648E+001   0.8763950847E+000   0.1019748810E+001   0.1038459968E+001
 0.8080808   0.1888085221E+001   0.8573832439E+000   0.1020607169E+001   0.9898044032E+000
 0.8181818   0.1900426521E+001   0.8586162030E+000   0.1022895721E+001   0.9889286496E+000
 0.8282828   0.1898757720E+001   0.8622296469E+000   0.1014373118E+001   0.9829902403E+000
 0.8383838   0.1911826840E+001   0.8523708284E+000   0.1014438119E+001   0.1002833873E+001
 0.8484848   0.1925048025E+001   0.9082811542E+000   0.1016211420E+001   0.1047465332E+001
 0.8585859   0.1925563195E+001   0.8747436962E+000   0.1014529308E+001   0.1051876805E+001
 0.8686869   0.1945420097E+001   0.9004911827E+000   0.1015683610E+001   0.1033916224E+001
 0.8787879   0.1948820488E+001   0.8404887920E+000   0.1012891537E+001   0.9880943216E+000
 0.8888889   0.1983389757E+001   0.8614335631E+000   0.1024293730E+001   0.1006661026E+001
 0.8989899   0.1984902814E+001   0.9148274873E+000   0.1023368257E+001   0.1075227087E+001
 0.9090909   0.1992567245E+001   0.8698254515E+000   0.1017123006E+001   0.1014562432E+001
 0.9191919   0.2003005732E+001   0.8594821869E+000   0.1016293456E+001   0.9852359489E+000
 0.9292929   0.1999968627E+001   0.8488437887E+000   0.1014643252E+001   0.9874860180E+000
 0.9393939   0.2032692101E+001   0.9059035819E+000   0.1021516191E+001   0.1056641486E+001
 0.9494949   0.2044070546E+001   0.8709574439E+000   0.1020733120E+001   0.1024947198E+001
 0.9595960   0.2040903617E+001   0.8805463706E+000   0.1011723571E+001   0.9950843620E+000
 0.9696970   0.2071107032E+001   0.8378005528E+000   0.1016332301E+001   0.9639547715E+000
 0.9797980   0.2066978948E+001   0.8516232863E+000   0.1021298116E+001   0.1011589230E+001
 0.9898990   0.2074732689E+001   0.8541503670E+000   0.1011823833E+001   0.1000249492E+001
 1.0000000   0.2082357993E+001   0.8509504984E+000   0.1012291149E+001   0.9995394408E+000


 0.0000000   0.6088181515E-002   0.1328747972E+001   0.9633876539E+000   0.9806863141E+000
 0.0101010   0.6055466698E-002   0.1291497328E+001   0.9630067478E+000   0.9730498478E+000
 0.0202020   0.5887291408E-002   0.1373126104E+001   0.9665394830E+000   0.1048988261E+001
 0.0303030   0.5520517696E-002   0.1325343711E+001   0.9659789952E+000   0.1001935450E+001
 0.0404040   0.5015464354E-002   0.1305499301E+001   0.9725578079E+000   0.9800171136E+000
 0.0505051   0.4399676968E-002   0.1331067578E+001   0.9665895170E+000   0.9920502956E+000
 0.0606061   0.3792029038E-002   0.1331851635E+001   0.9650215174E+000   0.1015117519E+001
 0.0707071   0.3201887790E-002   0.1230294115E+001   0.9691892341E+000   0.9078267206E+000
 0.0808081   0.2698781349E-002   0.1290542932E+001   0.9668503582E+000   0.9591612965E+000
 0.0909091   0.2279243776E-002   0.1414326258E+001   0.9625356427E+000   0.1009737818E+001
 0.1010101   0.1988597545E-002   0.1425853316E+001   0.9709964864E+000   0.9524239325E+000
 0.1111111   0.1776573601E-002   0.1440620977E+001   0.9721060938E+000   0.9837800461E+000
 0.1212121   0.1661359265E-002   0.1416265943E+001   0.9705243268E+000   0.9556866733E+000
 0.1313131   0.1605318768E-002   0.1438095128E+001   0.9688527837E+000   0.9403509837E+000
 0.1414141   0.1610895841E-002   0.1314976456E+001   0.9761295287E+000   0.9627092398E+000
 0.1515152   0.1653090304E-002   0.1433647128E+001   0.9731349595E+000   0.9972087939E+000
 0.1616162   0.1753007681E-002   0.1478137983E+001   0.9741613786E+000   0.9626464828E+000
 0.1717172   0.1909110255E-002   0.1456005697E+001   0.9744309862E+000   0.9807546633E+000
 0.1818182   0.2116925512E-002   0.1363799248E+001   0.9748821413E+000   0.9958821986E+000
 0.1919192   0.2345198590E-002   0.1358035301E+001   0.9832335385E+000   0.1034679051E+001
 0.2020202   0.2654059022E-002   0.1334228021E+001   0.9784380113E+000   0.9940634894E+000
 0.2121212   0.3097102573E-002   0.1367579255E+001   0.9755513045E+000   0.1057528800E+001
 0.2222222   0.3577762582E-002   0.1275387835E+001   0.9745957411E+000   0.9920956546E+000
 0.2323232   0.4209061334E-002   0.1133912708E+001   0.9722971264E+000   0.9959611109E+000
 0.2424242   0.4960682547E-002   0.1143081751E+001   0.9857654464E+000   0.1018472221E+001
 0.2525253   0.5935819762E-002   0.1241493022E+001   0.9840825015E+000   0.1004888134E+001
 0.2626263   0.7095979446E-002   0.1139266674E+001   0.9838500938E+000   0.9852191068E+000
 0.2727273   0.8650436782E-002   0.1024063722E+001   0.9893353062E+000   0.1005134812E+001
 0.2828283   0.1055653506E-001   0.1085769599E+001   0.9833118378E+000   0.9751108860E+000
 0.2929293   0.1299473937E-001   0.1044976921E+001   0.9855647230E+000   0.9827044787E+000
 0.3030303   0.1601458663E-001   0.9847088996E+000   0.9899676054E+000   0.1008531145E+001
 0.3131313   0.1956547859E-001   0.1019816955E+001   0.9881676958E+000   0.9658651074E+000
 0.3232323   0.2450558152E-001   0.9510729341E+000   0.9859979349E+000   0.1002135526E+001
 0.3333333   0.3036339042E-001   0.9181108069E+000   0.9899453630E+000   0.9924852449E+000
 0.3434343   0.3819377796E-001   0.8976677082E+000   0.9963341551E+000   0.9965520205E+000
 0.3535354   0.4797287673E-001   0.8628018002E+000   0.9966052464E+000   0.1002681077E+001
 0.3636364   0.6078594352E-001   0.9347388290E+000   0.9912792002E+000   0.9903347315E+000
 0.3737374   0.7603704417E-001   0.8784787669E+000   0.9985567065E+000   0.1001509821E+001
 0.3838384   0.9643373346E-001   0.8569050897E+000   0.1000741245E+001   0.1008022875E+001
 0.3939394   0.1229825290E+000   0.8614549588E+000   0.9981388479E+000   0.9867258953E+000
 0.4040404   0.1560322468E+000   0.8412798924E+000   0.9974050014E+000   0.1028487238E+001
 0.4141414   0.2006628580E+000   0.9207234955E+000   0.9953925283E+000   0.1014850336E+001
 0.4242424   0.2584006458E+000   0.9302624392E+000   0.1000187387E+001   0.9764685490E+000
 0.4343434   0.3296531451E+000   0.8014466196E+000   0.1007693067E+001   0.1023385905E+001
 0.4444444   0.4206851234E+000   0.8827096692E+000   0.1005308997E+001   0.9949793682E+000
 0.4545455   0.5383876316E+000   0.8637912652E+000   0.1008629731E+001   0.1002956338E+001
 0.4646465   0.7034729430E+000   0.8807157094E+000   0.1009247924E+001   0.1033003875E+001
 0.4747475   0.9087178571E+000   0.8517448418E+000   0.1009175792E+001   0.9860138212E+000
 0.4848485   0.1171075521E+001   0.8741009061E+000   0.1006769813E+001   0.1001498015E+001
 0.4949495   0.1523300370E+001   0.8459408154E+000   0.1011469152E+001   0.9867116041E+000
 0.5050505   0.1740319567E+001   0.8452686472E+000   0.1017514143E+001   0.1003524879E+001
 0.5151515   0.1733881832E+001   0.8365680350E+000   0.1008640250E+001   0.9690756543E+000
 0.5252525   0.1730983900E+001   0.8302905684E+000   0.1013104313E+001   0.9968366016E+000
 0.5353535   0.1738250391E+001   0.8782382894E+000   0.1012010860E+001   0.1017385469E+001
 0.5454545   0.1730110611E+001   0.8720793915E+000   0.1010730033E+001   0.1028075279E+001
 0.5555556   0.1718316027E+001   0.8381753938E+000   0.1013029127E+001   0.9687407433E+000
 0.5656566   0.1742729991E+001   0.8601047774E+000   0.1007522203E+001   0.9801774235E+000
 0.5757576   0.1737186608E+001   0.8890881698E+000   0.1010279111E+001   0.1001461976E+001
 0.5858586   0.1744405562E+001   0.8449396605E+000   0.1013813103E+001   0.1016811336E+001
 0.5959596   0.1734650045E+001   0.8867501934E+000   0.1014822450E+001   0.1012668133E+001
 0.6060606   0.1754941283E+001   0.8139731631E+000   0.1010172039E+001   0.9889167969E+000
 0.6161616   0.1740945452E+001   0.8182775447E+000   0.1013663213E+001   0.9861517623E+000
 0.6262626   0.1745675750E+001   0.8448945710E+000   0.1007141546E+001   0.9763685107E+000
 0.6363636   0.1756807716E+001   0.8643473696E+000   0.1016304197E+001   0.9489884547E+000
 0.6464646   0.1772168049E+001   0.8424422007E+000   0.1011398943E+001   0.1004532097E+001
 0.6565657   0.1756017244E+001   0.8502318371E+000   0.1014650245E+001   0.1011310470E+001
 0.6666667   0.1770036648E+001   0.8411003693E+000   0.1015860327E+001   0.1034101190E+001
 0.6767677   0.1782169582E+001   0.8696620909E+000   0.1013963182E+001   0.9753320887E+000
 0.6868687   0.1782932335E+001   0.8246977948E+000   0.1022410990E+001   0.1031863687E+001
 0.6969697   0.1808858245E+001   0.8741075861E+000   0.1017176149E+001   0.1060823852E+001
 0.7070707   0.1796863616E+001   0.8561861620E+000   0.1017408353E+001   0.9991182211E+000
 0.7171717   0.1804732912E+001   0.8529104900E+000   0.1017133422E+001   0.1011017190E+001
 0.7272727   0.1809601210E+001   0.8680004577E+000   0.1016985362E+001   0.1001046289E+001
 0.7373737   0.1821195299E+001   0.8410811645E+000   0.1016486049E+001   0.9858125019E+000
 0.7474747   0.1844590731E+001   0.8700461871E+000   0.1014694432E+001   0.1021678418E+001
 0.7575758   0.1841092862E+001   0.8596213173E+000   0.1020254610E+001   0.1010165932E+001
 0.7676768   0.1847878674E+001   0.8671821660E+000   0.1017940872E+001   0.1002769931E+001
 0.7777778   0.1860023229E+001   0.8667655052E+000   0.1016498360E+001   0.1030314025E+001
 0.7878788   0.1865288115E+001   0.8577509362E+000   0.1017733888E+001   0.1012404678E+001
 0.7979798   0.1879244854E+001   0.8764071528E+000   0.1020072103E+001   0.1038794293E+001
 0.8080808   0.1890005347E+001   0.8579855688E+000   0.1021513540E+001   0.9906882831E+000
 0.8181818   0.1898551487E+001   0.8574996037E+000   0.1022392562E+001   0.9884470517E+000
 0.8282828   0.1896428368E+001   0.8609013594E+000   0.1014917061E+001   0.9835221833E+000
 0.8383838   0.1911017481E+001   0.8517423368E+000   0.1015189334E+001   0.1003581422E+001
 0.8484848   0.1928234275E+001   0.9094987038E+000   0.1018907020E+001   0.1050248992E+001
 0.8585859   0.1927293854E+001   0.8752548645E+000   0.1016277390E+001   0.1053694412E+001
 0.8686869   0.1948268176E+001   0.9015262043E+000   0.1017770255E+001   0.1036045413E+001
 0.8787879   0.1948856585E+001   0.8402403279E+000   0.1014989556E+001   0.9901458392E+000
 0.8888889   0.1983462271E+001   0.8611944414E+000   0.1024272096E+001   0.1006644707E+001
 0.8989899   0.1983440924E+001   0.9138665447E+000   0.1022549887E+001   0.1074372521E+001
 0.9090909   0.1990695195E+001   0.8687352503E+000   0.1017362414E+001   0.1014806220E+001
 0.9191919   0.2003665559E+001   0.8594952336E+000   0.1018102259E+001   0.9869943212E+000
 0.9292929   0.2004636006E+001   0.8505574838E+000   0.1015610407E+001   0.9884321391E+000
 0.9393939   0.2033035807E+001   0.9057721364E+000   0.1021302150E+001   0.1056425272E+001
 0.9494949   0.2044490691E+001   0.8708628088E+000   0.1021444850E+001   0.1025666903E+001
 0.9595960   0.2042727407E+001   0.8810563859E+000   0.1012733830E+001   0.9960828967E+000
 0.9696970   0.2070824375E+001   0.8374230664E+000   0.1017203503E+001   0.9647858118E+000
 0.9797980   0.2069981240E+001   0.8525923583E+000   0.1020307819E+001   0.1010613309E+001
 0.9898990   0.2077036318E+001   0.8548301357E+000   0.1013514267E+001   0.1001925508E+001
 1.0000000   0.2085116214E+001   0.8518099711E+000   0.1014311263E+001   0.1001539024E+001


 0.0000000   0.6064268485E-002   0.1325943020E+001   0.9638290384E+000   0.9811328011E+000
 0.0101010   0.6040907417E-002   0.1290742142E+001   0.9627829121E+000   0.9728208787E+000
 0.0202020   0.5853351586E-002   0.1367700229E+001   0.9672038664E+000   0.1049706298E+001
 0.0303030   0.5512248545E-002   0.1325772251E+001   0.9674174243E+000   0.1003424534E+001
 0.0404040   0.4995260699E-002   0.1302611993E+001   0.9717723635E+000   0.9792228275E+000
 0.0505051   0.4386410302E-002   0.1329474419E+001   0.9676901500E+000   0.9931770625E+000
 0.0606061   0.3774339187E-002   0.1328056459E+001   0.9654777320E+000   0.1015594494E+001
 0.0707071   0.3193623329E-002   0.1229356804E+001   0.9691502955E+000   0.9077876353E+000
 0.0808081   0.2680162343E-002   0.1283977093E+001   0.9651135278E+000   0.9574355237E+000
 0.0909091   0.2272401513E-002   0.1412652410E+001   0.9647252886E+000   0.1012031931E+001
 0.1010101   0.1978593888E-002   0.1421268178E+001   0.9721437100E+000   0.9535464691E+000
 0.1111111   0.1767332239E-002   0.1435741150E+001   0.9710572108E+000   0.9827157394E+000
 0.1212121   0.1657908500E-002   0.1415902115E+001   0.9708459156E+000   0.9560005948E+000
 0.1313131   0.1600909107E-002   0.1436760651E+001   0.9680833530E+000   0.9396014846E+000
 0.1414141   0.1603589636E-002   0.1311399989E+001   0.9761319940E+000   0.9627089012E+000
 0.1515152   0.1646141567E-002   0.1430224753E+001   0.9726246908E+000   0.9966830341E+000
 0.1616162   0.1742162290E-002   0.1471672536E+001   0.9732020130E+000   0.9616956901E+000
 0.1717172   0.1892866994E-002   0.1446250694E+001   0.9748267914E+000   0.9811502140E+000
 0.1818182   0.2104197934E-002   0.1358072259E+001   0.9760556221E+000   0.9970780885E+000
 0.1919192   0.2337887857E-002   0.1356271165E+001   0.9838051212E+000   0.1035277562E+001
 0.2020202   0.2641925552E-002   0.1330550843E+001   0.9767965309E+000   0.9923929394E+000
 0.2121212   0.3073577496E-002   0.1359666825E+001   0.9759122271E+000   0.1057917008E+001
 0.2222222   0.3565209604E-002   0.1273231101E+001   0.9744324734E+000   0.9919266011E+000
 0.2323232   0.4176707897E-002   0.1127249081E+001   0.9718673447E+000   0.9955180046E+000
 0.2424242   0.4943709216E-002   0.1141248427E+001   0.9862383648E+000   0.1018957898E+001
 0.2525253   0.5913212793E-002   0.1239020534E+001   0.9833602391E+000   0.1004147712E+001
 0.2626263   0.7085635255E-002   0.1139680862E+001   0.9828039000E+000   0.9841686254E+000
 0.2727273   0.8597592973E-002   0.1019664370E+001   0.9891796069E+000   0.1004973735E+001
 0.2828283   0.1052091545E-001   0.1084079750E+001   0.9818175141E+000   0.9736262237E+000
 0.2929293   0.1295925687E-001   0.1044024384E+001   0.9873934293E+000   0.9845250450E+000
 0.3030303   0.1596719392E-001   0.9835855685E+000   0.9896128332E+000   0.1008166819E+001
 0.3131313   0.1951186905E-001   0.1018877668E+001   0.9884270592E+000   0.9661158372E+000
 0.3232323   0.2450431081E-001   0.9527582549E+000   0.9869220926E+000   0.1003071923E+001
 0.3333333   0.3030431858E-001   0.9179959745E+000   0.9911983900E+000   0.9937386274E+000
 0.3434343   0.3823130545E-001   0.9001886434E+000   0.9964059873E+000   0.9966210008E+000
 0.3535354   0.4790158953E-001   0.8630910710E+000   0.9957612774E+000   0.1001829080E+001
 0.3636364   0.6068203017E-001   0.9348429167E+000   0.9925949384E+000   0.9916463628E+000
 0.3737374   0.7599586864E-001   0.8796045043E+000   0.9996792435E+000   0.1002632793E+001
 0.3838384   0.9614343497E-001   0.8558837761E+000   0.1000506711E+001   0.1007783736E+001
 0.3939394   0.1229998810E+000   0.8631479937E+000   0.1000041562E+001   0.9886040087E+000
 0.4040404   0.1560695003E+000   0.8430155876E+000   0.9983982355E+000   0.1029508462E+001
 0.4141414   0.2004660497E+000   0.9214981826E+000   0.9954058298E+000   0.1014860977E+001
 0.4242424   0.2581243429E+000   0.9309626831E+000   0.1000092501E+001   0.9763731032E+000
 0.4343434   0.3293112589E+000   0.8020757301E+000   0.1005584640E+001   0.1021241704E+001
 0.4444444   0.4211461143E+000   0.8852887509E+000   0.1006112328E+001   0.9957715795E+000
 0.4545455   0.5394330966E+000   0.8670472015E+000   0.1008801408E+001   0.1003124162E+001
 0.4646465   0.7019572961E+000   0.8804211267E+000   0.1009800758E+001   0.1033566748E+001
 0.4747475   0.9089344461E+000   0.8535017783E+000   0.1009475010E+001   0.9863033339E+000
 0.4848485   0.1174675550E+001   0.8783872334E+000   0.1007371370E+001   0.1002093538E+001
 0.4949495   0.1522863990E+001   0.8472410065E+000   0.1011642591E+001   0.9868779584E+000
 0.5050505   0.1745098032E+001   0.8491355121E+000   0.1017389946E+001   0.1003399503E+001
 0.5151515   0.1735239242E+001   0.8387500309E+000   0.1010329054E+001   0.9706954208E+000
 0.5252525   0.1732082861E+001   0.8323330864E+000   0.1012924608E+001   0.9966569148E+000
 0.5353535   0.1737888610E+001   0.8796570484E+000   0.1013312131E+001   0.1018690719E+001
 0.5454545   0.1727124712E+001   0.8721622207E+000   0.1011023320E+001   0.1028370640E+001
 0.5555556   0.1718894743E+001   0.8399870059E+000   0.1012007873E+001   0.9677613529E+000
 0.5656566   0.1743849302E+001   0.8622270129E+000   0.1007909767E+001   0.9805516468E+000
 0.5757576   0.1735880857E+001   0.8900403403E+000   0.1010213200E+001   0.1001393758E+001
 0.5858586   0.1744648726E+001   0.8465988012E+000   0.1012885973E+001   0.1015878542E+001
 0.5959596   0.1738662977E+001   0.8904227443E+000   0.1014749482E+001   0.1012592407E+001
 0.6060606   0.1755873885E+001   0.8158911714E+000   0.1010332353E+001   0.9890708912E+000
 0.6161616   0.1743176970E+001   0.8208208268E+000   0.1012621599E+001   0.9851355836E+000
 0.6262626   0.1745207046E+001   0.8462083696E+000   0.1006756268E+001   0.9759921968E+000
 0.6363636   0.1758110961E+001   0.8665662773E+000   0.1015906398E+001   0.9486142749E+000
 0.6464646   0.1770386122E+001   0.8431301629E+000   0.1012770226E+001   0.1005891175E+001
 0.6565657   0.1760597994E+001   0.8540045959E+000   0.1013356447E+001   0.1010018024E+001
 0.6666667   0.1772563264E+001   0.8438373185E+000   0.1014825060E+001   0.1033044362E+001
 0.6767677   0.1781035492E+001   0.8706939059E+000   0.1013531690E+001   0.9749142316E+000
 0.6868687   0.1784148546E+001   0.8267656044E+000   0.1024745164E+001   0.1034216466E+001
 0.6969697   0.1808901374E+001   0.8757228112E+000   0.1016862902E+001   0.1060494112E+001
 0.7070707   0.1795991814E+001   0.8573316572E+000   0.1016439809E+001   0.9981642160E+000
 0.7171717   0.1805354876E+001   0.8547606467E+000   0.1015838799E+001   0.1009727447E+001
 0.7272727   0.1809803710E+001   0.8696809730E+000   0.1017323601E+001   0.1001376346E+001
 0.7373737   0.1818776558E+001   0.8414961883E+000   0.1015474539E+001   0.9848286818E+000
 0.7474747   0.1842723575E+001   0.8707508286E+000   0.1014332797E+001   0.1021311356E+001
 0.7575758   0.1841110082E+001   0.8611972951E+000   0.1021116104E+001   0.1011015999E+001
 0.7676768   0.1845843161E+001   0.8678069012E+000   0.1017133990E+001   0.1001972192E+001
 0.7777778   0.1860585446E+001   0.8686089280E+000   0.1016974041E+001   0.1030793205E+001
 0.7878788   0.1865195690E+001   0.8592728686E+000   0.1017941398E+001   0.1012608188E+001
 0.7979798   0.1878797840E+001   0.8777968424E+000   0.1019950122E+001   0.1038667085E+001
 0.8080808   0.1889006537E+001   0.8590962622E+000   0.1020632593E+001   0.9898310716E+000
 0.8181818   0.1895443048E+001   0.8576571385E+000   0.1021600459E+001   0.9876784061E+000
 0.8282828   0.1896513133E+001   0.8625101671E+000   0.1016215405E+001   0.9847775315E+000
 0.8383838   0.1906439755E+001   0.8512518705E+000   0.1013973390E+001   0.1002376497E+001
 0.8484848   0.1925703750E+001   0.9099618403E+000   0.1017980652E+001   0.1049291110E+001
 0.8585859   0.1928967907E+001   0.8776129381E+000   0.1016080855E+001   0.1053487610E+001
 0.8686869   0.1948888336E+001   0.9034580522E+000   0.1018035064E+001   0.1036311995E+001
 0.8787879   0.1949893689E+001   0.8422208586E+000   0.1016190392E+001   0.9913144301E+000
 0.8888889   0.1982369208E+001   0.8622897739E+000   0.1024137851E+001   0.1006509876E+001
 0.8989899   0.1983637602E+001   0.9156241935E+000   0.1021572094E+001   0.1073342086E+001
 0.9090909   0.1989264050E+001   0.8696941090E+000   0.1016023695E+001   0.1013467948E+001
 0.9191919   0.2002731772E+001   0.8606616375E+000   0.1018224834E+001   0.9871103114E+000
 0.9292929   0.2007167782E+001   0.8531850544E+000   0.1014902049E+001   0.9877398953E+000
 0.9393939   0.2030436473E+001   0.9062640514E+000   0.1020175315E+001   0.1055256649E+001
 0.9494949   0.2046428242E+001   0.8732780524E+000   0.1023246247E+001   0.1027472789E+001
 0.9595960   0.2042311013E+001   0.8824834814E+000   0.1012066695E+001   0.9954238663E+000
 0.9696970   0.2070513283E+001   0.8388244683E+000   0.1017892147E+001   0.9654361912E+000
 0.9797980   0.2067289878E+001   0.8530369093E+000   0.1018252819E+001   0.1008574933E+001
 0.9898990   0.2079707660E+001   0.8574907489E+000   0.1014564020E+001   0.1002960372E+001
 1.0000000   0.2081926660E+001   0.8520582760E+000   0.1013679345E+001   0.1000912184E+001


 0.0000000   0.5975777956E-002   0.1312786748E+001   0.9634340162E+000   0.9807298054E+000
 0.0101010   0.5946278344E-002   0.1276544139E+001   0.9623984237E+000   0.9724315074E+000
 0.0202020   0.5781542790E-002   0.1357323425E+001   0.9692318323E+000   0.1051906303E+001
 0.0303030   0.5425994836E-002   0.1311211655E+001   0.9673552065E+000   0.1003359098E+001
 0.0404040   0.4917532266E-002   0.1288419898E+001   0.9702172600E+000   0.9776549224E+000
 0.0505051   0.4321421130E-002   0.1315984018E+001   0.9678419504E+000   0.9933319680E+000
 0.0606061   0.3714412130E-002   0.1313164073E+001   0.9652541832E+000   0.1015358429E+001
 0.0707071   0.3145459015E-002   0.1216554527E+001   0.9699523196E+000   0.9085380616E+000
 0.0808081   0.2638427696E-002   0.1269973513E+001   0.9652813475E+000   0.9576011475E+000
 0.0909091   0.2237699489E-002   0.1397672110E+001   0.9648127373E+000   0.1012122758E+001
 0.1010101   0.1948424999E-002   0.1406229984E+001   0.9715037567E+000   0.9529179015E+000
 0.1111111   0.1741292352E-002   0.1421290758E+001   0.9693184287E+000   0.9809551996E+000
 0.1212121   0.1633139277E-002   0.1401358291E+001   0.9709705698E+000   0.9561224833E+000
 0.1313131   0.1576614789E-002   0.1421662924E+001   0.9683251457E+000   0.9398353187E+000
 0.1414141   0.1579385703E-002   0.1297727263E+001   0.9753670268E+000   0.9619535885E+000
 0.1515152   0.1624692408E-002   0.1418278603E+001   0.9734103098E+000   0.9974871891E+000
 0.1616162   0.1717609012E-002   0.1457807492E+001   0.9739013748E+000   0.9623859180E+000
 0.1717172   0.1868474526E-002   0.1434379119E+001   0.9748245502E+000   0.9811470762E+000
 0.1818182   0.2075650187E-002   0.1345995916E+001   0.9767099527E+000   0.9977456153E+000
 0.1919192   0.2312017435E-002   0.1347619384E+001   0.9822347574E+000   0.1033624108E+001
 0.2020202   0.2622638258E-002   0.1327096741E+001   0.9769361137E+000   0.9925338586E+000
 0.2121212   0.3052393044E-002   0.1356694549E+001   0.9774905737E+000   0.1059627029E+001
 0.2222222   0.3530341422E-002   0.1266753668E+001   0.9733912038E+000   0.9908657467E+000
 0.2323232   0.4142183705E-002   0.1123229326E+001   0.9708807866E+000   0.9945065442E+000
 0.2424242   0.4921738331E-002   0.1141560901E+001   0.9870916986E+000   0.1019838625E+001
 0.2525253   0.5872399084E-002   0.1236299944E+001   0.9832871736E+000   0.1004072199E+001
 0.2626263   0.7055558059E-002   0.1140221234E+001   0.9843914140E+000   0.9857574577E+000
 0.2727273   0.8579636871E-002   0.1022356968E+001   0.9899039474E+000   0.1005708736E+001
 0.2828283   0.1050074696E-001   0.1087129263E+001   0.9837403454E+000   0.9755321358E+000
 0.2929293   0.1293101898E-001   0.1046686407E+001   0.9892948338E+000   0.9864200391E+000
 0.3030303   0.1593468785E-001   0.9862349747E+000   0.9914274448E+000   0.1010014544E+001
 0.3131313   0.1948985301E-001   0.1022551113E+001   0.9878218945E+000   0.9655234645E+000
 0.3232323   0.2445888186E-001   0.9554987400E+000   0.9880228140E+000   0.1004189754E+001
 0.3333333   0.3023984965E-001   0.9203842382E+000   0.9920999327E+000   0.9946415865E+000
 0.3434343   0.3822227868E-001   0.9042411521E+000   0.9966216163E+000   0.9968357802E+000
 0.3535354   0.4776445482E-001   0.8646987182E+000   0.9970555163E+000   0.1003130304E+001
 0.3636364   0.6066077105E-001   0.9389441432E+000   0.9939864505E+000   0.9930356523E+000
 0.3737374   0.7584120765E-001   0.8819744261E+000   0.9998444202E+000   0.1002797556E+001
 0.3838384   0.9603317789E-001   0.8589536939E+000   0.1000951950E+001   0.1008231306E+001
 0.3939394   0.1229325826E+000   0.8667640115E+000   0.1001187900E+001   0.9897363466E+000
 0.4040404   0.1560091544E+000   0.8466831940E+000   0.9983244802E+000   0.1029431483E+001
 0.4141414   0.2006315891E+000   0.9266297833E+000   0.9955639826E+000   0.1015021309E+001
 0.4242424   0.2577068050E+000   0.9338615350E+000   0.1001297891E+001   0.9775490259E+000
 0.4343434   0.3290815792E+000   0.8053147622E+000   0.1004408694E+001   0.1020046532E+001
 0.4444444   0.4212508513E+000   0.8897054086E+000   0.1006170549E+001   0.9958283067E+000
 0.4545455   0.5408806677E+000   0.8734939524E+000   0.1009857329E+001   0.1004173238E+001
 0.4646465   0.7019636518E+000   0.8846015154E+000   0.1008732444E+001   0.1032472363E+001
 0.4747475   0.9095111484E+000   0.8580906825E+000   0.1008990798E+001   0.9858293507E+000
 0.4848485   0.1176524479E+001   0.8839390993E+000   0.1007744036E+001   0.1002463350E+001
 0.4949495   0.1520957972E+001   0.8501907097E+000   0.1012069411E+001   0.9872934419E+000
 0.5050505   0.1744545284E+001   0.8528893941E+000   0.1017903505E+001   0.1003905097E+001
 0.5151515   0.1736992130E+001   0.8435762240E+000   0.1011907393E+001   0.9722109707E+000
 0.5252525   0.1732407114E+001   0.8364341275E+000   0.1014058650E+001   0.9977718465E+000
 0.5353535   0.1734650240E+001   0.8821788914E+000   0.1014817771E+001   0.1020203434E+001
 0.5454545   0.1729127685E+001   0.8773117136E+000   0.1011031807E+001   0.1028378348E+001
 0.5555556   0.1720418540E+001   0.8447159409E+000   0.1011565856E+001   0.9673377912E+000
 0.5656566   0.1742452242E+001   0.8656191347E+000   0.1007717317E+001   0.9803635397E+000
 0.5757576   0.1734889564E+001   0.8937476301E+000   0.1009916102E+001   0.1001098355E+001
 0.5858586   0.1745902274E+001   0.8512220664E+000   0.1013369903E+001   0.1016362987E+001
 0.5959596   0.1744433582E+001   0.8976118314E+000   0.1015492847E+001   0.1013333280E+001
 0.6060606   0.1759164507E+001   0.8212940180E+000   0.1009395886E+001   0.9881532433E+000
 0.6161616   0.1745352487E+001   0.8257400102E+000   0.1013693644E+001   0.9861776431E+000
 0.6262626   0.1746534640E+001   0.8508653808E+000   0.1008153125E+001   0.9773454910E+000
 0.6363636   0.1757412299E+001   0.8703269973E+000   0.1015328569E+001   0.9480738678E+000
 0.6464646   0.1767271990E+001   0.8456357124E+000   0.1012316007E+001   0.1005439138E+001
 0.6565657   0.1764386109E+001   0.8598979754E+000   0.1013337783E+001   0.1009998514E+001
 0.6666667   0.1775418308E+001   0.8492019231E+000   0.1015465642E+001   0.1033695515E+001
 0.6767677   0.1778749069E+001   0.8736971277E+000   0.1012633200E+001   0.9740490998E+000
 0.6868687   0.1789425807E+001   0.8331407521E+000   0.1023285564E+001   0.1032742447E+001
 0.6969697   0.1807129971E+001   0.8790112913E+000   0.1016588080E+001   0.1060206544E+001
 0.7070707   0.1797240655E+001   0.8619935838E+000   0.1015963507E+001   0.9976955816E+000
 0.7171717   0.1807496617E+001   0.8598302503E+000   0.1016123172E+001   0.1010009201E+001
 0.7272727   0.1808440682E+001   0.8731443618E+000   0.1016720830E+001   0.1000782123E+001
 0.7373737   0.1818368713E+001   0.8452945068E+000   0.1014433117E+001   0.9838178040E+000
 0.7474747   0.1840237652E+001   0.8736971277E+000   0.1013298969E+001   0.1020269498E+001
 0.7575758   0.1841303598E+001   0.8653695193E+000   0.1019318613E+001   0.1009235380E+001
 0.7676768   0.1847368388E+001   0.8726399710E+000   0.1016793722E+001   0.1001636095E+001
 0.7777778   0.1861619053E+001   0.8732101519E+000   0.1015982300E+001   0.1029787062E+001
 0.7878788   0.1863159464E+001   0.8624025145E+000   0.1017278530E+001   0.1011947883E+001
 0.7979798   0.1877762310E+001   0.8814706803E+000   0.1019431791E+001   0.1038138308E+001
 0.8080808   0.1885804914E+001   0.8617046233E+000   0.1019642268E+001   0.9888697445E+000
 0.8181818   0.1892544016E+001   0.8604036562E+000   0.1020555034E+001   0.9866668070E+000
 0.8282828   0.1897973956E+001   0.8672651773E+000   0.1016488153E+001   0.9850409565E+000
 0.8383838   0.1904870226E+001   0.8545818768E+000   0.1013595836E+001   0.1002002361E+001
 0.8484848   0.1924642576E+001   0.9137703975E+000   0.1016665160E+001   0.1047934215E+001
 0.8585859   0.1931026318E+001   0.8827129523E+000   0.1015742890E+001   0.1053136257E+001
 0.8686869   0.1948954877E+001   0.9077705978E+000   0.1017636888E+001   0.1035905739E+001
 0.8787879   0.1951188534E+001   0.8467741392E+000   0.1015216976E+001   0.9903639530E+000
 0.8888889   0.1981051602E+001   0.8658003800E+000   0.1024490081E+001   0.1006855138E+001
 0.8989899   0.1980872016E+001   0.9186807905E+000   0.1020603025E+001   0.1072322944E+001
 0.9090909   0.1990280511E+001   0.8742621486E+000   0.1015969954E+001   0.1013413431E+001
 0.9191919   0.2001099651E+001   0.8640356571E+000   0.1018235268E+001   0.9871195385E+000
 0.9292929   0.2006305329E+001   0.8568600205E+000   0.1014897433E+001   0.9877345151E+000
 0.9393939   0.2028947938E+001   0.9098913612E+000   0.1018668735E+001   0.1053697313E+001
 0.9494949   0.2042556652E+001   0.8757566161E+000   0.1019920405E+001   0.1024132289E+001
 0.9595960   0.2042004698E+001   0.8865326485E+000   0.1013052209E+001   0.9963922781E+000
 0.9696970   0.2065388568E+001   0.8407137094E+000   0.1015967689E+001   0.9636100421E+000
 0.9797980   0.2067499442E+001   0.8571663960E+000   0.1018484531E+001   0.1008803536E+001
 0.9898990   0.2078668869E+001   0.8611241224E+000   0.1014167316E+001   0.1002567304E+001
 1.0000000   0.2087172188E+001   0.8582532228E+000   0.1015744154E+001   0.1002950086E+001


 0.0000000   0.6032728466E-002   0.1320887059E+001   0.9628619314E+000   0.9801521159E+000
 0.0101010   0.6007059367E-002   0.1285300571E+001   0.9617346086E+000   0.9717653975E+000
 0.0202020   0.5845451465E-002   0.1367759797E+001   0.9688890118E+000   0.1051539246E+001
 0.0303030   0.5477836009E-002   0.1319333611E+001   0.9665057991E+000   0.1002482849E+001
 0.0404040   0.4953846216E-002   0.1293614578E+001   0.9678003849E+000   0.9752241616E+000
 0.0505051   0.4366901714E-002   0.1325408088E+001   0.9681563975E+000   0.9936594264E+000
 0.0606061   0.3749873663E-002   0.1321288682E+001   0.9650782582E+000   0.1015178204E+001
 0.0707071   0.3185010636E-002   0.1227751888E+001   0.9706291996E+000   0.9091764114E+000
 0.0808081   0.2664234666E-002   0.1278127315E+001   0.9647404778E+000   0.9570691368E+000
 0.0909091   0.2260149203E-002   0.1406995866E+001   0.9651004621E+000   0.1012429410E+001
 0.1010101   0.1967724354E-002   0.1415432283E+001   0.9717194529E+000   0.9531340081E+000
 0.1111111   0.1761981958E-002   0.1433391655E+001   0.9692571207E+000   0.9808978247E+000
 0.1212121   0.1648952591E-002   0.1410218178E+001   0.9716214625E+000   0.9567679767E+000
 0.1313131   0.1592244904E-002   0.1430978419E+001   0.9673799410E+000   0.9389223928E+000
 0.1414141   0.1594841574E-002   0.1306065476E+001   0.9750405938E+000   0.9616362220E+000
 0.1515152   0.1641602432E-002   0.1428270815E+001   0.9717296764E+000   0.9957697258E+000
 0.1616162   0.1730539125E-002   0.1463893443E+001   0.9744881150E+000   0.9629703043E+000
 0.1717172   0.1884615691E-002   0.1441955146E+001   0.9741219235E+000   0.9804445593E+000
 0.1818182   0.2086617210E-002   0.1348604299E+001   0.9757527833E+000   0.9967725756E+000
 0.1919192   0.2328335695E-002   0.1352614118E+001   0.9819859705E+000   0.1033367224E+001
 0.2020202   0.2646040099E-002   0.1334482205E+001   0.9764353778E+000   0.9920298500E+000
 0.2121212   0.3071516387E-002   0.1360650660E+001   0.9781014132E+000   0.1060294243E+001
 0.2222222   0.3553174669E-002   0.1270703408E+001   0.9744582105E+000   0.9919566302E+000
 0.2323232   0.4162271506E-002   0.1124920054E+001   0.9717889487E+000   0.9954415442E+000
 0.2424242   0.4948615178E-002   0.1143974709E+001   0.9878664865E+000   0.1020643975E+001
 0.2525253   0.5910589683E-002   0.1240198706E+001   0.9835826660E+000   0.1004378719E+001
 0.2626263   0.7091116559E-002   0.1142153707E+001   0.9840558524E+000   0.9854261210E+000
 0.2727273   0.8613415618E-002   0.1022966079E+001   0.9887050921E+000   0.1004495522E+001
 0.2828283   0.1054839610E-001   0.1088427729E+001   0.9830998708E+000   0.9749016458E+000
 0.2929293   0.1298794852E-001   0.1047795596E+001   0.9892208415E+000   0.9863509568E+000
 0.3030303   0.1599237423E-001   0.9865110600E+000   0.9913075666E+000   0.1009897226E+001
 0.3131313   0.1955860178E-001   0.1022742826E+001   0.9878536993E+000   0.9655591474E+000
 0.3232323   0.2453092864E-001   0.9551238363E+000   0.9885359342E+000   0.1004716053E+001
 0.3333333   0.3030257354E-001   0.9192237448E+000   0.9921367136E+000   0.9946831962E+000
 0.3434343   0.3824443207E-001   0.9017540145E+000   0.9953728359E+000   0.9955914705E+000
 0.3535354   0.4778474043E-001   0.8621868535E+000   0.9970293012E+000   0.1003108704E+001
 0.3636364   0.6070029086E-001   0.9364288351E+000   0.9940062474E+000   0.9930601572E+000
 0.3737374   0.7591601185E-001   0.8799060680E+000   0.9992477724E+000   0.1002203916E+001
 0.3838384   0.9626739322E-001   0.8581828636E+000   0.1000742694E+001   0.1008025326E+001
 0.3939394   0.1227124859E+000   0.8623325803E+000   0.1001007383E+001   0.9895626041E+000
 0.4040404   0.1558225474E+000   0.8428559004E+000   0.9989420549E+000   0.1030073204E+001
 0.4141414   0.2004756269E+000   0.9228278603E+000   0.9973619037E+000   0.1016859209E+001
 0.4242424   0.2576821622E+000   0.9306644653E+000   0.1000951029E+001   0.9772150429E+000
 0.4343434   0.3291662627E+000   0.8028410666E+000   0.1002018194E+001   0.1017623658E+001
 0.4444444   0.4209935298E+000   0.8862026321E+000   0.1005166850E+001   0.9948396600E+000
 0.4545455   0.5403104864E+000   0.8696690509E+000   0.1008787227E+001   0.1003113934E+001
 0.4646465   0.7003775952E+000   0.8796653273E+000   0.1009354528E+001   0.1033114005E+001
 0.4747475   0.9099082116E+000   0.8556081623E+000   0.1010297799E+001   0.9871110481E+000
 0.4848485   0.1174678133E+001   0.8796146144E+000   0.1007562997E+001   0.1002288032E+001
 0.4949495   0.1519461928E+001   0.8465276332E+000   0.1012527670E+001   0.9877451839E+000
 0.5050505   0.1744819045E+001   0.8501842103E+000   0.1016846791E+001   0.1002867689E+001
 0.5151515   0.1736284953E+001   0.8404263430E+000   0.1013037842E+001   0.9733017059E+000
 0.5252525   0.1730098953E+001   0.8325396080E+000   0.1013614959E+001   0.9973400291E+000
 0.5353535   0.1733669055E+001   0.8787454997E+000   0.1013287266E+001   0.1018669655E+001
 0.5454545   0.1728601873E+001   0.8741259597E+000   0.1011674332E+001   0.1029036795E+001
 0.5555556   0.1719645536E+001   0.8415262890E+000   0.1011979412E+001   0.9677378724E+000
 0.5656566   0.1742601946E+001   0.8628123130E+000   0.1007547165E+001   0.9802026724E+000
 0.5757576   0.1736340727E+001   0.8915181633E+000   0.1010652431E+001   0.1001833023E+001
 0.5858586   0.1742737442E+001   0.8468511467E+000   0.1013102857E+001   0.1016099989E+001
 0.5959596   0.1745030434E+001   0.8949305023E+000   0.1014213160E+001   0.1012061132E+001
 0.6060606   0.1759505920E+001   0.8187194600E+000   0.1009337535E+001   0.9881008230E+000
 0.6161616   0.1746201321E+001   0.8233920445E+000   0.1013208421E+001   0.9857102835E+000
 0.6262626   0.1747833055E+001   0.8486639882E+000   0.1010195522E+001   0.9793301364E+000
 0.6363636   0.1757604229E+001   0.8675251181E+000   0.1017361225E+001   0.9499764040E+000
 0.6464646   0.1766676009E+001   0.8425370502E+000   0.1013538065E+001   0.1006657685E+001
 0.6565657   0.1766113397E+001   0.8578750886E+000   0.1014293031E+001   0.1010955426E+001
 0.6666667   0.1776550312E+001   0.8469152665E+000   0.1014571446E+001   0.1032790182E+001
 0.6767677   0.1776144030E+001   0.8695139976E+000   0.1013257788E+001   0.9746545289E+000
 0.6868687   0.1788607606E+001   0.8299882229E+000   0.1021674047E+001   0.1031120945E+001
 0.6969697   0.1805898564E+001   0.8754887969E+000   0.1017745929E+001   0.1061419125E+001
 0.7070707   0.1798904213E+001   0.8599199272E+000   0.1016630688E+001   0.9983555181E+000
 0.7171717   0.1809835238E+001   0.8580773574E+000   0.1016708547E+001   0.1010595865E+001
 0.7272727   0.1809371362E+001   0.8706862241E+000   0.1017155329E+001   0.1001214577E+001
 0.7373737   0.1822171752E+001   0.8442432197E+000   0.1015242687E+001   0.9846076281E+000
 0.7474747   0.1836947574E+001   0.8692324534E+000   0.1012136795E+001   0.1019104180E+001
 0.7575758   0.1840086493E+001   0.8619192991E+000   0.1018843899E+001   0.1008770164E+001
 0.7676768   0.1847117951E+001   0.8696177551E+000   0.1017491827E+001   0.1002328564E+001
 0.7777778   0.1860283434E+001   0.8696795432E+000   0.1015653917E+001   0.1029459117E+001
 0.7878788   0.1864623940E+001   0.8602078834E+000   0.1017476473E+001   0.1012149606E+001
 0.7979798   0.1879171070E+001   0.8791960870E+000   0.1020351339E+001   0.1039079676E+001
 0.8080808   0.1885175580E+001   0.8585500952E+000   0.1019426083E+001   0.9886647898E+000
 0.8181818   0.1894162025E+001   0.8582732142E+000   0.1020662107E+001   0.9867750215E+000
 0.8282828   0.1899994590E+001   0.8652989953E+000   0.1017804548E+001   0.9863213202E+000
 0.8383838   0.1905840118E+001   0.8521713412E+000   0.1014393603E+001   0.1002795776E+001
 0.8484848   0.1922254901E+001   0.9095993632E+000   0.1016640703E+001   0.1047913994E+001
 0.8585859   0.1931039947E+001   0.8797813258E+000   0.1015115812E+001   0.1052491103E+001
 0.8686869   0.1950992012E+001   0.9056950504E+000   0.1018859307E+001   0.1037155041E+001
 0.8787879   0.1951742263E+001   0.8441954213E+000   0.1015295392E+001   0.9904451642E+000
 0.8888889   0.1980414963E+001   0.8626415211E+000   0.1023683401E+001   0.1006067132E+001
 0.8989899   0.1982547717E+001   0.9163978104E+000   0.1021634615E+001   0.1073411919E+001
 0.9090909   0.1990541582E+001   0.8714667369E+000   0.1015788250E+001   0.1013237007E+001
 0.9191919   0.2001645028E+001   0.8613946825E+000   0.1018217617E+001   0.9871071256E+000
 0.9292929   0.2007559367E+001   0.8545420249E+000   0.1015826065E+001   0.9886429982E+000
 0.9393939   0.2026785933E+001   0.9058967363E+000   0.1017353260E+001   0.1052341613E+001
 0.9494949   0.2039002964E+001   0.8713233417E+000   0.1018737224E+001   0.1022949091E+001
 0.9595960   0.2043337850E+001   0.8841589593E+000   0.1013989267E+001   0.9973186733E+000
 0.9696970   0.2065943441E+001   0.8381407637E+000   0.1016779931E+001   0.9643850155E+000
 0.9797980   0.2067267949E+001   0.8542179285E+000   0.1018694598E+001   0.1009016409E+001
 0.9898990   0.2079305388E+001   0.8585209498E+000   0.1013661754E+001   0.1002072295E+001
 1.0000000   0.2087768999E+001   0.8556413880E+000   0.1016487009E+001   0.1003688360E+001


