# Evolution of the weightfunction during equilibration phase for fractional: N2
# Weightfunction after cycle        414
 0.0000000    0.4100000000E+001    0.2000000000E+001
 0.0101010    0.4500000000E+001    0.2400000000E+001
 0.0202020    0.3700000000E+001    0.2000000000E+001
 0.0303030    0.3400000000E+001    0.1300000000E+001
 0.0404040    0.3900000000E+001    0.2500000000E+001
 0.0505051    0.4300000000E+001    0.3100000000E+001
 0.0606061    0.3900000000E+001    0.2200000000E+001
 0.0707071    0.3000000000E+001    0.2000000000E+001
 0.0808081    0.4000000000E+001    0.2200000000E+001
 0.0909091    0.3800000000E+001    0.1600000000E+001
 0.1010101    0.3600000000E+001    0.2000000000E+001
 0.1111111    0.3500000000E+001    0.1600000000E+001
 0.1212121    0.3600000000E+001    0.1600000000E+001
 0.1313131    0.4100000000E+001    0.1800000000E+001
 0.1414141    0.4200000000E+001    0.1800000000E+001
 0.1515152    0.3800000000E+001    0.2800000000E+001
 0.1616162    0.3800000000E+001    0.2400000000E+001
 0.1717172    0.3800000000E+001    0.1800000000E+001
 0.1818182    0.3300000000E+001    0.1500000000E+001
 0.1919192    0.3300000000E+001    0.1900000000E+001
 0.2020202    0.3000000000E+001    0.1600000000E+001
 0.2121212    0.4000000000E+001    0.2200000000E+001
 0.2222222    0.3100000000E+001    0.1000000000E+001
 0.2323232    0.2600000000E+001    0.2400000000E+001
 0.2424242    0.3200000000E+001    0.2100000000E+001
 0.2525253    0.3800000000E+001    0.2300000000E+001
 0.2626263    0.3200000000E+001    0.2700000000E+001
 0.2727273    0.2400000000E+001    0.1700000000E+001
 0.2828283    0.2500000000E+001    0.2700000000E+001
 0.2929293    0.2300000000E+001    0.2800000000E+001
 0.3030303    0.3200000000E+001    0.2200000000E+001
 0.3131313    0.2400000000E+001    0.1900000000E+001
 0.3232323    0.2500000000E+001    0.1900000000E+001
 0.3333333    0.1700000000E+001    0.2200000000E+001
 0.3434343    0.2500000000E+001    0.2300000000E+001
 0.3535354    0.1400000000E+001    0.2200000000E+001
 0.3636364    0.1600000000E+001    0.3300000000E+001
 0.3737374    0.2400000000E+001    0.2600000000E+001
 0.3838384    0.3500000000E+001    0.2600000000E+001
 0.3939394    0.1300000000E+001    0.2400000000E+001
 0.4040404    0.1800000000E+001    0.1700000000E+001
 0.4141414    0.7000000000E+000    0.2400000000E+001
 0.4242424    0.1900000000E+001    0.2900000000E+001
 0.4343434    0.1300000000E+001    0.2500000000E+001
 0.4444444    0.1900000000E+001    0.2900000000E+001
 0.4545455    0.2200000000E+001    0.2000000000E+001
 0.4646465    0.1800000000E+001    0.2300000000E+001
 0.4747475    0.4000000000E+000    0.3300000000E+001
 0.4848485    0.1800000000E+001    0.3100000000E+001
 0.4949495    0.1100000000E+001    0.2200000000E+001
 0.5050505    0.1400000000E+001    0.2100000000E+001
 0.5151515    0.1800000000E+001    0.2600000000E+001
 0.5252525    0.1500000000E+001    0.3000000000E+001
 0.5353535    0.6000000000E+000    0.1800000000E+001
 0.5454545    0.8000000000E+000    0.2500000000E+001
 0.5555556    0.1500000000E+001    0.2400000000E+001
 0.5656566    0.8000000000E+000    0.2100000000E+001
 0.5757576    0.1400000000E+001    0.2200000000E+001
 0.5858586    0.1500000000E+001    0.2700000000E+001
 0.5959596    0.1800000000E+001    0.2200000000E+001
 0.6060606    0.6000000000E+000    0.2200000000E+001
 0.6161616    0.6000000000E+000    0.2600000000E+001
 0.6262626    0.2400000000E+001    0.2300000000E+001
 0.6363636    0.1000000000E+001    0.2700000000E+001
 0.6464646    0.1400000000E+001    0.2300000000E+001
 0.6565657    0.3000000000E+000    0.1300000000E+001
 0.6666667    0.1700000000E+001    0.2100000000E+001
 0.6767677    0.7000000000E+000    0.2400000000E+001
 0.6868687    0.1300000000E+001    0.2300000000E+001
 0.6969697    0.4000000000E+000    0.2400000000E+001
 0.7070707    0.8000000000E+000    0.1900000000E+001
 0.7171717    0.7000000000E+000    0.1800000000E+001
 0.7272727    0.9000000000E+000    0.2300000000E+001
 0.7373737    0.9000000000E+000    0.2300000000E+001
 0.7474747    0.1100000000E+001    0.2200000000E+001
 0.7575758    0.1400000000E+001    0.2300000000E+001
 0.7676768    0.1200000000E+001    0.2100000000E+001
 0.7777778    0.5000000000E+000    0.1700000000E+001
 0.7878788    0.1100000000E+001    0.2700000000E+001
 0.7979798    0.1100000000E+001    0.2400000000E+001
 0.8080808    0.8000000000E+000    0.2300000000E+001
 0.8181818    0.1300000000E+001    0.2400000000E+001
 0.8282828    0.1000000000E+001    0.2300000000E+001
 0.8383838    0.1000000000E+001    0.2800000000E+001
 0.8484848    0.0000000000E+000    0.1400000000E+001
 0.8585859    0.1000000000E+001    0.1700000000E+001
 0.8686869    0.1200000000E+001    0.2900000000E+001
 0.8787879    0.1100000000E+001    0.2100000000E+001
 0.8888889    0.6000000000E+000    0.1500000000E+001
 0.8989899    0.8000000000E+000    0.2300000000E+001
 0.9090909    0.3000000000E+000    0.1600000000E+001
 0.9191919    0.1000000000E+001    0.2500000000E+001
 0.9292929    0.1300000000E+001    0.2300000000E+001
 0.9393939    0.8000000000E+000    0.2000000000E+001
 0.9494949    0.8000000000E+000    0.2100000000E+001
 0.9595960    0.9000000000E+000    0.2300000000E+001
 0.9696970    0.1000000000E+001    0.2900000000E+001
 0.9797980    0.1000000000E+000    0.1400000000E+001
 0.9898990    0.4000000000E+000    0.1300000000E+001
 1.0000000    0.4000000000E+000    0.1800000000E+001


# Weightfunction after cycle       1619
 0.0000000    0.3150000000E+001    0.1500000000E+001
 0.0101010    0.3775000000E+001    0.1800000000E+001
 0.0202020    0.2700000000E+001    0.1150000000E+001
 0.0303030    0.3300000000E+001    0.1375000000E+001
 0.0404040    0.3550000000E+001    0.1575000000E+001
 0.0505051    0.3325000000E+001    0.1450000000E+001
 0.0606061    0.3675000000E+001    0.1700000000E+001
 0.0707071    0.3300000000E+001    0.1500000000E+001
 0.0808081    0.3850000000E+001    0.2000000000E+001
 0.0909091    0.3725000000E+001    0.1675000000E+001
 0.1010101    0.4125000000E+001    0.1550000000E+001
 0.1111111    0.4075000000E+001    0.1575000000E+001
 0.1212121    0.3825000000E+001    0.1975000000E+001
 0.1313131    0.3600000000E+001    0.1350000000E+001
 0.1414141    0.3625000000E+001    0.1325000000E+001
 0.1515152    0.3725000000E+001    0.1675000000E+001
 0.1616162    0.3500000000E+001    0.1425000000E+001
 0.1717172    0.3675000000E+001    0.1425000000E+001
 0.1818182    0.3900000000E+001    0.1450000000E+001
 0.1919192    0.3750000000E+001    0.1600000000E+001
 0.2020202    0.3625000000E+001    0.1725000000E+001
 0.2121212    0.3950000000E+001    0.1375000000E+001
 0.2222222    0.3675000000E+001    0.1625000000E+001
 0.2323232    0.3000000000E+001    0.1550000000E+001
 0.2424242    0.2925000000E+001    0.1525000000E+001
 0.2525253    0.3300000000E+001    0.1725000000E+001
 0.2626263    0.3400000000E+001    0.1375000000E+001
 0.2727273    0.2850000000E+001    0.1550000000E+001
 0.2828283    0.2550000000E+001    0.1225000000E+001
 0.2929293    0.2800000000E+001    0.1925000000E+001
 0.3030303    0.2325000000E+001    0.1225000000E+001
 0.3131313    0.3000000000E+001    0.1875000000E+001
 0.3232323    0.2200000000E+001    0.1550000000E+001
 0.3333333    0.2550000000E+001    0.1175000000E+001
 0.3434343    0.2350000000E+001    0.1375000000E+001
 0.3535354    0.2575000000E+001    0.9250000000E+000
 0.3636364    0.1850000000E+001    0.1625000000E+001
 0.3737374    0.1625000000E+001    0.1650000000E+001
 0.3838384    0.1950000000E+001    0.1475000000E+001
 0.3939394    0.1975000000E+001    0.1250000000E+001
 0.4040404    0.2075000000E+001    0.1675000000E+001
 0.4141414    0.1525000000E+001    0.1075000000E+001
 0.4242424    0.1675000000E+001    0.1400000000E+001
 0.4343434    0.1500000000E+001    0.1250000000E+001
 0.4444444    0.1050000000E+001    0.1350000000E+001
 0.4545455    0.9750000000E+000    0.1350000000E+001
 0.4646465    0.7750000000E+000    0.9750000000E+000
 0.4747475    0.9250000000E+000    0.1525000000E+001
 0.4848485    0.5250000000E+000    0.1250000000E+001
 0.4949495    0.8750000000E+000    0.1400000000E+001
 0.5050505    0.4000000000E+000    0.1600000000E+001
 0.5151515    0.1300000000E+001    0.1475000000E+001
 0.5252525    0.5500000000E+000    0.9750000000E+000
 0.5353535    0.9000000000E+000    0.1175000000E+001
 0.5454545    0.6000000000E+000    0.1325000000E+001
 0.5555556    0.7000000000E+000    0.1500000000E+001
 0.5656566    0.2250000000E+000    0.1650000000E+001
 0.5757576    0.2750000000E+000    0.1325000000E+001
 0.5858586    0.2500000000E+000    0.1475000000E+001
 0.5959596    0.4500000000E+000    0.1025000000E+001
 0.6060606    0.6500000000E+000    0.1375000000E+001
 0.6161616    0.3250000000E+000    0.1525000000E+001
 0.6262626    0.3250000000E+000    0.1400000000E+001
 0.6363636    0.3250000000E+000    0.1250000000E+001
 0.6464646    0.6500000000E+000    0.1475000000E+001
 0.6565657    0.5500000000E+000    0.1550000000E+001
 0.6666667    0.6750000000E+000    0.1850000000E+001
 0.6767677    0.5000000000E+000    0.1550000000E+001
 0.6868687    0.3500000000E+000    0.1575000000E+001
 0.6969697    0.3000000000E+000    0.1250000000E+001
 0.7070707    0.9250000000E+000    0.1750000000E+001
 0.7171717    0.5500000000E+000    0.1475000000E+001
 0.7272727    0.9500000000E+000    0.1900000000E+001
 0.7373737    0.4000000000E+000    0.1250000000E+001
 0.7474747    0.7750000000E+000    0.1575000000E+001
 0.7575758    0.4500000000E+000    0.1425000000E+001
 0.7676768    0.6750000000E+000    0.1650000000E+001
 0.7777778    0.6250000000E+000    0.1675000000E+001
 0.7878788    0.5250000000E+000    0.1475000000E+001
 0.7979798    0.3500000000E+000    0.1350000000E+001
 0.8080808    0.5750000000E+000    0.1575000000E+001
 0.8181818    0.7250000000E+000    0.1525000000E+001
 0.8282828    0.4750000000E+000    0.1675000000E+001
 0.8383838    0.5750000000E+000    0.1450000000E+001
 0.8484848    0.5000000000E+000    0.1300000000E+001
 0.8585859    0.4000000000E+000    0.1400000000E+001
 0.8686869    0.4500000000E+000    0.1475000000E+001
 0.8787879    0.8500000000E+000    0.1725000000E+001
 0.8888889    0.5500000000E+000    0.1400000000E+001
 0.8989899    0.6000000000E+000    0.1425000000E+001
 0.9090909    0.4500000000E+000    0.1475000000E+001
 0.9191919    0.2250000000E+000    0.1200000000E+001
 0.9292929    0.7750000000E+000    0.1675000000E+001
 0.9393939    0.0000000000E+000    0.9000000000E+000
 0.9494949    0.6500000000E+000    0.1575000000E+001
 0.9595960    0.5750000000E+000    0.1600000000E+001
 0.9696970    0.7250000000E+000    0.1825000000E+001
 0.9797980    0.1750000000E+000    0.1150000000E+001
 0.9898990    0.3000000000E+000    0.1450000000E+001
 1.0000000    0.5000000000E+000    0.1500000000E+001


# Weightfunction after cycle       3760
 0.0000000    0.3100000000E+001    0.1256250000E+001
 0.0101010    0.3287500000E+001    0.1406250000E+001
 0.0202020    0.3156250000E+001    0.1356250000E+001
 0.0303030    0.3231250000E+001    0.1368750000E+001
 0.0404040    0.3175000000E+001    0.1218750000E+001
 0.0505051    0.3318750000E+001    0.1287500000E+001
 0.0606061    0.3575000000E+001    0.1531250000E+001
 0.0707071    0.3362500000E+001    0.1231250000E+001
 0.0808081    0.3412500000E+001    0.1393750000E+001
 0.0909091    0.3606250000E+001    0.1356250000E+001
 0.1010101    0.3456250000E+001    0.1362500000E+001
 0.1111111    0.3587500000E+001    0.1387500000E+001
 0.1212121    0.3350000000E+001    0.1268750000E+001
 0.1313131    0.3525000000E+001    0.1456250000E+001
 0.1414141    0.3350000000E+001    0.1556250000E+001
 0.1515152    0.3281250000E+001    0.1287500000E+001
 0.1616162    0.3612500000E+001    0.1393750000E+001
 0.1717172    0.3331250000E+001    0.1312500000E+001
 0.1818182    0.3337500000E+001    0.1243750000E+001
 0.1919192    0.3037500000E+001    0.1237500000E+001
 0.2020202    0.3100000000E+001    0.1175000000E+001
 0.2121212    0.3043750000E+001    0.1287500000E+001
 0.2222222    0.3187500000E+001    0.1250000000E+001
 0.2323232    0.3093750000E+001    0.1237500000E+001
 0.2424242    0.2725000000E+001    0.1131250000E+001
 0.2525253    0.2675000000E+001    0.1318750000E+001
 0.2626263    0.2525000000E+001    0.1162500000E+001
 0.2727273    0.2637500000E+001    0.9937500000E+000
 0.2828283    0.2387500000E+001    0.1062500000E+001
 0.2929293    0.2543750000E+001    0.1243750000E+001
 0.3030303    0.2500000000E+001    0.1168750000E+001
 0.3131313    0.2293750000E+001    0.9375000000E+000
 0.3232323    0.2112500000E+001    0.1093750000E+001
 0.3333333    0.1925000000E+001    0.1006250000E+001
 0.3434343    0.1975000000E+001    0.9125000000E+000
 0.3535354    0.1756250000E+001    0.9937500000E+000
 0.3636364    0.1725000000E+001    0.1050000000E+001
 0.3737374    0.1737500000E+001    0.1056250000E+001
 0.3838384    0.1681250000E+001    0.9500000000E+000
 0.3939394    0.1662500000E+001    0.1106250000E+001
 0.4040404    0.1400000000E+001    0.1093750000E+001
 0.4141414    0.1156250000E+001    0.9312500000E+000
 0.4242424    0.1343750000E+001    0.9625000000E+000
 0.4343434    0.9750000000E+000    0.6937500000E+000
 0.4444444    0.8687500000E+000    0.9312500000E+000
 0.4545455    0.8937500000E+000    0.9000000000E+000
 0.4646465    0.6812500000E+000    0.1081250000E+001
 0.4747475    0.5562500000E+000    0.1031250000E+001
 0.4848485    0.3000000000E+000    0.1093750000E+001
 0.4949495    0.2937500000E+000    0.8812500000E+000
 0.5050505    0.1375000000E+000    0.1131250000E+001
 0.5151515    0.3500000000E+000    0.1031250000E+001
 0.5252525    0.1125000000E+000    0.6500000000E+000
 0.5353535    0.1875000000E+000    0.9250000000E+000
 0.5454545    0.3375000000E+000    0.9437500000E+000
 0.5555556    0.5125000000E+000    0.8000000000E+000
 0.5656566    0.3062500000E+000    0.9375000000E+000
 0.5757576    0.3875000000E+000    0.8562500000E+000
 0.5858586    0.2375000000E+000    0.8875000000E+000
 0.5959596    0.3562500000E+000    0.7750000000E+000
 0.6060606    0.2375000000E+000    0.8437500000E+000
 0.6161616    0.2625000000E+000    0.9062500000E+000
 0.6262626    0.3625000000E+000    0.8875000000E+000
 0.6363636    0.3187500000E+000    0.1025000000E+001
 0.6464646    0.1187500000E+000    0.9812500000E+000
 0.6565657    0.3375000000E+000    0.1075000000E+001
 0.6666667    0.1125000000E+000    0.9375000000E+000
 0.6767677    0.1750000000E+000    0.9000000000E+000
 0.6868687    0.1687500000E+000    0.8875000000E+000
 0.6969697    0.4062500000E+000    0.1031250000E+001
 0.7070707    0.2875000000E+000    0.1012500000E+001
 0.7171717    0.2687500000E+000    0.9437500000E+000
 0.7272727    0.3000000000E+000    0.9187500000E+000
 0.7373737    0.3687500000E+000    0.9625000000E+000
 0.7474747    0.2000000000E+000    0.9187500000E+000
 0.7575758    0.3625000000E+000    0.1062500000E+001
 0.7676768    0.2812500000E+000    0.1000000000E+001
 0.7777778    0.2562500000E+000    0.9625000000E+000
 0.7878788    0.2687500000E+000    0.9437500000E+000
 0.7979798    0.2750000000E+000    0.9375000000E+000
 0.8080808    0.1750000000E+000    0.8562500000E+000
 0.8181818    0.3312500000E+000    0.1050000000E+001
 0.8282828    0.3312500000E+000    0.9812500000E+000
 0.8383838    0.5625000000E-001    0.8000000000E+000
 0.8484848    0.2687500000E+000    0.9937500000E+000
 0.8585859    0.3250000000E+000    0.1062500000E+001
 0.8686869    0.2562500000E+000    0.9562500000E+000
 0.8787879    0.3125000000E+000    0.9812500000E+000
 0.8888889    0.2750000000E+000    0.1043750000E+001
 0.8989899    0.2687500000E+000    0.9687500000E+000
 0.9090909    0.2562500000E+000    0.1000000000E+001
 0.9191919    0.3062500000E+000    0.9750000000E+000
 0.9292929    0.0000000000E+000    0.7062500000E+000
 0.9393939    0.1250000000E+000    0.9375000000E+000
 0.9494949    0.2062500000E+000    0.9875000000E+000
 0.9595960    0.3625000000E+000    0.1031250000E+001
 0.9696970    0.1562500000E+000    0.9312500000E+000
 0.9797980    0.3000000000E+000    0.8875000000E+000
 0.9898990    0.1187500000E+000    0.9250000000E+000
 1.0000000    0.3000000000E+000    0.1118750000E+001


# Weightfunction after cycle       8788
 0.0000000    0.2846875000E+001    0.8453125000E+000
 0.0101010    0.2990625000E+001    0.9593750000E+000
 0.0202020    0.2923437500E+001    0.8468750000E+000
 0.0303030    0.2951562500E+001    0.8062500000E+000
 0.0404040    0.2925000000E+001    0.8078125000E+000
 0.0505051    0.3084375000E+001    0.8375000000E+000
 0.0606061    0.3073437500E+001    0.8140625000E+000
 0.0707071    0.3142187500E+001    0.8718750000E+000
 0.0808081    0.3185937500E+001    0.8187500000E+000
 0.0909091    0.3289062500E+001    0.7968750000E+000
 0.1010101    0.3281250000E+001    0.8687500000E+000
 0.1111111    0.3381250000E+001    0.8250000000E+000
 0.1212121    0.3396875000E+001    0.7921875000E+000
 0.1313131    0.3267187500E+001    0.8078125000E+000
 0.1414141    0.3335937500E+001    0.8312500000E+000
 0.1515152    0.3271875000E+001    0.7828125000E+000
 0.1616162    0.3196875000E+001    0.8234375000E+000
 0.1717172    0.3270312500E+001    0.8468750000E+000
 0.1818182    0.3184375000E+001    0.8000000000E+000
 0.1919192    0.3056250000E+001    0.7359375000E+000
 0.2020202    0.3068750000E+001    0.6453125000E+000
 0.2121212    0.3059375000E+001    0.7984375000E+000
 0.2222222    0.2929687500E+001    0.7062500000E+000
 0.2323232    0.2857812500E+001    0.8296875000E+000
 0.2424242    0.2796875000E+001    0.7703125000E+000
 0.2525253    0.2554687500E+001    0.6937500000E+000
 0.2626263    0.2609375000E+001    0.6375000000E+000
 0.2727273    0.2428125000E+001    0.6875000000E+000
 0.2828283    0.2417187500E+001    0.6218750000E+000
 0.2929293    0.2304687500E+001    0.6421875000E+000
 0.3030303    0.2287500000E+001    0.5828125000E+000
 0.3131313    0.2151562500E+001    0.5906250000E+000
 0.3232323    0.2032812500E+001    0.6890625000E+000
 0.3333333    0.1843750000E+001    0.5531250000E+000
 0.3434343    0.1837500000E+001    0.5578125000E+000
 0.3535354    0.1720312500E+001    0.5359375000E+000
 0.3636364    0.1607812500E+001    0.4984375000E+000
 0.3737374    0.1500000000E+001    0.5703125000E+000
 0.3838384    0.1396875000E+001    0.4968750000E+000
 0.3939394    0.1354687500E+001    0.4093750000E+000
 0.4040404    0.1204687500E+001    0.4640625000E+000
 0.4141414    0.1039062500E+001    0.4187500000E+000
 0.4242424    0.1020312500E+001    0.4890625000E+000
 0.4343434    0.8968750000E+000    0.3734375000E+000
 0.4444444    0.7296875000E+000    0.5328125000E+000
 0.4545455    0.6421875000E+000    0.4531250000E+000
 0.4646465    0.4750000000E+000    0.4718750000E+000
 0.4747475    0.3234375000E+000    0.3671875000E+000
 0.4848485    0.3390625000E+000    0.3890625000E+000
 0.4949495    0.1968750000E+000    0.4437500000E+000
 0.5050505    0.2421875000E+000    0.3578125000E+000
 0.5151515    0.1421875000E+000    0.3437500000E+000
 0.5252525    0.1484375000E+000    0.3546875000E+000
 0.5353535    0.1171875000E+000    0.3703125000E+000
 0.5454545    0.1984375000E+000    0.4046875000E+000
 0.5555556    0.1250000000E+000    0.3421875000E+000
 0.5656566    0.9218750000E-001    0.3187500000E+000
 0.5757576    0.1843750000E+000    0.3843750000E+000
 0.5858586    0.1937500000E+000    0.3765625000E+000
 0.5959596    0.1546875000E+000    0.3187500000E+000
 0.6060606    0.1500000000E+000    0.3718750000E+000
 0.6161616    0.1468750000E+000    0.4390625000E+000
 0.6262626    0.1296875000E+000    0.4140625000E+000
 0.6363636    0.2484375000E+000    0.4484375000E+000
 0.6464646    0.1234375000E+000    0.3937500000E+000
 0.6565657    0.1093750000E+000    0.4687500000E+000
 0.6666667    0.6562500000E-001    0.4359375000E+000
 0.6767677    0.1546875000E+000    0.3750000000E+000
 0.6868687    0.8125000000E-001    0.3484375000E+000
 0.6969697    0.1859375000E+000    0.4421875000E+000
 0.7070707    0.1015625000E+000    0.4125000000E+000
 0.7171717    0.1109375000E+000    0.4031250000E+000
 0.7272727    0.1000000000E+000    0.4093750000E+000
 0.7373737    0.7968750000E-001    0.3734375000E+000
 0.7474747    0.1015625000E+000    0.3937500000E+000
 0.7575758    0.1250000000E+000    0.3765625000E+000
 0.7676768    0.9375000000E-001    0.3906250000E+000
 0.7777778    0.1125000000E+000    0.4046875000E+000
 0.7878788    0.9687500000E-001    0.3906250000E+000
 0.7979798    0.6250000000E-001    0.3781250000E+000
 0.8080808    0.1078125000E+000    0.3921875000E+000
 0.8181818    0.6875000000E-001    0.3968750000E+000
 0.8282828    0.5781250000E-001    0.3609375000E+000
 0.8383838    0.1109375000E+000    0.4703125000E+000
 0.8484848    0.6250000000E-001    0.4390625000E+000
 0.8585859    0.8437500000E-001    0.3578125000E+000
 0.8686869    0.1562500000E-001    0.3468750000E+000
 0.8787879    0.0000000000E+000    0.3078125000E+000
 0.8888889    0.1093750000E+000    0.4421875000E+000
 0.8989899    0.6250000000E-002    0.3671875000E+000
 0.9090909    0.1093750000E-001    0.3781250000E+000
 0.9191919    0.2187500000E-001    0.3671875000E+000
 0.9292929    0.7812500000E-001    0.4078125000E+000
 0.9393939    0.6718750000E-001    0.4390625000E+000
 0.9494949    0.1234375000E+000    0.5343750000E+000
 0.9595960    0.6562500000E-001    0.4046875000E+000
 0.9696970    0.1140625000E+000    0.4171875000E+000
 0.9797980    0.3125000000E-001    0.4203125000E+000
 0.9898990    0.6562500000E-001    0.4515625000E+000
 1.0000000    0.5625000000E-001    0.3687500000E+000


# Weightfunction after cycle      15086
 0.0000000    0.2822265625E+001    0.7707031250E+000
 0.0101010    0.2862109375E+001    0.7949218750E+000
 0.0202020    0.2867187500E+001    0.8019531250E+000
 0.0303030    0.2868750000E+001    0.7613281250E+000
 0.0404040    0.2968359375E+001    0.8300781250E+000
 0.0505051    0.2995312500E+001    0.8078125000E+000
 0.0606061    0.3044531250E+001    0.7902343750E+000
 0.0707071    0.3149609375E+001    0.8308593750E+000
 0.0808081    0.3179296875E+001    0.8300781250E+000
 0.0909091    0.3219140625E+001    0.7964843750E+000
 0.1010101    0.3252343750E+001    0.8183593750E+000
 0.1111111    0.3355468750E+001    0.8027343750E+000
 0.1212121    0.3330468750E+001    0.7703125000E+000
 0.1313131    0.3287890625E+001    0.7968750000E+000
 0.1414141    0.3336328125E+001    0.7406250000E+000
 0.1515152    0.3326953125E+001    0.7914062500E+000
 0.1616162    0.3250781250E+001    0.7468750000E+000
 0.1717172    0.3250390625E+001    0.7351562500E+000
 0.1818182    0.3166406250E+001    0.7507812500E+000
 0.1919192    0.3130078125E+001    0.7574218750E+000
 0.2020202    0.3133203125E+001    0.7167968750E+000
 0.2121212    0.3028906250E+001    0.7300781250E+000
 0.2222222    0.2868359375E+001    0.7292968750E+000
 0.2323232    0.2885937500E+001    0.7269531250E+000
 0.2424242    0.2828906250E+001    0.6960937500E+000
 0.2525253    0.2666406250E+001    0.6953125000E+000
 0.2626263    0.2665625000E+001    0.6683593750E+000
 0.2727273    0.2539062500E+001    0.6394531250E+000
 0.2828283    0.2476953125E+001    0.6203125000E+000
 0.2929293    0.2342578125E+001    0.6015625000E+000
 0.3030303    0.2258203125E+001    0.5843750000E+000
 0.3131313    0.2191796875E+001    0.5820312500E+000
 0.3232323    0.2053515625E+001    0.6269531250E+000
 0.3333333    0.1917968750E+001    0.5734375000E+000
 0.3434343    0.1899218750E+001    0.5632812500E+000
 0.3535354    0.1776171875E+001    0.5585937500E+000
 0.3636364    0.1648437500E+001    0.5605468750E+000
 0.3737374    0.1534375000E+001    0.5804687500E+000
 0.3838384    0.1401171875E+001    0.4917968750E+000
 0.3939394    0.1372656250E+001    0.4488281250E+000
 0.4040404    0.1200781250E+001    0.5117187500E+000
 0.4141414    0.1102734375E+001    0.3988281250E+000
 0.4242424    0.1021875000E+001    0.4707031250E+000
 0.4343434    0.8785156250E+000    0.3871093750E+000
 0.4444444    0.7769531250E+000    0.4671875000E+000
 0.4545455    0.6613281250E+000    0.4054687500E+000
 0.4646465    0.4886718750E+000    0.3808593750E+000
 0.4747475    0.3675781250E+000    0.3871093750E+000
 0.4848485    0.3429687500E+000    0.3535156250E+000
 0.4949495    0.1917968750E+000    0.3691406250E+000
 0.5050505    0.1507812500E+000    0.3574218750E+000
 0.5151515    0.1718750000E+000    0.3898437500E+000
 0.5252525    0.1320312500E+000    0.3925781250E+000
 0.5353535    0.9023437500E-001    0.3292968750E+000
 0.5454545    0.1023437500E+000    0.3246093750E+000
 0.5555556    0.8671875000E-001    0.2914062500E+000
 0.5656566    0.1402343750E+000    0.3527343750E+000
 0.5757576    0.1332031250E+000    0.3433593750E+000
 0.5858586    0.1410156250E+000    0.3433593750E+000
 0.5959596    0.6328125000E-001    0.3375000000E+000
 0.6060606    0.1003906250E+000    0.3378906250E+000
 0.6161616    0.6835937500E-001    0.3332031250E+000
 0.6262626    0.1101562500E+000    0.4031250000E+000
 0.6363636    0.1441406250E+000    0.3214843750E+000
 0.6464646    0.1027343750E+000    0.3097656250E+000
 0.6565657    0.1328125000E+000    0.3335937500E+000
 0.6666667    0.1093750000E+000    0.3496093750E+000
 0.6767677    0.7812500000E-001    0.3839843750E+000
 0.6868687    0.7382812500E-001    0.3535156250E+000
 0.6969697    0.1460937500E+000    0.3617187500E+000
 0.7070707    0.1042968750E+000    0.3531250000E+000
 0.7171717    0.8515625000E-001    0.3425781250E+000
 0.7272727    0.1332031250E+000    0.3851562500E+000
 0.7373737    0.1042968750E+000    0.3320312500E+000
 0.7474747    0.9765625000E-001    0.3285156250E+000
 0.7575758    0.1218750000E+000    0.3640625000E+000
 0.7676768    0.1160156250E+000    0.3457031250E+000
 0.7777778    0.9492187500E-001    0.3367187500E+000
 0.7878788    0.5585937500E-001    0.3089843750E+000
 0.7979798    0.7617187500E-001    0.3515625000E+000
 0.8080808    0.1304687500E+000    0.3738281250E+000
 0.8181818    0.8671875000E-001    0.3710937500E+000
 0.8282828    0.5546875000E-001    0.3171875000E+000
 0.8383838    0.6054687500E-001    0.3601562500E+000
 0.8484848    0.5976562500E-001    0.3355468750E+000
 0.8585859    0.8007812500E-001    0.3574218750E+000
 0.8686869    0.2890625000E-001    0.3042968750E+000
 0.8787879    0.1953125000E-001    0.2933593750E+000
 0.8888889    0.6445312500E-001    0.3371093750E+000
 0.8989899    0.0000000000E+000    0.3003906250E+000
 0.9090909    0.4296875000E-001    0.3230468750E+000
 0.9191919    0.3242187500E-001    0.3203125000E+000
 0.9292929    0.5351562500E-001    0.3453125000E+000
 0.9393939    0.3710937500E-001    0.3312500000E+000
 0.9494949    0.9140625000E-001    0.3738281250E+000
 0.9595960    0.2382812500E-001    0.3125000000E+000
 0.9696970    0.1367187500E-001    0.2804687500E+000
 0.9797980    0.5156250000E-001    0.3531250000E+000
 0.9898990    0.5859375000E-002    0.3382812500E+000
 1.0000000    0.4296875000E-002    0.2699218750E+000


# Weightfunction after cycle      37961
 0.0000000    0.2941699219E+001    0.9416015625E+000
 0.0101010    0.2938378906E+001    0.9283203125E+000
 0.0202020    0.2962890625E+001    0.9444335937E+000
 0.0303030    0.2970605469E+001    0.9455078125E+000
 0.0404040    0.3050683594E+001    0.9700195312E+000
 0.0505051    0.3082128906E+001    0.9551757812E+000
 0.0606061    0.3134863281E+001    0.9515625000E+000
 0.0707071    0.3190039063E+001    0.9453125000E+000
 0.0808081    0.3231347656E+001    0.9502929687E+000
 0.0909091    0.3297656250E+001    0.9333007812E+000
 0.1010101    0.3321875000E+001    0.9290039062E+000
 0.1111111    0.3375390625E+001    0.9074218750E+000
 0.1212121    0.3385058594E+001    0.9373046875E+000
 0.1313131    0.3372265625E+001    0.9151367187E+000
 0.1414141    0.3379003906E+001    0.8929687500E+000
 0.1515152    0.3345117188E+001    0.8957031250E+000
 0.1616162    0.3320507813E+001    0.8766601562E+000
 0.1717172    0.3277246094E+001    0.8914062500E+000
 0.1818182    0.3234765625E+001    0.8866210937E+000
 0.1919192    0.3211914063E+001    0.8671875000E+000
 0.2020202    0.3148144531E+001    0.8506835937E+000
 0.2121212    0.3085449219E+001    0.8433593750E+000
 0.2222222    0.2966113281E+001    0.8528320312E+000
 0.2323232    0.2931054688E+001    0.8453125000E+000
 0.2424242    0.2871191406E+001    0.8345703125E+000
 0.2525253    0.2762500000E+001    0.8220703125E+000
 0.2626263    0.2693066406E+001    0.8055664062E+000
 0.2727273    0.2635156250E+001    0.8000976562E+000
 0.2828283    0.2516699219E+001    0.7945312500E+000
 0.2929293    0.2382812500E+001    0.7684570312E+000
 0.3030303    0.2329394531E+001    0.7557617187E+000
 0.3131313    0.2222949219E+001    0.7185546875E+000
 0.3232323    0.2121289063E+001    0.7462890625E+000
 0.3333333    0.2013964844E+001    0.7066406250E+000
 0.3434343    0.1912792969E+001    0.7202148437E+000
 0.3535354    0.1806152344E+001    0.7133789062E+000
 0.3636364    0.1692382813E+001    0.6837890625E+000
 0.3737374    0.1593847656E+001    0.6792968750E+000
 0.3838384    0.1476855469E+001    0.6634765625E+000
 0.3939394    0.1374023437E+001    0.6115234375E+000
 0.4040404    0.1267187500E+001    0.6275390625E+000
 0.4141414    0.1148046875E+001    0.5990234375E+000
 0.4242424    0.1044628906E+001    0.6160156250E+000
 0.4343434    0.9353515625E+000    0.5655273437E+000
 0.4444444    0.8211914062E+000    0.5629882812E+000
 0.4545455    0.7016601562E+000    0.5911132812E+000
 0.4646465    0.5625976562E+000    0.5475585937E+000
 0.4747475    0.4514648437E+000    0.5356445312E+000
 0.4848485    0.3419921875E+000    0.5334960937E+000
 0.4949495    0.2524414062E+000    0.5206054687E+000
 0.5050505    0.1488281250E+000    0.4907226562E+000
 0.5151515    0.1714843750E+000    0.5299804687E+000
 0.5252525    0.1685546875E+000    0.5225585937E+000
 0.5353535    0.1456054687E+000    0.5060546875E+000
 0.5454545    0.1484375000E+000    0.5016601562E+000
 0.5555556    0.1490234375E+000    0.5072265625E+000
 0.5656566    0.1654296875E+000    0.4986328125E+000
 0.5757576    0.1703125000E+000    0.5249023437E+000
 0.5858586    0.1473632812E+000    0.4980468750E+000
 0.5959596    0.1351562500E+000    0.4959960937E+000
 0.6060606    0.1805664062E+000    0.4923828125E+000
 0.6161616    0.1376953125E+000    0.5121093750E+000
 0.6262626    0.1451171875E+000    0.5183593750E+000
 0.6363636    0.1359375000E+000    0.4887695312E+000
 0.6464646    0.1415039062E+000    0.5007812500E+000
 0.6565657    0.1468750000E+000    0.4895507812E+000
 0.6666667    0.1444335937E+000    0.5078125000E+000
 0.6767677    0.1288085937E+000    0.5041015625E+000
 0.6868687    0.1286132812E+000    0.5205078125E+000
 0.6969697    0.1502929687E+000    0.4990234375E+000
 0.7070707    0.1229492187E+000    0.5007812500E+000
 0.7171717    0.1191406250E+000    0.4916015625E+000
 0.7272727    0.1407226562E+000    0.5221679687E+000
 0.7373737    0.1136718750E+000    0.4890625000E+000
 0.7474747    0.1229492187E+000    0.5099609375E+000
 0.7575758    0.1161132812E+000    0.5081054687E+000
 0.7676768    0.1093750000E+000    0.4871093750E+000
 0.7777778    0.9814453125E-001    0.4996093750E+000
 0.7878788    0.9853515625E-001    0.4864257812E+000
 0.7979798    0.9580078125E-001    0.5119140625E+000
 0.8080808    0.1125976562E+000    0.5111328125E+000
 0.8181818    0.9111328125E-001    0.5142578125E+000
 0.8282828    0.7724609375E-001    0.4894531250E+000
 0.8383838    0.7802734375E-001    0.5018554687E+000
 0.8484848    0.6972656250E-001    0.4883789062E+000
 0.8585859    0.8554687500E-001    0.5045898437E+000
 0.8686869    0.6777343750E-001    0.4864257812E+000
 0.8787879    0.4902343750E-001    0.4742187500E+000
 0.8888889    0.7744140625E-001    0.5028320312E+000
 0.8989899    0.5146484375E-001    0.4878906250E+000
 0.9090909    0.5996093750E-001    0.4925781250E+000
 0.9191919    0.4628906250E-001    0.4919921875E+000
 0.9292929    0.8476562500E-001    0.5173828125E+000
 0.9393939    0.4990234375E-001    0.4970703125E+000
 0.9494949    0.5917968750E-001    0.5011718750E+000
 0.9595960    0.3378906250E-001    0.4943359375E+000
 0.9696970    0.4453125000E-001    0.4817382812E+000
 0.9797980    0.5947265625E-001    0.5183593750E+000
 0.9898990    0.0000000000E+000    0.4793945312E+000
 1.0000000    0.4824218750E-001    0.4882812500E+000


# Weightfunction after cycle      46068
 0.0000000    0.2945434570E+001    0.9432617187E+000
 0.0101010    0.2939794922E+001    0.9308837891E+000
 0.0202020    0.2961376953E+001    0.9424560547E+000
 0.0303030    0.2967309570E+001    0.9424316406E+000
 0.0404040    0.3041772461E+001    0.9647949219E+000
 0.0505051    0.3075683594E+001    0.9494140625E+000
 0.0606061    0.3126513672E+001    0.9443603516E+000
 0.0707071    0.3188110352E+001    0.9451416016E+000
 0.0808081    0.3229614258E+001    0.9447265625E+000
 0.0909091    0.3291625977E+001    0.9351806641E+000
 0.1010101    0.3317016602E+001    0.9277587891E+000
 0.1111111    0.3366455078E+001    0.9020751953E+000
 0.1212121    0.3379248047E+001    0.9375488281E+000
 0.1313131    0.3371435547E+001    0.9153564453E+000
 0.1414141    0.3374072266E+001    0.8900878906E+000
 0.1515152    0.3340600586E+001    0.8931152344E+000
 0.1616162    0.3314721680E+001    0.8771484375E+000
 0.1717172    0.3265136719E+001    0.8882080078E+000
 0.1818182    0.3226831055E+001    0.8814697266E+000
 0.1919192    0.3200732422E+001    0.8675781250E+000
 0.2020202    0.3136083984E+001    0.8497070312E+000
 0.2121212    0.3075048828E+001    0.8387939453E+000
 0.2222222    0.2958081055E+001    0.8460205078E+000
 0.2323232    0.2919213867E+001    0.8411865234E+000
 0.2424242    0.2863208008E+001    0.8262695312E+000
 0.2525253    0.2754736328E+001    0.8164550781E+000
 0.2626263    0.2684570313E+001    0.8015380859E+000
 0.2727273    0.2616748047E+001    0.7948730469E+000
 0.2828283    0.2509033203E+001    0.7888916016E+000
 0.2929293    0.2377124023E+001    0.7677246094E+000
 0.3030303    0.2320898438E+001    0.7488281250E+000
 0.3131313    0.2219653320E+001    0.7137939453E+000
 0.3232323    0.2110083008E+001    0.7375732422E+000
 0.3333333    0.2002685547E+001    0.7021728516E+000
 0.3434343    0.1903442383E+001    0.7164306641E+000
 0.3535354    0.1801489258E+001    0.7095214844E+000
 0.3636364    0.1683300781E+001    0.6771484375E+000
 0.3737374    0.1580053711E+001    0.6706298828E+000
 0.3838384    0.1470117187E+001    0.6575195312E+000
 0.3939394    0.1364843750E+001    0.6059082031E+000
 0.4040404    0.1264648437E+001    0.6213134766E+000
 0.4141414    0.1143750000E+001    0.5954833984E+000
 0.4242424    0.1038110352E+001    0.6026123047E+000
 0.4343434    0.9249511719E+000    0.5612548828E+000
 0.4444444    0.8103027344E+000    0.5565185547E+000
 0.4545455    0.6925048828E+000    0.5799072266E+000
 0.4646465    0.5626708984E+000    0.5371337891E+000
 0.4747475    0.4508789062E+000    0.5259033203E+000
 0.4848485    0.3329589844E+000    0.5258056641E+000
 0.4949495    0.2443115234E+000    0.5164062500E+000
 0.5050505    0.1467529297E+000    0.4871093750E+000
 0.5151515    0.1708496094E+000    0.5179443359E+000
 0.5252525    0.1624755859E+000    0.5107421875E+000
 0.5353535    0.1374755859E+000    0.4986572266E+000
 0.5454545    0.1469726562E+000    0.4982910156E+000
 0.5555556    0.1464355469E+000    0.4994384766E+000
 0.5656566    0.1618652344E+000    0.4918457031E+000
 0.5757576    0.1639648437E+000    0.5159179687E+000
 0.5858586    0.1463378906E+000    0.4914794922E+000
 0.5959596    0.1308349609E+000    0.4918457031E+000
 0.6060606    0.1675537109E+000    0.4840576172E+000
 0.6161616    0.1350585937E+000    0.5001464844E+000
 0.6262626    0.1409179687E+000    0.5074218750E+000
 0.6363636    0.1351318359E+000    0.4790771484E+000
 0.6464646    0.1411865234E+000    0.4892822266E+000
 0.6565657    0.1456054687E+000    0.4761962891E+000
 0.6666667    0.1428466797E+000    0.4991210937E+000
 0.6767677    0.1195556641E+000    0.4927001953E+000
 0.6868687    0.1244628906E+000    0.5098144531E+000
 0.6969697    0.1453369141E+000    0.4895507812E+000
 0.7070707    0.1195556641E+000    0.4924804687E+000
 0.7171717    0.1099121094E+000    0.4808837891E+000
 0.7272727    0.1333984375E+000    0.5088134766E+000
 0.7373737    0.1095458984E+000    0.4812500000E+000
 0.7474747    0.1199462891E+000    0.5015136719E+000
 0.7575758    0.1149902344E+000    0.5029785156E+000
 0.7676768    0.1042236328E+000    0.4752197266E+000
 0.7777778    0.9348144531E-001    0.4905517578E+000
 0.7878788    0.9499511719E-001    0.4826171875E+000
 0.7979798    0.9333496094E-001    0.5042480469E+000
 0.8080808    0.1089599609E+000    0.4999755859E+000
 0.8181818    0.8913574219E-001    0.5051025391E+000
 0.8282828    0.7377929687E-001    0.4813720703E+000
 0.8383838    0.7785644531E-001    0.4950195312E+000
 0.8484848    0.7021484375E-001    0.4828369141E+000
 0.8585859    0.7929687500E-001    0.4943603516E+000
 0.8686869    0.6169433594E-001    0.4730468750E+000
 0.8787879    0.5029296875E-001    0.4706787109E+000
 0.8888889    0.7285156250E-001    0.4949707031E+000
 0.8989899    0.4645996094E-001    0.4763916016E+000
 0.9090909    0.5593261719E-001    0.4829833984E+000
 0.9191919    0.4428710937E-001    0.4843750000E+000
 0.9292929    0.7836914062E-001    0.5085449219E+000
 0.9393939    0.4655761719E-001    0.4828125000E+000
 0.9494949    0.5881347656E-001    0.4953369141E+000
 0.9595960    0.3168945312E-001    0.4846191406E+000
 0.9696970    0.4499511719E-001    0.4778320312E+000
 0.9797980    0.5544433594E-001    0.5079833984E+000
 0.9898990    0.0000000000E+000    0.4724609375E+000
 1.0000000    0.4895019531E-001    0.4870117187E+000


# Weightfunction after cycle      57774
 0.0000000    0.2947180176E+001    0.9460021973E+000
 0.0101010    0.2941180420E+001    0.9337158203E+000
 0.0202020    0.2965216064E+001    0.9473144531E+000
 0.0303030    0.2969519043E+001    0.9450012207E+000
 0.0404040    0.3042877197E+001    0.9660400391E+000
 0.0505051    0.3078173828E+001    0.9533874512E+000
 0.0606061    0.3127606201E+001    0.9466125488E+000
 0.0707071    0.3190808105E+001    0.9492736816E+000
 0.0808081    0.3233026123E+001    0.9481689453E+000
 0.0909091    0.3291021729E+001    0.9378540039E+000
 0.1010101    0.3319451904E+001    0.9306396484E+000
 0.1111111    0.3367425537E+001    0.9047302246E+000
 0.1212121    0.3381872559E+001    0.9403625488E+000
 0.1313131    0.3373852539E+001    0.9189270020E+000
 0.1414141    0.3374505615E+001    0.8909606934E+000
 0.1515152    0.3343878174E+001    0.8973693848E+000
 0.1616162    0.3316906738E+001    0.8798583984E+000
 0.1717172    0.3266137695E+001    0.8912536621E+000
 0.1818182    0.3228192139E+001    0.8830444336E+000
 0.1919192    0.3201055908E+001    0.8701721191E+000
 0.2020202    0.3135144043E+001    0.8527343750E+000
 0.2121212    0.3073913574E+001    0.8411132812E+000
 0.2222222    0.2959075928E+001    0.8486206055E+000
 0.2323232    0.2919787598E+001    0.8438903809E+000
 0.2424242    0.2864068604E+001    0.8299072266E+000
 0.2525253    0.2753875732E+001    0.8178710937E+000
 0.2626263    0.2685260010E+001    0.8030334473E+000
 0.2727273    0.2614532471E+001    0.7966003418E+000
 0.2828283    0.2511047363E+001    0.7910705566E+000
 0.2929293    0.2377398682E+001    0.7696228027E+000
 0.3030303    0.2319891357E+001    0.7512878418E+000
 0.3131313    0.2217346191E+001    0.7175231934E+000
 0.3232323    0.2111560059E+001    0.7398864746E+000
 0.3333333    0.2003039551E+001    0.7062194824E+000
 0.3434343    0.1904821777E+001    0.7199035645E+000
 0.3535354    0.1800469971E+001    0.7122558594E+000
 0.3636364    0.1683239746E+001    0.6808593750E+000
 0.3737374    0.1578942871E+001    0.6741394043E+000
 0.3838384    0.1470147705E+001    0.6596984863E+000
 0.3939394    0.1361834717E+001    0.6104553223E+000
 0.4040404    0.1263354492E+001    0.6246215820E+000
 0.4141414    0.1142236328E+001    0.5990661621E+000
 0.4242424    0.1036773682E+001    0.6066467285E+000
 0.4343434    0.9244506836E+000    0.5655883789E+000
 0.4444444    0.8091064453E+000    0.5589660645E+000
 0.4545455    0.6898559570E+000    0.5819580078E+000
 0.4646465    0.5637145996E+000    0.5403869629E+000
 0.4747475    0.4502441406E+000    0.5291259766E+000
 0.4848485    0.3313964844E+000    0.5290954590E+000
 0.4949495    0.2411560059E+000    0.5184875488E+000
 0.5050505    0.1462890625E+000    0.4916076660E+000
 0.5151515    0.1691650391E+000    0.5192138672E+000
 0.5252525    0.1620239258E+000    0.5138977051E+000
 0.5353535    0.1372375488E+000    0.5007690430E+000
 0.5454545    0.1467163086E+000    0.4999389648E+000
 0.5555556    0.1459899902E+000    0.5021179199E+000
 0.5656566    0.1596435547E+000    0.4955078125E+000
 0.5757576    0.1622680664E+000    0.5162353516E+000
 0.5858586    0.1445434570E+000    0.4931274414E+000
 0.5959596    0.1301818848E+000    0.4942871094E+000
 0.6060606    0.1655029297E+000    0.4866027832E+000
 0.6161616    0.1341491699E+000    0.5021667480E+000
 0.6262626    0.1404052734E+000    0.5091003418E+000
 0.6363636    0.1339599609E+000    0.4817382812E+000
 0.6464646    0.1416320801E+000    0.4923828125E+000
 0.6565657    0.1437377930E+000    0.4787963867E+000
 0.6666667    0.1414001465E+000    0.4998535156E+000
 0.6767677    0.1173461914E+000    0.4954284668E+000
 0.6868687    0.1224243164E+000    0.5119567871E+000
 0.6969697    0.1437133789E+000    0.4906860352E+000
 0.7070707    0.1178833008E+000    0.4937988281E+000
 0.7171717    0.1093566895E+000    0.4833435059E+000
 0.7272727    0.1319458008E+000    0.5098571777E+000
 0.7373737    0.1094848633E+000    0.4831665039E+000
 0.7474747    0.1187438965E+000    0.5032226562E+000
 0.7575758    0.1143310547E+000    0.5040466309E+000
 0.7676768    0.1030212402E+000    0.4774414062E+000
 0.7777778    0.9278564453E-001    0.4918395996E+000
 0.7878788    0.9423828125E-001    0.4841186523E+000
 0.7979798    0.9270629883E-001    0.5055358887E+000
 0.8080808    0.1061157227E+000    0.5003173828E+000
 0.8181818    0.8861694336E-001    0.5059875488E+000
 0.8282828    0.7299804687E-001    0.4834228516E+000
 0.8383838    0.7680053711E-001    0.4958007812E+000
 0.8484848    0.6939697266E-001    0.4840820312E+000
 0.8585859    0.7633056641E-001    0.4952209473E+000
 0.8686869    0.6275634766E-001    0.4763061523E+000
 0.8787879    0.5001831055E-001    0.4729309082E+000
 0.8888889    0.7139282227E-001    0.4964843750E+000
 0.8989899    0.4616088867E-001    0.4771667480E+000
 0.9090909    0.5424804687E-001    0.4845886230E+000
 0.9191919    0.4421997070E-001    0.4861694336E+000
 0.9292929    0.7661743164E-001    0.5091857910E+000
 0.9393939    0.4498901367E-001    0.4841369629E+000
 0.9494949    0.5779418945E-001    0.4965637207E+000
 0.9595960    0.3143920898E-001    0.4862426758E+000
 0.9696970    0.4279174805E-001    0.4779357910E+000
 0.9797980    0.5377807617E-001    0.5080017090E+000
 0.9898990    0.0000000000E+000    0.4737548828E+000
 1.0000000    0.4606933594E-001    0.4873168945E+000


# Weightfunction after cycle      64059
 0.0000000    0.2946917725E+001    0.9456954956E+000
 0.0101010    0.2940492249E+001    0.9330413818E+000
 0.0202020    0.2965171814E+001    0.9473205566E+000
 0.0303030    0.2969529724E+001    0.9448471069E+000
 0.0404040    0.3042216492E+001    0.9652984619E+000
 0.0505051    0.3078207397E+001    0.9533203125E+000
 0.0606061    0.3127423096E+001    0.9462356567E+000
 0.0707071    0.3190959167E+001    0.9490676880E+000
 0.0808081    0.3232992554E+001    0.9476928711E+000
 0.0909091    0.3290817261E+001    0.9375564575E+000
 0.1010101    0.3319541931E+001    0.9301193237E+000
 0.1111111    0.3366986084E+001    0.9043624878E+000
 0.1212121    0.3381622314E+001    0.9401580811E+000
 0.1313131    0.3373834229E+001    0.9185424805E+000
 0.1414141    0.3374565125E+001    0.8905792236E+000
 0.1515152    0.3344073486E+001    0.8970794678E+000
 0.1616162    0.3316760254E+001    0.8797195435E+000
 0.1717172    0.3266070557E+001    0.8907531738E+000
 0.1818182    0.3228242493E+001    0.8826354980E+000
 0.1919192    0.3200750732E+001    0.8696380615E+000
 0.2020202    0.3135214233E+001    0.8526870728E+000
 0.2121212    0.3073846436E+001    0.8410552979E+000
 0.2222222    0.2959323120E+001    0.8477920532E+000
 0.2323232    0.2919664001E+001    0.8436203003E+000
 0.2424242    0.2864031982E+001    0.8299942017E+000
 0.2525253    0.2753909302E+001    0.8173141479E+000
 0.2626263    0.2685145569E+001    0.8026763916E+000
 0.2727273    0.2614108276E+001    0.7959320068E+000
 0.2828283    0.2511149597E+001    0.7906723022E+000
 0.2929293    0.2377455139E+001    0.7693450928E+000
 0.3030303    0.2319692993E+001    0.7509658813E+000
 0.3131313    0.2216880798E+001    0.7171844482E+000
 0.3232323    0.2111247253E+001    0.7393463135E+000
 0.3333333    0.2002346802E+001    0.7061508179E+000
 0.3434343    0.1904945374E+001    0.7193618774E+000
 0.3535354    0.1800077820E+001    0.7117263794E+000
 0.3636364    0.1683035278E+001    0.6806411743E+000
 0.3737374    0.1578654480E+001    0.6740890503E+000
 0.3838384    0.1470019531E+001    0.6596511841E+000
 0.3939394    0.1361671448E+001    0.6102706909E+000
 0.4040404    0.1263319397E+001    0.6245208740E+000
 0.4141414    0.1141941833E+001    0.5989013672E+000
 0.4242424    0.1036698914E+001    0.6062271118E+000
 0.4343434    0.9242385864E+000    0.5655517578E+000
 0.4444444    0.8089233398E+000    0.5586914062E+000
 0.4545455    0.6894775391E+000    0.5816925049E+000
 0.4646465    0.5634124756E+000    0.5399734497E+000
 0.4747475    0.4498565674E+000    0.5287567139E+000
 0.4848485    0.3314559937E+000    0.5286132812E+000
 0.4949495    0.2407379150E+000    0.5181106567E+000
 0.5050505    0.1461242676E+000    0.4915222168E+000
 0.5151515    0.1689971924E+000    0.5188720703E+000
 0.5252525    0.1615386963E+000    0.5133911133E+000
 0.5353535    0.1369567871E+000    0.5003417969E+000
 0.5454545    0.1465835571E+000    0.4995559692E+000
 0.5555556    0.1456359863E+000    0.5019531250E+000
 0.5656566    0.1597595215E+000    0.4951980591E+000
 0.5757576    0.1620758057E+000    0.5154891968E+000
 0.5858586    0.1443542480E+000    0.4928726196E+000
 0.5959596    0.1303237915E+000    0.4940353394E+000
 0.6060606    0.1649246216E+000    0.4865493774E+000
 0.6161616    0.1339538574E+000    0.5018676758E+000
 0.6262626    0.1405059814E+000    0.5087677002E+000
 0.6363636    0.1337585449E+000    0.4812881470E+000
 0.6464646    0.1414260864E+000    0.4916885376E+000
 0.6565657    0.1434722900E+000    0.4785140991E+000
 0.6666667    0.1411514282E+000    0.4994735718E+000
 0.6767677    0.1170166016E+000    0.4951080322E+000
 0.6868687    0.1222320557E+000    0.5116302490E+000
 0.6969697    0.1434402466E+000    0.4902023315E+000
 0.7070707    0.1176437378E+000    0.4934722900E+000
 0.7171717    0.1092498779E+000    0.4831085205E+000
 0.7272727    0.1316879272E+000    0.5093185425E+000
 0.7373737    0.1091903687E+000    0.4828933716E+000
 0.7474747    0.1185409546E+000    0.5028839111E+000
 0.7575758    0.1141082764E+000    0.5034896851E+000
 0.7676768    0.1026870728E+000    0.4771423340E+000
 0.7777778    0.9268341064E-001    0.4914215088E+000
 0.7878788    0.9421539307E-001    0.4840225220E+000
 0.7979798    0.9261322021E-001    0.5051452637E+000
 0.8080808    0.1059097290E+000    0.5001647949E+000
 0.8181818    0.8836059570E-001    0.5054489136E+000
 0.8282828    0.7308349609E-001    0.4832275391E+000
 0.8383838    0.7638244629E-001    0.4952758789E+000
 0.8484848    0.6933135986E-001    0.4838806152E+000
 0.8585859    0.7614288330E-001    0.4949081421E+000
 0.8686869    0.6286773682E-001    0.4761474609E+000
 0.8787879    0.5011901855E-001    0.4729461670E+000
 0.8888889    0.7142486572E-001    0.4963745117E+000
 0.8989899    0.4609222412E-001    0.4770080566E+000
 0.9090909    0.5407562256E-001    0.4841903687E+000
 0.9191919    0.4414367676E-001    0.4857406616E+000
 0.9292929    0.7658843994E-001    0.5090759277E+000
 0.9393939    0.4504547119E-001    0.4840805054E+000
 0.9494949    0.5755310059E-001    0.4961807251E+000
 0.9595960    0.3136291504E-001    0.4860290527E+000
 0.9696970    0.4281921387E-001    0.4778503418E+000
 0.9797980    0.5373229980E-001    0.5077239990E+000
 0.9898990    0.0000000000E+000    0.4735504150E+000
 1.0000000    0.4561614990E-001    0.4868820190E+000


