# Lambda, (Probability, Probability_biased(/observed)) per Fractional
 0.0000000   0.1933960501E-003   0.9620400524E-001   0.9989837297E+000   0.2513066392E+001
 0.0101010   0.1961662712E-003   0.9210055356E-001   0.1020018228E+001   0.2518317355E+001
 0.0202020   0.1822569411E-003   0.9108888497E-001   0.1006996341E+001   0.2387191201E+001
 0.0303030   0.1674773414E-003   0.8112704630E-001   0.1068120406E+001   0.2327211894E+001
 0.0404040   0.1429668496E-003   0.8906296700E-001   0.1039639311E+001   0.2377576762E+001
 0.0505051   0.1099310004E-003   0.8443303473E-001   0.9897301204E+000   0.2390667190E+001
 0.0606061   0.8261146304E-004   0.7223623432E-001   0.9914032917E+000   0.2064367928E+001
 0.0707071   0.6153154683E-004   0.8451303913E-001   0.1022249262E+001   0.2359827029E+001
 0.0808081   0.4868363736E-004   0.8532340632E-001   0.1069285219E+001   0.2411227298E+001
 0.0909091   0.3275221800E-004   0.9949192816E-001   0.9823407752E+000   0.2296223818E+001
 0.1010101   0.2630883451E-004   0.7758104465E-001   0.9978018506E+000   0.2271226277E+001
 0.1111111   0.2261727154E-004   0.8563826236E-001   0.1005019642E+001   0.2393699436E+001
 0.1212121   0.1872651582E-004   0.6883217598E-001   0.1031416017E+001   0.2279065743E+001
 0.1313131   0.2012486284E-004   0.6949027672E-001   0.9828443160E+000   0.1999137659E+001
 0.1414141   0.1942071748E-004   0.9383226179E-001   0.1007268160E+001   0.2064885629E+001
 0.1515152   0.1933182329E-004   0.9224249686E-001   0.9747196114E+000   0.2081008303E+001
 0.1616162   0.2121387565E-004   0.8932878809E-001   0.9871301101E+000   0.2097648678E+001
 0.1717172   0.2440340507E-004   0.1133894673E+000   0.1002613776E+001   0.2208510553E+001
 0.1818182   0.2731203523E-004   0.8400978562E-001   0.9899511661E+000   0.1973104717E+001
 0.1919192   0.3219965426E-004   0.1207834227E+000   0.1028328447E+001   0.2056010762E+001
 0.2020202   0.3837541627E-004   0.1076446350E+000   0.1005360989E+001   0.2038556858E+001
 0.2121212   0.4849533195E-004   0.1498688947E+000   0.1013483605E+001   0.2048615040E+001
 0.2222222   0.5872819761E-004   0.1767348897E+000   0.1036938369E+001   0.2115768197E+001
 0.2323232   0.7443171482E-004   0.2246936586E+000   0.1015289696E+001   0.2171014242E+001
 0.2424242   0.9983203078E-004   0.2194572413E+000   0.9807736719E+000   0.1957869529E+001
 0.2525253   0.1266583800E-003   0.2359304062E+000   0.1031323600E+001   0.2045952580E+001
 0.2626263   0.1681370695E-003   0.2691477185E+000   0.1020912296E+001   0.1751380966E+001
 0.2727273   0.2274373697E-003   0.3158186746E+000   0.9847386776E+000   0.1742949843E+001
 0.2828283   0.3161560174E-003   0.3935287586E+000   0.9974036373E+000   0.1917784715E+001
 0.2929293   0.4498360440E-003   0.3866380567E+000   0.9719505792E+000   0.1698945296E+001
 0.3030303   0.6314760488E-003   0.5795725478E+000   0.9919495819E+000   0.1581205399E+001
 0.3131313   0.9232456983E-003   0.6112852612E+000   0.1018796538E+001   0.1670323851E+001
 0.3232323   0.1328766445E-002   0.6589265933E+000   0.1003928983E+001   0.1558352618E+001
 0.3333333   0.1899452034E-002   0.6977958296E+000   0.1036142713E+001   0.1546741334E+001
 0.3434343   0.2808891817E-002   0.7158897288E+000   0.9906394203E+000   0.1402302880E+001
 0.3535354   0.4204051194E-002   0.8980468525E+000   0.9818133716E+000   0.1411695447E+001
 0.3636364   0.6150988874E-002   0.1127391090E+001   0.1064241197E+001   0.1473893471E+001
 0.3737374   0.9169555248E-002   0.1191761085E+001   0.1050759024E+001   0.1266295549E+001
 0.3838384   0.1347744189E-001   0.1283541620E+001   0.1049055193E+001   0.1193225814E+001
 0.3939394   0.2031722948E-001   0.1365659689E+001   0.1061296725E+001   0.1092274207E+001
 0.4040404   0.3016483443E-001   0.1433286637E+001   0.1008548622E+001   0.8934032377E+000
 0.4141414   0.4581749472E-001   0.1401207452E+001   0.9675258091E+000   0.8939948955E+000
 0.4242424   0.6913365073E-001   0.1641458096E+001   0.1046480791E+001   0.8155262833E+000
 0.4343434   0.1045260003E+000   0.1405269611E+001   0.1016756670E+001   0.8252146793E+000
 0.4444444   0.1580586051E+000   0.1554663641E+001   0.1006918872E+001   0.6139928543E+000
 0.4545455   0.2435997642E+000   0.1363094387E+001   0.9476367034E+000   0.5369294293E+000
 0.4646465   0.3682497216E+000   0.1770796829E+001   0.1024862629E+001   0.5287201777E+000
 0.4747475   0.5675813604E+000   0.1702635657E+001   0.1015623489E+001   0.4800563258E+000
 0.4848485   0.8684557012E+000   0.1493705447E+001   0.9924979526E+000   0.3975200664E+000
 0.4949495   0.1340548051E+001   0.1470168668E+001   0.1019700631E+001   0.3689725789E+000
 0.5050505   0.1647216565E+001   0.1285002346E+001   0.1022596742E+001   0.3541811345E+000
 0.5151515   0.1663569677E+001   0.1301821336E+001   0.1001487353E+001   0.3523322040E+000
 0.5252525   0.1653820730E+001   0.1630907838E+001   0.9743483596E+000   0.3180160532E+000
 0.5353535   0.1660831467E+001   0.1400902919E+001   0.9521001227E+000   0.3282221497E+000
 0.5454545   0.1678029025E+001   0.1393465091E+001   0.9734618424E+000   0.3147619354E+000
 0.5555556   0.1660517412E+001   0.1405021856E+001   0.9449379544E+000   0.2975299028E+000
 0.5656566   0.1660224243E+001   0.1673431469E+001   0.9613050373E+000   0.3334731125E+000
 0.5757576   0.1671849245E+001   0.1498802502E+001   0.9896050108E+000   0.3240065881E+000
 0.5858586   0.1683365184E+001   0.1499723843E+001   0.1009920948E+001   0.3130609193E+000
 0.5959596   0.1681797449E+001   0.1536257467E+001   0.9590532366E+000   0.3005621488E+000
 0.6060606   0.1665612721E+001   0.1481591232E+001   0.1001063082E+001   0.3262253048E+000
 0.6161616   0.1687533360E+001   0.1510501210E+001   0.9824011845E+000   0.3059610260E+000
 0.6262626   0.1689444364E+001   0.1355537842E+001   0.1062838854E+001   0.3188295826E+000
 0.6363636   0.1697785168E+001   0.1438801780E+001   0.1046687546E+001   0.3379105458E+000
 0.6464646   0.1707052034E+001   0.1410937020E+001   0.1148888252E+001   0.3566956801E+000
 0.6565657   0.1716486840E+001   0.1405496721E+001   0.9489186260E+000   0.3015975499E+000
 0.6666667   0.1725412263E+001   0.1518088725E+001   0.9346605526E+000   0.3303669092E+000
 0.6767677   0.1744607434E+001   0.1369510224E+001   0.9827158322E+000   0.2756385651E+000
 0.6868687   0.1744528423E+001   0.1469203453E+001   0.9190958053E+000   0.2561878158E+000
 0.6969697   0.1766111798E+001   0.1480424716E+001   0.9698503954E+000   0.3092151438E+000
 0.7070707   0.1781316183E+001   0.1361672373E+001   0.1039115850E+001   0.3206045559E+000
 0.7171717   0.1787773090E+001   0.1496242361E+001   0.1072721141E+001   0.3484864285E+000
 0.7272727   0.1791033783E+001   0.1515456322E+001   0.9589400599E+000   0.3129869621E+000
 0.7373737   0.1826790442E+001   0.1519371376E+001   0.9633010118E+000   0.3018933788E+000
 0.7474747   0.1850836749E+001   0.1408198805E+001   0.9940670010E+000   0.2890248223E+000
 0.7575758   0.1838233157E+001   0.1407378115E+001   0.9529458005E+000   0.2899123089E+000
 0.7676768   0.1874590501E+001   0.1490056214E+001   0.9314677229E+000   0.3064047694E+000
 0.7777778   0.1889724313E+001   0.1340164092E+001   0.1010957139E+001   0.2930185122E+000
 0.7878788   0.1913663445E+001   0.1456000146E+001   0.9412871794E+000   0.2973080311E+000
 0.7979798   0.1924557897E+001   0.1341609333E+001   0.1005798124E+001   0.2888029506E+000
 0.8080808   0.1953353332E+001   0.1451770236E+001   0.9698224927E+000   0.2978257316E+000
 0.8181818   0.1965642508E+001   0.1344796605E+001   0.9080129973E+000   0.2627700086E+000
 0.8282828   0.2002499053E+001   0.1460650724E+001   0.9648473159E+000   0.2814072284E+000
 0.8383838   0.2013272841E+001   0.1410046649E+001   0.1054782821E+001   0.3038162666E+000
 0.8484848   0.2034877246E+001   0.1364170575E+001   0.1013494183E+001   0.2873977634E+000
 0.8585859   0.2072553854E+001   0.1490639472E+001   0.9608753452E+000   0.2837738595E+000
 0.8686869   0.2075333476E+001   0.1315192395E+001   0.9952321159E+000   0.2659501691E+000
 0.8787879   0.2112181949E+001   0.1359623228E+001   0.1009981678E+001   0.2703136452E+000
 0.8888889   0.2148921864E+001   0.1502702071E+001   0.9716580486E+000   0.2865102767E+000
 0.8989899   0.2177402883E+001   0.1437088137E+001   0.9213445066E+000   0.2742333779E+000
 0.9090909   0.2219414237E+001   0.1356851462E+001   0.9616468602E+000   0.2553742864E+000
 0.9191919   0.2222039252E+001   0.1343679124E+001   0.1021158971E+001   0.2802239129E+000
 0.9292929   0.2254980698E+001   0.1495282308E+001   0.9392568040E+000   0.2800020412E+000
 0.9393939   0.2297294574E+001   0.1446784155E+001   0.9926175214E+000   0.2619564791E+000
 0.9494949   0.2321337506E+001   0.1339444052E+001   0.1104340662E+001   0.2891727367E+000
 0.9595960   0.2351426460E+001   0.1397689839E+001   0.1044864779E+001   0.2744552496E+000
 0.9696970   0.2381639572E+001   0.1378540398E+001   0.9988408084E+000   0.2619564791E+000
 0.9797980   0.2399972180E+001   0.1431010383E+001   0.9867953070E+000   0.2686865863E+000
 0.9898990   0.2412831624E+001   0.1374942781E+001   0.9597519874E+000   0.2447244465E+000
 1.0000000   0.2438606128E+001   0.1281187943E+001   0.1014927208E+001   0.2567794736E+000


 0.0000000   0.1283881831E-003   0.6434487701E-001   0.1025627094E+001   0.2564627185E+001
 0.0101010   0.1268561597E-003   0.6000574505E-001   0.1024460242E+001   0.2514124867E+001
 0.0202020   0.1174458329E-003   0.5913740862E-001   0.1015771758E+001   0.2393561856E+001
 0.0303030   0.1097460565E-003   0.5356016406E-001   0.1076230750E+001   0.2330828509E+001
 0.0404040   0.9091358183E-004   0.5706028667E-001   0.1039897807E+001   0.2363914290E+001
 0.0505051   0.7110435258E-004   0.5502141744E-001   0.9949315526E+000   0.2388827264E+001
 0.0606061   0.5405677175E-004   0.4762206898E-001   0.1000117379E+001   0.2070031384E+001
 0.0707071   0.3965090397E-004   0.5486840661E-001   0.1030832973E+001   0.2365379759E+001
 0.0808081   0.3191431391E-004   0.5635261161E-001   0.1070642700E+001   0.2399818282E+001
 0.0909091   0.2164058900E-004   0.6623073543E-001   0.1008664020E+001   0.2343623181E+001
 0.1010101   0.1726650164E-004   0.5129815404E-001   0.1007840177E+001   0.2280326191E+001
 0.1111111   0.1430986125E-004   0.5458916186E-001   0.1007974073E+001   0.2386347240E+001
 0.1212121   0.1272333531E-004   0.4711713325E-001   0.1042443225E+001   0.2289626283E+001
 0.1313131   0.1297030458E-004   0.4512161708E-001   0.1002117791E+001   0.2026123677E+001
 0.1414141   0.1282431846E-004   0.6242586626E-001   0.1019573470E+001   0.2077584186E+001
 0.1515152   0.1314132451E-004   0.6317434421E-001   0.9861013137E+000   0.2092689790E+001
 0.1616162   0.1402276383E-004   0.5949060860E-001   0.9904676712E+000   0.2092126148E+001
 0.1717172   0.1625645699E-004   0.7610120870E-001   0.1017234910E+001   0.2227287484E+001
 0.1818182   0.1924783759E-004   0.5964871979E-001   0.1008513500E+001   0.1998054308E+001
 0.1919192   0.2280467374E-004   0.8618334695E-001   0.1027885398E+001   0.2042807478E+001
 0.2020202   0.2856836850E-004   0.8073616160E-001   0.1019796056E+001   0.2055433057E+001
 0.2121212   0.3709852511E-004   0.1155078715E+000   0.1015525958E+001   0.2040440182E+001
 0.2222222   0.4700029037E-004   0.1425015311E+000   0.1038842876E+001   0.2106949931E+001
 0.2323232   0.6222640815E-004   0.1892565388E+000   0.1026804969E+001   0.2182477950E+001
 0.2424242   0.8633447930E-004   0.1912087019E+000   0.9925658541E+000   0.1969534026E+001
 0.2525253   0.1143359062E-003   0.2145734548E+000   0.1034032117E+001   0.2039031077E+001
 0.2626263   0.1563222918E-003   0.2521108353E+000   0.1023379892E+001   0.1745091806E+001
 0.2727273   0.2180414261E-003   0.3050411048E+000   0.9950654534E+000   0.1750671861E+001
 0.2828283   0.3067451283E-003   0.3846768636E+000   0.1005161260E+001   0.1921117183E+001
 0.2929293   0.4435646708E-003   0.3841056232E+000   0.9857173750E+000   0.1712682395E+001
 0.3030303   0.6282454896E-003   0.5809298223E+000   0.1027478486E+001   0.1628023375E+001
 0.3131313   0.9238054396E-003   0.6162408953E+000   0.1016898816E+001   0.1657220028E+001
 0.3232323   0.1323112491E-002   0.6610411897E+000   0.9896380488E+000   0.1526962376E+001
 0.3333333   0.1923042535E-002   0.7117579026E+000   0.1046989826E+001   0.1553566275E+001
 0.3434343   0.2849372553E-002   0.7316505849E+000   0.1016548609E+001   0.1430354148E+001
 0.3535354   0.4178260110E-002   0.8992280400E+000   0.9942025324E+000   0.1420941327E+001
 0.3636364   0.6252462028E-002   0.1154580155E+001   0.1049512221E+001   0.1444783381E+001
 0.3737374   0.9188128376E-002   0.1203126664E+001   0.1056280199E+001   0.1265319788E+001
 0.3838384   0.1366722508E-001   0.1311372897E+001   0.1047058920E+001   0.1183817164E+001
 0.3939394   0.2048029703E-001   0.1386939843E+001   0.1036684347E+001   0.1060548672E+001
 0.4040404   0.3053509947E-001   0.1461755760E+001   0.1022788475E+001   0.9005870894E+000
 0.4141414   0.4611144094E-001   0.1420767986E+001   0.9781437430E+000   0.8983888859E+000
 0.4242424   0.6976663435E-001   0.1668904365E+001   0.1069899251E+001   0.8287791065E+000
 0.4343434   0.1052755534E+000   0.1425956328E+001   0.1010328263E+001   0.8150826074E+000
 0.4444444   0.1591585538E+000   0.1577217729E+001   0.1050715801E+001   0.6368590264E+000
 0.4545455   0.2431608770E+000   0.1370838004E+001   0.9430352936E+000   0.5311197987E+000
 0.4646465   0.3699322266E+000   0.1792222164E+001   0.9885684514E+000   0.5069395595E+000
 0.4747475   0.5683046493E+000   0.1717584759E+001   0.1026180780E+001   0.4821393143E+000
 0.4848485   0.8660361999E+000   0.1500709766E+001   0.9828093134E+000   0.3912802338E+000
 0.4949495   0.1338241374E+001   0.1478640505E+001   0.9965096584E+000   0.3584199087E+000
 0.5050505   0.1646663280E+001   0.1294199982E+001   0.1046804794E+001   0.3603926555E+000
 0.5151515   0.1651518707E+001   0.1302078764E+001   0.9777090285E+000   0.3419051999E+000
 0.5252525   0.1646487725E+001   0.1635847651E+001   0.9685547548E+000   0.3142303808E+000
 0.5353535   0.1653027167E+001   0.1404771979E+001   0.9472746271E+000   0.3246013924E+000
 0.5454545   0.1659799062E+001   0.1388658664E+001   0.9682077702E+000   0.3111867143E+000
 0.5555556   0.1660635713E+001   0.1415654874E+001   0.9460065960E+000   0.2960811103E+000
 0.5656566   0.1660791399E+001   0.1686551613E+001   0.1002834007E+001   0.3457943293E+000
 0.5757576   0.1662102020E+001   0.1501233828E+001   0.9741922321E+000   0.3170485904E+000
 0.5858586   0.1667287865E+001   0.1496535121E+001   0.9920012501E+000   0.3056630233E+000
 0.5959596   0.1669169934E+001   0.1536152174E+001   0.9719826731E+000   0.3027884494E+000
 0.6060606   0.1671148523E+001   0.1497658475E+001   0.1000519911E+001   0.3240941147E+000
 0.6161616   0.1683449836E+001   0.1518141524E+001   0.9693372593E+000   0.3000829681E+000
 0.6262626   0.1688286975E+001   0.1364763474E+001   0.1056091565E+001   0.3149067511E+000
 0.6363636   0.1700608193E+001   0.1451997495E+001   0.1025927350E+001   0.3292232563E+000
 0.6464646   0.1700517262E+001   0.1416071829E+001   0.1121770053E+001   0.3461888787E+000
 0.6565657   0.1718177590E+001   0.1417427249E+001   0.9707200028E+000   0.3066775788E+000
 0.6666667   0.1723257131E+001   0.1527558066E+001   0.9455436792E+000   0.3322105586E+000
 0.6767677   0.1740926930E+001   0.1376865355E+001   0.9616902535E+000   0.2681244702E+000
 0.6868687   0.1743040422E+001   0.1478954177E+001   0.8826856248E+000   0.2445642371E+000
 0.6969697   0.1760678649E+001   0.1486933692E+001   0.9829864861E+000   0.3115248994E+000
 0.7070707   0.1777635905E+001   0.1369045227E+001   0.1008791934E+001   0.3093830601E+000
 0.7171717   0.1784275965E+001   0.1504509535E+001   0.1020058945E+001   0.3293923489E+000
 0.7272727   0.1794376360E+001   0.1529665790E+001   0.9447534990E+000   0.3065084862E+000
 0.7373737   0.1823061258E+001   0.1527635846E+001   0.9763251124E+000   0.3041411901E+000
 0.7474747   0.1849459216E+001   0.1417698844E+001   0.9821556666E+000   0.2838500803E+000
 0.7575758   0.1845973297E+001   0.1423898332E+001   0.9406952288E+000   0.2844700864E+000
 0.7676768   0.1872162837E+001   0.1499281665E+001   0.9398146861E+000   0.3072975849E+000
 0.7777778   0.1885089056E+001   0.1346898185E+001   0.1011640746E+001   0.2914592464E+000
 0.7878788   0.1913316212E+001   0.1466648282E+001   0.9493383822E+000   0.2980538571E+000
 0.7979798   0.1925815474E+001   0.1352549385E+001   0.1027883797E+001   0.2933756290E+000
 0.8080808   0.1956541884E+001   0.1465040393E+001   0.9742017663E+000   0.2973774868E+000
 0.8181818   0.1961440112E+001   0.1351980695E+001   0.9371966801E+000   0.2695899392E+000
 0.8282828   0.2002052541E+001   0.1471271759E+001   0.9596493777E+000   0.2782136609E+000
 0.8383838   0.2018082839E+001   0.1424010540E+001   0.1053418805E+001   0.3016048013E+000
 0.8484848   0.2040567608E+001   0.1378239902E+001   0.1008418804E+001   0.2842446296E+000
 0.8585859   0.2070240659E+001   0.1500137251E+001   0.9427363352E+000   0.2767481918E+000
 0.8686869   0.2084002180E+001   0.1330585956E+001   0.9485183241E+000   0.2519479465E+000
 0.8787879   0.2108346504E+001   0.1367327680E+001   0.1013351228E+001   0.2695899392E+000
 0.8888889   0.2150363109E+001   0.1514981851E+001   0.9440182085E+000   0.2766918276E+000
 0.8989899   0.2174206920E+001   0.1445735527E+001   0.9102526957E+000   0.2693081182E+000
 0.9090909   0.2215347012E+001   0.1364517381E+001   0.9346071287E+000   0.2467060765E+000
 0.9191919   0.2233879474E+001   0.1360964980E+001   0.1074911237E+001   0.2932065364E+000
 0.9292929   0.2264892031E+001   0.1513112569E+001   0.9337492700E+000   0.2766918276E+000
 0.9393939   0.2296223756E+001   0.1456949945E+001   0.9765641356E+000   0.2561752611E+000
 0.9494949   0.2320191577E+001   0.1348818471E+001   0.1038577676E+001   0.2703226737E+000
 0.9595960   0.2356007218E+001   0.1410910263E+001   0.1020441802E+001   0.2664335444E+000
 0.9696970   0.2397306173E+001   0.1398010176E+001   0.9826867748E+000   0.2561752611E+000
 0.9797980   0.2409977085E+001   0.1447747619E+001   0.9511000231E+000   0.2574152733E+000
 0.9898990   0.2431735702E+001   0.1396102641E+001   0.9602369066E+000   0.2433805891E+000
 1.0000000   0.2469471571E+001   0.1307129397E+001   0.1036574256E+001   0.2606843966E+000


 0.0000000   0.1409723072E-003   0.7032266759E-001   0.1027710340E+001   0.2584776782E+001
 0.0101010   0.1356592495E-003   0.6387093733E-001   0.1003775457E+001   0.2477683728E+001
 0.0202020   0.1256984133E-003   0.6299804615E-001   0.9865119230E+000   0.2338128745E+001
 0.0303030   0.1178234202E-003   0.5723440962E-001   0.1051431200E+001   0.2290357868E+001
 0.0404040   0.9762531413E-004   0.6098741586E-001   0.1015016067E+001   0.2320767006E+001
 0.0505051   0.7763396293E-004   0.5979432265E-001   0.9922906234E+000   0.2396337543E+001
 0.0606061   0.5933502702E-004   0.5202857183E-001   0.9922722527E+000   0.2065733841E+001
 0.0707071   0.4303876176E-004   0.5927910396E-001   0.1002559871E+001   0.2313877979E+001
 0.0808081   0.3331835824E-004   0.5855779779E-001   0.1041752140E+001   0.2348636251E+001
 0.0909091   0.2370378851E-004   0.7220726091E-001   0.1012437744E+001   0.2366067576E+001
 0.1010101   0.1850864159E-004   0.5473240546E-001   0.9931828308E+000   0.2260227073E+001
 0.1111111   0.1504567150E-004   0.5712881108E-001   0.1005802666E+001   0.2395050199E+001
 0.1212121   0.1342384178E-004   0.4947972961E-001   0.1030732670E+001   0.2277066917E+001
 0.1313131   0.1304883795E-004   0.4518340184E-001   0.1010944318E+001   0.2055852611E+001
 0.1414141   0.1320121064E-004   0.6396120705E-001   0.1015758149E+001   0.2081843030E+001
 0.1515152   0.1370523830E-004   0.6557839762E-001   0.9910984892E+000   0.2115522717E+001
 0.1616162   0.1475927346E-004   0.6232357805E-001   0.9848155039E+000   0.2092280950E+001
 0.1717172   0.1692843526E-004   0.7887785267E-001   0.1011382470E+001   0.2227347627E+001
 0.1818182   0.1998642060E-004   0.6164910994E-001   0.9987940580E+000   0.1990302477E+001
 0.1919192   0.2456596900E-004   0.9240724003E-001   0.1014110372E+001   0.2027148333E+001
 0.2020202   0.3085151271E-004   0.8678241448E-001   0.9979927034E+000   0.2023181923E+001
 0.2121212   0.4061111610E-004   0.1258555781E+000   0.1021879284E+001   0.2065142359E+001
 0.2222222   0.5129629047E-004   0.1548023526E+000   0.1027881719E+001   0.2096838841E+001
 0.2323232   0.6913257963E-004   0.2092818325E+000   0.1041402329E+001   0.2226373421E+001
 0.2424242   0.9568104908E-004   0.2109220163E+000   0.1004033513E+001   0.2003871772E+001
 0.2525253   0.1265302286E-003   0.2363525296E+000   0.1022186934E+001   0.2027391884E+001
 0.2626263   0.1724770732E-003   0.2768691572E+000   0.1022915198E+001   0.1754440291E+001
 0.2727273   0.2423139844E-003   0.3374197017E+000   0.9968503853E+000   0.1764008384E+001
 0.2828283   0.3358654788E-003   0.4192338751E+000   0.9815323607E+000   0.1886862695E+001
 0.2929293   0.4800934144E-003   0.4138015114E+000   0.9887435268E+000   0.1727927976E+001
 0.3030303   0.6759591799E-003   0.6221389182E+000   0.1023403824E+001   0.1630994497E+001
 0.3131313   0.9790088429E-003   0.6500237460E+000   0.1004764424E+001   0.1646964514E+001
 0.3232323   0.1398352900E-002   0.6953783197E+000   0.9860706240E+000   0.1530303368E+001
 0.3333333   0.2022442374E-002   0.7450615820E+000   0.1027192895E+001   0.1533052020E+001
 0.3434343   0.2942154116E-002   0.7519561449E+000   0.1020351129E+001   0.1444051360E+001
 0.3535354   0.4305008418E-002   0.9221912133E+000   0.9975615126E+000   0.1434030957E+001
 0.3636364   0.6357015366E-002   0.1168419761E+001   0.1018894750E+001   0.1410789190E+001
 0.3737374   0.9386101884E-002   0.1223325894E+001   0.1040154067E+001   0.1253246193E+001
 0.3838384   0.1380500027E-001   0.1318423342E+001   0.1028630321E+001   0.1169742837E+001
 0.3939394   0.2061822302E-001   0.1389777298E+001   0.1037265158E+001   0.1067312055E+001
 0.4040404   0.3077730812E-001   0.1466488677E+001   0.1005440628E+001   0.8904589066E+000
 0.4141414   0.4611455180E-001   0.1414246354E+001   0.9820217261E+000   0.9071943708E+000
 0.4242424   0.6955016616E-001   0.1655977596E+001   0.1070849388E+001   0.8343376931E+000
 0.4343434   0.1046833668E+000   0.1411331323E+001   0.1012438788E+001   0.8215338453E+000
 0.4444444   0.1585140564E+000   0.1563515002E+001   0.9963491810E+000   0.6074173247E+000
 0.4545455   0.2416856737E+000   0.1356175672E+001   0.9843800806E+000   0.5576284490E+000
 0.4646465   0.3665077886E+000   0.1767361916E+001   0.9790678877E+000   0.5049865420E+000
 0.4747475   0.5653235967E+000   0.1700617677E+001   0.1007487161E+001   0.4761082983E+000
 0.4848485   0.8605427408E+000   0.1484245413E+001   0.1004417596E+001   0.4022078287E+000
 0.4949495   0.1328909121E+001   0.1461490630E+001   0.9838754985E+000   0.3559330526E+000
 0.5050505   0.1629689234E+001   0.1274893749E+001   0.1039329866E+001   0.3598994620E+000
 0.5151515   0.1637114592E+001   0.1284711007E+001   0.1003729537E+001   0.3530452282E+000
 0.5252525   0.1632923852E+001   0.1614815455E+001   0.9936202685E+000   0.3242365706E+000
 0.5353535   0.1640339628E+001   0.1387497562E+001   0.9787984153E+000   0.3373535560E+000
 0.5454545   0.1639953745E+001   0.1365665063E+001   0.9956606005E+000   0.3218706422E+000
 0.5555556   0.1646353007E+001   0.1396942670E+001   0.9511739111E+000   0.2994291154E+000
 0.5656566   0.1648397007E+001   0.1666168707E+001   0.9796220632E+000   0.3397542775E+000
 0.5757576   0.1644248271E+001   0.1478191380E+001   0.9878627922E+000   0.3233667440E+000
 0.5858586   0.1653987939E+001   0.1477682975E+001   0.1007353981E+001   0.3121981702E+000
 0.5959596   0.1656665078E+001   0.1517543018E+001   0.9544215231E+000   0.2990463917E+000
 0.6060606   0.1662923055E+001   0.1483346122E+001   0.1026249841E+001   0.3343613524E+000
 0.6161616   0.1674982097E+001   0.1503470309E+001   0.9959386590E+000   0.3101105863E+000
 0.6262626   0.1679641408E+001   0.1351450989E+001   0.1056849397E+001   0.3169648200E+000
 0.6363636   0.1691394376E+001   0.1437404795E+001   0.1035484991E+001   0.3342221802E+000
 0.6464646   0.1697888898E+001   0.1407298140E+001   0.1080769254E+001   0.3354747305E+000
 0.6565657   0.1708016516E+001   0.1402482336E+001   0.9833582682E+000   0.3124765147E+000
 0.6666667   0.1720034228E+001   0.1517600075E+001   0.9923405399E+000   0.3506792998E+000
 0.6767677   0.1730176911E+001   0.1361990404E+001   0.9687544094E+000   0.2716642497E+000
 0.6868687   0.1738528617E+001   0.1468255750E+001   0.8861846500E+000   0.2469611737E+000
 0.6969697   0.1754569896E+001   0.1474873542E+001   0.1002775290E+001   0.3196438860E+000
 0.7070707   0.1776231746E+001   0.1361592707E+001   0.1008816055E+001   0.3111891713E+000
 0.7171717   0.1782236217E+001   0.1495790570E+001   0.1020142098E+001   0.3313343558E+000
 0.7272727   0.1790765642E+001   0.1519477855E+001   0.9828513397E+000   0.3207224710E+000
 0.7373737   0.1818973989E+001   0.1517112107E+001   0.9981727832E+000   0.3127548592E+000
 0.7474747   0.1839441963E+001   0.1403453161E+001   0.9698671920E+000   0.2819282038E+000
 0.7575758   0.1847607497E+001   0.1418521392E+001   0.9593876067E+000   0.2918094342E+000
 0.7676768   0.1871439601E+001   0.1491722471E+001   0.9633538792E+000   0.3168256478E+000
 0.7777778   0.1887734592E+001   0.1342506622E+001   0.9947549586E+000   0.2882605416E+000
 0.7878788   0.1912409462E+001   0.1459125734E+001   0.9857773954E+000   0.3112935505E+000
 0.7979798   0.1930225701E+001   0.1349333057E+001   0.1003397451E+001   0.2880517832E+000
 0.8080808   0.1956762293E+001   0.1458381435E+001   0.1000523899E+001   0.3071879688E+000
 0.8181818   0.1973697591E+001   0.1354093507E+001   0.9723797859E+000   0.2813367217E+000
 0.8282828   0.2002094152E+001   0.1464449944E+001   0.9772218325E+000   0.2849552004E+000
 0.8383838   0.2017915711E+001   0.1417261022E+001   0.1012590343E+001   0.2916006758E+000
 0.8484848   0.2047839260E+001   0.1376709479E+001   0.1010250685E+001   0.2864165092E+000
 0.8585859   0.2080744562E+001   0.1500726450E+001   0.9716814433E+000   0.2869036121E+000
 0.8686869   0.2091218120E+001   0.1328974680E+001   0.9967780927E+000   0.2663061177E+000
 0.8787879   0.2119707390E+001   0.1368293104E+001   0.1041511231E+001   0.2786924488E+000
 0.8888889   0.2172890352E+001   0.1523723087E+001   0.9723747355E+000   0.2866600606E+000
 0.8989899   0.2189637257E+001   0.1449214800E+001   0.9284592530E+000   0.2762917273E+000
 0.9090909   0.2222720449E+001   0.1362682756E+001   0.9372422822E+000   0.2488399992E+000
 0.9191919   0.2245636954E+001   0.1361756214E+001   0.1040398533E+001   0.2854423034E+000
 0.9292929   0.2279112208E+001   0.1515521316E+001   0.9470884572E+000   0.2822761345E+000
 0.9393939   0.2304175438E+001   0.1455186227E+001   0.9487887049E+000   0.2503361010E+000
 0.9494949   0.2335117887E+001   0.1351173367E+001   0.1042084862E+001   0.2728124208E+000
 0.9595960   0.2371293777E+001   0.1413450958E+001   0.9662303537E+000   0.2537458214E+000
 0.9696970   0.2414590938E+001   0.1401531949E+001   0.1007815019E+001   0.2642533269E+000
 0.9797980   0.2437380223E+001   0.1457390171E+001   0.9766010901E+000   0.2658538079E+000
 0.9898990   0.2467778629E+001   0.1410196990E+001   0.9537190922E+000   0.2431339366E+000
 1.0000000   0.2487031569E+001   0.1310293105E+001   0.9910475476E+000   0.2506840317E+000


 0.0000000   0.1126371234E-003   0.5699077951E-001   0.1023448201E+001   0.2564410816E+001
 0.0101010   0.1077990558E-003   0.5147902983E-001   0.1001647647E+001   0.2463166031E+001
 0.0202020   0.1016918857E-003   0.5169459087E-001   0.9974091222E+000   0.2355097189E+001
 0.0303030   0.9474503387E-004   0.4668136585E-001   0.1055433329E+001   0.2290459967E+001
 0.0404040   0.7873010551E-004   0.4988616724E-001   0.1020088240E+001   0.2323623613E+001
 0.0505051   0.6274785966E-004   0.4901947194E-001   0.9953435349E+000   0.2394702235E+001
 0.0606061   0.4768816926E-004   0.4241338433E-001   0.9986851362E+000   0.2071292910E+001
 0.0707071   0.3467661328E-004   0.4844400661E-001   0.1007144083E+001   0.2315747247E+001
 0.0808081   0.2672747056E-004   0.4764534976E-001   0.1043734470E+001   0.2344287116E+001
 0.0909091   0.1922586202E-004   0.5940328277E-001   0.1013040857E+001   0.2358604882E+001
 0.1010101   0.1495861873E-004   0.4486658348E-001   0.1008439261E+001   0.2286346399E+001
 0.1111111   0.1216260628E-004   0.4684160592E-001   0.1007167767E+001   0.2389313143E+001
 0.1212121   0.1091331702E-004   0.4080080967E-001   0.1039275274E+001   0.2287334931E+001
 0.1313131   0.1061667525E-004   0.3728697386E-001   0.1022022000E+001   0.2070591372E+001
 0.1414141   0.1070172272E-004   0.5259180809E-001   0.1023766813E+001   0.2090393895E+001
 0.1515152   0.1114357378E-004   0.5408293095E-001   0.1004723137E+001   0.2136567894E+001
 0.1616162   0.1209404008E-004   0.5179887409E-001   0.9988977192E+000   0.2114246209E+001
 0.1717172   0.1385877659E-004   0.6549749238E-001   0.1013605311E+001   0.2223877570E+001
 0.1818182   0.1667168131E-004   0.5215941425E-001   0.9987255178E+000   0.1982707710E+001
 0.1919192   0.2047511111E-004   0.7811957719E-001   0.1012982937E+001   0.2017306321E+001
 0.2020202   0.2581850515E-004   0.7366274130E-001   0.1006005719E+001   0.2031783528E+001
 0.2121212   0.3447239848E-004   0.1083578956E+000   0.1024042425E+001   0.2061758362E+001
 0.2222222   0.4427597841E-004   0.1355255820E+000   0.1035214079E+001   0.2103882570E+001
 0.2323232   0.6014593210E-004   0.1846785873E+000   0.1046094202E+001   0.2228023026E+001
 0.2424242   0.8323133021E-004   0.1860991282E+000   0.1006724603E+001   0.2001713030E+001
 0.2525253   0.1113598526E-003   0.2109872088E+000   0.1023929546E+001   0.2023237512E+001
 0.2626263   0.1528492739E-003   0.2488674524E+000   0.1031902259E+001   0.1763221772E+001
 0.2727273   0.2158010387E-003   0.3047944159E+000   0.1000696602E+001   0.1764178415E+001
 0.2828283   0.2997339694E-003   0.3794796415E+000   0.9969074925E+000   0.1909237478E+001
 0.2929293   0.4309716353E-003   0.3767701854E+000   0.9871110411E+000   0.1718610290E+001
 0.3030303   0.6130607254E-003   0.5723107602E+000   0.1035881635E+001   0.1644693625E+001
 0.3131313   0.8992441821E-003   0.6055942759E+000   0.1015042330E+001   0.1657576426E+001
 0.3232323   0.1285966257E-002   0.6486276366E+000   0.9931465827E+000   0.1535508698E+001
 0.3333333   0.1876259570E-002   0.7010846396E+000   0.1030864654E+001   0.1532766320E+001
 0.3434343   0.2740820114E-002   0.7105082818E+000   0.1027131017E+001   0.1448199023E+001
 0.3535354   0.4016211118E-002   0.8726197260E+000   0.9964445208E+000   0.1427057198E+001
 0.3636364   0.5937744990E-002   0.1106951751E+001   0.1019332953E+001   0.1406106703E+001
 0.3737374   0.8846826195E-002   0.1169515324E+001   0.1045545123E+001   0.1255020785E+001
 0.3838384   0.1311939053E-001   0.1270848091E+001   0.1033746134E+001   0.1171155026E+001
 0.3939394   0.1963397602E-001   0.1342343777E+001   0.1042674963E+001   0.1068857933E+001
 0.4040404   0.2956891370E-001   0.1429041920E+001   0.1007507062E+001   0.8889451537E+000
 0.4141414   0.4445687359E-001   0.1382889601E+001   0.9931897108E+000   0.9140729932E+000
 0.4242424   0.6721412590E-001   0.1623223634E+001   0.1094739187E+001   0.8497546528E+000
 0.4343434   0.1018592396E+000   0.1392878535E+001   0.1031197002E+001   0.8336192635E+000
 0.4444444   0.1546895967E+000   0.1547593501E+001   0.9938288067E+000   0.6036102455E+000
 0.4545455   0.2368730943E+000   0.1348162653E+001   0.9794363158E+000   0.5527486923E+000
 0.4646465   0.3617714261E+000   0.1769449056E+001   0.9908680924E+000   0.5091576306E+000
 0.4747475   0.5611163763E+000   0.1712079932E+001   0.1009205373E+001   0.4751330054E+000
 0.4848485   0.8588720893E+000   0.1502530432E+001   0.1007149298E+001   0.4017903267E+000
 0.4949495   0.1328950215E+001   0.1482419032E+001   0.9816544710E+000   0.3537987043E+000
 0.5050505   0.1641427759E+001   0.1302424287E+001   0.1019177234E+001   0.3515984240E+000
 0.5151515   0.1645372817E+001   0.1309640813E+001   0.1008108405E+001   0.3532566063E+000
 0.5252525   0.1636754761E+001   0.1641731362E+001   0.9895164864E+000   0.3216873663E+000
 0.5353535   0.1639145069E+001   0.1406298004E+001   0.9601653221E+000   0.3296912847E+000
 0.5454545   0.1640746860E+001   0.1385848319E+001   0.1002302257E+001   0.3228034505E+000
 0.5555556   0.1650959896E+001   0.1420867769E+001   0.9609552901E+000   0.3013746331E+000
 0.5656566   0.1654360394E+001   0.1696089626E+001   0.9921140616E+000   0.3427973025E+000
 0.5757576   0.1651212999E+001   0.1505663380E+001   0.9995319185E+000   0.3259603745E+000
 0.5858586   0.1655962914E+001   0.1500586568E+001   0.1003663579E+001   0.3098887615E+000
 0.5959596   0.1659801839E+001   0.1542140887E+001   0.9559698931E+000   0.2984090379E+000
 0.6060606   0.1664630993E+001   0.1506086236E+001   0.1014347134E+001   0.3292448510E+000
 0.6161616   0.1677212078E+001   0.1526982940E+001   0.9939329196E+000   0.3083262435E+000
 0.6262626   0.1681636473E+001   0.1372389425E+001   0.1059020944E+001   0.3164258263E+000
 0.6363636   0.1690587837E+001   0.1457247988E+001   0.1038478932E+001   0.3339324048E+000
 0.6464646   0.1700968165E+001   0.1429995094E+001   0.1077372408E+001   0.3331670899E+000
 0.6565657   0.1715684919E+001   0.1428908387E+001   0.9978200622E+000   0.3158837283E+000
 0.6666667   0.1724924374E+001   0.1543660624E+001   0.9827427702E+000   0.3459861146E+000
 0.6767677   0.1730771816E+001   0.1381926253E+001   0.9712236336E+000   0.2713360230E+000
 0.6868687   0.1744745497E+001   0.1494560397E+001   0.8931230762E+000   0.2479620302E+000
 0.6969697   0.1758503908E+001   0.1499301468E+001   0.9879789654E+000   0.3137472241E+000
 0.7070707   0.1778369034E+001   0.1382709649E+001   0.1002776036E+001   0.3081668029E+000
 0.7171717   0.1784539781E+001   0.1519124182E+001   0.1007469894E+001   0.3259922627E+000
 0.7272727   0.1794595093E+001   0.1544484716E+001   0.9688198192E+000   0.3149589727E+000
 0.7373737   0.1818053704E+001   0.1538010890E+001   0.9863100361E+000   0.3078798098E+000
 0.7474747   0.1840426569E+001   0.1424268420E+001   0.9738274097E+000   0.2820185436E+000
 0.7575758   0.1844743690E+001   0.1436559850E+001   0.9712005900E+000   0.2942954702E+000
 0.7676768   0.1871971228E+001   0.1513466817E+001   0.9463896572E+000   0.3100800902E+000
 0.7777778   0.1891288715E+001   0.1364252791E+001   0.9808518066E+000   0.2831665159E+000
 0.7878788   0.1908992434E+001   0.1477330138E+001   0.9848174940E+000   0.3098249852E+000
 0.7979798   0.1932224570E+001   0.1370030335E+001   0.9906480145E+000   0.2833259565E+000
 0.8080808   0.1956809903E+001   0.1479255562E+001   0.9826756988E+000   0.3005774301E+000
 0.8181818   0.1970425743E+001   0.1371164733E+001   0.9684463306E+000   0.2791486127E+000
 0.8282828   0.2000283712E+001   0.1484031607E+001   0.9707889491E+000   0.2820185436E+000
 0.8383838   0.2016091417E+001   0.1436212028E+001   0.9977827610E+000   0.2862596637E+000
 0.8484848   0.2050866664E+001   0.1398444969E+001   0.1000737951E+001   0.2826563060E+000
 0.8585859   0.2075145610E+001   0.1518073719E+001   0.9706541128E+000   0.2855262369E+000
 0.8686869   0.2093792607E+001   0.1349623254E+001   0.9828845511E+000   0.2616101460E+000
 0.8787879   0.2115625944E+001   0.1385171750E+001   0.1032785939E+001   0.2753220381E+000
 0.8888889   0.2164175043E+001   0.1539295990E+001   0.9614231155E+000   0.2823693129E+000
 0.8989899   0.2189519235E+001   0.1469842730E+001   0.9199684961E+000   0.2727391003E+000
 0.9090909   0.2218927299E+001   0.1379794806E+001   0.9347963207E+000   0.2472604915E+000
 0.9191919   0.2243391021E+001   0.1379832322E+001   0.1018836207E+001   0.2784789621E+000
 0.9292929   0.2276343381E+001   0.1535308429E+001   0.9521461709E+000   0.2827200822E+000
 0.9393939   0.2301075631E+001   0.1473993075E+001   0.9449030309E+000   0.2483765758E+000
 0.9494949   0.2337573384E+001   0.1371920787E+001   0.1031907836E+001   0.2691357426E+000
 0.9595960   0.2367791127E+001   0.1431529457E+001   0.9478800714E+000   0.2479939183E+000
 0.9696970   0.2401989661E+001   0.1414138958E+001   0.9985577402E+000   0.2608448311E+000
 0.9797980   0.2432852690E+001   0.1475468301E+001   0.9635689427E+000   0.2613231529E+000
 0.9898990   0.2465015259E+001   0.1428744967E+001   0.9362644944E+000   0.2377897195E+000
 1.0000000   0.2485068107E+001   0.1327966046E+001   0.9895416757E+000   0.2493651075E+000


 0.0000000   0.1714314214E-003   0.8620956876E-001   0.1002305059E+001   0.2539702380E+001
 0.0101010   0.1665057682E-003   0.7902903523E-001   0.9829321922E+000   0.2444350278E+001
 0.0202020   0.1552225941E-003   0.7842521881E-001   0.9733972003E+000   0.2324270988E+001
 0.0303030   0.1438014024E-003   0.7041938386E-001   0.1030584075E+001   0.2261707815E+001
 0.0404040   0.1167504628E-003   0.7352582665E-001   0.9840385270E+000   0.2266737935E+001
 0.0505051   0.9582898992E-004   0.7440611392E-001   0.9858407699E+000   0.2398537234E+001
 0.0606061   0.7361958941E-004   0.6507702169E-001   0.9977428899E+000   0.2092631433E+001
 0.0707071   0.5378880431E-004   0.7468566807E-001   0.1001318512E+001   0.2328267986E+001
 0.0808081   0.3931532927E-004   0.6965729045E-001   0.1002209665E+001   0.2276357827E+001
 0.0909091   0.2860715153E-004   0.8784989389E-001   0.9983248297E+000   0.2350505519E+001
 0.1010101   0.2189173439E-004   0.6526099299E-001   0.9872141824E+000   0.2263418395E+001
 0.1111111   0.1742654728E-004   0.6670501355E-001   0.9979665556E+000   0.2394133763E+001
 0.1212121   0.1520604174E-004   0.5650282847E-001   0.9914997756E+000   0.2206749100E+001
 0.1313131   0.1454616664E-004   0.5077607934E-001   0.1002035054E+001   0.2052949378E+001
 0.1414141   0.1409699520E-004   0.6885460002E-001   0.1000109974E+001   0.2065075862E+001
 0.1515152   0.1497786588E-004   0.7224830526E-001   0.9886158280E+000   0.2125979264E+001
 0.1616162   0.1535921710E-004   0.6538227017E-001   0.9975416280E+000   0.2135141873E+001
 0.1717172   0.1745749651E-004   0.8200186759E-001   0.1001190693E+001   0.2221365239E+001
 0.1818182   0.2022900192E-004   0.6290276868E-001   0.9802893476E+000   0.1968013181E+001
 0.1919192   0.2445878943E-004   0.9274928605E-001   0.1001955840E+001   0.2017806285E+001
 0.2020202   0.2995146471E-004   0.8493307515E-001   0.9942086705E+000   0.2030559417E+001
 0.2121212   0.3839609720E-004   0.1199549416E+000   0.9977945822E+000   0.2031524794E+001
 0.2222222   0.4859912024E-004   0.1478507465E+000   0.1020474756E+001   0.2097272015E+001
 0.2323232   0.6457211800E-004   0.1970594726E+000   0.1006943200E+001   0.2168777623E+001
 0.2424242   0.8813528283E-004   0.1958616036E+000   0.9999091294E+000   0.2010540557E+001
 0.2525253   0.1163201183E-003   0.2190404460E+000   0.1010644911E+001   0.2019466055E+001
 0.2626263   0.1591444633E-003   0.2575361840E+000   0.9986645353E+000   0.1725635929E+001
 0.2727273   0.2231934080E-003   0.3133118633E+000   0.1007990583E+001   0.1797039918E+001
 0.2828283   0.3070539703E-003   0.3863751923E+000   0.1009408097E+001   0.1954938257E+001
 0.2929293   0.4384557581E-003   0.3809742471E+000   0.9937447610E+000   0.1749634851E+001
 0.3030303   0.6227664387E-003   0.5778240540E+000   0.1010819755E+001   0.1622967290E+001
 0.3131313   0.9026098873E-003   0.6041519918E+000   0.1001513681E+001   0.1653893211E+001
 0.3232323   0.1292367681E-002   0.6478790925E+000   0.9864242255E+000   0.1542282137E+001
 0.3333333   0.1885282274E-002   0.7001577754E+000   0.1014331159E+001   0.1525159406E+001
 0.3434343   0.2764226749E-002   0.7122037846E+000   0.1010662606E+001   0.1441019221E+001
 0.3535354   0.4033641371E-002   0.8710594067E+000   0.1004302359E+001   0.1454500619E+001
 0.3636364   0.5971082333E-002   0.1106374632E+001   0.1023362248E+001   0.1427554759E+001
 0.3737374   0.8898806186E-002   0.1169209054E+001   0.1025412346E+001   0.1244709059E+001
 0.3838384   0.1317682421E-001   0.1268623446E+001   0.9952304993E+000   0.1140211285E+001
 0.3939394   0.1969807406E-001   0.1338508902E+001   0.1004226509E+001   0.1041031551E+001
 0.4040404   0.2962074009E-001   0.1422811952E+001   0.9901774884E+000   0.8834888775E+000
 0.4141414   0.4442743205E-001   0.1373541560E+001   0.9944212954E+000   0.9255081606E+000
 0.4242424   0.6734384498E-001   0.1616433011E+001   0.1047660862E+001   0.8223653012E+000
 0.4343434   0.1021771999E+000   0.1388701206E+001   0.1039141800E+001   0.8494974622E+000
 0.4444444   0.1551274799E+000   0.1542504812E+001   0.1000945297E+001   0.6147754771E+000
 0.4545455   0.2378511719E+000   0.1345469492E+001   0.1016619676E+001   0.5801912868E+000
 0.4646465   0.3624831740E+000   0.1762112588E+001   0.9967590213E+000   0.5179499061E+000
 0.4747475   0.5614826612E+000   0.1702744330E+001   0.1032446033E+001   0.4915460115E+000
 0.4848485   0.8587096912E+000   0.1493080254E+001   0.9960464864E+000   0.4018337412E+000
 0.4949495   0.1330322042E+001   0.1474894844E+001   0.9727815720E+000   0.3545472283E+000
 0.5050505   0.1640299981E+001   0.1293588043E+001   0.1008566482E+001   0.3518543359E+000
 0.5151515   0.1647275401E+001   0.1303155065E+001   0.9868124161E+000   0.3496864728E+000
 0.5252525   0.1640477240E+001   0.1635425222E+001   0.1023949932E+001   0.3366284852E+000
 0.5353535   0.1638709929E+001   0.1397346316E+001   0.9818452172E+000   0.3409303384E+000
 0.5454545   0.1643021774E+001   0.1379302225E+001   0.1003641367E+001   0.3268731014E+000
 0.5555556   0.1651034890E+001   0.1412262380E+001   0.1006733737E+001   0.3192855807E+000
 0.5656566   0.1654616143E+001   0.1686001400E+001   0.1004325905E+001   0.3509228322E+000
 0.5757576   0.1654428665E+001   0.1499390777E+001   0.1005194166E+001   0.3314967469E+000
 0.5858586   0.1657303837E+001   0.1492638311E+001   0.9879805047E+000   0.3084801383E+000
 0.5959596   0.1664603591E+001   0.1537165533E+001   0.9769650843E+000   0.3083954562E+000
 0.6060606   0.1668334291E+001   0.1500226871E+001   0.1034580660E+001   0.3395923605E+000
 0.6161616   0.1681021249E+001   0.1521112752E+001   0.1013054270E+001   0.3177951749E+000
 0.6262626   0.1685207112E+001   0.1366911912E+001   0.1028951817E+001   0.3109020478E+000
 0.6363636   0.1690512555E+001   0.1448291978E+001   0.1010575379E+001   0.3286175537E+000
 0.6464646   0.1702781130E+001   0.1422784716E+001   0.1072712050E+001   0.3354598715E+000
 0.6565657   0.1714471619E+001   0.1419185456E+001   0.9867589802E+000   0.3158982947E+000
 0.6666667   0.1725031458E+001   0.1534337103E+001   0.1022204733E+001   0.3639300105E+000
 0.6767677   0.1731864202E+001   0.1374361208E+001   0.9702534478E+000   0.2741161216E+000
 0.6868687   0.1748154120E+001   0.1488343249E+001   0.9321796891E+000   0.2617186547E+000
 0.6969697   0.1761214402E+001   0.1492450229E+001   0.9907998811E+000   0.3181847128E+000
 0.7070707   0.1775304605E+001   0.1371904832E+001   0.1007009948E+001   0.3129513559E+000
 0.7171717   0.1784560338E+001   0.1509872517E+001   0.9986372535E+000   0.3267714828E+000
 0.7272727   0.1795101833E+001   0.1535494375E+001   0.1011122224E+001   0.3324113141E+000
 0.7373737   0.1821284057E+001   0.1531342687E+001   0.9886614096E+000   0.3120875979E+000
 0.7474747   0.1843534439E+001   0.1417968574E+001   0.9919272037E+000   0.2904936495E+000
 0.7575758   0.1843486863E+001   0.1426821807E+001   0.1017236386E+001   0.3117149965E+000
 0.7676768   0.1869993624E+001   0.1502643164E+001   0.9560224300E+000   0.3167620526E+000
 0.7777778   0.1891405448E+001   0.1356012384E+001   0.9816889306E+000   0.2865982706E+000
 0.7878788   0.1907642817E+001   0.1467278021E+001   0.9957137743E+000   0.3167789891E+000
 0.7979798   0.1932266580E+001   0.1361700591E+001   0.9935121364E+000   0.2873434735E+000
 0.8080808   0.1955090452E+001   0.1468937874E+001   0.9897850995E+000   0.3061598474E+000
 0.8181818   0.1971930781E+001   0.1363839386E+001   0.9774136886E+000   0.2849046276E+000
 0.8282828   0.1995338316E+001   0.1471330015E+001   0.9850849458E+000   0.2893927816E+000
 0.8383838   0.2015505532E+001   0.1427034042E+001   0.1000511356E+001   0.2902734759E+000
 0.8484848   0.2047159063E+001   0.1387399532E+001   0.1027177506E+001   0.2933897791E+000
 0.8585859   0.2071603629E+001   0.1506235743E+001   0.9815021412E+000   0.2919671189E+000
 0.8686869   0.2095574613E+001   0.1342530062E+001   0.1012869687E+001   0.2726257157E+000
 0.8787879   0.2118195513E+001   0.1378392133E+001   0.1003183935E+001   0.2704409162E+000
 0.8888889   0.2162843959E+001   0.1528962880E+001   0.9875988580E+000   0.2933220333E+000
 0.8989899   0.2188015212E+001   0.1459870864E+001   0.9379351764E+000   0.2811955494E+000
 0.9090909   0.2215810335E+001   0.1369449483E+001   0.9707821472E+000   0.2596693467E+000
 0.9191919   0.2240408274E+001   0.1369589774E+001   0.1055558571E+001   0.2917638818E+000
 0.9292929   0.2272139500E+001   0.1523122562E+001   0.9898851104E+000   0.2972343487E+000
 0.9393939   0.2305986498E+001   0.1468125934E+001   0.9769959645E+000   0.2597032195E+000
 0.9494949   0.2330858912E+001   0.1359633227E+001   0.1049129571E+001   0.2767073954E+000
 0.9595960   0.2371787695E+001   0.1425196385E+001   0.9632784595E+000   0.2548594005E+000
 0.9696970   0.2399092325E+001   0.1403815117E+001   0.1010433798E+001   0.2669181388E+000
 0.9797980   0.2433268649E+001   0.1466716344E+001   0.9807781908E+000   0.2689843833E+000
 0.9898990   0.2462132756E+001   0.1418366836E+001   0.9672463177E+000   0.2484235571E+000
 1.0000000   0.2470788334E+001   0.1312279116E+001   0.1033051320E+001   0.2632598699E+000


 0.0000000   0.1672952968E-003   0.8438801157E-001   0.1004026445E+001   0.2535660378E+001
 0.0101010   0.1628614999E-003   0.7753678733E-001   0.9908265148E+000   0.2455842614E+001
 0.0202020   0.1514960820E-003   0.7677753746E-001   0.9765266736E+000   0.2324041122E+001
 0.0303030   0.1395272415E-003   0.6853620975E-001   0.1028565670E+001   0.2249821828E+001
 0.0404040   0.1157185945E-003   0.7309984069E-001   0.9925003316E+000   0.2278677691E+001
 0.0505051   0.9423693548E-004   0.7339472409E-001   0.9928813076E+000   0.2407687144E+001
 0.0606061   0.7272294613E-004   0.6448188396E-001   0.1011666501E+001   0.2114825322E+001
 0.0707071   0.5279767863E-004   0.7353467601E-001   0.1009371062E+001   0.2339239023E+001
 0.0808081   0.3841962935E-004   0.6827941723E-001   0.1000497430E+001   0.2264962161E+001
 0.0909091   0.2788267489E-004   0.8588810783E-001   0.1000763654E+001   0.2348464264E+001
 0.1010101   0.2137206635E-004   0.6390752470E-001   0.9863814083E+000   0.2254038669E+001
 0.1111111   0.1712122115E-004   0.6573759934E-001   0.9981184840E+000   0.2386588543E+001
 0.1212121   0.1502698833E-004   0.5600901499E-001   0.9942657345E+000   0.2205595360E+001
 0.1313131   0.1441005021E-004   0.5045544891E-001   0.1011490143E+001   0.2065475320E+001
 0.1414141   0.1394385156E-004   0.6831579617E-001   0.1006478833E+001   0.2071361628E+001
 0.1515152   0.1443927309E-004   0.6986425503E-001   0.9952764395E+000   0.2133232628E+001
 0.1616162   0.1526860497E-004   0.6519619513E-001   0.1003636189E+001   0.2141090634E+001
 0.1717172   0.1719495657E-004   0.8101675386E-001   0.1009892730E+001   0.2233271083E+001
 0.1818182   0.1974945662E-004   0.6160024397E-001   0.9862641481E+000   0.1973467574E+001
 0.1919192   0.2351173053E-004   0.8943184451E-001   0.1007321471E+001   0.2021910883E+001
 0.2020202   0.2879947366E-004   0.8191723961E-001   0.9960336525E+000   0.2027566920E+001
 0.2121212   0.3705758294E-004   0.1161288501E+000   0.1000980891E+001   0.2031280043E+001
 0.2222222   0.4700505195E-004   0.1434404458E+000   0.1022442248E+001   0.2094374359E+001
 0.2323232   0.6201675140E-004   0.1898424249E+000   0.1010918793E+001   0.2170147984E+001
 0.2424242   0.8368634759E-004   0.1865460650E+000   0.1007101311E+001   0.2018312895E+001
 0.2525253   0.1114907631E-003   0.2105912600E+000   0.1011037937E+001   0.2013577943E+001
 0.2626263   0.1530883551E-003   0.2484968308E+000   0.1002744439E+001   0.1726962227E+001
 0.2727273   0.2152949156E-003   0.3031525492E+000   0.1010389912E+001   0.1795367173E+001
 0.2828283   0.2979126148E-003   0.3760238446E+000   0.1014248214E+001   0.1957823522E+001
 0.2929293   0.4252331581E-003   0.3706200741E+000   0.9986590999E+000   0.1752479158E+001
 0.3030303   0.6033806066E-003   0.5615568632E+000   0.1022739671E+001   0.1636681515E+001
 0.3131313   0.8794093558E-003   0.5904310413E+000   0.1006870913E+001   0.1657247614E+001
 0.3232323   0.1254368365E-002   0.6307611614E+000   0.1003677531E+001   0.1564074120E+001
 0.3333333   0.1841016084E-002   0.6858183322E+000   0.1016328463E+001   0.1523114626E+001
 0.3434343   0.2693834519E-002   0.6961991695E+000   0.1013629948E+001   0.1440476040E+001
 0.3535354   0.3963619059E-002   0.8585673635E+000   0.1005881323E+001   0.1451975209E+001
 0.3636364   0.5884409986E-002   0.1093664333E+001   0.1030188586E+001   0.1432330195E+001
 0.3737374   0.8766795260E-002   0.1155402389E+001   0.1020704306E+001   0.1234901404E+001
 0.3838384   0.1303186154E-001   0.1258520846E+001   0.9982060151E+000   0.1139842564E+001
 0.3939394   0.1949700280E-001   0.1328915378E+001   0.1015532151E+001   0.1049274012E+001
 0.4040404   0.2938143405E-001   0.1415652185E+001   0.1004290601E+001   0.8931213380E+000
 0.4141414   0.4406390412E-001   0.1366487118E+001   0.9993407737E+000   0.9270143839E+000
 0.4242424   0.6687606379E-001   0.1610135707E+001   0.1047902083E+001   0.8198375206E+000
 0.4343434   0.1016411695E+000   0.1385659247E+001   0.1037677679E+001   0.8454983703E+000
 0.4444444   0.1547108665E+000   0.1543087609E+001   0.1031707704E+001   0.6315764023E+000
 0.4545455   0.2370525073E+000   0.1345070623E+001   0.1018886007E+001   0.5795638893E+000
 0.4646465   0.3623424481E+000   0.1766839058E+001   0.1008097209E+001   0.5221112187E+000
 0.4747475   0.5610533508E+000   0.1706668720E+001   0.1011445901E+001   0.4799571926E+000
 0.4848485   0.8618031385E+000   0.1503061788E+001   0.1006838001E+001   0.4048455974E+000
 0.4949495   0.1331216486E+001   0.1480419965E+001   0.9793294109E+000   0.3557546506E+000
 0.5050505   0.1646770095E+001   0.1302679743E+001   0.1003714103E+001   0.3490048253E+000
 0.5151515   0.1648460659E+001   0.1308098493E+001   0.9764988653E+000   0.3448887272E+000
 0.5252525   0.1641934593E+001   0.1641906076E+001   0.1011617119E+001   0.3314754283E+000
 0.5353535   0.1643608179E+001   0.1405828159E+001   0.9640591345E+000   0.3336486130E+000
 0.5454545   0.1644882983E+001   0.1385106288E+001   0.9929036238E+000   0.3223077552E+000
 0.5555556   0.1655724972E+001   0.1420624544E+001   0.9980956196E+000   0.3155003621E+000
 0.5656566   0.1656214869E+001   0.1692814336E+001   0.1005081145E+001   0.3500266539E+000
 0.5757576   0.1656448921E+001   0.1505833008E+001   0.9922164404E+000   0.3261360143E+000
 0.5858586   0.1660187946E+001   0.1499828771E+001   0.9766312418E+000   0.3039292330E+000
 0.5959596   0.1668093778E+001   0.1545120122E+001   0.9891536644E+000   0.3112115605E+000
 0.6060606   0.1670748774E+001   0.1507012969E+001   0.1024812611E+001   0.3352749035E+000
 0.6161616   0.1685431248E+001   0.1529787897E+001   0.1016575118E+001   0.3178462502E+000
 0.6262626   0.1687191327E+001   0.1372725037E+001   0.1037308445E+001   0.3123917006E+000
 0.6363636   0.1694535742E+001   0.1456198011E+001   0.1001960741E+001   0.3247399950E+000
 0.6464646   0.1704504710E+001   0.1428599664E+001   0.1050370369E+001   0.3273881141E+000
 0.6565657   0.1718042102E+001   0.1426509372E+001   0.9844972647E+000   0.3141331267E+000
 0.6666667   0.1726433481E+001   0.1540300983E+001   0.1005068135E+001   0.3566469516E+000
 0.6767677   0.1734904795E+001   0.1381003171E+001   0.9570889335E+000   0.2695036849E+000
 0.6868687   0.1749959383E+001   0.1494456671E+001   0.9417457713E+000   0.2635310250E+000
 0.6969697   0.1763477030E+001   0.1498957816E+001   0.9947797703E+000   0.3184075363E+000
 0.7070707   0.1776521061E+001   0.1377061834E+001   0.1004451786E+001   0.3111252088E+000
 0.7171717   0.1787470744E+001   0.1516980371E+001   0.9918788257E+000   0.3234878952E+000
 0.7272727   0.1797133198E+001   0.1541953871E+001   0.9959368781E+000   0.3263375016E+000
 0.7373737   0.1821820273E+001   0.1536498742E+001   0.9863633216E+000   0.3103336515E+000
 0.7474747   0.1844025858E+001   0.1422703279E+001   0.9949951861E+000   0.2904295825E+000
 0.7575758   0.1845310264E+001   0.1432620178E+001   0.1014765573E+001   0.3099306768E+000
 0.7676768   0.1870040114E+001   0.1507296297E+001   0.9541065331E+000   0.3150829955E+000
 0.7777778   0.1890716991E+001   0.1359682545E+001   0.9671472445E+000   0.2814202208E+000
 0.7878788   0.1906821601E+001   0.1471151467E+001   0.9947998898E+000   0.3154427943E+000
 0.7979798   0.1928736627E+001   0.1363388061E+001   0.9785035635E+000   0.2820678586E+000
 0.8080808   0.1957688785E+001   0.1475408231E+001   0.9968938436E+000   0.3073401256E+000
 0.8181818   0.1970463198E+001   0.1367010547E+001   0.9806477093E+000   0.2849030731E+000
 0.8282828   0.1994723798E+001   0.1475394963E+001   0.9850093764E+000   0.2884147093E+000
 0.8383838   0.2017128518E+001   0.1432570104E+001   0.9902820987E+000   0.2863566602E+000
 0.8484848   0.2046830637E+001   0.1391437935E+001   0.1010173879E+001   0.2875799761E+000
 0.8585859   0.2068494394E+001   0.1508594811E+001   0.9752975559E+000   0.2891630907E+000
 0.8686869   0.2091505740E+001   0.1344039173E+001   0.1021916935E+001   0.2741522853E+000
 0.8787879   0.2114633150E+001   0.1380300844E+001   0.1012661929E+001   0.2720942362E+000
 0.8888889   0.2159753804E+001   0.1531468176E+001   0.9746348624E+000   0.2885154529E+000
 0.8989899   0.2179566711E+001   0.1458700882E+001   0.9390502496E+000   0.2805998796E+000
 0.9090909   0.2213990336E+001   0.1372527734E+001   0.9713717552E+000   0.2589687764E+000
 0.9191919   0.2239896634E+001   0.1373483003E+001   0.1042041595E+001   0.2870762578E+000
 0.9292929   0.2267966037E+001   0.1524994865E+001   0.9875001331E+000   0.2955387253E+000
 0.9393939   0.2299500059E+001   0.1468493236E+001   0.9568739757E+000   0.2535142267E+000
 0.9494949   0.2324696363E+001   0.1360203834E+001   0.1032703826E+001   0.2714753823E+000
 0.9595960   0.2369370686E+001   0.1428117322E+001   0.9670458358E+000   0.2550109897E+000
 0.9696970   0.2389524165E+001   0.1402511256E+001   0.1009882585E+001   0.2658913051E+000
 0.9797980   0.2430253210E+001   0.1469398430E+001   0.9811373079E+000   0.2681940173E+000
 0.9898990   0.2457585413E+001   0.1420095979E+001   0.9764517293E+000   0.2499594147E+000
 1.0000000   0.2469062395E+001   0.1315390544E+001   0.1020713955E+001   0.2592566154E+000


 0.0000000   0.1422211861E-003   0.7215592718E-001   0.1002871434E+001   0.2533945126E+001
 0.0101010   0.1384305081E-003   0.6628753638E-001   0.9895150435E+000   0.2453755717E+001
 0.0202020   0.1287326302E-003   0.6561937858E-001   0.9753642630E+000   0.2322376077E+001
 0.0303030   0.1186139674E-003   0.5860134723E-001   0.1027929673E+001   0.2249497506E+001
 0.0404040   0.9835235164E-004   0.6248974064E-001   0.9916006686E+000   0.2277692349E+001
 0.0505051   0.8014951907E-004   0.6278491368E-001   0.9921109685E+000   0.2406960607E+001
 0.0606061   0.6182415694E-004   0.5513598648E-001   0.1011435573E+001   0.2115345780E+001
 0.0707071   0.4488576395E-004   0.6287770323E-001   0.1009127500E+001   0.2339784202E+001
 0.0808081   0.3267044844E-004   0.5839859842E-001   0.9999107601E+000   0.2264708071E+001
 0.0909091   0.2373475271E-004   0.7353498440E-001   0.9994856079E+000   0.2346577968E+001
 0.1010101   0.1824262295E-004   0.5486602004E-001   0.9852089330E+000   0.2252427586E+001
 0.1111111   0.1462435086E-004   0.5647632051E-001   0.9974551422E+000   0.2386134055E+001
 0.1212121   0.1290481410E-004   0.4837805810E-001   0.9933643806E+000   0.2204641420E+001
 0.1313131   0.1243474992E-004   0.4379155122E-001   0.1010722998E+001   0.2064888069E+001
 0.1414141   0.1205549011E-004   0.5940649746E-001   0.1005166468E+001   0.2069642269E+001
 0.1515152   0.1260077712E-004   0.6132219974E-001   0.9950165592E+000   0.2133687509E+001
 0.1616162   0.1342385569E-004   0.5765153298E-001   0.1002618993E+001   0.2139935475E+001
 0.1717172   0.1533375141E-004   0.7266626968E-001   0.1009717139E+001   0.2233942225E+001
 0.1818182   0.1782007846E-004   0.5590460539E-001   0.9857744457E+000   0.1973423595E+001
 0.1919192   0.2138788895E-004   0.8182503622E-001   0.1006215674E+001   0.2020649599E+001
 0.2020202   0.2658791225E-004   0.7606514343E-001   0.9950281015E+000   0.2026481034E+001
 0.2121212   0.3444392557E-004   0.1085641339E+000   0.1000257721E+001   0.2030775612E+001
 0.2222222   0.4410910817E-004   0.1353836004E+000   0.1021586508E+001   0.2093614349E+001
 0.2323232   0.5844058176E-004   0.1799324458E+000   0.1010610067E+001   0.2170514600E+001
 0.2424242   0.7965955347E-004   0.1785994181E+000   0.1006542658E+001   0.2018150413E+001
 0.2525253   0.1072056144E-003   0.2036712264E+000   0.1010611419E+001   0.2013683476E+001
 0.2626263   0.1471208890E-003   0.2401948721E+000   0.1001287725E+001   0.1725271629E+001
 0.2727273   0.2079919226E-003   0.2945673540E+000   0.1010506687E+001   0.1796426623E+001
 0.2828283   0.2890185851E-003   0.3669128787E+000   0.1013782965E+001   0.1957853952E+001
 0.2929293   0.4142502693E-003   0.3631410202E+000   0.9989441916E+000   0.1753811187E+001
 0.3030303   0.5878181119E-003   0.5502449290E+000   0.1021616610E+001   0.1635659999E+001
 0.3131313   0.8574868148E-003   0.5790502379E+000   0.1005599791E+001   0.1655940753E+001
 0.3232323   0.1226182942E-002   0.6201629476E+000   0.1003708223E+001   0.1564864083E+001
 0.3333333   0.1801154246E-002   0.6748590971E+000   0.1016341813E+001   0.1523857319E+001
 0.3434343   0.2639640333E-002   0.6861483700E+000   0.1012616106E+001   0.1439718046E+001
 0.3535354   0.3882914634E-002   0.8459622889E+000   0.1004982828E+001   0.1451366552E+001
 0.3636364   0.5764377211E-002   0.1077566822E+001   0.1030870554E+001   0.1433958427E+001
 0.3737374   0.8605491433E-002   0.1140719240E+001   0.1019684830E+001   0.1234253331E+001
 0.3838384   0.1278421914E-001   0.1241763403E+001   0.9981365536E+000   0.1140304033E+001
 0.3939394   0.1917709756E-001   0.1314689045E+001   0.1015005409E+001   0.1049227364E+001
 0.4040404   0.2900586438E-001   0.1405659331E+001   0.1004984978E+001   0.8941629062E+000
 0.4141414   0.4350327076E-001   0.1356922901E+001   0.9996374515E+000   0.9277295639E+000
 0.4242424   0.6602364830E-001   0.1598828899E+001   0.1047253382E+001   0.8197187525E+000
 0.4343434   0.1005497559E+000   0.1378727713E+001   0.1035761105E+001   0.8443371741E+000
 0.4444444   0.1532357101E+000   0.1537235637E+001   0.1031311542E+001   0.6316334366E+000
 0.4545455   0.2353259888E+000   0.1343015793E+001   0.1018559796E+001   0.5796532336E+000
 0.4646465   0.3600885332E+000   0.1766028720E+001   0.1008429305E+001   0.5225310265E+000
 0.4747475   0.5577993570E+000   0.1706607975E+001   0.1011332406E+001   0.4801310378E+000
 0.4848485   0.8601391893E+000   0.1508857380E+001   0.1006380954E+001   0.4048538220E+000
 0.4949495   0.1330972326E+001   0.1488730085E+001   0.9798298536E+000   0.3561053255E+000
 0.5050505   0.1646032417E+001   0.1309645531E+001   0.1003995960E+001   0.3492684709E+000
 0.5151515   0.1648236473E+001   0.1315503693E+001   0.9759515978E+000   0.3448589870E+000
 0.5252525   0.1640759626E+001   0.1650243806E+001   0.1010778045E+001   0.3313576356E+000
 0.5353535   0.1642488479E+001   0.1413015642E+001   0.9653647447E+000   0.3342589898E+000
 0.5454545   0.1643420626E+001   0.1391898349E+001   0.9938071478E+000   0.3227541148E+000
 0.5555556   0.1654834765E+001   0.1428092847E+001   0.9989405200E+000   0.3159172603E+000
 0.5656566   0.1657458968E+001   0.1703907946E+001   0.1003459026E+001   0.3496275494E+000
 0.5757576   0.1658281995E+001   0.1516239628E+001   0.9910707781E+000   0.3259140056E+000
 0.5858586   0.1661799392E+001   0.1509988754E+001   0.9789193075E+000   0.3047858269E+000
 0.5959596   0.1669140266E+001   0.1555053422E+001   0.9883935922E+000   0.3111199716E+000
 0.6060606   0.1670248772E+001   0.1515296755E+001   0.1026883575E+001   0.3361118349E+000
 0.6161616   0.1685825107E+001   0.1539016904E+001   0.1015620008E+001   0.3176982896E+000
 0.6262626   0.1686019180E+001   0.1379724653E+001   0.1037076731E+001   0.3124701067E+000
 0.6363636   0.1694223601E+001   0.1464371003E+001   0.1001651127E+001   0.3247936807E+000
 0.6464646   0.1704551761E+001   0.1436922102E+001   0.1052652806E+001   0.3282551974E+000
 0.6565657   0.1717338559E+001   0.1434192481E+001   0.9868746466E+000   0.3150411087E+000
 0.6666667   0.1724955764E+001   0.1547905339E+001   0.1006019255E+001   0.3571538347E+000
 0.6767677   0.1734372097E+001   0.1388583497E+001   0.9577789346E+000   0.2698259446E+000
 0.6868687   0.1749414096E+001   0.1502652901E+001   0.9432111752E+000   0.2640663255E+000
 0.6969697   0.1764436374E+001   0.1508468686E+001   0.9951880206E+000   0.3186893463E+000
 0.7070707   0.1776061401E+001   0.1384687432E+001   0.1005302638E+001   0.3115365026E+000
 0.7171717   0.1788415511E+001   0.1526582009E+001   0.9933854389E+000   0.3241329762E+000
 0.7272727   0.1798175107E+001   0.1551793002E+001   0.9965824625E+000   0.3267039783E+000
 0.7373737   0.1820687928E+001   0.1544446554E+001   0.9875722504E+000   0.3108614351E+000
 0.7474747   0.1841658732E+001   0.1429114994E+001   0.9955817467E+000   0.2907386762E+000
 0.7575758   0.1845509608E+001   0.1441081923E+001   0.1015121100E+001   0.3101863675E+000
 0.7676768   0.1870594918E+001   0.1516485119E+001   0.9534403271E+000   0.3150123825E+000
 0.7777778   0.1888450029E+001   0.1365926044E+001   0.9677629416E+000   0.2817329875E+000
 0.7878788   0.1906708569E+001   0.1479593237E+001   0.9963670035E+000   0.3160896179E+000
 0.7979798   0.1926868030E+001   0.1369964215E+001   0.9792689067E+000   0.2824224182E+000
 0.8080808   0.1959716260E+001   0.1485499255E+001   0.9980119147E+000   0.3078308126E+000
 0.8181818   0.1972004346E+001   0.1376011610E+001   0.9825194872E+000   0.2855823090E+000
 0.8282828   0.1994211874E+001   0.1483568210E+001   0.9857582312E+000   0.2887709260E+000
 0.8383838   0.2018934303E+001   0.1442165807E+001   0.9909586951E+000   0.2866882707E+000
 0.8484848   0.2047059864E+001   0.1399661984E+001   0.1009236764E+001   0.2874495172E+000
 0.8585859   0.2069779792E+001   0.1518284286E+001   0.9764182319E+000   0.2896327144E+000
 0.8686869   0.2094618627E+001   0.1353843676E+001   0.1024043167E+001   0.2748530435E+000
 0.8787879   0.2118317993E+001   0.1390722771E+001   0.1012826875E+001   0.2722676784E+000
 0.8888889   0.2159901848E+001   0.1540452950E+001   0.9749382544E+000   0.2887421997E+000
 0.8989899   0.2178236801E+001   0.1466262960E+001   0.9398968260E+000   0.2809861042E+000
 0.9090909   0.2209778153E+001   0.1377858998E+001   0.9702059215E+000   0.2587806901E+000
 0.9191919   0.2240502830E+001   0.1381820089E+001   0.1041703081E+001   0.2871191649E+000
 0.9292929   0.2269304371E+001   0.1534741644E+001   0.9888934084E+000   0.2960961273E+000
 0.9393939   0.2302011439E+001   0.1478620408E+001   0.9572690308E+000   0.2537392280E+000
 0.9494949   0.2325722009E+001   0.1368693656E+001   0.1033205920E+001   0.2717362422E+000
 0.9595960   0.2369565673E+001   0.1436515508E+001   0.9664487474E+000   0.2549744580E+000
 0.9696970   0.2394966898E+001   0.1413855862E+001   0.1012781045E+001   0.2667809590E+000
 0.9797980   0.2429318769E+001   0.1477349484E+001   0.9816498800E+000   0.2684614463E+000
 0.9898990   0.2459926998E+001   0.1429690362E+001   0.9770071376E+000   0.2502202587E+000
 1.0000000   0.2472753703E+001   0.1324994895E+001   0.1020391809E+001   0.2592977631E+000


 0.0000000   0.1287282774E-003   0.6551884756E-001   0.1000834557E+001   0.2529092690E+001
 0.0101010   0.1259594795E-003   0.6050837638E-001   0.9939337162E+000   0.2464999613E+001
 0.0202020   0.1173992942E-003   0.6003348194E-001   0.9771875350E+000   0.2326987967E+001
 0.0303030   0.1072495941E-003   0.5315596440E-001   0.1027704345E+001   0.2249265982E+001
 0.0404040   0.8955124843E-004   0.5707950459E-001   0.9941979713E+000   0.2283923924E+001
 0.0505051   0.7300881110E-004   0.5737388174E-001   0.9968894411E+000   0.2418834958E+001
 0.0606061   0.5612851155E-004   0.5021633913E-001   0.1011344953E+001   0.2115402265E+001
 0.0707071   0.4084369729E-004   0.5739812081E-001   0.1007431903E+001   0.2336124435E+001
 0.0808081   0.2991889334E-004   0.5365095175E-001   0.1002711118E+001   0.2271314772E+001
 0.0909091   0.2177745385E-004   0.6768633083E-001   0.1000745189E+001   0.2349808465E+001
 0.1010101   0.1669887623E-004   0.5038346115E-001   0.9881474134E+000   0.2259408425E+001
 0.1111111   0.1350851094E-004   0.5233374958E-001   0.9991822154E+000   0.2390543605E+001
 0.1212121   0.1203237866E-004   0.4525147568E-001   0.9896059802E+000   0.2196555593E+001
 0.1313131   0.1158328674E-004   0.4092320678E-001   0.1011648360E+001   0.2067018951E+001
 0.1414141   0.1135239830E-004   0.5612046660E-001   0.1004290935E+001   0.2068080049E+001
 0.1515152   0.1191995464E-004   0.5819418294E-001   0.9983649290E+000   0.2141116666E+001
 0.1616162   0.1292360531E-004   0.5568033610E-001   0.1003643227E+001   0.2142370691E+001
 0.1717172   0.1463445761E-004   0.6957378904E-001   0.1015005468E+001   0.2245903542E+001
 0.1818182   0.1727974495E-004   0.5438258898E-001   0.9861063159E+000   0.1974317569E+001
 0.1919192   0.2086716880E-004   0.8008780514E-001   0.1007943379E+001   0.2024354542E+001
 0.2020202   0.2603741777E-004   0.7472809997E-001   0.9916695481E+000   0.2019875882E+001
 0.2121212   0.3397241929E-004   0.1074199095E+000   0.9986350447E+000   0.2027716983E+001
 0.2222222   0.4347884228E-004   0.1338752611E+000   0.1015995273E+001   0.2082397982E+001
 0.2323232   0.5780443741E-004   0.1785421287E+000   0.1010708740E+001   0.2170978997E+001
 0.2424242   0.7894378029E-004   0.1775598084E+000   0.1003478898E+001   0.2012241488E+001
 0.2525253   0.1060327485E-003   0.2020862403E+000   0.1010454889E+001   0.2013605757E+001
 0.2626263   0.1457176928E-003   0.2386636367E+000   0.1000790253E+001   0.1724615021E+001
 0.2727273   0.2049307603E-003   0.2911587675E+000   0.1010070574E+001   0.1795860174E+001
 0.2828283   0.2858482986E-003   0.3640469306E+000   0.1010916078E+001   0.1952544389E+001
 0.2929293   0.4093396576E-003   0.3599821021E+000   0.9924500718E+000   0.1742612346E+001
 0.3030303   0.5818282290E-003   0.5463770520E+000   0.1022230533E+001   0.1636833276E+001
 0.3131313   0.8443516801E-003   0.5720009397E+000   0.1004457330E+001   0.1654251820E+001
 0.3232323   0.1208886743E-002   0.6133674664E+000   0.1002465037E+001   0.1563107634E+001
 0.3333333   0.1782131009E-002   0.6698636386E+000   0.1013018663E+001   0.1519051395E+001
 0.3434343   0.2596437963E-002   0.6770734865E+000   0.1007564805E+001   0.1432702821E+001
 0.3535354   0.3829174805E-002   0.8369180421E+000   0.1001198772E+001   0.1446069900E+001
 0.3636364   0.5691392076E-002   0.1067320621E+001   0.1030006611E+001   0.1432923309E+001
 0.3737374   0.8498540234E-002   0.1130139363E+001   0.1017776226E+001   0.1232086392E+001
 0.3838384   0.1264878880E-001   0.1232531898E+001   0.9970834538E+000   0.1139233424E+001
 0.3939394   0.1894525370E-001   0.1302942254E+001   0.1017865313E+001   0.1052306069E+001
 0.4040404   0.2870288946E-001   0.1395418457E+001   0.1005284238E+001   0.8945331954E+000
 0.4141414   0.4306779939E-001   0.1347629533E+001   0.9981116509E+000   0.9264212581E+000
 0.4242424   0.6548207775E-001   0.1590777717E+001   0.1043839903E+001   0.8171419421E+000
 0.4343434   0.9978096048E-001   0.1372554953E+001   0.1032235445E+001   0.8415609772E+000
 0.4444444   0.1519880240E+000   0.1529587776E+001   0.1020295346E+001   0.6249591753E+000
 0.4545455   0.2337445199E+000   0.1338249970E+001   0.1016230448E+001   0.5783948867E+000
 0.4646465   0.3579940069E+000   0.1761362733E+001   0.1009584071E+001   0.5231902284E+000
 0.4747475   0.5549414137E+000   0.1703285599E+001   0.1009579263E+001   0.4793544776E+000
 0.4848485   0.8575386769E+000   0.1509099064E+001   0.1012779902E+001   0.4074754218E+000
 0.4949495   0.1328825347E+001   0.1491074763E+001   0.9841797592E+000   0.3577278391E+000
 0.5050505   0.1642744718E+001   0.1311203312E+001   0.1004111519E+001   0.3493492989E+000
 0.5151515   0.1645216940E+001   0.1317286681E+001   0.9796145211E+000   0.3461935658E+000
 0.5252525   0.1640023669E+001   0.1654770779E+001   0.1005473375E+001   0.3296569732E+000
 0.5353535   0.1640682494E+001   0.1415969043E+001   0.9706664543E+000   0.3361338053E+000
 0.5454545   0.1639371258E+001   0.1392902378E+001   0.9923727301E+000   0.3223257505E+000
 0.5555556   0.1652690137E+001   0.1430796338E+001   0.9950355921E+000   0.3147189179E+000
 0.5656566   0.1655527393E+001   0.1707356806E+001   0.1002781099E+001   0.3494319818E+000
 0.5757576   0.1657714396E+001   0.1520560636E+001   0.9968053513E+000   0.3278379480E+000
 0.5858586   0.1660544837E+001   0.1513666853E+001   0.9736633419E+000   0.3031846446E+000
 0.5959596   0.1667287955E+001   0.1558287794E+001   0.9902993588E+000   0.3117561117E+000
 0.6060606   0.1669932800E+001   0.1519847816E+001   0.1032345983E+001   0.3379390500E+000
 0.6161616   0.1685352497E+001   0.1543498452E+001   0.1018003756E+001   0.3184809927E+000
 0.6262626   0.1686331926E+001   0.1384387128E+001   0.1042452517E+001   0.3141263567E+000
 0.6363636   0.1692400132E+001   0.1467465907E+001   0.1005312800E+001   0.3260189228E+000
 0.6464646   0.1702768504E+001   0.1440002401E+001   0.1055920440E+001   0.3293124608E+000
 0.6565657   0.1716434971E+001   0.1438015117E+001   0.9811323107E+000   0.3132444051E+000
 0.6666667   0.1724238622E+001   0.1552202511E+001   0.1003210785E+001   0.3561982043E+000
 0.6767677   0.1735272695E+001   0.1393740858E+001   0.9606372922E+000   0.2706626791E+000
 0.6868687   0.1749360755E+001   0.1507405199E+001   0.9458415232E+000   0.2648335303E+000
 0.6969697   0.1764157343E+001   0.1513046205E+001   0.9962289035E+000   0.3190597734E+000
 0.7070707   0.1775853786E+001   0.1388946625E+001   0.1013586464E+001   0.3141401371E+000
 0.7171717   0.1789040917E+001   0.1531992228E+001   0.1000907257E+001   0.3266252646E+000
 0.7272727   0.1797921047E+001   0.1556528228E+001   0.9918552257E+000   0.3251920932E+000
 0.7373737   0.1820510362E+001   0.1549227165E+001   0.9898178447E+000   0.3116045263E+000
 0.7474747   0.1840428166E+001   0.1432720474E+001   0.1001041069E+001   0.2923669569E+000
 0.7575758   0.1847364160E+001   0.1447136343E+001   0.1018471179E+001   0.3112462334E+000
 0.7676768   0.1870950367E+001   0.1521616630E+001   0.9519408774E+000   0.3145535520E+000
 0.7777778   0.1888932110E+001   0.1370637515E+001   0.9664040876E+000   0.2813701228E+000
 0.7878788   0.1910627624E+001   0.1487368736E+001   0.9974904288E+000   0.3164828211E+000
 0.7979798   0.1927763213E+001   0.1374977266E+001   0.9745989687E+000   0.2811082935E+000
 0.8080808   0.1961373242E+001   0.1491502773E+001   0.9952532455E+000   0.3070156218E+000
 0.8181818   0.1975327275E+001   0.1382731536E+001   0.9830374691E+000   0.2857661004E+000
 0.8282828   0.1996638674E+001   0.1490116681E+001   0.9870523613E+000   0.2891836628E+000
 0.8383838   0.2019105545E+001   0.1446893633E+001   0.9898947775E+000   0.2864137836E+000
 0.8484848   0.2049040275E+001   0.1405489791E+001   0.1010563017E+001   0.2878607354E+000
 0.8585859   0.2074467538E+001   0.1526582132E+001   0.9744193855E+000   0.2890734189E+000
 0.8686869   0.2095484928E+001   0.1358728476E+001   0.1017194830E+001   0.2730467046E+000
 0.8787879   0.2121379912E+001   0.1397180255E+001   0.1019245953E+001   0.2740251196E+000
 0.8888889   0.2161702230E+001   0.1546660056E+001   0.9741286529E+000   0.2885359796E+000
 0.8989899   0.2177109189E+001   0.1470183553E+001   0.9393204797E+000   0.2808464641E+000
 0.9090909   0.2212228769E+001   0.1383791676E+001   0.9675738073E+000   0.2581086493E+000
 0.9191919   0.2242256975E+001   0.1387317823E+001   0.1039772898E+001   0.2866204910E+000
 0.9292929   0.2270389553E+001   0.1540378628E+001   0.9867714417E+000   0.2954951290E+000
 0.9393939   0.2303148253E+001   0.1484074455E+001   0.9586690002E+000   0.2541398671E+000
 0.9494949   0.2330771655E+001   0.1376045379E+001   0.1026070420E+001   0.2698909715E+000
 0.9595960   0.2366963763E+001   0.1439520172E+001   0.9675603914E+000   0.2552974285E+000
 0.9696970   0.2394881890E+001   0.1418320233E+001   0.1006892670E+001   0.2652607256E+000
 0.9797980   0.2430582543E+001   0.1482837943E+001   0.9823285255E+000   0.2686782880E+000
 0.9898990   0.2463921066E+001   0.1436584373E+001   0.9896675520E+000   0.2534921838E+000
 1.0000000   0.2474762960E+001   0.1330305933E+001   0.1018684974E+001   0.2588941374E+000


 0.0000000   0.1215146194E-003   0.6197368308E-001   0.1000659980E+001   0.2532491284E+001
 0.0101010   0.1184950986E-003   0.5703894875E-001   0.9937658921E+000   0.2468325862E+001
 0.0202020   0.1109213181E-003   0.5683679141E-001   0.9800938276E+000   0.2337452787E+001
 0.0303030   0.1018928015E-003   0.5060417298E-001   0.1030063381E+001   0.2257852385E+001
 0.0404040   0.8439428381E-004   0.5390239549E-001   0.9941053031E+000   0.2287178849E+001
 0.0505051   0.6853054789E-004   0.5396468487E-001   0.9936839886E+000   0.2414718487E+001
 0.0606061   0.5270480280E-004   0.4724960690E-001   0.1009579757E+001   0.2114916677E+001
 0.0707071   0.3847381063E-004   0.5417816755E-001   0.1005163947E+001   0.2334404703E+001
 0.0808081   0.2816953668E-004   0.5061719712E-001   0.1003169505E+001   0.2275803657E+001
 0.0909091   0.2059008154E-004   0.6412663045E-001   0.9987171607E+000   0.2348607479E+001
 0.1010101   0.1564044646E-004   0.4728641426E-001   0.9861905889E+000   0.2258358237E+001
 0.1111111   0.1268520398E-004   0.4924456576E-001   0.9977150343E+000   0.2390658075E+001
 0.1212121   0.1125639065E-004   0.4241963198E-001   0.9884138261E+000   0.2197240900E+001
 0.1313131   0.1076670986E-004   0.3811600230E-001   0.1008224368E+001   0.2063151123E+001
 0.1414141   0.1060186586E-004   0.5251730625E-001   0.1000000954E+001   0.2062372888E+001
 0.1515152   0.1117780005E-004   0.5468242837E-001   0.9998225574E+000   0.2147498755E+001
 0.1616162   0.1218571647E-004   0.5260847525E-001   0.9989991185E+000   0.2135695534E+001
 0.1717172   0.1385646948E-004   0.6600975157E-001   0.1014480419E+001   0.2248150396E+001
 0.1818182   0.1629992855E-004   0.5140374207E-001   0.9838016729E+000   0.1972694351E+001
 0.1919192   0.1977667327E-004   0.7605759434E-001   0.1000863892E+001   0.2013188478E+001
 0.2020202   0.2473091345E-004   0.7112342629E-001   0.9892148894E+000   0.2017935707E+001
 0.2121212   0.3238136532E-004   0.1025982485E+000   0.9923684251E+000   0.2018052443E+001
 0.2222222   0.4158933219E-004   0.1283189479E+000   0.1013248671E+001   0.2079922073E+001
 0.2323232   0.5544591779E-004   0.1716072335E+000   0.1009433942E+001   0.2171533225E+001
 0.2424242   0.7605837319E-004   0.1714195160E+000   0.9972815796E+000   0.2002850932E+001
 0.2525253   0.1027921597E-003   0.1963103510E+000   0.1012925079E+001   0.2021593409E+001
 0.2626263   0.1416155875E-003   0.2324189366E+000   0.9971935117E+000   0.1721026335E+001
 0.2727273   0.1999402577E-003   0.2846488623E+000   0.1008040078E+001   0.1794971569E+001
 0.2828283   0.2803615510E-003   0.3577887656E+000   0.1010868636E+001   0.1955417549E+001
 0.2929293   0.4007788283E-003   0.3531736891E+000   0.9892693289E+000   0.1739665048E+001
 0.3030303   0.5708576564E-003   0.5371702797E+000   0.1013943946E+001   0.1626029863E+001
 0.3131313   0.8321599049E-003   0.5648935826E+000   0.9948988367E+000   0.1640997904E+001
 0.3232323   0.1197902352E-002   0.6090360821E+000   0.9999247643E+000   0.1561514237E+001
 0.3333333   0.1761293090E-002   0.6633838466E+000   0.1013156367E+001   0.1521564874E+001
 0.3434343   0.2577177184E-002   0.6734240448E+000   0.1002239623E+001   0.1427294754E+001
 0.3535354   0.3816680499E-002   0.8358917279E+000   0.9969412748E+000   0.1442107147E+001
 0.3636364   0.5654009515E-002   0.1062476698E+001   0.1025056818E+001   0.1428202694E+001
 0.3737374   0.8437665258E-002   0.1124336845E+001   0.1016501565E+001   0.1232411904E+001
 0.3838384   0.1259815053E-001   0.1230105906E+001   0.9937789167E+000   0.1137181962E+001
 0.3939394   0.1889126095E-001   0.1301883653E+001   0.1009854667E+001   0.1045609721E+001
 0.4040404   0.2862168929E-001   0.1394314010E+001   0.9993156816E+000   0.8905724692E+000
 0.4141414   0.4299175412E-001   0.1347998744E+001   0.1002097857E+001   0.9315335367E+000
 0.4242424   0.6544287193E-001   0.1593073750E+001   0.1042394841E+001   0.8172498236E+000
 0.4343434   0.9973781509E-001   0.1374764773E+001   0.1033460908E+001   0.8438394969E+000
 0.4444444   0.1518768893E+000   0.1531592436E+001   0.1021056127E+001   0.6263748807E+000
 0.4545455   0.2337861228E+000   0.1341223076E+001   0.1015147976E+001   0.5786561449E+000
 0.4646465   0.3582106014E+000   0.1766029548E+001   0.1004436880E+001   0.5213132445E+000
 0.4747475   0.5544005148E+000   0.1705102327E+001   0.1007582674E+001   0.4791329432E+000
 0.4848485   0.8563739147E+000   0.1510128649E+001   0.1015964045E+001   0.4093772050E+000
 0.4949495   0.1329416303E+001   0.1494785926E+001   0.9802305495E+000   0.3568334163E+000
 0.5050505   0.1642728901E+001   0.1313869828E+001   0.1003631641E+001   0.3497125721E+000
 0.5151515   0.1645251717E+001   0.1320006181E+001   0.9752087377E+000   0.3451599012E+000
 0.5252525   0.1639312690E+001   0.1657433116E+001   0.1005182837E+001   0.3300621550E+000
 0.5353535   0.1641586085E+001   0.1419643702E+001   0.9633564170E+000   0.3341089736E+000
 0.5454545   0.1639538397E+001   0.1395890781E+001   0.9842275638E+000   0.3201656083E+000
 0.5555556   0.1651726138E+001   0.1432883593E+001   0.1001426585E+001   0.3172212883E+000
 0.5656566   0.1656168207E+001   0.1711507657E+001   0.1003699987E+001   0.3502832773E+000
 0.5757576   0.1658946817E+001   0.1524800346E+001   0.9906269859E+000   0.3263006890E+000
 0.5858586   0.1658848577E+001   0.1515210330E+001   0.9846724157E+000   0.3070783008E+000
 0.5959596   0.1666530313E+001   0.1560762268E+001   0.9914863762E+000   0.3126037646E+000
 0.6060606   0.1669500818E+001   0.1522559344E+001   0.1031679230E+001   0.3382336156E+000
 0.6161616   0.1683277410E+001   0.1544747952E+001   0.1021340104E+001   0.3200099614E+000
 0.6262626   0.1686260706E+001   0.1387157244E+001   0.1045153131E+001   0.3154183788E+000
 0.6363636   0.1693645393E+001   0.1471546326E+001   0.1021708525E+001   0.3318391234E+000
 0.6464646   0.1701769832E+001   0.1442098457E+001   0.1056885769E+001   0.3301140373E+000
 0.6565657   0.1715403364E+001   0.1440087359E+001   0.9877416971E+000   0.3158334371E+000
 0.6666667   0.1724677871E+001   0.1555770341E+001   0.1011427695E+001   0.3596610011E+000
 0.6767677   0.1734971246E+001   0.1396346060E+001   0.9615965856E+000   0.2713443739E+000
 0.6868687   0.1749627829E+001   0.1510715868E+001   0.9561082374E+000   0.2681147014E+000
 0.6969697   0.1763860930E+001   0.1515883055E+001   0.1008194607E+001   0.3233823102E+000
 0.7070707   0.1776234369E+001   0.1392082918E+001   0.1008353614E+001   0.3129928817E+000
 0.7171717   0.1790620147E+001   0.1536477622E+001   0.1000182468E+001   0.3268843648E+000
 0.7272727   0.1799073880E+001   0.1560708756E+001   0.9922659990E+000   0.3258207778E+000
 0.7373737   0.1819905580E+001   0.1551876971E+001   0.9923091523E+000   0.3128631760E+000
 0.7474747   0.1841237431E+001   0.1436279213E+001   0.9993995488E+000   0.2923307600E+000
 0.7575758   0.1846980061E+001   0.1449791761E+001   0.1021870947E+001   0.3127594114E+000
 0.7676768   0.1870510361E+001   0.1524367151E+001   0.9515430826E+000   0.3148995559E+000
 0.7777778   0.1888931952E+001   0.1373438009E+001   0.9738813710E+000   0.2839777114E+000
 0.7878788   0.1909961551E+001   0.1489888282E+001   0.9930364042E+000   0.3155480845E+000
 0.7979798   0.1927984941E+001   0.1377945212E+001   0.9735355064E+000   0.2812279500E+000
 0.8080808   0.1960910284E+001   0.1494197575E+001   0.1003645196E+001   0.3100745030E+000
 0.8181818   0.1974271088E+001   0.1384816013E+001   0.9859628875E+000   0.2870517370E+000
 0.8282828   0.1998990403E+001   0.1494920131E+001   0.9886781238E+000   0.2900998215E+000
 0.8383838   0.2017915984E+001   0.1448995873E+001   0.9886259740E+000   0.2864810318E+000
 0.8484848   0.2049362918E+001   0.1408583374E+001   0.1015697317E+001   0.2897625866E+000
 0.8585859   0.2074065537E+001   0.1529404946E+001   0.9785356813E+000   0.2907353796E+000
 0.8686869   0.2097352679E+001   0.1362718290E+001   0.1021237329E+001   0.2745481053E+000
 0.8787879   0.2121187576E+001   0.1399908163E+001   0.1019787406E+001   0.2745870170E+000
 0.8888889   0.2160217286E+001   0.1548755707E+001   0.9802844567E+000   0.2908002324E+000
 0.8989899   0.2177519789E+001   0.1473465405E+001   0.9425922106E+000   0.2822526252E+000
 0.9090909   0.2208574150E+001   0.1384328457E+001   0.9724396564E+000   0.2598005645E+000
 0.9191919   0.2244801151E+001   0.1391729851E+001   0.1038020126E+001   0.2865718258E+000
 0.9292929   0.2270745038E+001   0.1543767744E+001   0.9877851935E+000   0.2962478728E+000
 0.9393939   0.2305875624E+001   0.1488867869E+001   0.9515692819E+000   0.2526408085E+000
 0.9494949   0.2332071300E+001   0.1379625892E+001   0.1024172692E+001   0.2698008758E+000
 0.9595960   0.2365250631E+001   0.1441417520E+001   0.9758697978E+000   0.2578809198E+000
 0.9696970   0.2396492969E+001   0.1422174350E+001   0.1009349677E+001   0.2663117918E+000
 0.9797980   0.2428382079E+001   0.1484522619E+001   0.9835167385E+000   0.2694117586E+000
 0.9898990   0.2466049905E+001   0.1440763482E+001   0.9998145556E+000   0.2564800980E+000
 1.0000000   0.2475458835E+001   0.1333398964E+001   0.1025338847E+001   0.2609808866E+000


 0.0000000   0.1211583915E-003   0.6171103238E-001   0.9925732460E+000   0.2518063728E+001
 0.0101010   0.1189432919E-003   0.5717966640E-001   0.9922528180E+000   0.2470492113E+001
 0.0202020   0.1116651704E-003   0.5714296898E-001   0.9764535252E+000   0.2334368934E+001
 0.0303030   0.1023137741E-003   0.5074666086E-001   0.1025771917E+001   0.2253850604E+001
 0.0404040   0.8522894354E-004   0.5436415932E-001   0.9966874893E+000   0.2298632095E+001
 0.0505051   0.6890677798E-004   0.5418984660E-001   0.9924537129E+000   0.2417526257E+001
 0.0606061   0.5280622837E-004   0.4727850048E-001   0.1003879983E+001   0.2108031744E+001
 0.0707071   0.3864476586E-004   0.5434759451E-001   0.9964958808E+000   0.2319837038E+001
 0.0808081   0.2815651163E-004   0.5052749575E-001   0.9936969498E+000   0.2259733115E+001
 0.0909091   0.2077434763E-004   0.6461573456E-001   0.9966389399E+000   0.2349354226E+001
 0.1010101   0.1559293533E-004   0.4708099704E-001   0.9853209916E+000   0.2261790832E+001
 0.1111111   0.1280111739E-004   0.4962942850E-001   0.9922302504E+000   0.2383230982E+001
 0.1212121   0.1134890284E-004   0.4271222099E-001   0.9850023779E+000   0.2194920858E+001
 0.1313131   0.1082455230E-004   0.3827055979E-001   0.1007521152E+001   0.2066668155E+001
 0.1414141   0.1073631943E-004   0.5311364400E-001   0.9956429239E+000   0.2058321034E+001
 0.1515152   0.1140211006E-004   0.5570667301E-001   0.9998986598E+000   0.2152824861E+001
 0.1616162   0.1253242426E-004   0.5403439229E-001   0.9935786244E+000   0.2129213436E+001
 0.1717172   0.1414450933E-004   0.6729362634E-001   0.1004659653E+001   0.2231738870E+001
 0.1818182   0.1678727944E-004   0.5287128817E-001   0.9783388708E+000   0.1966456198E+001
 0.1919192   0.2018934365E-004   0.7754290799E-001   0.1001549587E+001   0.2019410428E+001
 0.2020202   0.2510363594E-004   0.7210073260E-001   0.9855455844E+000   0.2015283370E+001
 0.2121212   0.3317625635E-004   0.1049790663E+000   0.9927820793E+000   0.2023746746E+001
 0.2222222   0.4257026060E-004   0.1311733739E+000   0.1009959636E+001   0.2078154166E+001
 0.2323232   0.5642940159E-004   0.1744222945E+000   0.1010284314E+001   0.2178587007E+001
 0.2424242   0.7715484166E-004   0.1736628620E+000   0.9965266577E+000   0.2006145713E+001
 0.2525253   0.1042933462E-003   0.1989162887E+000   0.1006725953E+001   0.2014051065E+001
 0.2626263   0.1440088196E-003   0.2360369962E+000   0.9949655041E+000   0.1721308922E+001
 0.2727273   0.2025199649E-003   0.2879437031E+000   0.1006180957E+001   0.1795967992E+001
 0.2828283   0.2839367466E-003   0.3618765031E+000   0.1005401894E+001   0.1949517820E+001
 0.2929293   0.4060426006E-003   0.3573433532E+000   0.9835008483E+000   0.1733678472E+001
 0.3030303   0.5776066296E-003   0.5428087658E+000   0.1015241821E+001   0.1632024951E+001
 0.3131313   0.8390131724E-003   0.5687994537E+000   0.9890336342E+000   0.1635245219E+001
 0.3232323   0.1207276307E-002   0.6129976651E+000   0.9958051377E+000   0.1558819071E+001
 0.3333333   0.1776674751E-002   0.6683004117E+000   0.1013163324E+001   0.1525232952E+001
 0.3434343   0.2592704099E-002   0.6765935174E+000   0.9967204862E+000   0.1422847024E+001
 0.3535354   0.3836502689E-002   0.8391319663E+000   0.9963648113E+000   0.1444737872E+001
 0.3636364   0.5686751227E-002   0.1067229069E+001   0.1025622874E+001   0.1432426450E+001
 0.3737374   0.8482553428E-002   0.1128837145E+001   0.1014214930E+001   0.1232595439E+001
 0.3838384   0.1264692255E-001   0.1233249950E+001   0.9892293292E+000   0.1134696960E+001
 0.3939394   0.1897819442E-001   0.1306160829E+001   0.1005944084E+001   0.1044064430E+001
 0.4040404   0.2869675652E-001   0.1396139063E+001   0.9916749850E+000   0.8858876454E+000
 0.4141414   0.4318548858E-001   0.1352298906E+001   0.9964590061E+000   0.9285184162E+000
 0.4242424   0.6556522683E-001   0.1593960801E+001   0.1033535219E+001   0.8122516208E+000
 0.4343434   0.1000574258E+000   0.1377362985E+001   0.1027884518E+001   0.8413037878E+000
 0.4444444   0.1523333664E+000   0.1534182753E+001   0.1018450372E+001   0.6262782256E+000
 0.4545455   0.2341696162E+000   0.1341662773E+001   0.1004826270E+001   0.5741494074E+000
 0.4646465   0.3586043304E+000   0.1765653980E+001   0.1001622454E+001   0.5211021734E+000
 0.4747475   0.5547251787E+000   0.1703865220E+001   0.1015948689E+001   0.4842725356E+000
 0.4848485   0.8574059427E+000   0.1509967303E+001   0.1020646174E+001   0.4122524579E+000
 0.4949495   0.1331148474E+001   0.1494772280E+001   0.9685776006E+000   0.3534389674E+000
 0.5050505   0.1644413731E+001   0.1313493941E+001   0.1015754416E+001   0.3547875274E+000
 0.5151515   0.1644666634E+001   0.1317807670E+001   0.9677631238E+000   0.3433480187E+000
 0.5252525   0.1640477739E+001   0.1656437637E+001   0.1004320015E+001   0.3305715755E+000
 0.5353535   0.1644577773E+001   0.1420367256E+001   0.9798302610E+000   0.3406392732E+000
 0.5454545   0.1641040817E+001   0.1395339110E+001   0.9979500634E+000   0.3254098460E+000
 0.5555556   0.1654331386E+001   0.1433263084E+001   0.1008008290E+001   0.3200737337E+000
 0.5656566   0.1656899262E+001   0.1710019427E+001   0.1002736794E+001   0.3507883496E+000
 0.5757576   0.1660865156E+001   0.1524563189E+001   0.9819619442E+000   0.3242240432E+000
 0.5858586   0.1659620334E+001   0.1513928840E+001   0.9802224568E+000   0.3064253767E+000
 0.5959596   0.1667414133E+001   0.1559543724E+001   0.9897910385E+000   0.3128194111E+000
 0.6060606   0.1671928094E+001   0.1522774955E+001   0.1016220016E+001   0.3339662265E+000
 0.6161616   0.1685375182E+001   0.1544646358E+001   0.1045966703E+001   0.3285138590E+000
 0.6262626   0.1686557604E+001   0.1385583460E+001   0.1032941174E+001   0.3124822711E+000
 0.6363636   0.1694985733E+001   0.1470781092E+001   0.1011294313E+001   0.3292462666E+000
 0.6464646   0.1703364678E+001   0.1441558483E+001   0.1069142539E+001   0.3347451361E+000
 0.6565657   0.1716973465E+001   0.1439516680E+001   0.9923638271E+000   0.3180741448E+000
 0.6666667   0.1725456164E+001   0.1554432845E+001   0.1016040264E+001   0.3621697307E+000
 0.6767677   0.1735202261E+001   0.1394702003E+001   0.9842212935E+000   0.2783962553E+000
 0.6868687   0.1751268800E+001   0.1510151300E+001   0.9711606267E+000   0.2729903899E+000
 0.6969697   0.1766286243E+001   0.1515978288E+001   0.1014252321E+001   0.3261073770E+000
 0.7070707   0.1776895389E+001   0.1390776144E+001   0.1019800304E+001   0.3173068606E+000
 0.7171717   0.1791962363E+001   0.1535614462E+001   0.9993866773E+000   0.3274094349E+000
 0.7272727   0.1801112473E+001   0.1560429814E+001   0.9989513971E+000   0.3288044969E+000
 0.7373737   0.1820237985E+001   0.1550126505E+001   0.9933958966E+000   0.3139587117E+000
 0.7474747   0.1842474604E+001   0.1435360952E+001   0.1002450159E+001   0.2939279460E+000
 0.7575758   0.1849356263E+001   0.1449754748E+001   0.1013174229E+001   0.3108430732E+000
 0.7676768   0.1871895419E+001   0.1523496925E+001   0.9549059294E+000   0.3167720869E+000
 0.7777778   0.1888595603E+001   0.1371394048E+001   0.9833146819E+000   0.2874176565E+000
 0.7878788   0.1910364430E+001   0.1488249825E+001   0.9942787585E+000   0.3167023338E+000
 0.7979798   0.1928268287E+001   0.1376341828E+001   0.9748713792E+000   0.2822908035E+000
 0.8080808   0.1960839003E+001   0.1492185367E+001   0.1008825422E+001   0.3124241435E+000
 0.8181818   0.1972912688E+001   0.1382049805E+001   0.9934567734E+000   0.2899287681E+000
 0.8282828   0.1997308036E+001   0.1491704733E+001   0.9960813039E+000   0.2929746536E+000
 0.8383838   0.2017165590E+001   0.1446559015E+001   0.9976442619E+000   0.2897892619E+000
 0.8484848   0.2048017297E+001   0.1405813928E+001   0.1021404148E+001   0.2920911143E+000
 0.8585859   0.2072574767E+001   0.1526303003E+001   0.9839029556E+000   0.2930327812E+000
 0.8686869   0.2093932081E+001   0.1358713054E+001   0.1027330379E+001   0.2768500615E+000
 0.8787879   0.2120199794E+001   0.1397422708E+001   0.1006300771E+001   0.2716069534E+000
 0.8888889   0.2156628695E+001   0.1544156804E+001   0.9807891396E+000   0.2916493446E+000
 0.8989899   0.2176478299E+001   0.1470830786E+001   0.9526591624E+000   0.2859528413E+000
 0.9090909   0.2206592601E+001   0.1381274062E+001   0.9719985385E+000   0.2603069509E+000
 0.9191919   0.2241623592E+001   0.1387938720E+001   0.1037453047E+001   0.2871037675E+000
 0.9292929   0.2267898269E+001   0.1539811984E+001   0.1003956667E+001   0.3018216720E+000
 0.9393939   0.2301885799E+001   0.1484344099E+001   0.9498300424E+000   0.2527852414E+000
 0.9494949   0.2329733112E+001   0.1376436630E+001   0.1024549855E+001   0.2705490313E+000
 0.9595960   0.2363251950E+001   0.1438312291E+001   0.9846191807E+000   0.2608184736E+000
 0.9696970   0.2394575039E+001   0.1419174080E+001   0.1006378734E+001   0.2661662114E+000
 0.9797980   0.2425283055E+001   0.1480685316E+001   0.9861467354E+000   0.2707815417E+000
 0.9898990   0.2461400863E+001   0.1436162944E+001   0.9994141660E+000   0.2569936785E+000
 1.0000000   0.2474055265E+001   0.1330896669E+001   0.1027301125E+001   0.2621089060E+000


