# Lambda, (Probability, Probability_biased(/observed)) per Fractional
 0.0000000   0.1129342341E-002   0.6980485479E+000   0.9812217113E+000   0.1055022214E+001
 0.0101010   0.1130025575E-002   0.6178447448E+000   0.9943377833E+000   0.9700329195E+000
 0.0202020   0.1071960074E-002   0.6248728919E+000   0.9817148545E+000   0.9678729285E+000
 0.0303030   0.9824568547E-003   0.6214162915E+000   0.9814045656E+000   0.9514506436E+000
 0.0404040   0.8791965235E-003   0.6420737895E+000   0.9900567285E+000   0.1025341396E+001
 0.0505051   0.7311065375E-003   0.6455468108E+000   0.9736315571E+000   0.9961942228E+000
 0.0606061   0.6207767642E-003   0.7085004537E+000   0.1007855134E+001   0.1053605514E+001
 0.0707071   0.4908534566E-003   0.6308542064E+000   0.9936938174E+000   0.9939452910E+000
 0.0808081   0.3850925932E-003   0.6377386707E+000   0.9668985632E+000   0.9885326075E+000
 0.0909091   0.3122744337E-003   0.6593773177E+000   0.1006278259E+001   0.1011657218E+001
 0.1010101   0.2598076861E-003   0.6918619721E+000   0.9886975511E+000   0.1001778435E+001
 0.1111111   0.2240491243E-003   0.6705558484E+000   0.9971652426E+000   0.1011542865E+001
 0.1212121   0.2067824322E-003   0.7065053138E+000   0.9850557139E+000   0.1003169723E+001
 0.1313131   0.1919779729E-003   0.7136689334E+000   0.9740772082E+000   0.1017101666E+001
 0.1414141   0.1992482845E-003   0.7433045609E+000   0.9943940388E+000   0.9761698353E+000
 0.1515152   0.2116551220E-003   0.7858962821E+000   0.9927383717E+000   0.1008232996E+001
 0.1616162   0.2181090420E-003   0.7764049993E+000   0.9831317131E+000   0.1000037736E+001
 0.1717172   0.2591878104E-003   0.9033755386E+000   0.9992757446E+000   0.1013683797E+001
 0.1818182   0.2935040222E-003   0.9391074270E+000   0.9775747528E+000   0.1015583319E+001
 0.1919192   0.3476336872E-003   0.1037185385E+001   0.9762057284E+000   0.9715067958E+000
 0.2020202   0.4035262533E-003   0.1048868858E+001   0.9770910475E+000   0.1018257896E+001
 0.2121212   0.4990417171E-003   0.1206706593E+001   0.9802016864E+000   0.9751025456E+000
 0.2222222   0.6124572971E-003   0.1259815904E+001   0.9835287280E+000   0.1067880514E+001
 0.2323232   0.7552558151E-003   0.1321574926E+001   0.9776571569E+000   0.9798164084E+000
 0.2424242   0.9342008015E-003   0.1243128159E+001   0.1000659402E+001   0.1031878545E+001
 0.2525253   0.1177361966E-002   0.1244211939E+001   0.9885064040E+000   0.1007470647E+001
 0.2626263   0.1510028097E-002   0.1282234544E+001   0.9879667382E+000   0.9751787806E+000
 0.2727273   0.2000774187E-002   0.1254195849E+001   0.9948916806E+000   0.1050670468E+001
 0.2828283   0.2594057898E-002   0.1331337153E+001   0.9871710246E+000   0.9874208474E+000
 0.2929293   0.3353217970E-002   0.1299554493E+001   0.9938241217E+000   0.1005793477E+001
 0.3030303   0.4316266852E-002   0.1195955006E+001   0.1002822125E+001   0.1069856270E+001
 0.3131313   0.5775036481E-002   0.1177116123E+001   0.9882086076E+000   0.1019039305E+001
 0.3232323   0.7661628594E-002   0.1206283755E+001   0.9878637135E+000   0.1006422416E+001
 0.3333333   0.1000206642E-001   0.1147189024E+001   0.9957279212E+000   0.1062702888E+001
 0.3434343   0.1372326051E-001   0.1150657940E+001   0.1001088271E+001   0.9823575743E+000
 0.3535354   0.1826075151E-001   0.1096805584E+001   0.1002970166E+001   0.1015049674E+001
 0.3636364   0.2484793483E-001   0.1106502128E+001   0.1002055068E+001   0.1083330803E+001
 0.3737374   0.3242207710E-001   0.1002036438E+001   0.1004805164E+001   0.1012546626E+001
 0.3838384   0.4535914483E-001   0.1067736478E+001   0.9905243519E+000   0.9934878811E+000
 0.3939394   0.6126609688E-001   0.1059250975E+001   0.9925518532E+000   0.1062213714E+001
 0.4040404   0.8170289672E-001   0.1090286485E+001   0.9882396428E+000   0.9861756761E+000
 0.4141414   0.1130584920E+000   0.1049554431E+001   0.1002083587E+001   0.1044711433E+001
 0.4242424   0.1549776889E+000   0.1057522675E+001   0.1006431001E+001   0.1055409742E+001
 0.4343434   0.2129976342E+000   0.1101403437E+001   0.1013277095E+001   0.1025881394E+001
 0.4444444   0.2905965879E+000   0.1015563159E+001   0.1002659542E+001   0.9978332749E+000
 0.4545455   0.3939906990E+000   0.1055293537E+001   0.1008959991E+001   0.1021510588E+001
 0.4646465   0.5541431303E+000   0.1077876386E+001   0.9977359227E+000   0.9855912080E+000
 0.4747475   0.7651337352E+000   0.1030095659E+001   0.9977616347E+000   0.1050003412E+001
 0.4848485   0.1052404130E+001   0.1084637694E+001   0.1002261719E+001   0.1024286812E+001
 0.4949495   0.1448678707E+001   0.1003169481E+001   0.1011960574E+001   0.1018562836E+001
 0.5050505   0.1705518803E+001   0.1065716706E+001   0.1016267425E+001   0.1109911398E+001
 0.5151515   0.1718507988E+001   0.1032291955E+001   0.9953685423E+000   0.1034877121E+001
 0.5252525   0.1740685709E+001   0.1052169460E+001   0.9993539779E+000   0.1083368920E+001
 0.5353535   0.1717376629E+001   0.1027189159E+001   0.9976997001E+000   0.9925095322E+000
 0.5454545   0.1709483992E+001   0.1012927603E+001   0.1007247067E+001   0.1027774562E+001
 0.5555556   0.1720965686E+001   0.1006277137E+001   0.1016706955E+001   0.1084245622E+001
 0.5656566   0.1716130538E+001   0.1007377338E+001   0.1015954308E+001   0.1017800486E+001
 0.5757576   0.1720518887E+001   0.1034307621E+001   0.9955798632E+000   0.1002858431E+001
 0.5858586   0.1719609093E+001   0.1015747894E+001   0.1007129104E+001   0.9522828755E+000
 0.5959596   0.1744709045E+001   0.1023753085E+001   0.1013231079E+001   0.1036306527E+001
 0.6060606   0.1738981224E+001   0.1043774273E+001   0.9950542538E+000   0.1009795814E+001
 0.6161616   0.1767318833E+001   0.1071193078E+001   0.1007366829E+001   0.9770020671E+000
 0.6262626   0.1750235067E+001   0.1035859397E+001   0.1004078219E+001   0.9703950357E+000
 0.6363636   0.1751415743E+001   0.1045096155E+001   0.1016427630E+001   0.1035118532E+001
 0.6464646   0.1782262590E+001   0.9986783635E+000   0.1029432921E+001   0.1007413470E+001
 0.6565657   0.1784353821E+001   0.1070589610E+001   0.1005689094E+001   0.9895744856E+000
 0.6666667   0.1813871239E+001   0.1072264542E+001   0.1004529697E+001   0.9704522119E+000
 0.6767677   0.1786163303E+001   0.1020604376E+001   0.1020196023E+001   0.1016078846E+001
 0.6868687   0.1774837906E+001   0.1025686646E+001   0.1006832737E+001   0.1002769490E+001
 0.6969697   0.1781202439E+001   0.1000817186E+001   0.1023408500E+001   0.1052455637E+001
 0.7070707   0.1796233445E+001   0.1020362168E+001   0.9924121913E+000   0.9734634935E+000
 0.7171717   0.1817169934E+001   0.1021425422E+001   0.9987241894E+000   0.9558405078E+000
 0.7272727   0.1826915685E+001   0.1020904058E+001   0.1010156427E+001   0.9600080199E+000
 0.7373737   0.1824688652E+001   0.1009356057E+001   0.9946590000E+000   0.9794860568E+000
 0.7474747   0.1845305698E+001   0.1069748038E+001   0.1012177393E+001   0.1022768466E+001
 0.7575758   0.1856363428E+001   0.1051639886E+001   0.1014133853E+001   0.1017565428E+001
 0.7676768   0.1872966868E+001   0.1003793475E+001   0.9947261854E+000   0.9405553947E+000
 0.7777778   0.1868894918E+001   0.1009466898E+001   0.9938375633E+000   0.9485664203E+000
 0.7878788   0.1907865777E+001   0.1024496131E+001   0.1003947107E+001   0.9959972825E+000
 0.7979798   0.1911488618E+001   0.1032070273E+001   0.1013130119E+001   0.9879799040E+000
 0.8080808   0.1919807568E+001   0.1032924160E+001   0.1011295136E+001   0.9777517111E+000
 0.8181818   0.1918026562E+001   0.1020341642E+001   0.1010763936E+001   0.9760936003E+000
 0.8282828   0.1927742329E+001   0.9827624017E+000   0.1005193056E+001   0.9273476847E+000
 0.8383838   0.1948241586E+001   0.1021942680E+001   0.1008178787E+001   0.9592520231E+000
 0.8484848   0.1980255623E+001   0.1037924325E+001   0.1008404094E+001   0.9658590545E+000
 0.8585859   0.1985162609E+001   0.9889777141E+000   0.9955597154E+000   0.9450278467E+000
 0.8686869   0.1979665993E+001   0.1017545983E+001   0.1024807067E+001   0.9682413975E+000
 0.8787879   0.2033461064E+001   0.1046422144E+001   0.1024321724E+001   0.9780439451E+000
 0.8888889   0.2046792625E+001   0.1046311302E+001   0.1000479497E+001   0.9672948132E+000
 0.8989899   0.2041928033E+001   0.1028043046E+001   0.1011167879E+001   0.9910864793E+000
 0.9090909   0.2060866102E+001   0.9908373816E+000   0.1001693562E+001   0.9194383058E+000
 0.9191919   0.2091076522E+001   0.1035251823E+001   0.1008492342E+001   0.9465207817E+000
 0.9292929   0.2111354364E+001   0.9724172319E+000   0.1009970437E+001   0.8932642966E+000
 0.9393939   0.2093552634E+001   0.9813173621E+000   0.9879609942E+000   0.9400153969E+000
 0.9494949   0.2148916640E+001   0.1011605721E+001   0.1011971287E+001   0.9643661195E+000
 0.9595960   0.2146471743E+001   0.1014409590E+001   0.1011744955E+001   0.9885580192E+000
 0.9696970   0.2173310162E+001   0.1034340463E+001   0.1014744754E+001   0.9988751529E+000
 0.9797980   0.2188326448E+001   0.1054587438E+001   0.1001709454E+001   0.9635783581E+000
 0.9898990   0.2242148018E+001   0.1005587459E+001   0.1028954604E+001   0.9657256433E+000
 1.0000000   0.2175548887E+001   0.1030161343E+001   0.1000233784E+001   0.9595315513E+000


 0.0000000   0.1184949348E-002   0.7321297990E+000   0.1002853963E+001   0.1078186376E+001
 0.0101010   0.1173498093E-002   0.6413598262E+000   0.1001385060E+001   0.9768217655E+000
 0.0202020   0.1111051965E-002   0.6474045198E+000   0.9863164081E+000   0.9723238261E+000
 0.0303030   0.1031521154E-002   0.6521921494E+000   0.1000763036E+001   0.9701326826E+000
 0.0404040   0.9156202018E-003   0.6684095187E+000   0.9915790111E+000   0.1026827348E+001
 0.0505051   0.7699571181E-003   0.6795820374E+000   0.9955294824E+000   0.1018509755E+001
 0.0606061   0.6367612166E-003   0.7264564164E+000   0.1004170359E+001   0.1049660876E+001
 0.0707071   0.5089371372E-003   0.6538371192E+000   0.9970966173E+000   0.9972609769E+000
 0.0808081   0.3991486547E-003   0.6607551195E+000   0.9854622276E+000   0.1007422756E+001
 0.0909091   0.3225424479E-003   0.6807893167E+000   0.9963370348E+000   0.1001574498E+001
 0.1010101   0.2681739434E-003   0.7138588104E+000   0.9966265869E+000   0.1009723301E+001
 0.1111111   0.2343055142E-003   0.7009749423E+000   0.1005465251E+001   0.1019872577E+001
 0.1212121   0.2125230585E-003   0.7258320332E+000   0.9906452718E+000   0.1008773076E+001
 0.1313131   0.2023406490E-003   0.7518943290E+000   0.9882832554E+000   0.1031844160E+001
 0.1414141   0.2057391412E-003   0.7672155735E+000   0.9946650800E+000   0.9763497788E+000
 0.1515152   0.2149705522E-003   0.7978912524E+000   0.1000775693E+001   0.1016306108E+001
 0.1616162   0.2311201967E-003   0.8223957017E+000   0.9904761826E+000   0.1007419631E+001
 0.1717172   0.2655196497E-003   0.9250787407E+000   0.1011249383E+001   0.1025739591E+001
 0.1818182   0.2984876681E-003   0.9546757509E+000   0.9876366189E+000   0.1025945889E+001
 0.1919192   0.3478449714E-003   0.1037405493E+001   0.9824968062E+000   0.9776813438E+000
 0.2020202   0.4038014355E-003   0.1049169205E+001   0.9820983711E+000   0.1023385909E+001
 0.2121212   0.4964954349E-003   0.1200074959E+001   0.9835248533E+000   0.9783221205E+000
 0.2222222   0.6085323085E-003   0.1251247418E+001   0.1000469969E+001   0.1086178892E+001
 0.2323232   0.7511770191E-003   0.1313918071E+001   0.9876058966E+000   0.9896998127E+000
 0.2424242   0.9357992819E-003   0.1244762960E+001   0.9987196417E+000   0.1029787423E+001
 0.2525253   0.1169159156E-002   0.1235054941E+001   0.9986345441E+000   0.1017703314E+001
 0.2626263   0.1499803580E-002   0.1273048972E+001   0.9960272507E+000   0.9830482388E+000
 0.2727273   0.1963560080E-002   0.1230381401E+001   0.9991916319E+000   0.1055118417E+001
 0.2828283   0.2536602630E-002   0.1301334985E+001   0.9980654369E+000   0.9982299562E+000
 0.2929293   0.3268439199E-002   0.1266197352E+001   0.9945550269E+000   0.1006444400E+001
 0.3030303   0.4247791175E-002   0.1176516419E+001   0.1002720140E+001   0.1069653107E+001
 0.3131313   0.5634591419E-002   0.1148035417E+001   0.9965885402E+000   0.1027590028E+001
 0.3232323   0.7475531815E-002   0.1176518494E+001   0.9936642681E+000   0.1012242647E+001
 0.3333333   0.9840815041E-002   0.1128248069E+001   0.9915790849E+000   0.1058181642E+001
 0.3434343   0.1338102433E-001   0.1121518835E+001   0.9942764058E+000   0.9755870983E+000
 0.3535354   0.1782838440E-001   0.1070412756E+001   0.9988392126E+000   0.1010779801E+001
 0.3636364   0.2445635014E-001   0.1088633960E+001   0.1001476032E+001   0.1082609297E+001
 0.3737374   0.3191060163E-001   0.9858389051E+000   0.1005944646E+001   0.1013605469E+001
 0.3838384   0.4460554738E-001   0.1049582003E+001   0.9963436539E+000   0.9992364443E+000
 0.3939394   0.5998285440E-001   0.1036654574E+001   0.9943979822E+000   0.1064095542E+001
 0.4040404   0.8071357515E-001   0.1076658663E+001   0.9972372477E+000   0.9950667077E+000
 0.4141414   0.1105276448E+000   0.1025654227E+001   0.1005573585E+001   0.1048257419E+001
 0.4242424   0.1515510977E+000   0.1033731796E+001   0.9997971515E+000   0.1048360568E+001
 0.4343434   0.2084684170E+000   0.1077556862E+001   0.1004923832E+001   0.1017334477E+001
 0.4444444   0.2849912366E+000   0.9955801134E+000   0.1000171974E+001   0.9952698807E+000
 0.4545455   0.3899996757E+000   0.1044190734E+001   0.1013436367E+001   0.1025952141E+001
 0.4646465   0.5471715741E+000   0.1063895108E+001   0.9968221822E+000   0.9846017314E+000
 0.4747475   0.7581869448E+000   0.1020339709E+001   0.9933476319E+000   0.1045266086E+001
 0.4848485   0.1052966317E+001   0.1084788091E+001   0.1003007101E+001   0.1024958156E+001
 0.4949495   0.1456582790E+001   0.1008244099E+001   0.1010000106E+001   0.1016499904E+001
 0.5050505   0.1708899433E+001   0.1067407004E+001   0.1001482984E+001   0.1093668164E+001
 0.5151515   0.1725451308E+001   0.1036053008E+001   0.9991596160E+000   0.1038727039E+001
 0.5252525   0.1732323160E+001   0.1046700713E+001   0.9982251983E+000   0.1082049790E+001
 0.5353535   0.1732194340E+001   0.1035642285E+001   0.9980614216E+000   0.9927817920E+000
 0.5454545   0.1725059175E+001   0.1021752350E+001   0.1002568879E+001   0.1022910796E+001
 0.5555556   0.1727747889E+001   0.1009843433E+001   0.1001341403E+001   0.1067765160E+001
 0.5656566   0.1722956401E+001   0.1010984333E+001   0.1016131028E+001   0.1017887733E+001
 0.5757576   0.1729816825E+001   0.1039486079E+001   0.9994265601E+000   0.1006644447E+001
 0.5858586   0.1732791167E+001   0.1023129727E+001   0.1003497270E+001   0.9487651265E+000
 0.5959596   0.1731296881E+001   0.1015481551E+001   0.1015372476E+001   0.1038405088E+001
 0.6060606   0.1741061459E+001   0.1044609755E+001   0.1002090760E+001   0.1016846861E+001
 0.6161616   0.1760056923E+001   0.1066369823E+001   0.9980547295E+000   0.9678852759E+000
 0.6262626   0.1760079927E+001   0.1041274180E+001   0.9985486473E+000   0.9649658350E+000
 0.6363636   0.1758456955E+001   0.1048882943E+001   0.1005940937E+001   0.1024348636E+001
 0.6464646   0.1764274105E+001   0.9882078276E+000   0.1016206429E+001   0.9943821707E+000
 0.6565657   0.1783588651E+001   0.1069707473E+001   0.1002366102E+001   0.9862177388E+000
 0.6666667   0.1797423605E+001   0.1062121527E+001   0.1001614776E+001   0.9675508217E+000
 0.6767677   0.1784100129E+001   0.1019022489E+001   0.1008546430E+001   0.1004387663E+001
 0.6868687   0.1779997426E+001   0.1028261701E+001   0.1002127825E+001   0.9979955257E+000
 0.6969697   0.1792984316E+001   0.1007038894E+001   0.1005673411E+001   0.1034125950E+001
 0.7070707   0.1802124583E+001   0.1023303974E+001   0.9950345472E+000   0.9759496841E+000
 0.7171717   0.1813711629E+001   0.1019078497E+001   0.9956780318E+000   0.9528410910E+000
 0.7272727   0.1819583267E+001   0.1016404643E+001   0.1001835185E+001   0.9520158958E+000
 0.7373737   0.1844445027E+001   0.1019881275E+001   0.9938027577E+000   0.9785565509E+000
 0.7474747   0.1845632561E+001   0.1069514557E+001   0.1010328624E+001   0.1020810299E+001
 0.7575758   0.1859591968E+001   0.1053052413E+001   0.1004749514E+001   0.1008060407E+001
 0.7676768   0.1876226506E+001   0.1005142927E+001   0.1001209479E+001   0.9466021147E+000
 0.7777778   0.1866412638E+001   0.1007727583E+001   0.9960952936E+000   0.9506374446E+000
 0.7878788   0.1903253617E+001   0.1021615442E+001   0.1004461955E+001   0.9964201529E+000
 0.7979798   0.1903731296E+001   0.1027475518E+001   0.1003327809E+001   0.9783346234E+000
 0.8080808   0.1926588850E+001   0.1036162950E+001   0.1008343430E+001   0.9748119149E+000
 0.8181818   0.1929789820E+001   0.1026193561E+001   0.1003051675E+001   0.9685604356E+000
 0.8282828   0.1937419729E+001   0.9873054797E+000   0.1003665315E+001   0.9258565808E+000
 0.8383838   0.1953618006E+001   0.1024357750E+001   0.1000215025E+001   0.9515907952E+000
 0.8484848   0.1985274697E+001   0.1040143652E+001   0.1009495786E+001   0.9668193986E+000
 0.8585859   0.1987696603E+001   0.9898486487E+000   0.9948658958E+000   0.9442859417E+000
 0.8686869   0.1986370814E+001   0.1020588633E+001   0.1002001905E+001   0.9466114919E+000
 0.8787879   0.2012627484E+001   0.1035291717E+001   0.1011051170E+001   0.9652877862E+000
 0.8888889   0.2031334672E+001   0.1037998761E+001   0.9977221755E+000   0.9645438602E+000
 0.8989899   0.2049682464E+001   0.1031539195E+001   0.1010534283E+001   0.9903780982E+000
 0.9090909   0.2068087939E+001   0.9939164744E+000   0.1002695883E+001   0.9202771356E+000
 0.9191919   0.2094272724E+001   0.1036424319E+001   0.1009660518E+001   0.9475335851E+000
 0.9292929   0.2114132510E+001   0.9733118274E+000   0.1006839888E+001   0.8904169449E+000
 0.9393939   0.2105872431E+001   0.9867018401E+000   0.9900399610E+000   0.9419103795E+000
 0.9494949   0.2131425778E+001   0.1002975217E+001   0.1009353841E+001   0.9617869578E+000
 0.9595960   0.2154437490E+001   0.1017771648E+001   0.1010481808E+001   0.9872367299E+000
 0.9696970   0.2155453477E+001   0.1025436419E+001   0.1005093147E+001   0.9892872151E+000
 0.9797980   0.2181010262E+001   0.1050646152E+001   0.9981447718E+000   0.9600646753E+000
 0.9898990   0.2208363134E+001   0.9900436388E+000   0.1003372185E+001   0.9416321887E+000
 1.0000000   0.2176576805E+001   0.1030240644E+001   0.9915581631E+000   0.9511250600E+000


 0.0000000   0.1219001925E-002   0.7423865450E+000   0.9982070055E+000   0.1073174447E+001
 0.0101010   0.1204881310E-002   0.6490841974E+000   0.9949230486E+000   0.9705038830E+000
 0.0202020   0.1152556833E-002   0.6619742687E+000   0.9906608161E+000   0.9765921310E+000
 0.0303030   0.1062639927E-002   0.6622484663E+000   0.1001303434E+001   0.9706421585E+000
 0.0404040   0.9478961498E-003   0.6820644630E+000   0.9942025873E+000   0.1029528932E+001
 0.0505051   0.7930555319E-003   0.6899479922E+000   0.9950363482E+000   0.1017990154E+001
 0.0606061   0.6535318425E-003   0.7349150081E+000   0.1000781899E+001   0.1046103413E+001
 0.0707071   0.5261283691E-003   0.6662459056E+000   0.9967463915E+000   0.9968959222E+000
 0.0808081   0.4149023995E-003   0.6770008544E+000   0.9877184182E+000   0.1009714264E+001
 0.0909091   0.3340352239E-003   0.6949531425E+000   0.9945472537E+000   0.9997604945E+000
 0.1010101   0.2754328271E-003   0.7226846813E+000   0.9925623601E+000   0.1005590766E+001
 0.1111111   0.2417200267E-003   0.7128038243E+000   0.1003178693E+001   0.1017538179E+001
 0.1212121   0.2196856317E-003   0.7395527058E+000   0.9837021852E+000   0.1001688096E+001
 0.1313131   0.2108333226E-003   0.7722365039E+000   0.9911051883E+000   0.1034775144E+001
 0.1414141   0.2149596861E-003   0.7901233743E+000   0.9952610271E+000   0.9769202773E+000
 0.1515152   0.2267401577E-003   0.8295271017E+000   0.9964007161E+000   0.1011848247E+001
 0.1616162   0.2436075138E-003   0.8544192338E+000   0.9894577091E+000   0.1006368823E+001
 0.1717172   0.2800271278E-003   0.9616555523E+000   0.9962424408E+000   0.1010502641E+001
 0.1818182   0.3164904731E-003   0.9977633409E+000   0.9962681649E+000   0.1034896909E+001
 0.1919192   0.3698125251E-003   0.1087130883E+001   0.9906689229E+000   0.9857988003E+000
 0.2020202   0.4311518087E-003   0.1104193769E+001   0.9836370595E+000   0.1024974097E+001
 0.2121212   0.5261621417E-003   0.1253574399E+001   0.9845285979E+000   0.9793060450E+000
 0.2222222   0.6443232121E-003   0.1305872373E+001   0.1007052376E+001   0.1093309005E+001
 0.2323232   0.7905823855E-003   0.1363046054E+001   0.9833075801E+000   0.9853777825E+000
 0.2424242   0.9907314371E-003   0.1298964542E+001   0.1001380028E+001   0.1032515269E+001
 0.2525253   0.1240239341E-002   0.1291384440E+001   0.9978655693E+000   0.1016904588E+001
 0.2626263   0.1578990745E-002   0.1321075726E+001   0.9978962999E+000   0.9848783398E+000
 0.2727273   0.2044732222E-002   0.1262901293E+001   0.9968256627E+000   0.1052604424E+001
 0.2828283   0.2631200846E-002   0.1330540415E+001   0.9978565562E+000   0.9980062536E+000
 0.2929293   0.3399397137E-002   0.1298076532E+001   0.9980478226E+000   0.1009963985E+001
 0.3030303   0.4390648956E-002   0.1198673635E+001   0.9987267451E+000   0.1065377361E+001
 0.3131313   0.5824413321E-002   0.1169721430E+001   0.9910678921E+000   0.1021882505E+001
 0.3232323   0.7676154160E-002   0.1190797065E+001   0.9975645828E+000   0.1016200828E+001
 0.3333333   0.1003848307E-001   0.1134433450E+001   0.9950605925E+000   0.1061881262E+001
 0.3434343   0.1356128789E-001   0.1120354725E+001   0.9938136258E+000   0.9751185686E+000
 0.3535354   0.1807555925E-001   0.1069715855E+001   0.1004959562E+001   0.1016958247E+001
 0.3636364   0.2459125885E-001   0.1078967589E+001   0.9980055530E+000   0.1078841677E+001
 0.3737374   0.3239590448E-001   0.9865031447E+000   0.1000797063E+001   0.1008403743E+001
 0.3838384   0.4483505030E-001   0.1039878423E+001   0.9996981797E+000   0.1002585854E+001
 0.3939394   0.6020102551E-001   0.1025529676E+001   0.9924861613E+000   0.1062033985E+001
 0.4040404   0.8113588423E-001   0.1066797112E+001   0.1000146317E+001   0.9979546582E+000
 0.4141414   0.1106217410E+000   0.1011830931E+001   0.1005321800E+001   0.1047979419E+001
 0.4242424   0.1510563288E+000   0.1015605672E+001   0.1005398455E+001   0.1054218325E+001
 0.4343434   0.2080925843E+000   0.1060214978E+001   0.1008287642E+001   0.1020724706E+001
 0.4444444   0.2843004553E+000   0.9789480959E+000   0.9999978141E+000   0.9950818307E+000
 0.4545455   0.3908848143E+000   0.1031577334E+001   0.1010322231E+001   0.1022784391E+001
 0.4646465   0.5464933785E+000   0.1047363879E+001   0.9976790624E+000   0.9854335054E+000
 0.4747475   0.7581869078E+000   0.1005731774E+001   0.9994791931E+000   0.1051702537E+001
 0.4848485   0.1050304904E+001   0.1066554928E+001   0.1003279919E+001   0.1025221754E+001
 0.4949495   0.1462753293E+001   0.9980194442E+000   0.1008811517E+001   0.1015288623E+001
 0.5050505   0.1711953960E+001   0.1054005864E+001   0.1000118158E+001   0.1092161525E+001
 0.5151515   0.1727095648E+001   0.1022193373E+001   0.1000425409E+001   0.1040027548E+001
 0.5252525   0.1724851141E+001   0.1027265333E+001   0.1002561106E+001   0.1086733697E+001
 0.5353535   0.1730489292E+001   0.1019810499E+001   0.9994237237E+000   0.9941221577E+000
 0.5454545   0.1729463902E+001   0.1009695808E+001   0.1002827991E+001   0.1023160005E+001
 0.5555556   0.1721379841E+001   0.9917170748E+000   0.1003643979E+001   0.1070204620E+001
 0.5656566   0.1728672371E+001   0.9998163433E+000   0.1012418266E+001   0.1014153526E+001
 0.5757576   0.1732049198E+001   0.1025926358E+001   0.1003954287E+001   0.1011189890E+001
 0.5858586   0.1731425955E+001   0.1007687346E+001   0.1003715800E+001   0.9489576765E+000
 0.5959596   0.1729927964E+001   0.1000151783E+001   0.1010857260E+001   0.1033772131E+001
 0.6060606   0.1737909019E+001   0.1027790067E+001   0.1005502151E+001   0.1020293369E+001
 0.6161616   0.1752898618E+001   0.1046828010E+001   0.9985373332E+000   0.9683389433E+000
 0.6262626   0.1754496382E+001   0.1023110613E+001   0.9996620441E+000   0.9660274729E+000
 0.6363636   0.1762780680E+001   0.1036408501E+001   0.1006553858E+001   0.1024957586E+001
 0.6464646   0.1759040266E+001   0.9711703485E+000   0.1010535273E+001   0.9888181586E+000
 0.6565657   0.1784958940E+001   0.1055202868E+001   0.9997882906E+000   0.9836668816E+000
 0.6666667   0.1779704672E+001   0.1036595011E+001   0.1001082408E+001   0.9670222307E+000
 0.6767677   0.1783395003E+001   0.1004036481E+001   0.1010992185E+001   0.1006808416E+001
 0.6868687   0.1789664655E+001   0.1019044973E+001   0.1004696267E+001   0.1000538552E+001
 0.6969697   0.1799212495E+001   0.9960694399E+000   0.1007670405E+001   0.1036164090E+001
 0.7070707   0.1810516897E+001   0.1013350849E+001   0.9985050037E+000   0.9793390660E+000
 0.7171717   0.1808959546E+001   0.1001856819E+001   0.9996401257E+000   0.9566185499E+000
 0.7272727   0.1819511667E+001   0.1001813671E+001   0.1001922070E+001   0.9520843530E+000
 0.7373737   0.1843568114E+001   0.1004802007E+001   0.9979574157E+000   0.9826329114E+000
 0.7474747   0.1848248744E+001   0.1055696981E+001   0.1010514210E+001   0.1020982682E+001
 0.7575758   0.1864191870E+001   0.1040543735E+001   0.1003263485E+001   0.1006554567E+001
 0.7676768   0.1877502066E+001   0.9914261748E+000   0.9994416774E+000   0.9449167308E+000
 0.7777778   0.1877461167E+001   0.9991802605E+000   0.1000887272E+001   0.9551965828E+000
 0.7878788   0.1903141875E+001   0.1006930171E+001   0.1004521630E+001   0.9964645853E+000
 0.7979798   0.1899763801E+001   0.1010654804E+001   0.1002537729E+001   0.9775497402E+000
 0.8080808   0.1931945920E+001   0.1024168431E+001   0.1008415128E+001   0.9748667835E+000
 0.8181818   0.1927454122E+001   0.1010277608E+001   0.9995755758E+000   0.9651895648E+000
 0.8282828   0.1940816793E+001   0.9748768877E+000   0.1007139942E+001   0.9290480735E+000
 0.8383838   0.1955641830E+001   0.1010738316E+001   0.9997876299E+000   0.9511700839E+000
 0.8484848   0.1978041724E+001   0.1021516927E+001   0.1007914535E+001   0.9652906917E+000
 0.8585859   0.1990251289E+001   0.9769312820E+000   0.1001196468E+001   0.9502805805E+000
 0.8686869   0.1989692681E+001   0.1007659508E+001   0.9976471434E+000   0.9424834954E+000
 0.8787879   0.2014003725E+001   0.1021167568E+001   0.1006592338E+001   0.9610165352E+000
 0.8888889   0.2031266372E+001   0.1023103654E+001   0.1004809390E+001   0.9713810035E+000
 0.8989899   0.2047142575E+001   0.1015511025E+001   0.1005531332E+001   0.9854603350E+000
 0.9090909   0.2056570877E+001   0.9742310619E+000   0.9953347838E+000   0.9135075625E+000
 0.9191919   0.2096387808E+001   0.1022617893E+001   0.1010491433E+001   0.9482993201E+000
 0.9292929   0.2112635376E+001   0.9586978369E+000   0.1005170648E+001   0.8889275510E+000
 0.9393939   0.2102513400E+001   0.9710242025E+000   0.9934511005E+000   0.9451416864E+000
 0.9494949   0.2124875125E+001   0.9855775538E+000   0.1005551804E+001   0.9581498991E+000
 0.9595960   0.2144918927E+001   0.9987682682E+000   0.1005647184E+001   0.9824987635E+000
 0.9696970   0.2155354362E+001   0.1010709087E+001   0.1005143105E+001   0.9893217289E+000
 0.9797980   0.2186699139E+001   0.1038305615E+001   0.9968468502E+000   0.9588020639E+000
 0.9898990   0.2213490467E+001   0.9781352461E+000   0.9989414259E+000   0.9374601749E+000
 1.0000000   0.2185456209E+001   0.1019633732E+001   0.9923793011E+000   0.9518986098E+000


 0.0000000   0.1258714587E-002   0.7644699750E+000   0.9996643849E+000   0.1074779231E+001
 0.0101010   0.1243292687E-002   0.6679402495E+000   0.9949247920E+000   0.9705398559E+000
 0.0202020   0.1191237156E-002   0.6823142735E+000   0.9915340955E+000   0.9774875263E+000
 0.0303030   0.1095657347E-002   0.6809528687E+000   0.9980675040E+000   0.9675394837E+000
 0.0404040   0.9762067090E-003   0.7005093207E+000   0.9989890088E+000   0.1034521957E+001
 0.0505051   0.8191462215E-003   0.7106923744E+000   0.9964044949E+000   0.1019425860E+001
 0.0606061   0.6764418281E-003   0.7585920467E+000   0.1000953538E+001   0.1046319774E+001
 0.0707071   0.5411728098E-003   0.6834177723E+000   0.9969222140E+000   0.9971069815E+000
 0.0808081   0.4297171336E-003   0.6992515012E+000   0.9906503197E+000   0.1012747220E+001
 0.0909091   0.3412854508E-003   0.7080900620E+000   0.9907975427E+000   0.9960263003E+000
 0.1010101   0.2822871623E-003   0.7386381659E+000   0.9922158123E+000   0.1005275168E+001
 0.1111111   0.2466335682E-003   0.7252989364E+000   0.1000943464E+001   0.1015306808E+001
 0.1212121   0.2238051815E-003   0.7513548276E+000   0.9851481097E+000   0.1003195883E+001
 0.1313131   0.2130321364E-003   0.7781506126E+000   0.9908859270E+000   0.1034582755E+001
 0.1414141   0.2172289169E-003   0.7962748415E+000   0.9930599488E+000   0.9747941831E+000
 0.1515152   0.2284571699E-003   0.8335168711E+000   0.9959725765E+000   0.1011449186E+001
 0.1616162   0.2441578878E-003   0.8540013614E+000   0.9883684504E+000   0.1005296447E+001
 0.1717172   0.2806546316E-003   0.9611675897E+000   0.9961109857E+000   0.1010404984E+001
 0.1818182   0.3161935821E-003   0.9940939240E+000   0.9992343826E+000   0.1038014792E+001
 0.1919192   0.3701939044E-003   0.1085267875E+001   0.9884907835E+000   0.9836661044E+000
 0.2020202   0.4307628500E-003   0.1100172508E+001   0.9879412256E+000   0.1029495498E+001
 0.2121212   0.5262143808E-003   0.1250261037E+001   0.9888937961E+000   0.9836828238E+000
 0.2222222   0.6419395418E-003   0.1297473665E+001   0.1007914092E+001   0.1094283171E+001
 0.2323232   0.7884917984E-003   0.1355713883E+001   0.9848136036E+000   0.9869218274E+000
 0.2424242   0.9932919412E-003   0.1298750511E+001   0.1000024259E+001   0.1031153758E+001
 0.2525253   0.1236843691E-002   0.1284317295E+001   0.9987591846E+000   0.1017851196E+001
 0.2626263   0.1573301164E-002   0.1312705966E+001   0.9956503384E+000   0.9826963792E+000
 0.2727273   0.2041259991E-002   0.1257299542E+001   0.9925849862E+000   0.1048163467E+001
 0.2828283   0.2616983648E-002   0.1319722274E+001   0.9940804428E+000   0.9942646836E+000
 0.2929293   0.3395153789E-002   0.1292901121E+001   0.9955360601E+000   0.1007457810E+001
 0.3030303   0.4380712542E-002   0.1192681439E+001   0.9986582267E+000   0.1065341890E+001
 0.3131313   0.5803142831E-002   0.1162253832E+001   0.9882258843E+000   0.1018988116E+001
 0.3232323   0.7653498407E-002   0.1184026795E+001   0.9986495750E+000   0.1017342015E+001
 0.3333333   0.1004956335E-001   0.1132571404E+001   0.9942845748E+000   0.1061090603E+001
 0.3434343   0.1353507084E-001   0.1115122593E+001   0.9904598574E+000   0.9718622084E+000
 0.3535354   0.1799750241E-001   0.1062175787E+001   0.1002141676E+001   0.1014142530E+001
 0.3636364   0.2453001552E-001   0.1073329159E+001   0.9971045508E+000   0.1077905759E+001
 0.3737374   0.3248190247E-001   0.9864095977E+000   0.9959100987E+000   0.1003515071E+001
 0.3838384   0.4481489159E-001   0.1036560661E+001   0.1003412789E+001   0.1006346730E+001
 0.3939394   0.6030142963E-001   0.1024423231E+001   0.9914757978E+000   0.1060990287E+001
 0.4040404   0.8115502378E-001   0.1064122765E+001   0.9984404700E+000   0.9962877310E+000
 0.4141414   0.1109418306E+000   0.1011976102E+001   0.1002329555E+001   0.1044897105E+001
 0.4242424   0.1509179026E+000   0.1011892600E+001   0.1004029982E+001   0.1052820580E+001
 0.4343434   0.2089412629E+000   0.1061619810E+001   0.1002514490E+001   0.1014916182E+001
 0.4444444   0.2853478892E+000   0.9798604799E+000   0.9999035194E+000   0.9950231364E+000
 0.4545455   0.3928209426E+000   0.1033844194E+001   0.1007932943E+001   0.1020401665E+001
 0.4646465   0.5473215128E+000   0.1046074639E+001   0.9937571757E+000   0.9815944188E+000
 0.4747475   0.7585039626E+000   0.1003393333E+001   0.9959810190E+000   0.1048058591E+001
 0.4848485   0.1058304123E+001   0.1071730988E+001   0.1000882223E+001   0.1022807738E+001
 0.4949495   0.1466088991E+001   0.9975523994E+000   0.1006078630E+001   0.1012573946E+001
 0.5050505   0.1721277408E+001   0.1056840095E+001   0.9964778952E+000   0.1088224668E+001
 0.5151515   0.1733033036E+001   0.1022894821E+001   0.9982566633E+000   0.1037809599E+001
 0.5252525   0.1723205263E+001   0.1023470882E+001   0.1001332369E+001   0.1085440128E+001
 0.5353535   0.1732321446E+001   0.1018090796E+001   0.9960478789E+000   0.9907992081E+000
 0.5454545   0.1734859042E+001   0.1010068233E+001   0.1003631627E+001   0.1024016095E+001
 0.5555556   0.1730669523E+001   0.9943349180E+000   0.1004513246E+001   0.1071169361E+001
 0.5656566   0.1732942104E+001   0.9995374289E+000   0.1012579407E+001   0.1014350762E+001
 0.5757576   0.1731255544E+001   0.1022644315E+001   0.1000479177E+001   0.1007725320E+001
 0.5858586   0.1732021005E+001   0.1005269492E+001   0.1004288529E+001   0.9495326905E+000
 0.5959596   0.1736561563E+001   0.1001233900E+001   0.1009248159E+001   0.1032163002E+001
 0.6060606   0.1743145980E+001   0.1028060338E+001   0.1005112027E+001   0.1019933522E+001
 0.6161616   0.1756785440E+001   0.1046272297E+001   0.9976150184E+000   0.9674786858E+000
 0.6262626   0.1753425990E+001   0.1019682625E+001   0.1000903519E+001   0.9672613337E+000
 0.6363636   0.1765725804E+001   0.1035293329E+001   0.1003598153E+001   0.1021983928E+001
 0.6464646   0.1760921756E+001   0.9695431884E+000   0.1009776337E+001   0.9881104247E+000
 0.6565657   0.1785407978E+001   0.1052574079E+001   0.1002091025E+001   0.9859673017E+000
 0.6666667   0.1784601028E+001   0.1036596599E+001   0.1003561879E+001   0.9694515750E+000
 0.6767677   0.1781307730E+001   0.1000111375E+001   0.1008325682E+001   0.1004188407E+001
 0.6868687   0.1790718158E+001   0.1016848832E+001   0.1006947516E+001   0.1002815896E+001
 0.6969697   0.1797380493E+001   0.9923266346E+000   0.1006175365E+001   0.1034663312E+001
 0.7070707   0.1812121420E+001   0.1011467689E+001   0.1002469105E+001   0.9832617989E+000
 0.7171717   0.1816861025E+001   0.1003473664E+001   0.1002262092E+001   0.9591615446E+000
 0.7272727   0.1823605160E+001   0.1001314231E+001   0.1006856530E+001   0.9568071492E+000
 0.7373737   0.1847099661E+001   0.1003966222E+001   0.1002433728E+001   0.9870753419E+000
 0.7474747   0.1851071606E+001   0.1054410072E+001   0.1010869252E+001   0.1021377470E+001
 0.7575758   0.1858734834E+001   0.1034652792E+001   0.1001401455E+001   0.1004721908E+001
 0.7676768   0.1879780114E+001   0.9899071817E+000   0.1003962187E+001   0.9492241416E+000
 0.7777778   0.1876385878E+001   0.9958696693E+000   0.1005340847E+001   0.9594807331E+000
 0.7878788   0.1901102829E+001   0.1003093147E+001   0.1007516267E+001   0.9994704966E+000
 0.7979798   0.1901764073E+001   0.1008944651E+001   0.1007308038E+001   0.9822358357E+000
 0.8080808   0.1925634094E+001   0.1018023149E+001   0.1009187996E+001   0.9756483924E+000
 0.8181818   0.1928280901E+001   0.1007939452E+001   0.1001466989E+001   0.9670500612E+000
 0.8282828   0.1939365056E+001   0.9714764253E+000   0.1007411179E+001   0.9293310962E+000
 0.8383838   0.1953726822E+001   0.1006979704E+001   0.1000309447E+001   0.9517001326E+000
 0.8484848   0.1973082630E+001   0.1016161787E+001   0.1006403856E+001   0.9638779352E+000
 0.8585859   0.1987065720E+001   0.9726930223E+000   0.1000523703E+001   0.9496755654E+000
 0.8686869   0.1989696890E+001   0.1004898489E+001   0.1002048795E+001   0.9466751932E+000
 0.8787879   0.2010551087E+001   0.1016621578E+001   0.1010510563E+001   0.9647914224E+000
 0.8888889   0.2026267894E+001   0.1017787440E+001   0.1004183696E+001   0.9708104062E+000
 0.8989899   0.2037041072E+001   0.1007729111E+001   0.1005029861E+001   0.9850036563E+000
 0.9090909   0.2055139667E+001   0.9708834533E+000   0.9990300113E+000   0.9169313816E+000
 0.9191919   0.2091587991E+001   0.1017478798E+001   0.1012736845E+001   0.9504400979E+000
 0.9292929   0.2102458339E+001   0.9514633531E+000   0.1007790862E+001   0.8912762232E+000
 0.9393939   0.2099321033E+001   0.9668911973E+000   0.9997710626E+000   0.9511879110E+000
 0.9494949   0.2125345985E+001   0.9830927591E+000   0.1007369114E+001   0.9599154375E+000
 0.9595960   0.2133981303E+001   0.9909504320E+000   0.1001605764E+001   0.9785849269E+000
 0.9696970   0.2152924080E+001   0.1006801073E+001   0.1006275118E+001   0.9904708999E+000
 0.9797980   0.2179660648E+001   0.1032125526E+001   0.9995240770E+000   0.9614110638E+000
 0.9898990   0.2202677426E+001   0.9706879099E+000   0.9961070954E+000   0.9348332985E+000
 1.0000000   0.2182767546E+001   0.1015586784E+001   0.9936236337E+000   0.9531258414E+000


 0.0000000   0.1233518792E-002   0.7516594361E+000   0.1001832738E+001   0.1077094815E+001
 0.0101010   0.1214909590E-002   0.6548628766E+000   0.9934074563E+000   0.9690455850E+000
 0.0202020   0.1169754384E-002   0.6722380377E+000   0.9949288935E+000   0.9808199362E+000
 0.0303030   0.1074925457E-002   0.6702901271E+000   0.1001134282E+001   0.9704983126E+000
 0.0404040   0.9577907855E-003   0.6895804820E+000   0.1000186376E+001   0.1035746817E+001
 0.0505051   0.8018483927E-003   0.6979987777E+000   0.9958529397E+000   0.1018846711E+001
 0.0606061   0.6643622619E-003   0.7475236914E+000   0.1002355156E+001   0.1047769645E+001
 0.0707071   0.5296528151E-003   0.6710946259E+000   0.9972139447E+000   0.9973842292E+000
 0.0808081   0.4199900094E-003   0.6856964053E+000   0.9916545651E+000   0.1013759090E+001
 0.0909091   0.3344201630E-003   0.6961540510E+000   0.9916574391E+000   0.9968762051E+000
 0.1010101   0.2783962063E-003   0.7308800454E+000   0.9933339505E+000   0.1006393355E+001
 0.1111111   0.2415210433E-003   0.7126265628E+000   0.1000465427E+001   0.1014807120E+001
 0.1212121   0.2190552532E-003   0.7378546055E+000   0.9891407943E+000   0.1007247032E+001
 0.1313131   0.2110587611E-003   0.7735067382E+000   0.9922827208E+000   0.1036026046E+001
 0.1414141   0.2130981047E-003   0.7837311716E+000   0.9950301608E+000   0.9767139203E+000
 0.1515152   0.2253020225E-003   0.8247396389E+000   0.9969280672E+000   0.1012404769E+001
 0.1616162   0.2415701256E-003   0.8477605530E+000   0.9911036561E+000   0.1008063807E+001
 0.1717172   0.2755676138E-003   0.9468850418E+000   0.9975634397E+000   0.1011863532E+001
 0.1818182   0.3125127006E-003   0.9857895644E+000   0.9977583959E+000   0.1036466415E+001
 0.1919192   0.3638897614E-003   0.1070334924E+001   0.9913102232E+000   0.9864574050E+000
 0.2020202   0.4288843792E-003   0.1099018369E+001   0.9873925881E+000   0.1028908788E+001
 0.2121212   0.5204189687E-003   0.1240604289E+001   0.9899130912E+000   0.9846823957E+000
 0.2222222   0.6396740516E-003   0.1297195202E+001   0.1007862690E+001   0.1094211416E+001
 0.2323232   0.7829226023E-003   0.1350615937E+001   0.9859540977E+000   0.9880503620E+000
 0.2424242   0.9872505401E-003   0.1295144946E+001   0.9987372414E+000   0.1029811668E+001
 0.2525253   0.1235404533E-002   0.1287089891E+001   0.9979569552E+000   0.1017018809E+001
 0.2626263   0.1562502090E-002   0.1308032027E+001   0.9985096148E+000   0.9855040909E+000
 0.2727273   0.2026905257E-002   0.1252610532E+001   0.9956023153E+000   0.1051334424E+001
 0.2828283   0.2604982953E-002   0.1318040026E+001   0.9943495713E+000   0.9945193667E+000
 0.2929293   0.3365390579E-002   0.1285829873E+001   0.9930388274E+000   0.1004916025E+001
 0.3030303   0.4364479740E-002   0.1192214398E+001   0.9956788416E+000   0.1062148081E+001
 0.3131313   0.5816965296E-002   0.1168897354E+001   0.9894166052E+000   0.1020201032E+001
 0.3232323   0.7654105240E-002   0.1188059358E+001   0.1000572279E+001   0.1019285851E+001
 0.3333333   0.1004394361E-001   0.1135703179E+001   0.9961729133E+000   0.1063090324E+001
 0.3434343   0.1355054228E-001   0.1120110667E+001   0.9911515301E+000   0.9725267189E+000
 0.3535354   0.1797693879E-001   0.1064491192E+001   0.1004450356E+001   0.1016464041E+001
 0.3636364   0.2465542415E-001   0.1082404923E+001   0.9972405428E+000   0.1078037059E+001
 0.3737374   0.3265320351E-001   0.9949100140E+000   0.9926870004E+000   0.1000252782E+001
 0.3838384   0.4479094236E-001   0.1039452739E+001   0.1003152556E+001   0.1006071073E+001
 0.3939394   0.6030777792E-001   0.1027938927E+001   0.9913893600E+000   0.1060882326E+001
 0.4040404   0.8130091277E-001   0.1069581598E+001   0.9976480613E+000   0.9954825214E+000
 0.4141414   0.1115224087E+000   0.1020655654E+001   0.1000110731E+001   0.1042568855E+001
 0.4242424   0.1515390106E+000   0.1019436742E+001   0.1004596938E+001   0.1053399733E+001
 0.4343434   0.2087392591E+000   0.1064121240E+001   0.1000785887E+001   0.1013151429E+001
 0.4444444   0.2859121818E+000   0.9850639216E+000   0.1001656665E+001   0.9967531968E+000
 0.4545455   0.3934602647E+000   0.1038971215E+001   0.1005912266E+001   0.1018341147E+001
 0.4646465   0.5484963946E+000   0.1051807123E+001   0.9938132315E+000   0.9816354810E+000
 0.4747475   0.7591688708E+000   0.1007613377E+001   0.9977771742E+000   0.1049933360E+001
 0.4848485   0.1058189658E+001   0.1075179534E+001   0.1000416365E+001   0.1022316775E+001
 0.4949495   0.1470733708E+001   0.1004041369E+001   0.1004148106E+001   0.1010616228E+001
 0.5050505   0.1720234344E+001   0.1059712855E+001   0.9968449203E+000   0.1088609619E+001
 0.5151515   0.1728798858E+001   0.1023789760E+001   0.1000902756E+001   0.1040545369E+001
 0.5252525   0.1722835034E+001   0.1026654581E+001   0.1000157312E+001   0.1084150569E+001
 0.5353535   0.1723951336E+001   0.1016541720E+001   0.9981761655E+000   0.9929018080E+000
 0.5454545   0.1731746672E+001   0.1011609866E+001   0.1005351634E+001   0.1025756086E+001
 0.5555556   0.1726823158E+001   0.9954250946E+000   0.1005510852E+001   0.1072217538E+001
 0.5656566   0.1731276063E+001   0.1001897996E+001   0.1013825799E+001   0.1015584532E+001
 0.5757576   0.1726825954E+001   0.1023420647E+001   0.9988916841E+000   0.1006111666E+001
 0.5858586   0.1736269368E+001   0.1011087235E+001   0.1001509941E+001   0.9468917964E+000
 0.5959596   0.1734248096E+001   0.1003225965E+001   0.1008622352E+001   0.1031507952E+001
 0.6060606   0.1737150539E+001   0.1027932216E+001   0.1005286052E+001   0.1020095245E+001
 0.6161616   0.1756629958E+001   0.1049659556E+001   0.9990677110E+000   0.9688733734E+000
 0.6262626   0.1754278303E+001   0.1023571648E+001   0.9999959196E+000   0.9663701552E+000
 0.6363636   0.1760237387E+001   0.1035508262E+001   0.9995559179E+000   0.1017852805E+001
 0.6464646   0.1758411774E+001   0.9713815694E+000   0.1007772412E+001   0.9861351233E+000
 0.6565657   0.1783583055E+001   0.1054995757E+001   0.1002189934E+001   0.9860502476E+000
 0.6666667   0.1785846866E+001   0.1040770641E+001   0.1004506010E+001   0.9703494726E+000
 0.6767677   0.1783917189E+001   0.1004907946E+001   0.1008718982E+001   0.1004565452E+001
 0.6868687   0.1790965608E+001   0.1020372108E+001   0.1009707117E+001   0.1005549518E+001
 0.6969697   0.1802745956E+001   0.9985994674E+000   0.1008933993E+001   0.1037484924E+001
 0.7070707   0.1809249778E+001   0.1013223897E+001   0.1002504884E+001   0.9832825617E+000
 0.7171717   0.1810866077E+001   0.1003489377E+001   0.1001661346E+001   0.9585726613E+000
 0.7272727   0.1827420557E+001   0.1006746801E+001   0.1007661178E+001   0.9575578431E+000
 0.7373737   0.1849348329E+001   0.1008531966E+001   0.1001474738E+001   0.9861166721E+000
 0.7474747   0.1849406164E+001   0.1056965479E+001   0.1009373880E+001   0.1019851689E+001
 0.7575758   0.1858157011E+001   0.1037771597E+001   0.9974189407E+000   0.1000711603E+001
 0.7676768   0.1878818869E+001   0.9926919797E+000   0.1004335791E+001   0.9495635359E+000
 0.7777778   0.1879984629E+001   0.1001098531E+001   0.1004828058E+001   0.9589773585E+000
 0.7878788   0.1894651803E+001   0.1003014564E+001   0.1003464935E+001   0.9954370084E+000
 0.7979798   0.1898616103E+001   0.1010625005E+001   0.1004842535E+001   0.9798174188E+000
 0.8080808   0.1925068785E+001   0.1021109495E+001   0.1005378194E+001   0.9719510403E+000
 0.8181818   0.1925820420E+001   0.1010001707E+001   0.1001321418E+001   0.9668954005E+000
 0.8282828   0.1938390242E+001   0.9742178682E+000   0.1003321545E+001   0.9255449420E+000
 0.8383838   0.1953521848E+001   0.1010223175E+001   0.1001470915E+001   0.9527912728E+000
 0.8484848   0.1975269082E+001   0.1020671593E+001   0.1003585276E+001   0.9611644454E+000
 0.8585859   0.1987277370E+001   0.9760323947E+000   0.1001910615E+001   0.9509781310E+000
 0.8686869   0.1993613479E+001   0.1010225692E+001   0.1002101275E+001   0.9467109742E+000
 0.8787879   0.2011557863E+001   0.1020513881E+001   0.1006144032E+001   0.9606084481E+000
 0.8888889   0.2028324430E+001   0.1022209285E+001   0.1003698643E+001   0.9703273311E+000
 0.8989899   0.2039767840E+001   0.1012434498E+001   0.1006462570E+001   0.9863934407E+000
 0.9090909   0.2055642623E+001   0.9743512522E+000   0.1001588915E+001   0.9192666001E+000
 0.9191919   0.2088297609E+001   0.1019257219E+001   0.1010588113E+001   0.9484097184E+000
 0.9292929   0.2101999852E+001   0.9544199828E+000   0.1004254386E+001   0.8881356683E+000
 0.9393939   0.2101196246E+001   0.9709738672E+000   0.9988721261E+000   0.9503188067E+000
 0.9494949   0.2128564773E+001   0.9878565979E+000   0.1006463875E+001   0.9590388626E+000
 0.9595960   0.2139325025E+001   0.9967362850E+000   0.9964758804E+000   0.9735587583E+000
 0.9696970   0.2158005887E+001   0.1012534326E+001   0.1005001584E+001   0.9892029495E+000
 0.9797980   0.2182102551E+001   0.1036718786E+001   0.1001664772E+001   0.9634560894E+000
 0.9898990   0.2202874841E+001   0.9740039503E+000   0.9992057536E+000   0.9377276806E+000
 1.0000000   0.2194069922E+001   0.1024241085E+001   0.9941613361E+000   0.9536277290E+000


 0.0000000   0.1232358110E-002   0.7544448389E+000   0.9991508535E+000   0.1074220610E+001
 0.0101010   0.1217389392E-002   0.6592515284E+000   0.9947434155E+000   0.9703570499E+000
 0.0202020   0.1172268274E-002   0.6768160260E+000   0.9955794654E+000   0.9814696452E+000
 0.0303030   0.1072966522E-002   0.6721804343E+000   0.9973706318E+000   0.9668580731E+000
 0.0404040   0.9570176668E-003   0.6922285100E+000   0.9999839727E+000   0.1035546042E+001
 0.0505051   0.8029642229E-003   0.7022210036E+000   0.9949441132E+000   0.1017925574E+001
 0.0606061   0.6635931356E-003   0.7501309977E+000   0.9996574989E+000   0.1044958667E+001
 0.0707071   0.5317202217E-003   0.6768475702E+000   0.9973328381E+000   0.9975116424E+000
 0.0808081   0.4205122178E-003   0.6897421280E+000   0.9920363963E+000   0.1014158073E+001
 0.0909091   0.3351143109E-003   0.7008435747E+000   0.9922130463E+000   0.9974432352E+000
 0.1010101   0.2784415128E-003   0.7343988661E+000   0.9930312169E+000   0.1006095214E+001
 0.1111111   0.2414405164E-003   0.7157022831E+000   0.9991063993E+000   0.1013437245E+001
 0.1212121   0.2183972555E-003   0.7390596932E+000   0.9893628486E+000   0.1007481736E+001
 0.1313131   0.2104755474E-003   0.7749569645E+000   0.9916893631E+000   0.1035415353E+001
 0.1414141   0.2116492306E-003   0.7820228597E+000   0.9946710465E+000   0.9763697359E+000
 0.1515152   0.2235793812E-003   0.8222402809E+000   0.9986792376E+000   0.1014191766E+001
 0.1616162   0.2400622001E-003   0.8463869964E+000   0.9890824612E+000   0.1006016596E+001
 0.1717172   0.2723949898E-003   0.9403367655E+000   0.9958199644E+000   0.1010103671E+001
 0.1818182   0.3074567777E-003   0.9743519009E+000   0.9970742333E+000   0.1035764536E+001
 0.1919192   0.3581612086E-003   0.1058384882E+001   0.9938728134E+000   0.9890158775E+000
 0.2020202   0.4222752924E-003   0.1087115317E+001   0.9870948605E+000   0.1028607306E+001
 0.2121212   0.5115058224E-003   0.1225027852E+001   0.9891043980E+000   0.9838863590E+000
 0.2222222   0.6268988932E-003   0.1277201217E+001   0.1007547920E+001   0.1093878999E+001
 0.2323232   0.7688850760E-003   0.1332568955E+001   0.9875785255E+000   0.9896866764E+000
 0.2424242   0.9689867286E-003   0.1277097472E+001   0.9982706839E+000   0.1029339365E+001
 0.2525253   0.1210837473E-002   0.1267362238E+001   0.9985426663E+000   0.1017624378E+001
 0.2626263   0.1537567704E-002   0.1293145045E+001   0.9974330663E+000   0.9844499526E+000
 0.2727273   0.1986290694E-002   0.1233220225E+001   0.9956696321E+000   0.1051414468E+001
 0.2828283   0.2555077063E-002   0.1298801967E+001   0.9966631803E+000   0.9968418645E+000
 0.2929293   0.3314372890E-002   0.1272227051E+001   0.9942682502E+000   0.1006168726E+001
 0.3030303   0.4325578975E-002   0.1187083715E+001   0.9951671015E+000   0.1061611224E+001
 0.3131313   0.5724306518E-002   0.1155627863E+001   0.9924761165E+000   0.1023364456E+001
 0.3232323   0.7529977059E-002   0.1174228412E+001   0.1001933532E+001   0.1020681261E+001
 0.3333333   0.9915918705E-002   0.1126441790E+001   0.9949391703E+000   0.1061782752E+001
 0.3434343   0.1340045419E-001   0.1112856065E+001   0.9931169642E+000   0.9744635235E+000
 0.3535354   0.1780643559E-001   0.1059298962E+001   0.1004958840E+001   0.1016987272E+001
 0.3636364   0.2433868611E-001   0.1073469307E+001   0.9976212236E+000   0.1078457771E+001
 0.3737374   0.3228060364E-001   0.9881317985E+000   0.9918752690E+000   0.9994433799E+000
 0.3838384   0.4426094622E-001   0.1031930535E+001   0.1006418657E+001   0.1009355276E+001
 0.3939394   0.5956954982E-001   0.1020078337E+001   0.9929999526E+000   0.1062614870E+001
 0.4040404   0.8095216955E-001   0.1069946874E+001   0.9977668284E+000   0.9956095141E+000
 0.4141414   0.1106479825E+000   0.1017362734E+001   0.1001977447E+001   0.1044523720E+001
 0.4242424   0.1506283985E+000   0.1018023760E+001   0.1003541243E+001   0.1052301720E+001
 0.4343434   0.2076999122E+000   0.1063747392E+001   0.1001756582E+001   0.1014142758E+001
 0.4444444   0.2847113952E+000   0.9854890977E+000   0.1003340897E+001   0.9984376920E+000
 0.4545455   0.3921061755E+000   0.1040211232E+001   0.1006423064E+001   0.1018866939E+001
 0.4646465   0.5461884287E+000   0.1052252695E+001   0.9953620508E+000   0.9831736990E+000
 0.4747475   0.7582781563E+000   0.1011112081E+001   0.9981593446E+000   0.1050344457E+001
 0.4848485   0.1052138667E+001   0.1074003455E+001   0.1002125462E+001   0.1024072011E+001
 0.4949495   0.1465093069E+001   0.1004842501E+001   0.1002975951E+001   0.1009445124E+001
 0.5050505   0.1717152866E+001   0.1062734474E+001   0.9956976681E+000   0.1087366022E+001
 0.5151515   0.1726723508E+001   0.1027316674E+001   0.1001078383E+001   0.1040736820E+001
 0.5252525   0.1720234154E+001   0.1029872453E+001   0.9995566282E+000   0.1083508673E+001
 0.5353535   0.1723786266E+001   0.1021171868E+001   0.9999567130E+000   0.9946814224E+000
 0.5454545   0.1729944104E+001   0.1015256985E+001   0.1006313299E+001   0.1026746018E+001
 0.5555556   0.1729066002E+001   0.1001353715E+001   0.1005419815E+001   0.1072129596E+001
 0.5656566   0.1729283027E+001   0.1005399080E+001   0.1010518828E+001   0.1012280449E+001
 0.5757576   0.1724258955E+001   0.1026652143E+001   0.9995206545E+000   0.1006753760E+001
 0.5858586   0.1735585090E+001   0.1015389471E+001   0.1001168321E+001   0.9465768719E+000
 0.5959596   0.1729782561E+001   0.1005296737E+001   0.1007637402E+001   0.1030509434E+001
 0.6060606   0.1741983322E+001   0.1035586155E+001   0.1004278318E+001   0.1019081349E+001
 0.6161616   0.1757430781E+001   0.1055022273E+001   0.1000776500E+001   0.9705387884E+000
 0.6262626   0.1754168485E+001   0.1028267906E+001   0.1001231854E+001   0.9675727751E+000
 0.6363636   0.1757846918E+001   0.1038911612E+001   0.1000925303E+001   0.1019255941E+001
 0.6464646   0.1757084669E+001   0.9751629367E+000   0.1007037094E+001   0.9854239894E+000
 0.6565657   0.1782769073E+001   0.1059418830E+001   0.1002224589E+001   0.9860927462E+000
 0.6666667   0.1780317384E+001   0.1042373760E+001   0.1002367118E+001   0.9682915611E+000
 0.6767677   0.1785292176E+001   0.1010359927E+001   0.1007222074E+001   0.1003083255E+001
 0.6868687   0.1792085896E+001   0.1025759093E+001   0.1006119968E+001   0.1001985677E+001
 0.6969697   0.1799985455E+001   0.1001707711E+001   0.1003742476E+001   0.1032155291E+001
 0.7070707   0.1807761699E+001   0.1017099165E+001   0.1002288544E+001   0.9830787458E+000
 0.7171717   0.1809283614E+001   0.1007275608E+001   0.1001270837E+001   0.9582071157E+000
 0.7272727   0.1822972100E+001   0.1008967077E+001   0.1005951700E+001   0.9559415103E+000
 0.7373737   0.1851247181E+001   0.1014262993E+001   0.1002850010E+001   0.9874792682E+000
 0.7474747   0.1848237727E+001   0.1061210539E+001   0.1007290215E+001   0.1017755066E+001
 0.7575758   0.1859811999E+001   0.1043526875E+001   0.9982071131E+000   0.1001510911E+001
 0.7676768   0.1875069881E+001   0.9953189636E+000   0.1003591587E+001   0.9488680024E+000
 0.7777778   0.1876033787E+001   0.1003641018E+001   0.1001685597E+001   0.9559864344E+000
 0.7878788   0.1897564174E+001   0.1009228543E+001   0.1002042181E+001   0.9940341066E+000
 0.7979798   0.1895621396E+001   0.1013723938E+001   0.1004685539E+001   0.9796726802E+000
 0.8080808   0.1928350683E+001   0.1027607581E+001   0.1005545786E+001   0.9721213429E+000
 0.8181818   0.1926796519E+001   0.1015213524E+001   0.1001375735E+001   0.9669560893E+000
 0.8282828   0.1936455384E+001   0.9777719905E+000   0.1002455549E+001   0.9247539564E+000
 0.8383838   0.1961032144E+001   0.1018823580E+001   0.1001583041E+001   0.9529060687E+000
 0.8484848   0.1973974871E+001   0.1024746875E+001   0.1002466433E+001   0.9601010760E+000
 0.8585859   0.1991348513E+001   0.9825807247E+000   0.1003930028E+001   0.9529030057E+000
 0.8686869   0.1995882214E+001   0.1016079237E+001   0.1005709570E+001   0.9501279199E+000
 0.8787879   0.2016006453E+001   0.1027527669E+001   0.1004312214E+001   0.9588677045E+000
 0.8888889   0.2032401348E+001   0.1029027770E+001   0.1003287827E+001   0.9699384387E+000
 0.8989899   0.2044560002E+001   0.1019532973E+001   0.1006730574E+001   0.9866645079E+000
 0.9090909   0.2056755677E+001   0.9794129886E+000   0.1001480792E+001   0.9191751967E+000
 0.9191919   0.2087463653E+001   0.1023588853E+001   0.1010373727E+001   0.9482166025E+000
 0.9292929   0.2103655989E+001   0.9596144623E+000   0.1005142885E+001   0.8889290075E+000
 0.9393939   0.2105812958E+001   0.9776331961E+000   0.9978656206E+000   0.9493693148E+000
 0.9494949   0.2127363805E+001   0.9918911632E+000   0.1007937549E+001   0.9604512800E+000
 0.9595960   0.2140491281E+001   0.1001918005E+001   0.9987509361E+000   0.9757898062E+000
 0.9696970   0.2159384290E+001   0.1017893377E+001   0.1003095566E+001   0.9873353067E+000
 0.9797980   0.2190183725E+001   0.1045397795E+001   0.1003146564E+001   0.9648895795E+000
 0.9898990   0.2211844281E+001   0.9825183373E+000   0.1004483667E+001   0.9426888930E+000
 1.0000000   0.2199384489E+001   0.1031497328E+001   0.9951589116E+000   0.9545927655E+000


 0.0000000   0.1228730035E-002   0.7538058070E+000   0.1000647119E+001   0.1075825909E+001
 0.0101010   0.1214466658E-002   0.6590519787E+000   0.9951677572E+000   0.9707679339E+000
 0.0202020   0.1167947766E-002   0.6757397744E+000   0.9967427655E+000   0.9826133664E+000
 0.0303030   0.1070430714E-002   0.6720022033E+000   0.9961957306E+000   0.9657160767E+000
 0.0404040   0.9505790625E-003   0.6890174345E+000   0.9976398545E+000   0.1033115309E+001
 0.0505051   0.8000068285E-003   0.7011061132E+000   0.9940019699E+000   0.1016958469E+001
 0.0606061   0.6620378691E-003   0.7499468743E+000   0.9983388668E+000   0.1043576995E+001
 0.0707071   0.5281278760E-003   0.6736886463E+000   0.9965387543E+000   0.9967142798E+000
 0.0808081   0.4186401254E-003   0.6881156351E+000   0.9894073745E+000   0.1011467243E+001
 0.0909091   0.3340666839E-003   0.7001220043E+000   0.9941917849E+000   0.9994292592E+000
 0.1010101   0.2765402947E-003   0.7309183653E+000   0.9935637345E+000   0.1006631569E+001
 0.1111111   0.2399729686E-003   0.7128481308E+000   0.9972795646E+000   0.1011581024E+001
 0.1212121   0.2175045055E-003   0.7375866345E+000   0.9915926122E+000   0.1009749157E+001
 0.1313131   0.2093407871E-003   0.7723999383E+000   0.9917068054E+000   0.1035430306E+001
 0.1414141   0.2103303007E-003   0.7787840295E+000   0.9937340817E+000   0.9754469410E+000
 0.1515152   0.2220857420E-003   0.8184650076E+000   0.9988367342E+000   0.1014348517E+001
 0.1616162   0.2384428930E-003   0.8424459036E+000   0.9894122534E+000   0.1006348868E+001
 0.1717172   0.2689117655E-003   0.9302647079E+000   0.9957445344E+000   0.1010023981E+001
 0.1818182   0.3043971427E-003   0.9666845485E+000   0.9985485585E+000   0.1037292807E+001
 0.1919192   0.3547690319E-003   0.1050565715E+001   0.9945574146E+000   0.9896940187E+000
 0.2020202   0.4177176474E-003   0.1077643731E+001   0.9856941491E+000   0.1027144455E+001
 0.2121212   0.5088352837E-003   0.1221195063E+001   0.9914000742E+000   0.9861668210E+000
 0.2222222   0.6223442480E-003   0.1270588559E+001   0.1007549833E+001   0.1093877634E+001
 0.2323232   0.7619332256E-003   0.1323297866E+001   0.9905296086E+000   0.9926409354E+000
 0.2424242   0.9616395410E-003   0.1270079682E+001   0.9972333458E+000   0.1028266507E+001
 0.2525253   0.1202779042E-002   0.1261575371E+001   0.9977077360E+000   0.1016770293E+001
 0.2626263   0.1527566308E-002   0.1287435567E+001   0.9965969630E+000   0.9836216372E+000
 0.2727273   0.1971785366E-002   0.1226789103E+001   0.9956870992E+000   0.1051429605E+001
 0.2828283   0.2541161449E-002   0.1294445090E+001   0.9961432177E+000   0.9963186735E+000
 0.2929293   0.3293417186E-002   0.1266841976E+001   0.9936389931E+000   0.1005528773E+001
 0.3030303   0.4308126070E-002   0.1184780629E+001   0.9939526644E+000   0.1060312366E+001
 0.3131313   0.5697447648E-002   0.1152624660E+001   0.9922303979E+000   0.1023107871E+001
 0.3232323   0.7518105100E-002   0.1174842811E+001   0.1000094233E+001   0.1018804340E+001
 0.3333333   0.9898311452E-002   0.1126806520E+001   0.9945986716E+000   0.1061416038E+001
 0.3434343   0.1336185333E-001   0.1111984206E+001   0.9948279005E+000   0.9761392520E+000
 0.3535354   0.1779885418E-001   0.1061074893E+001   0.1005896158E+001   0.1017932605E+001
 0.3636364   0.2421738366E-001   0.1070365651E+001   0.9979409017E+000   0.1078799958E+001
 0.3737374   0.3218065749E-001   0.9871441610E+000   0.9918930406E+000   0.9994581419E+000
 0.3838384   0.4414486626E-001   0.1031388809E+001   0.1004679957E+001   0.1007608332E+001
 0.3939394   0.5936486672E-001   0.1018711347E+001   0.9928577157E+000   0.1062459318E+001
 0.4040404   0.8077877865E-001   0.1069900632E+001   0.9977912388E+000   0.9956307386E+000
 0.4141414   0.1105728841E+000   0.1018810479E+001   0.1001645034E+001   0.1044173905E+001
 0.4242424   0.1509665312E+000   0.1022454926E+001   0.1003347888E+001   0.1052095659E+001
 0.4343434   0.2078161506E+000   0.1066581217E+001   0.1001823789E+001   0.1014207605E+001
 0.4444444   0.2849341298E+000   0.9883343440E+000   0.1002672894E+001   0.9977698133E+000
 0.4545455   0.3927875774E+000   0.1044210463E+001   0.1006605605E+001   0.1019048530E+001
 0.4646465   0.5456156822E+000   0.1053360032E+001   0.9963334929E+000   0.9841301489E+000
 0.4747475   0.7569171834E+000   0.1011420049E+001   0.9984651066E+000   0.1050662899E+001
 0.4848485   0.1053547303E+001   0.1077703210E+001   0.1001180852E+001   0.1023103495E+001
 0.4949495   0.1466178244E+001   0.1007701704E+001   0.1002265466E+001   0.1008726882E+001
 0.5050505   0.1719175048E+001   0.1066223742E+001   0.9972795374E+000   0.1089090098E+001
 0.5151515   0.1725898802E+001   0.1028985613E+001   0.1003777287E+001   0.1043539360E+001
 0.5252525   0.1725934989E+001   0.1035458622E+001   0.1002144381E+001   0.1086310351E+001
 0.5353535   0.1726253473E+001   0.1024784225E+001   0.9986749197E+000   0.9934032652E+000
 0.5454545   0.1726417163E+001   0.1015318034E+001   0.1005548060E+001   0.1025962013E+001
 0.5555556   0.1728216624E+001   0.1002966806E+001   0.1005845042E+001   0.1072579662E+001
 0.5656566   0.1733551246E+001   0.1010000361E+001   0.1008487014E+001   0.1010241914E+001
 0.5757576   0.1724803708E+001   0.1029136413E+001   0.9995554212E+000   0.1006785611E+001
 0.5858586   0.1734747423E+001   0.1017033916E+001   0.1003734314E+001   0.9489999607E+000
 0.5959596   0.1731317353E+001   0.1008304906E+001   0.1007215528E+001   0.1030074742E+001
 0.6060606   0.1743540964E+001   0.1038692123E+001   0.1004717487E+001   0.1019523783E+001
 0.6161616   0.1757381878E+001   0.1057211755E+001   0.1000294832E+001   0.9700686211E+000
 0.6262626   0.1759791720E+001   0.1033733728E+001   0.1002255376E+001   0.9685588404E+000
 0.6363636   0.1756708552E+001   0.1040422424E+001   0.1003579162E+001   0.1021955186E+001
 0.6464646   0.1759984608E+001   0.9788266982E+000   0.1008044464E+001   0.9864066355E+000
 0.6565657   0.1781875997E+001   0.1061115147E+001   0.1002309256E+001   0.9861729477E+000
 0.6666667   0.1782243618E+001   0.1045696239E+001   0.1003934440E+001   0.9698025496E+000
 0.6767677   0.1784231336E+001   0.1011883265E+001   0.1006168100E+001   0.1002030458E+001
 0.6868687   0.1792604979E+001   0.1028214187E+001   0.1005309464E+001   0.1001175353E+001
 0.6969697   0.1799479208E+001   0.1003532158E+001   0.1001401471E+001   0.1029744779E+001
 0.7070707   0.1807624133E+001   0.1019160745E+001   0.1002520388E+001   0.9833030517E+000
 0.7171717   0.1811898444E+001   0.1010852895E+001   0.1003136391E+001   0.9599894132E+000
 0.7272727   0.1822358802E+001   0.1010748957E+001   0.1004922333E+001   0.9549603120E+000
 0.7373737   0.1848489031E+001   0.1014881854E+001   0.1003533557E+001   0.9881492286E+000
 0.7474747   0.1848080382E+001   0.1063351922E+001   0.1005880418E+001   0.1016327424E+001
 0.7575758   0.1859890845E+001   0.1045765931E+001   0.1001181139E+001   0.1004491619E+001
 0.7676768   0.1875489138E+001   0.9976353148E+000   0.1005116406E+001   0.9503066868E+000
 0.7777778   0.1874646871E+001   0.1005008321E+001   0.1000384302E+001   0.9547415032E+000
 0.7878788   0.1895346529E+001   0.1010169186E+001   0.1001346766E+001   0.9933411235E+000
 0.7979798   0.1896672565E+001   0.1016419299E+001   0.1005280102E+001   0.9802493562E+000
 0.8080808   0.1926605022E+001   0.1028836614E+001   0.1003240955E+001   0.9698900731E+000
 0.8181818   0.1925943177E+001   0.1016898136E+001   0.1002048007E+001   0.9676022084E+000
 0.8282828   0.1937019011E+001   0.9801136099E+000   0.1000980766E+001   0.9233905804E+000
 0.8383838   0.1963227801E+001   0.1022109467E+001   0.1001964361E+001   0.9532658568E+000
 0.8484848   0.1974660763E+001   0.1027258916E+001   0.1003515425E+001   0.9611027123E+000
 0.8585859   0.1987600012E+001   0.9827937747E+000   0.1003627578E+001   0.9526129314E+000
 0.8686869   0.1999394139E+001   0.1020007872E+001   0.1004947729E+001   0.9494051946E+000
 0.8787879   0.2017068260E+001   0.1030231069E+001   0.1003925410E+001   0.9584953868E+000
 0.8888889   0.2033894037E+001   0.1031949355E+001   0.1003095197E+001   0.9697491602E+000
 0.8989899   0.2044787755E+001   0.1021791043E+001   0.1005860680E+001   0.9858088499E+000
 0.9090909   0.2056327081E+001   0.9812683458E+000   0.1000070969E+001   0.9178783495E+000
 0.9191919   0.2085363618E+001   0.1024709725E+001   0.1007932557E+001   0.9459226339E+000
 0.9292929   0.2101898168E+001   0.9608291604E+000   0.1004185159E+001   0.8880792186E+000
 0.9393939   0.2104716800E+001   0.9791793673E+000   0.9986194327E+000   0.9500835018E+000
 0.9494949   0.2122924496E+001   0.9919030906E+000   0.1007329262E+001   0.9598686307E+000
 0.9595960   0.2140217597E+001   0.1003896843E+001   0.9996725401E+000   0.9766871492E+000
 0.9696970   0.2160023020E+001   0.1020335908E+001   0.1004301774E+001   0.9885194531E+000
 0.9797980   0.2184188712E+001   0.1044728952E+001   0.1001306468E+001   0.9631166283E+000
 0.9898990   0.2207598205E+001   0.9826946428E+000   0.1005714808E+001   0.9438413248E+000
 1.0000000   0.2198555451E+001   0.1033277121E+001   0.9969512675E+000   0.9563090494E+000


 0.0000000   0.1228617784E-002   0.7555272867E+000   0.9992955569E+000   0.1074359394E+001
 0.0101010   0.1215200727E-002   0.6610167195E+000   0.9945083473E+000   0.9701125823E+000
 0.0202020   0.1167977705E-002   0.6773622150E+000   0.9960050330E+000   0.9818738355E+000
 0.0303030   0.1070588550E-002   0.6736977257E+000   0.9965764791E+000   0.9660731168E+000
 0.0404040   0.9487425202E-003   0.6893196897E+000   0.9979903327E+000   0.1033465350E+001
 0.0505051   0.7988796533E-003   0.7017812686E+000   0.9904056986E+000   0.1013266493E+001
 0.0606061   0.6615919458E-003   0.7512218801E+000   0.9983572003E+000   0.1043583133E+001
 0.0707071   0.5272958483E-003   0.6742249828E+000   0.9964331749E+000   0.9965962418E+000
 0.0808081   0.4181451007E-003   0.6889345079E+000   0.9894172537E+000   0.1011464717E+001
 0.0909091   0.3348584493E-003   0.7034482849E+000   0.9952240349E+000   0.1000454459E+001
 0.1010101   0.2773050565E-003   0.7346806365E+000   0.9952811878E+000   0.1008359025E+001
 0.1111111   0.2397809998E-003   0.7139697472E+000   0.9964550576E+000   0.1010732077E+001
 0.1212121   0.2161063195E-003   0.7345859197E+000   0.9904516240E+000   0.1008574687E+001
 0.1313131   0.2092415594E-003   0.7738676240E+000   0.9913475450E+000   0.1035042286E+001
 0.1414141   0.2089865878E-003   0.7756467220E+000   0.9921966844E+000   0.9739256787E+000
 0.1515152   0.2198502965E-003   0.8121511181E+000   0.9986715868E+000   0.1014168146E+001
 0.1616162   0.2378574715E-003   0.8423736829E+000   0.9911468123E+000   0.1008100535E+001
 0.1717172   0.2675386694E-003   0.9277130290E+000   0.9988126844E+000   0.1013123483E+001
 0.1818182   0.3035765563E-003   0.9663685498E+000   0.9983204477E+000   0.1037042900E+001
 0.1919192   0.3528211982E-003   0.1047279357E+001   0.9941958158E+000   0.9893218390E+000
 0.2020202   0.4151136565E-003   0.1073469616E+001   0.9902193954E+000   0.1031847117E+001
 0.2121212   0.5049389505E-003   0.1214722417E+001   0.9908123767E+000   0.9855699235E+000
 0.2222222   0.6183730212E-003   0.1265479593E+001   0.1006602273E+001   0.1092835245E+001
 0.2323232   0.7564014403E-003   0.1316810858E+001   0.9897398737E+000   0.9918371366E+000
 0.2424242   0.9536034045E-003   0.1262457599E+001   0.9976670742E+000   0.1028700892E+001
 0.2525253   0.1192976826E-002   0.1254266171E+001   0.9989699863E+000   0.1018043953E+001
 0.2626263   0.1516516775E-002   0.1281158913E+001   0.9979658522E+000   0.9849604093E+000
 0.2727273   0.1957813468E-002   0.1220989515E+001   0.9972529641E+000   0.1053069988E+001
 0.2828283   0.2522174223E-002   0.1287824874E+001   0.9996775231E+000   0.9998411210E+000
 0.2929293   0.3272601409E-002   0.1261825101E+001   0.9951974882E+000   0.1007093346E+001
 0.3030303   0.4269346193E-002   0.1176904614E+001   0.9947406753E+000   0.1061139742E+001
 0.3131313   0.5639734220E-002   0.1143659004E+001   0.9929388047E+000   0.1023825543E+001
 0.3232323   0.7454559996E-002   0.1167679720E+001   0.1000872997E+001   0.1019584945E+001
 0.3333333   0.9842245955E-002   0.1123085454E+001   0.9968496256E+000   0.1063804933E+001
 0.3434343   0.1325131380E-001   0.1105404451E+001   0.9947612347E+000   0.9760616550E+000
 0.3535354   0.1766523671E-001   0.1055610756E+001   0.1006356556E+001   0.1018385801E+001
 0.3636364   0.2402368963E-001   0.1064326810E+001   0.1000776448E+001   0.1081851753E+001
 0.3737374   0.3199617456E-001   0.9838164440E+000   0.9939924560E+000   0.1001561068E+001
 0.3838384   0.4375990015E-001   0.1024823047E+001   0.1004146212E+001   0.1007060461E+001
 0.3939394   0.5904335524E-001   0.1015600784E+001   0.9932871361E+000   0.1062905574E+001
 0.4040404   0.8040890408E-001   0.1067531396E+001   0.9989859044E+000   0.9968103747E+000
 0.4141414   0.1099841894E+000   0.1015793375E+001   0.1002307897E+001   0.1044851871E+001
 0.4242424   0.1505699109E+000   0.1022190972E+001   0.1002444390E+001   0.1051135144E+001
 0.4343434   0.2069401016E+000   0.1064607803E+001   0.1002665308E+001   0.1015046856E+001
 0.4444444   0.2840808275E+000   0.9877150944E+000   0.1002931676E+001   0.9980148727E+000
 0.4545455   0.3920128288E+000   0.1044626234E+001   0.1005916688E+001   0.1018338386E+001
 0.4646465   0.5441050292E+000   0.1052938689E+001   0.9993002076E+000   0.9870482057E+000
 0.4747475   0.7530928664E+000   0.1008700136E+001   0.9984713974E+000   0.1050656404E+001
 0.4848485   0.1051724302E+001   0.1078393839E+001   0.1000787837E+001   0.1022689109E+001
 0.4949495   0.1463187707E+001   0.1008035014E+001   0.1001692868E+001   0.1008138009E+001
 0.5050505   0.1719625465E+001   0.1069036342E+001   0.9988831719E+000   0.1090827748E+001
 0.5151515   0.1722600979E+001   0.1029458910E+001   0.1003781900E+001   0.1043531129E+001
 0.5252525   0.1723178755E+001   0.1036260632E+001   0.1001721547E+001   0.1085838450E+001
 0.5353535   0.1727619617E+001   0.1028031317E+001   0.9999629737E+000   0.9946721041E+000
 0.5454545   0.1726153116E+001   0.1017574052E+001   0.1004605198E+001   0.1024987214E+001
 0.5555556   0.1727331273E+001   0.1004834111E+001   0.1004759710E+001   0.1071408947E+001
 0.5656566   0.1730104720E+001   0.1010386622E+001   0.1007803294E+001   0.1009544403E+001
 0.5757576   0.1724597258E+001   0.1031457436E+001   0.9997929436E+000   0.1007012281E+001
 0.5858586   0.1731002415E+001   0.1017248857E+001   0.1003288077E+001   0.9485662173E+000
 0.5959596   0.1731882164E+001   0.1011029644E+001   0.1005678329E+001   0.1028489818E+001
 0.6060606   0.1739621899E+001   0.1038819039E+001   0.1003607051E+001   0.1018384271E+001
 0.6161616   0.1756968429E+001   0.1059473624E+001   0.1001027691E+001   0.9707672174E+000
 0.6262626   0.1761078473E+001   0.1036946803E+001   0.1002695761E+001   0.9689723243E+000
 0.6363636   0.1758671375E+001   0.1044058985E+001   0.1005390135E+001   0.1023786540E+001
 0.6464646   0.1759384372E+001   0.9808170774E+000   0.1007928027E+001   0.9862803861E+000
 0.6565657   0.1782710432E+001   0.1064133693E+001   0.1002256854E+001   0.9861090797E+000
 0.6666667   0.1781605939E+001   0.1047805036E+001   0.1001675940E+001   0.9676087561E+000
 0.6767677   0.1784872007E+001   0.1014650985E+001   0.1004269459E+001   0.1000127141E+001
 0.6868687   0.1792821989E+001   0.1030781263E+001   0.1004844638E+001   0.1000699947E+001
 0.6969697   0.1798753714E+001   0.1005510284E+001   0.1000760251E+001   0.1029072565E+001
 0.7070707   0.1807276047E+001   0.1021384826E+001   0.1000674961E+001   0.9814807486E+000
 0.7171717   0.1813874363E+001   0.1014358941E+001   0.1003655604E+001   0.9604743045E+000
 0.7272727   0.1827444180E+001   0.1015977021E+001   0.1005243985E+001   0.9552540487E+000
 0.7373737   0.1848638263E+001   0.1017374620E+001   0.1002580134E+001   0.9871980988E+000
 0.7474747   0.1849744264E+001   0.1066837332E+001   0.1005209886E+001   0.1015637251E+001
 0.7575758   0.1859350761E+001   0.1047945533E+001   0.1002091578E+001   0.1005392518E+001
 0.7676768   0.1877795759E+001   0.1001234871E+001   0.1003839733E+001   0.9490877840E+000
 0.7777778   0.1879007588E+001   0.1009738864E+001   0.1000387336E+001   0.9547324820E+000
 0.7878788   0.1897380778E+001   0.1013655406E+001   0.1000018911E+001   0.9920115020E+000
 0.7979798   0.1896452524E+001   0.1018715390E+001   0.1003010472E+001   0.9780240307E+000
 0.8080808   0.1926416711E+001   0.1031179600E+001   0.1003686946E+001   0.9703091258E+000
 0.8181818   0.1927406925E+001   0.1020088258E+001   0.1001458251E+001   0.9670206552E+000
 0.8282828   0.1935675089E+001   0.9817600362E+000   0.9995396623E+000   0.9220496731E+000
 0.8383838   0.1963559625E+001   0.1024710439E+001   0.9996592048E+000   0.9510608663E+000
 0.8484848   0.1977323614E+001   0.1031087514E+001   0.1002942074E+001   0.9605416035E+000
 0.8585859   0.1986241227E+001   0.9844547303E+000   0.1002054859E+001   0.9511082815E+000
 0.8686869   0.2002870592E+001   0.1024208440E+001   0.1003328262E+001   0.9478634023E+000
 0.8787879   0.2014675657E+001   0.1031453226E+001   0.1003439412E+001   0.9580194230E+000
 0.8888889   0.2033686003E+001   0.1034294731E+001   0.1002173633E+001   0.9688461388E+000
 0.8989899   0.2043784133E+001   0.1023715386E+001   0.1004308354E+001   0.9842751838E+000
 0.9090909   0.2059973840E+001   0.9853434900E+000   0.1001172028E+001   0.9188774462E+000
 0.9191919   0.2084636955E+001   0.1026785791E+001   0.1006042944E+001   0.9441374887E+000
 0.9292929   0.2105529239E+001   0.9647752021E+000   0.1005093341E+001   0.8888712994E+000
 0.9393939   0.2106114060E+001   0.9821567945E+000   0.9979558696E+000   0.9494403386E+000
 0.9494949   0.2120001793E+001   0.9928903172E+000   0.1005464574E+001   0.9580798391E+000
 0.9595960   0.2142773306E+001   0.1007483025E+001   0.1002353557E+001   0.9792942980E+000
 0.9696970   0.2161092740E+001   0.1023266008E+001   0.1003612075E+001   0.9878282615E+000
 0.9797980   0.2183643118E+001   0.1046948901E+001   0.1000692353E+001   0.9625139210E+000
 0.9898990   0.2209134821E+001   0.9857144642E+000   0.1006662272E+001   0.9447187067E+000
 1.0000000   0.2200243934E+001   0.1036526891E+001   0.9974910934E+000   0.9568149251E+000


 0.0000000   0.1208323985E-002   0.7445374415E+000   0.9971773817E+000   0.1072054349E+001
 0.0101010   0.1195971142E-002   0.6518608733E+000   0.9938836699E+000   0.9694781253E+000
 0.0202020   0.1148420906E-002   0.6673555765E+000   0.9955793370E+000   0.9814287665E+000
 0.0303030   0.1055555476E-002   0.6655693899E+000   0.9995790052E+000   0.9689586514E+000
 0.0404040   0.9354770141E-003   0.6810440915E+000   0.9991610160E+000   0.1034650856E+001
 0.0505051   0.7863960058E-003   0.6921998499E+000   0.9924010441E+000   0.1015281607E+001
 0.0606061   0.6514454348E-003   0.7411836902E+000   0.9984737280E+000   0.1043677915E+001
 0.0707071   0.5187963393E-003   0.6646869952E+000   0.9994329294E+000   0.9995706048E+000
 0.0808081   0.4107274733E-003   0.6780699049E+000   0.9891730268E+000   0.1011188865E+001
 0.0909091   0.3298631641E-003   0.6943437389E+000   0.9956372523E+000   0.1000843933E+001
 0.1010101   0.2730095344E-003   0.7247503088E+000   0.9946462114E+000   0.1007689612E+001
 0.1111111   0.2364086501E-003   0.7053394847E+000   0.9977183496E+000   0.1011987265E+001
 0.1212121   0.2127599924E-003   0.7246609995E+000   0.9909561450E+000   0.1009062311E+001
 0.1313131   0.2062637308E-003   0.7643836486E+000   0.9931427827E+000   0.1036889803E+001
 0.1414141   0.2064588046E-003   0.7678011258E+000   0.9935679892E+000   0.9752464787E+000
 0.1515152   0.2168668326E-003   0.8027359578E+000   0.9974669781E+000   0.1012918617E+001
 0.1616162   0.2353635365E-003   0.8352124574E+000   0.9925864031E+000   0.1009538610E+001
 0.1717172   0.2654558449E-003   0.9223360321E+000   0.9988764288E+000   0.1013161906E+001
 0.1818182   0.3005913185E-003   0.9587840059E+000   0.1000038294E+001   0.1038800480E+001
 0.1919192   0.3503190972E-003   0.1041937037E+001   0.9939926828E+000   0.9890940907E+000
 0.2020202   0.4128080790E-003   0.1069647581E+001   0.9907752192E+000   0.1032399574E+001
 0.2121212   0.5033456434E-003   0.1213316985E+001   0.9921480367E+000   0.9868729628E+000
 0.2222222   0.6158065594E-003   0.1262753884E+001   0.1006318496E+001   0.1092498868E+001
 0.2323232   0.7549668906E-003   0.1316948365E+001   0.9914673173E+000   0.9935425144E+000
 0.2424242   0.9498853908E-003   0.1260056463E+001   0.9986533480E+000   0.1029691182E+001
 0.2525253   0.1192424622E-002   0.1256198951E+001   0.9999664520E+000   0.1019033058E+001
 0.2626263   0.1517567751E-002   0.1284616993E+001   0.9977318097E+000   0.9847039193E+000
 0.2727273   0.1960506564E-002   0.1225120235E+001   0.9983674304E+000   0.1054219534E+001
 0.2828283   0.2521686157E-002   0.1290156962E+001   0.9989991804E+000   0.9991367961E+000
 0.2929293   0.3272511541E-002   0.1264320053E+001   0.9966624372E+000   0.1008549691E+001
 0.3030303   0.4278830718E-002   0.1181883822E+001   0.9967273682E+000   0.1063231516E+001
 0.3131313   0.5646049808E-002   0.1147235060E+001   0.9953419908E+000   0.1026276909E+001
 0.3232323   0.7457274140E-002   0.1170446647E+001   0.1001653552E+001   0.1020353673E+001
 0.3333333   0.9866294054E-002   0.1128086582E+001   0.9982332435E+000   0.1065253900E+001
 0.3434343   0.1327633145E-001   0.1109711653E+001   0.9968946383E+000   0.9781296275E+000
 0.3535354   0.1769492206E-001   0.1059504460E+001   0.1004947843E+001   0.1016933917E+001
 0.3636364   0.2406410017E-001   0.1068254449E+001   0.1003212076E+001   0.1084456617E+001
 0.3737374   0.3200787986E-001   0.9861494071E+000   0.9941655027E+000   0.1001709494E+001
 0.3838384   0.4370551352E-001   0.1025601337E+001   0.1004296609E+001   0.1007185215E+001
 0.3939394   0.5912049676E-001   0.1018966399E+001   0.9931428828E+000   0.1062723692E+001
 0.4040404   0.8057200298E-001   0.1071841242E+001   0.9990067171E+000   0.9968053314E+000
 0.4141414   0.1103114774E+000   0.1020858640E+001   0.1002565925E+001   0.1045093790E+001
 0.4242424   0.1505101565E+000   0.1023833757E+001   0.1004231549E+001   0.1052981843E+001
 0.4343434   0.2073461913E+000   0.1068835425E+001   0.1002938735E+001   0.1015297369E+001
 0.4444444   0.2842417235E+000   0.9902557756E+000   0.1002882628E+001   0.9979402243E+000
 0.4545455   0.3922945948E+000   0.1047472820E+001   0.1005956710E+001   0.1018352534E+001
 0.4646465   0.5456274003E+000   0.1058001552E+001   0.1000523864E+001   0.9882312706E+000
 0.4747475   0.7542089855E+000   0.1012220288E+001   0.9991135164E+000   0.1051304861E+001
 0.4848485   0.1052275844E+001   0.1081122434E+001   0.1002292701E+001   0.1024200384E+001
 0.4949495   0.1464606174E+001   0.1011035079E+001   0.1003622569E+001   0.1010053972E+001
 0.5050505   0.1724776898E+001   0.1074388418E+001   0.9991735244E+000   0.1091116574E+001
 0.5151515   0.1724117251E+001   0.1032430710E+001   0.1004901023E+001   0.1044667519E+001
 0.5252525   0.1724382306E+001   0.1039063323E+001   0.1002706398E+001   0.1086877859E+001
 0.5353535   0.1726227254E+001   0.1029262089E+001   0.9997420293E+000   0.9944265795E+000
 0.5454545   0.1729841390E+001   0.1021792667E+001   0.1002988797E+001   0.1023311522E+001
 0.5555556   0.1728809406E+001   0.1007710167E+001   0.1004296466E+001   0.1070887246E+001
 0.5656566   0.1729161484E+001   0.1011860260E+001   0.1009643466E+001   0.1011361566E+001
 0.5757576   0.1726131668E+001   0.1034444821E+001   0.1000642379E+001   0.1007841753E+001
 0.5858586   0.1733565120E+001   0.1020797240E+001   0.1006206311E+001   0.9513006503E+000
 0.5959596   0.1733421068E+001   0.1013956704E+001   0.1005425587E+001   0.1028204720E+001
 0.6060606   0.1742336510E+001   0.1042525920E+001   0.1003459927E+001   0.1018208616E+001
 0.6161616   0.1759453502E+001   0.1063099161E+001   0.1000999900E+001   0.9707151311E+000
 0.6262626   0.1760766267E+001   0.1038841445E+001   0.1001767187E+001   0.9680499147E+000
 0.6363636   0.1757959286E+001   0.1045728497E+001   0.1003738903E+001   0.1022078628E+001
 0.6464646   0.1763071956E+001   0.9848432582E+000   0.1007563081E+001   0.9858977499E+000
 0.6565657   0.1781916868E+001   0.1065792395E+001   0.9999678748E+000   0.9838315047E+000
 0.6666667   0.1781362695E+001   0.1049762301E+001   0.1002827608E+001   0.9686961731E+000
 0.6767677   0.1784382321E+001   0.1016406198E+001   0.1004555539E+001   0.1000386138E+001
 0.6868687   0.1791125973E+001   0.1031870666E+001   0.1003342969E+001   0.9991786007E+000
 0.6969697   0.1800058932E+001   0.1008257187E+001   0.1001346455E+001   0.1029648693E+001
 0.7070707   0.1808662344E+001   0.1024217508E+001   0.1000312475E+001   0.9810998121E+000
 0.7171717   0.1818397234E+001   0.1018926861E+001   0.1002799360E+001   0.9596300512E+000
 0.7272727   0.1829516546E+001   0.1019168275E+001   0.1004819496E+001   0.9548259455E+000
 0.7373737   0.1847579009E+001   0.1018830109E+001   0.1002189577E+001   0.9867879829E+000
 0.7474747   0.1850001489E+001   0.1069124750E+001   0.1004484392E+001   0.1014877952E+001
 0.7575758   0.1860769255E+001   0.1050847503E+001   0.1003015683E+001   0.1006293611E+001
 0.7676768   0.1876725354E+001   0.1002670237E+001   0.1001132178E+001   0.9465033978E+000
 0.7777778   0.1876297429E+001   0.1010303859E+001   0.9994368797E+000   0.9538007041E+000
 0.7878788   0.1895818392E+001   0.1014851192E+001   0.9978727085E+000   0.9898568538E+000
 0.7979798   0.1898711583E+001   0.1021973611E+001   0.1001385511E+001   0.9764142670E+000
 0.8080808   0.1924592351E+001   0.1032268372E+001   0.1003274422E+001   0.9698852064E+000
 0.8181818   0.1927470684E+001   0.1022167115E+001   0.1001193090E+001   0.9667395794E+000
 0.8282828   0.1936681984E+001   0.9842399551E+000   0.9979601378E+000   0.9205687655E+000
 0.8383838   0.1960514581E+001   0.1025172467E+001   0.9989999447E+000   0.9504090466E+000
 0.8484848   0.1974664229E+001   0.1031765076E+001   0.1002899985E+001   0.9604764236E+000
 0.8585859   0.1985759194E+001   0.9861889451E+000   0.1001621364E+001   0.9506722102E+000
 0.8686869   0.1999633590E+001   0.1024603120E+001   0.9994539166E+000   0.9441787863E+000
 0.8787879   0.2014279362E+001   0.1033317756E+001   0.1003407378E+001   0.9579640340E+000
 0.8888889   0.2032971242E+001   0.1036004013E+001   0.1001159729E+001   0.9678408915E+000
 0.8989899   0.2042228370E+001   0.1024986871E+001   0.1003799122E+001   0.9837506367E+000
 0.9090909   0.2057468792E+001   0.9861182419E+000   0.9988390084E+000   0.9167124599E+000
 0.9191919   0.2082955798E+001   0.1028014550E+001   0.1004367641E+001   0.9425408672E+000
 0.9292929   0.2104528106E+001   0.9662497075E+000   0.1003479532E+001   0.8874211215E+000
 0.9393939   0.2107215469E+001   0.9846404516E+000   0.9977479595E+000   0.9492179574E+000
 0.9494949   0.2118472274E+001   0.9941630587E+000   0.1003123622E+001   0.9558244594E+000
 0.9595960   0.2140233037E+001   0.1008306028E+001   0.9999759351E+000   0.9769460767E+000
 0.9696970   0.2160201902E+001   0.1024894770E+001   0.1003457067E+001   0.9876501177E+000
 0.9797980   0.2181449158E+001   0.1047993791E+001   0.9982735582E+000   0.9601625463E+000
 0.9898990   0.2203105440E+001   0.9849948980E+000   0.1002056318E+001   0.9403718238E+000
 1.0000000   0.2196669417E+001   0.1036917573E+001   0.9958355797E+000   0.9552021872E+000


 0.0000000   0.1196025110E-002   0.7384075485E+000   0.9959482639E+000   0.1070743760E+001
 0.0101010   0.1185807291E-002   0.6475913123E+000   0.9938346038E+000   0.9694400626E+000
 0.0202020   0.1138727946E-002   0.6630234162E+000   0.9965503784E+000   0.9823959357E+000
 0.0303030   0.1047816686E-002   0.6619882343E+000   0.9991413857E+000   0.9685442272E+000
 0.0404040   0.9266632721E-003   0.6759533780E+000   0.9986894525E+000   0.1034172996E+001
 0.0505051   0.7802460435E-003   0.6881362882E+000   0.9934732186E+000   0.1016388774E+001
 0.0606061   0.6458239852E-003   0.7362319543E+000   0.9982670950E+000   0.1043472474E+001
 0.0707071   0.5143879983E-003   0.6603341980E+000   0.9986259067E+000   0.9987735660E+000
 0.0808081   0.4073465217E-003   0.6738099374E+000   0.9884709119E+000   0.1010481337E+001
 0.0909091   0.3269306812E-003   0.6895234906E+000   0.9953708854E+000   0.1000586286E+001
 0.1010101   0.2712675026E-003   0.7215410557E+000   0.9939959547E+000   0.1007041007E+001
 0.1111111   0.2346331109E-003   0.7014178527E+000   0.9978270091E+000   0.1012107708E+001
 0.1212121   0.2121056025E-003   0.7238519460E+000   0.9931416079E+000   0.1011297928E+001
 0.1313131   0.2055831532E-003   0.7633588169E+000   0.9939573749E+000   0.1037750766E+001
 0.1414141   0.2055717163E-003   0.7660046067E+000   0.9928648927E+000   0.9745661977E+000
 0.1515152   0.2163605808E-003   0.8024359974E+000   0.9970204965E+000   0.1012475453E+001
 0.1616162   0.2348734187E-003   0.8351112518E+000   0.9924142996E+000   0.1009373770E+001
 0.1717172   0.2646182213E-003   0.9212326307E+000   0.9986717516E+000   0.1012964541E+001
 0.1818182   0.3001240109E-003   0.9591748276E+000   0.9998699195E+000   0.1038636077E+001
 0.1919192   0.3495796087E-003   0.1041781014E+001   0.9939146913E+000   0.9890264801E+000
 0.2020202   0.4120628081E-003   0.1069814862E+001   0.9907791807E+000   0.1032414137E+001
 0.2121212   0.5026871269E-003   0.1214111046E+001   0.9928266790E+000   0.9875579786E+000
 0.2222222   0.6132942107E-003   0.1260073711E+001   0.1004809703E+001   0.1090871889E+001
 0.2323232   0.7523298314E-003   0.1314927500E+001   0.9927407531E+000   0.9948286707E+000
 0.2424242   0.9443009558E-003   0.1255110350E+001   0.9983113708E+000   0.1029348981E+001
 0.2525253   0.1188233950E-002   0.1254244288E+001   0.9985261569E+000   0.1017575586E+001
 0.2626263   0.1513219972E-002   0.1283454042E+001   0.9986099734E+000   0.9855805781E+000
 0.2727273   0.1952883508E-002   0.1222754962E+001   0.1000310157E+001   0.1056281620E+001
 0.2828283   0.2509523751E-002   0.1286457698E+001   0.9976534468E+000   0.9978009623E+000
 0.2929293   0.3260298916E-002   0.1262077262E+001   0.9972464747E+000   0.1009150894E+001
 0.3030303   0.4258621035E-002   0.1178613366E+001   0.9963790362E+000   0.1062870685E+001
 0.3131313   0.5612949234E-002   0.1142750719E+001   0.9940140862E+000   0.1024918093E+001
 0.3232323   0.7425738643E-002   0.1167787592E+001   0.1001258536E+001   0.1019961591E+001
 0.3333333   0.9832591079E-002   0.1126442532E+001   0.9972296648E+000   0.1064193699E+001
 0.3434343   0.1319717553E-001   0.1105263268E+001   0.9950226749E+000   0.9763027689E+000
 0.3535354   0.1761096134E-001   0.1056549583E+001   0.1002664534E+001   0.1014633630E+001
 0.3636364   0.2393591508E-001   0.1064652314E+001   0.1002690666E+001   0.1083903936E+001
 0.3737374   0.3188621059E-001   0.9843315455E+000   0.9941288717E+000   0.1001682710E+001
 0.3838384   0.4359078950E-001   0.1024919532E+001   0.1003249408E+001   0.1006145171E+001
 0.3939394   0.5894174417E-001   0.1017882049E+001   0.9925574286E+000   0.1062107956E+001
 0.4040404   0.8045930783E-001   0.1072445618E+001   0.9991754329E+000   0.9969837524E+000
 0.4141414   0.1099721101E+000   0.1019718150E+001   0.1002034446E+001   0.1044550324E+001
 0.4242424   0.1501261727E+000   0.1023228749E+001   0.1004119828E+001   0.1052875341E+001
 0.4343434   0.2068746922E+000   0.1068500736E+001   0.1002666787E+001   0.1015032329E+001
 0.4444444   0.2837093145E+000   0.9903434516E+000   0.1002810933E+001   0.9978789687E+000
 0.4545455   0.3919461731E+000   0.1048599268E+001   0.1006126972E+001   0.1018535188E+001
 0.4646465   0.5447965897E+000   0.1058466695E+001   0.1001600901E+001   0.9893050744E+000
 0.4747475   0.7530232450E+000   0.1012615106E+001   0.9981436421E+000   0.1050294938E+001
 0.4848485   0.1051440225E+001   0.1082386957E+001   0.1001413951E+001   0.1023312771E+001
 0.4949495   0.1464515868E+001   0.1012959610E+001   0.1001824984E+001   0.1008255059E+001
 0.5050505   0.1723743195E+001   0.1075854745E+001   0.9991950436E+000   0.1091151102E+001
 0.5151515   0.1724084247E+001   0.1034439949E+001   0.1005158079E+001   0.1044945309E+001
 0.5252525   0.1721630226E+001   0.1039443816E+001   0.1002868958E+001   0.1087065052E+001
 0.5353535   0.1725362304E+001   0.1030768164E+001   0.1001545278E+001   0.9962303096E+000
 0.5454545   0.1724742398E+001   0.1020782980E+001   0.1001351847E+001   0.1021651730E+001
 0.5555556   0.1726554615E+001   0.1008373741E+001   0.1005446481E+001   0.1072124350E+001
 0.5656566   0.1728797860E+001   0.1013635673E+001   0.1010075906E+001   0.1011804969E+001
 0.5757576   0.1724840120E+001   0.1035702295E+001   0.1000352339E+001   0.1007559811E+001
 0.5858586   0.1731206541E+001   0.1021411856E+001   0.1006016537E+001   0.9511308452E+000
 0.5959596   0.1734045994E+001   0.1016315704E+001   0.1005237608E+001   0.1028022872E+001
 0.6060606   0.1742933135E+001   0.1044932494E+001   0.1002537341E+001   0.1017282752E+001
 0.6161616   0.1757405655E+001   0.1063948691E+001   0.1001823186E+001   0.9715233289E+000
 0.6262626   0.1758057511E+001   0.1039281795E+001   0.1000640041E+001   0.9669704789E+000
 0.6363636   0.1758145751E+001   0.1047894810E+001   0.1002865696E+001   0.1021199788E+001
 0.6464646   0.1762997720E+001   0.9867372266E+000   0.1007522330E+001   0.9858678398E+000
 0.6565657   0.1779597765E+001   0.1066497185E+001   0.1001339086E+001   0.9851905461E+000
 0.6666667   0.1783123095E+001   0.1052864853E+001   0.1000891916E+001   0.9668361345E+000
 0.6767677   0.1784101851E+001   0.1018243673E+001   0.1005188997E+001   0.1001027084E+001
 0.6868687   0.1793309517E+001   0.1035159023E+001   0.1003053552E+001   0.9989004812E+000
 0.6969697   0.1798441249E+001   0.1009330836E+001   0.1001843215E+001   0.1030169905E+001
 0.7070707   0.1805984770E+001   0.1024711160E+001   0.1000132294E+001   0.9809330061E+000
 0.7171717   0.1820384153E+001   0.1022044908E+001   0.1002264321E+001   0.9591277398E+000
 0.7272727   0.1829108206E+001   0.1020943331E+001   0.1004953637E+001   0.9549630646E+000
 0.7373737   0.1845635627E+001   0.1019758655E+001   0.1002123323E+001   0.9867327203E+000
 0.7474747   0.1847304284E+001   0.1069664115E+001   0.1003107409E+001   0.1013496965E+001
 0.7575758   0.1862453548E+001   0.1053865793E+001   0.1002545967E+001   0.1005832526E+001
 0.7676768   0.1876921521E+001   0.1004745802E+001   0.1001802090E+001   0.9471463276E+000
 0.7777778   0.1875692127E+001   0.1011962845E+001   0.9998662847E+000   0.9542201465E+000
 0.7878788   0.1897297489E+001   0.1017639017E+001   0.9990045717E+000   0.9909896412E+000
 0.7979798   0.1898946126E+001   0.1024108591E+001   0.1002999466E+001   0.9779978604E+000
 0.8080808   0.1923593179E+001   0.1033760128E+001   0.1002603371E+001   0.9692462848E+000
 0.8181818   0.1929994606E+001   0.1025517090E+001   0.1001048302E+001   0.9666095445E+000
 0.8282828   0.1939228346E+001   0.9874709155E+000   0.9987792162E+000   0.9213336371E+000
 0.8383838   0.1961797282E+001   0.1027859299E+001   0.9991010508E+000   0.9505148423E+000
 0.8484848   0.1971235020E+001   0.1031997521E+001   0.1002334259E+001   0.9599443307E+000
 0.8585859   0.1984141751E+001   0.9873222569E+000   0.1002056618E+001   0.9510949375E+000
 0.8686869   0.2000804440E+001   0.1027217895E+001   0.1000749458E+001   0.9454122329E+000
 0.8787879   0.2014242926E+001   0.1035329813E+001   0.1004718590E+001   0.9592255574E+000
 0.8888889   0.2035356494E+001   0.1039257993E+001   0.1002164693E+001   0.9688222024E+000
 0.8989899   0.2043556745E+001   0.1027669300E+001   0.1003894988E+001   0.9838545317E+000
 0.9090909   0.2061116735E+001   0.9898081134E+000   0.9997330638E+000   0.9175422782E+000
 0.9191919   0.2082027721E+001   0.1029575972E+001   0.1004633891E+001   0.9428002566E+000
 0.9292929   0.2103211798E+001   0.9675431402E+000   0.1003607482E+001   0.8875432440E+000
 0.9393939   0.2112661555E+001   0.9891253693E+000   0.9992526742E+000   0.9506590922E+000
 0.9494949   0.2120836403E+001   0.9972285184E+000   0.1004775247E+001   0.9574078843E+000
 0.9595960   0.2145015865E+001   0.1012545370E+001   0.1000828209E+001   0.9777886051E+000
 0.9696970   0.2164067588E+001   0.1028746657E+001   0.1004900024E+001   0.9890803416E+000
 0.9797980   0.2184865994E+001   0.1051698133E+001   0.9997378009E+000   0.9615806079E+000
 0.9898990   0.2204453010E+001   0.9875343878E+000   0.1001272709E+001   0.9396459500E+000
 1.0000000   0.2197474222E+001   0.1039336080E+001   0.9970787781E+000   0.9564043258E+000


