# Evolution of the weightfunction during equilibration phase for fractional: N2
# Weightfunction after cycle        480
 0.0000000    0.3900000000E+001    0.2200000000E+001
 0.0101010    0.3700000000E+001    0.1900000000E+001
 0.0202020    0.4200000000E+001    0.2300000000E+001
 0.0303030    0.3400000000E+001    0.1700000000E+001
 0.0404040    0.3900000000E+001    0.1900000000E+001
 0.0505051    0.4000000000E+001    0.2200000000E+001
 0.0606061    0.4700000000E+001    0.1900000000E+001
 0.0707071    0.4500000000E+001    0.1600000000E+001
 0.0808081    0.4100000000E+001    0.1300000000E+001
 0.0909091    0.3800000000E+001    0.1800000000E+001
 0.1010101    0.4300000000E+001    0.1400000000E+001
 0.1111111    0.4200000000E+001    0.1900000000E+001
 0.1212121    0.4200000000E+001    0.2800000000E+001
 0.1313131    0.5200000000E+001    0.2700000000E+001
 0.1414141    0.4300000000E+001    0.1100000000E+001
 0.1515152    0.5200000000E+001    0.2600000000E+001
 0.1616162    0.4400000000E+001    0.1800000000E+001
 0.1717172    0.4800000000E+001    0.2000000000E+001
 0.1818182    0.3300000000E+001    0.1900000000E+001
 0.1919192    0.5000000000E+001    0.2600000000E+001
 0.2020202    0.3600000000E+001    0.1800000000E+001
 0.2121212    0.4200000000E+001    0.2500000000E+001
 0.2222222    0.3500000000E+001    0.1500000000E+001
 0.2323232    0.3400000000E+001    0.2000000000E+001
 0.2424242    0.4100000000E+001    0.2900000000E+001
 0.2525253    0.4100000000E+001    0.1900000000E+001
 0.2626263    0.3800000000E+001    0.1000000000E+001
 0.2727273    0.3100000000E+001    0.2000000000E+001
 0.2828283    0.3700000000E+001    0.2800000000E+001
 0.2929293    0.3100000000E+001    0.1900000000E+001
 0.3030303    0.3000000000E+001    0.1400000000E+001
 0.3131313    0.2200000000E+001    0.2600000000E+001
 0.3232323    0.2300000000E+001    0.2100000000E+001
 0.3333333    0.3100000000E+001    0.2200000000E+001
 0.3434343    0.2900000000E+001    0.1900000000E+001
 0.3535354    0.2800000000E+001    0.3000000000E+001
 0.3636364    0.1700000000E+001    0.2400000000E+001
 0.3737374    0.1600000000E+001    0.2800000000E+001
 0.3838384    0.2400000000E+001    0.3000000000E+001
 0.3939394    0.3000000000E+001    0.1700000000E+001
 0.4040404    0.1300000000E+001    0.2800000000E+001
 0.4141414    0.6000000000E+000    0.2800000000E+001
 0.4242424    0.1900000000E+001    0.2300000000E+001
 0.4343434    0.3200000000E+001    0.2000000000E+001
 0.4444444    0.2200000000E+001    0.2400000000E+001
 0.4545455    0.2600000000E+001    0.2900000000E+001
 0.4646465    0.1300000000E+001    0.1800000000E+001
 0.4747475    0.1500000000E+001    0.2700000000E+001
 0.4848485    0.8000000000E+000    0.2200000000E+001
 0.4949495    0.1400000000E+001    0.2100000000E+001
 0.5050505    0.1000000000E+001    0.3300000000E+001
 0.5151515    0.2100000000E+001    0.1500000000E+001
 0.5252525    0.2200000000E+001    0.2100000000E+001
 0.5353535    0.3000000000E+000    0.2600000000E+001
 0.5454545    0.1100000000E+001    0.2700000000E+001
 0.5555556    0.1000000000E+001    0.3400000000E+001
 0.5656566    0.1200000000E+001    0.2100000000E+001
 0.5757576    0.2500000000E+001    0.3100000000E+001
 0.5858586    0.1200000000E+001    0.2900000000E+001
 0.5959596    0.7000000000E+000    0.1500000000E+001
 0.6060606    0.1600000000E+001    0.2900000000E+001
 0.6161616    0.1100000000E+001    0.2300000000E+001
 0.6262626    0.1500000000E+001    0.1800000000E+001
 0.6363636    0.1500000000E+001    0.2200000000E+001
 0.6464646    0.1600000000E+001    0.1100000000E+001
 0.6565657    0.7000000000E+000    0.2200000000E+001
 0.6666667    0.1500000000E+001    0.2500000000E+001
 0.6767677    0.1000000000E+001    0.2300000000E+001
 0.6868687    0.9000000000E+000    0.2600000000E+001
 0.6969697    0.6000000000E+000    0.1500000000E+001
 0.7070707    0.9000000000E+000    0.2000000000E+001
 0.7171717    0.1200000000E+001    0.2600000000E+001
 0.7272727    0.9000000000E+000    0.1900000000E+001
 0.7373737    0.8000000000E+000    0.2000000000E+001
 0.7474747    0.1100000000E+001    0.2800000000E+001
 0.7575758    0.1000000000E+001    0.2300000000E+001
 0.7676768    0.1000000000E+001    0.2400000000E+001
 0.7777778    0.3000000000E+000    0.1900000000E+001
 0.7878788    0.7000000000E+000    0.1900000000E+001
 0.7979798    0.1400000000E+001    0.2600000000E+001
 0.8080808    0.1200000000E+001    0.2700000000E+001
 0.8181818    0.4000000000E+000    0.1000000000E+001
 0.8282828    0.0000000000E+000    0.1600000000E+001
 0.8383838    0.4000000000E+000    0.1600000000E+001
 0.8484848    0.5000000000E+000    0.2000000000E+001
 0.8585859    0.1400000000E+001    0.2700000000E+001
 0.8686869    0.6000000000E+000    0.2000000000E+001
 0.8787879    0.6000000000E+000    0.2200000000E+001
 0.8888889    0.1000000000E+001    0.2500000000E+001
 0.8989899    0.4000000000E+000    0.2000000000E+001
 0.9090909    0.5000000000E+000    0.1700000000E+001
 0.9191919    0.5000000000E+000    0.1900000000E+001
 0.9292929    0.6000000000E+000    0.2800000000E+001
 0.9393939    0.1100000000E+001    0.2100000000E+001
 0.9494949    0.1100000000E+001    0.2800000000E+001
 0.9595960    0.1100000000E+001    0.2600000000E+001
 0.9696970    0.1900000000E+001    0.2600000000E+001
 0.9797980    0.8000000000E+000    0.2600000000E+001
 0.9898990    0.1400000000E+001    0.3200000000E+001
 1.0000000    0.6000000000E+000    0.2800000000E+001


# Weightfunction after cycle       1971
 0.0000000    0.4375000000E+001    0.2225000000E+001
 0.0101010    0.4700000000E+001    0.2675000000E+001
 0.0202020    0.4775000000E+001    0.2600000000E+001
 0.0303030    0.4125000000E+001    0.2100000000E+001
 0.0404040    0.4725000000E+001    0.2650000000E+001
 0.0505051    0.4625000000E+001    0.2300000000E+001
 0.0606061    0.5050000000E+001    0.2725000000E+001
 0.0707071    0.4950000000E+001    0.2175000000E+001
 0.0808081    0.5050000000E+001    0.2350000000E+001
 0.0909091    0.5550000000E+001    0.2500000000E+001
 0.1010101    0.5425000000E+001    0.2675000000E+001
 0.1111111    0.4950000000E+001    0.2050000000E+001
 0.1212121    0.5325000000E+001    0.2325000000E+001
 0.1313131    0.5775000000E+001    0.2875000000E+001
 0.1414141    0.6125000000E+001    0.2200000000E+001
 0.1515152    0.5800000000E+001    0.2575000000E+001
 0.1616162    0.5725000000E+001    0.2000000000E+001
 0.1717172    0.5725000000E+001    0.2250000000E+001
 0.1818182    0.5425000000E+001    0.2575000000E+001
 0.1919192    0.5750000000E+001    0.2375000000E+001
 0.2020202    0.5300000000E+001    0.2000000000E+001
 0.2121212    0.5525000000E+001    0.2475000000E+001
 0.2222222    0.5650000000E+001    0.2150000000E+001
 0.2323232    0.5300000000E+001    0.2050000000E+001
 0.2424242    0.4975000000E+001    0.2600000000E+001
 0.2525253    0.5275000000E+001    0.2075000000E+001
 0.2626263    0.4150000000E+001    0.2350000000E+001
 0.2727273    0.5000000000E+001    0.2725000000E+001
 0.2828283    0.4350000000E+001    0.2225000000E+001
 0.2929293    0.3925000000E+001    0.2100000000E+001
 0.3030303    0.4550000000E+001    0.2050000000E+001
 0.3131313    0.3800000000E+001    0.2425000000E+001
 0.3232323    0.4425000000E+001    0.2000000000E+001
 0.3333333    0.4100000000E+001    0.2275000000E+001
 0.3434343    0.3250000000E+001    0.2125000000E+001
 0.3535354    0.3450000000E+001    0.2425000000E+001
 0.3636364    0.3450000000E+001    0.2325000000E+001
 0.3737374    0.2800000000E+001    0.2250000000E+001
 0.3838384    0.2550000000E+001    0.1950000000E+001
 0.3939394    0.2525000000E+001    0.2250000000E+001
 0.4040404    0.2225000000E+001    0.2100000000E+001
 0.4141414    0.1925000000E+001    0.2025000000E+001
 0.4242424    0.2325000000E+001    0.2225000000E+001
 0.4343434    0.1850000000E+001    0.2475000000E+001
 0.4444444    0.1825000000E+001    0.2075000000E+001
 0.4545455    0.1325000000E+001    0.2100000000E+001
 0.4646465    0.1125000000E+001    0.1775000000E+001
 0.4747475    0.8500000000E+000    0.2225000000E+001
 0.4848485    0.8500000000E+000    0.2100000000E+001
 0.4949495    0.6500000000E+000    0.1900000000E+001
 0.5050505    0.5250000000E+000    0.1900000000E+001
 0.5151515    0.5000000000E+000    0.2150000000E+001
 0.5252525    0.4250000000E+000    0.2325000000E+001
 0.5353535    0.5000000000E+000    0.2225000000E+001
 0.5454545    0.5750000000E+000    0.2250000000E+001
 0.5555556    0.6250000000E+000    0.2225000000E+001
 0.5656566    0.5750000000E+000    0.2250000000E+001
 0.5757576    0.9250000000E+000    0.2075000000E+001
 0.5858586    0.7750000000E+000    0.1850000000E+001
 0.5959596    0.6500000000E+000    0.2300000000E+001
 0.6060606    0.6250000000E+000    0.2125000000E+001
 0.6161616    0.6500000000E+000    0.2175000000E+001
 0.6262626    0.5750000000E+000    0.2050000000E+001
 0.6363636    0.5750000000E+000    0.2050000000E+001
 0.6464646    0.6750000000E+000    0.2025000000E+001
 0.6565657    0.6250000000E+000    0.1825000000E+001
 0.6666667    0.5250000000E+000    0.1825000000E+001
 0.6767677    0.2500000000E+000    0.1900000000E+001
 0.6868687    0.1500000000E+000    0.2400000000E+001
 0.6969697    0.8500000000E+000    0.2075000000E+001
 0.7070707    0.6750000000E+000    0.2400000000E+001
 0.7171717    0.6250000000E+000    0.2175000000E+001
 0.7272727    0.2500000000E+000    0.1925000000E+001
 0.7373737    0.5500000000E+000    0.2250000000E+001
 0.7474747    0.7000000000E+000    0.2250000000E+001
 0.7575758    0.4750000000E+000    0.2225000000E+001
 0.7676768    0.6500000000E+000    0.2350000000E+001
 0.7777778    0.2000000000E+000    0.2025000000E+001
 0.7878788    0.7750000000E+000    0.2500000000E+001
 0.7979798    0.6500000000E+000    0.2150000000E+001
 0.8080808    0.5500000000E+000    0.2150000000E+001
 0.8181818    0.3000000000E+000    0.2125000000E+001
 0.8282828    0.6250000000E+000    0.2525000000E+001
 0.8383838    0.6000000000E+000    0.2525000000E+001
 0.8484848    0.5500000000E+000    0.2525000000E+001
 0.8585859    0.7500000000E+000    0.2475000000E+001
 0.8686869    0.1750000000E+000    0.2025000000E+001
 0.8787879    0.5000000000E+000    0.2125000000E+001
 0.8888889    0.6250000000E+000    0.2450000000E+001
 0.8989899    0.3500000000E+000    0.2300000000E+001
 0.9090909    0.7000000000E+000    0.2400000000E+001
 0.9191919    0.1250000000E+000    0.2100000000E+001
 0.9292929    0.0000000000E+000    0.1950000000E+001
 0.9393939    0.5000000000E+000    0.2600000000E+001
 0.9494949    0.2000000000E+000    0.2425000000E+001
 0.9595960    0.3250000000E+000    0.2175000000E+001
 0.9696970    0.5500000000E+000    0.2300000000E+001
 0.9797980    0.7000000000E+000    0.2675000000E+001
 0.9898990    0.4250000000E+000    0.2350000000E+001
 1.0000000    0.3500000000E+000    0.2225000000E+001


# Weightfunction after cycle       3902
 0.0000000    0.4106250000E+001    0.2262500000E+001
 0.0101010    0.4356250000E+001    0.2418750000E+001
 0.0202020    0.4281250000E+001    0.2375000000E+001
 0.0303030    0.4331250000E+001    0.2350000000E+001
 0.0404040    0.4306250000E+001    0.2256250000E+001
 0.0505051    0.4593750000E+001    0.2450000000E+001
 0.0606061    0.4518750000E+001    0.2331250000E+001
 0.0707071    0.4781250000E+001    0.2225000000E+001
 0.0808081    0.4812500000E+001    0.2293750000E+001
 0.0909091    0.4975000000E+001    0.2237500000E+001
 0.1010101    0.5062500000E+001    0.2262500000E+001
 0.1111111    0.5281250000E+001    0.2500000000E+001
 0.1212121    0.5412500000E+001    0.2500000000E+001
 0.1313131    0.5225000000E+001    0.2450000000E+001
 0.1414141    0.5393750000E+001    0.2331250000E+001
 0.1515152    0.5418750000E+001    0.2437500000E+001
 0.1616162    0.5287500000E+001    0.2462500000E+001
 0.1717172    0.5443750000E+001    0.2150000000E+001
 0.1818182    0.5337500000E+001    0.2387500000E+001
 0.1919192    0.5556250000E+001    0.2337500000E+001
 0.2020202    0.5431250000E+001    0.2356250000E+001
 0.2121212    0.5418750000E+001    0.2425000000E+001
 0.2222222    0.5631250000E+001    0.2287500000E+001
 0.2323232    0.5362500000E+001    0.2450000000E+001
 0.2424242    0.5037500000E+001    0.2525000000E+001
 0.2525253    0.5143750000E+001    0.2281250000E+001
 0.2626263    0.4768750000E+001    0.2462500000E+001
 0.2727273    0.4625000000E+001    0.2312500000E+001
 0.2828283    0.4625000000E+001    0.2368750000E+001
 0.2929293    0.4162500000E+001    0.2418750000E+001
 0.3030303    0.4368750000E+001    0.2412500000E+001
 0.3131313    0.4031250000E+001    0.2156250000E+001
 0.3232323    0.3881250000E+001    0.2306250000E+001
 0.3333333    0.3681250000E+001    0.2075000000E+001
 0.3434343    0.3512500000E+001    0.2406250000E+001
 0.3535354    0.3443750000E+001    0.2175000000E+001
 0.3636364    0.3250000000E+001    0.2281250000E+001
 0.3737374    0.2837500000E+001    0.2068750000E+001
 0.3838384    0.2656250000E+001    0.2312500000E+001
 0.3939394    0.2506250000E+001    0.2193750000E+001
 0.4040404    0.2356250000E+001    0.2062500000E+001
 0.4141414    0.1900000000E+001    0.2081250000E+001
 0.4242424    0.1775000000E+001    0.2156250000E+001
 0.4343434    0.1593750000E+001    0.2268750000E+001
 0.4444444    0.1456250000E+001    0.2143750000E+001
 0.4545455    0.1443750000E+001    0.2043750000E+001
 0.4646465    0.1087500000E+001    0.2093750000E+001
 0.4747475    0.9562500000E+000    0.2062500000E+001
 0.4848485    0.5875000000E+000    0.1943750000E+001
 0.4949495    0.5000000000E+000    0.2137500000E+001
 0.5050505    0.1875000000E+000    0.2125000000E+001
 0.5151515    0.2250000000E+000    0.2056250000E+001
 0.5252525    0.5187500000E+000    0.2006250000E+001
 0.5353535    0.3687500000E+000    0.1987500000E+001
 0.5454545    0.1250000000E+000    0.2006250000E+001
 0.5555556    0.6875000000E-001    0.2206250000E+001
 0.5656566    0.3562500000E+000    0.1893750000E+001
 0.5757576    0.2375000000E+000    0.2193750000E+001
 0.5858586    0.9375000000E-001    0.2112500000E+001
 0.5959596    0.2812500000E+000    0.2087500000E+001
 0.6060606    0.2187500000E+000    0.2012500000E+001
 0.6161616    0.1312500000E+000    0.2087500000E+001
 0.6262626    0.4062500000E+000    0.2025000000E+001
 0.6363636    0.3187500000E+000    0.2081250000E+001
 0.6464646    0.5250000000E+000    0.2062500000E+001
 0.6565657    0.3750000000E+000    0.1981250000E+001
 0.6666667    0.1000000000E+000    0.2100000000E+001
 0.6767677    0.3500000000E+000    0.2075000000E+001
 0.6868687    0.2875000000E+000    0.1993750000E+001
 0.6969697    0.4937500000E+000    0.2012500000E+001
 0.7070707    0.2750000000E+000    0.2056250000E+001
 0.7171717    0.3250000000E+000    0.2068750000E+001
 0.7272727    0.2812500000E+000    0.1987500000E+001
 0.7373737    0.1750000000E+000    0.1918750000E+001
 0.7474747    0.3625000000E+000    0.2100000000E+001
 0.7575758    0.2437500000E+000    0.2018750000E+001
 0.7676768    0.9375000000E-001    0.2031250000E+001
 0.7777778    0.3437500000E+000    0.2181250000E+001
 0.7878788    0.2625000000E+000    0.2000000000E+001
 0.7979798    0.2875000000E+000    0.2018750000E+001
 0.8080808    0.3250000000E+000    0.2087500000E+001
 0.8181818    0.2625000000E+000    0.2112500000E+001
 0.8282828    0.2312500000E+000    0.2050000000E+001
 0.8383838    0.1812500000E+000    0.1987500000E+001
 0.8484848    0.1250000000E+000    0.1925000000E+001
 0.8585859    0.3500000000E+000    0.2131250000E+001
 0.8686869    0.3250000000E+000    0.2112500000E+001
 0.8787879    0.1500000000E+000    0.1881250000E+001
 0.8888889    0.1312500000E+000    0.2068750000E+001
 0.8989899    0.2187500000E+000    0.2081250000E+001
 0.9090909    0.2062500000E+000    0.1993750000E+001
 0.9191919    0.8125000000E-001    0.1993750000E+001
 0.9292929    0.1687500000E+000    0.2025000000E+001
 0.9393939    0.0000000000E+000    0.2000000000E+001
 0.9494949    0.5625000000E-001    0.2025000000E+001
 0.9595960    0.2000000000E+000    0.1962500000E+001
 0.9696970    0.3125000000E-001    0.1925000000E+001
 0.9797980    0.2312500000E+000    0.2062500000E+001
 0.9898990    0.1250000000E+000    0.1975000000E+001
 1.0000000    0.6250000000E-001    0.2006250000E+001


# Weightfunction after cycle       8954
 0.0000000    0.4381250000E+001    0.2565625000E+001
 0.0101010    0.4337500000E+001    0.2542187500E+001
 0.0202020    0.4217187500E+001    0.2429687500E+001
 0.0303030    0.4456250000E+001    0.2560937500E+001
 0.0404040    0.4512500000E+001    0.2548437500E+001
 0.0505051    0.4629687500E+001    0.2560937500E+001
 0.0606061    0.4882812500E+001    0.2628125000E+001
 0.0707071    0.4896875000E+001    0.2539062500E+001
 0.0808081    0.5060937500E+001    0.2531250000E+001
 0.0909091    0.5159375000E+001    0.2470312500E+001
 0.1010101    0.5248437500E+001    0.2431250000E+001
 0.1111111    0.5362500000E+001    0.2460937500E+001
 0.1212121    0.5631250000E+001    0.2545312500E+001
 0.1313131    0.5554687500E+001    0.2531250000E+001
 0.1414141    0.5487500000E+001    0.2500000000E+001
 0.1515152    0.5634375000E+001    0.2465625000E+001
 0.1616162    0.5723437500E+001    0.2559375000E+001
 0.1717172    0.5723437500E+001    0.2456250000E+001
 0.1818182    0.5368750000E+001    0.2512500000E+001
 0.1919192    0.5457812500E+001    0.2450000000E+001
 0.2020202    0.5340625000E+001    0.2451562500E+001
 0.2121212    0.5128125000E+001    0.2500000000E+001
 0.2222222    0.5279687500E+001    0.2498437500E+001
 0.2323232    0.5014062500E+001    0.2412500000E+001
 0.2424242    0.4831250000E+001    0.2457812500E+001
 0.2525253    0.4748437500E+001    0.2476562500E+001
 0.2626263    0.4643750000E+001    0.2462500000E+001
 0.2727273    0.4404687500E+001    0.2423437500E+001
 0.2828283    0.4404687500E+001    0.2428125000E+001
 0.2929293    0.4220312500E+001    0.2364062500E+001
 0.3030303    0.4035937500E+001    0.2403125000E+001
 0.3131313    0.3834375000E+001    0.2484375000E+001
 0.3232323    0.3707812500E+001    0.2465625000E+001
 0.3333333    0.3604687500E+001    0.2428125000E+001
 0.3434343    0.3190625000E+001    0.2431250000E+001
 0.3535354    0.3148437500E+001    0.2409375000E+001
 0.3636364    0.2923437500E+001    0.2390625000E+001
 0.3737374    0.2810937500E+001    0.2401562500E+001
 0.3838384    0.2659375000E+001    0.2434375000E+001
 0.3939394    0.2398437500E+001    0.2437500000E+001
 0.4040404    0.2267187500E+001    0.2381250000E+001
 0.4141414    0.2039062500E+001    0.2353125000E+001
 0.4242424    0.1857812500E+001    0.2443750000E+001
 0.4343434    0.1707812500E+001    0.2362500000E+001
 0.4444444    0.1485937500E+001    0.2329687500E+001
 0.4545455    0.1181250000E+001    0.2335937500E+001
 0.4646465    0.9953125000E+000    0.2337500000E+001
 0.4747475    0.8328125000E+000    0.2303125000E+001
 0.4848485    0.6421875000E+000    0.2351562500E+001
 0.4949495    0.3468750000E+000    0.2307812500E+001
 0.5050505    0.2921875000E+000    0.2329687500E+001
 0.5151515    0.3265625000E+000    0.2278125000E+001
 0.5252525    0.2640625000E+000    0.2325000000E+001
 0.5353535    0.2984375000E+000    0.2331250000E+001
 0.5454545    0.2859375000E+000    0.2273437500E+001
 0.5555556    0.2218750000E+000    0.2295312500E+001
 0.5656566    0.2937500000E+000    0.2326562500E+001
 0.5757576    0.2250000000E+000    0.2356250000E+001
 0.5858586    0.2890625000E+000    0.2317187500E+001
 0.5959596    0.2484375000E+000    0.2251562500E+001
 0.6060606    0.2234375000E+000    0.2331250000E+001
 0.6161616    0.2890625000E+000    0.2287500000E+001
 0.6262626    0.2843750000E+000    0.2246875000E+001
 0.6363636    0.1750000000E+000    0.2276562500E+001
 0.6464646    0.1906250000E+000    0.2312500000E+001
 0.6565657    0.2609375000E+000    0.2314062500E+001
 0.6666667    0.2468750000E+000    0.2409375000E+001
 0.6767677    0.2703125000E+000    0.2278125000E+001
 0.6868687    0.2546875000E+000    0.2264062500E+001
 0.6969697    0.2515625000E+000    0.2290625000E+001
 0.7070707    0.2296875000E+000    0.2346875000E+001
 0.7171717    0.2156250000E+000    0.2320312500E+001
 0.7272727    0.2296875000E+000    0.2306250000E+001
 0.7373737    0.2015625000E+000    0.2314062500E+001
 0.7474747    0.1718750000E+000    0.2312500000E+001
 0.7575758    0.2203125000E+000    0.2326562500E+001
 0.7676768    0.1781250000E+000    0.2307812500E+001
 0.7777778    0.1671875000E+000    0.2320312500E+001
 0.7878788    0.1953125000E+000    0.2395312500E+001
 0.7979798    0.2140625000E+000    0.2365625000E+001
 0.8080808    0.1593750000E+000    0.2290625000E+001
 0.8181818    0.1281250000E+000    0.2317187500E+001
 0.8282828    0.1328125000E+000    0.2264062500E+001
 0.8383838    0.8281250000E-001    0.2267187500E+001
 0.8484848    0.1421875000E+000    0.2415625000E+001
 0.8585859    0.1593750000E+000    0.2337500000E+001
 0.8686869    0.1296875000E+000    0.2315625000E+001
 0.8787879    0.1421875000E+000    0.2326562500E+001
 0.8888889    0.1437500000E+000    0.2371875000E+001
 0.8989899    0.1578125000E+000    0.2389062500E+001
 0.9090909    0.7343750000E-001    0.2332812500E+001
 0.9191919    0.8906250000E-001    0.2275000000E+001
 0.9292929    0.1234375000E+000    0.2371875000E+001
 0.9393939    0.0000000000E+000    0.2290625000E+001
 0.9494949    0.7500000000E-001    0.2326562500E+001
 0.9595960    0.9218750000E-001    0.2343750000E+001
 0.9696970    0.1000000000E+000    0.2318750000E+001
 0.9797980    0.2187500000E-001    0.2295312500E+001
 0.9898990    0.3125000000E-001    0.2339062500E+001
 1.0000000    0.9375000000E-002    0.2279687500E+001


# Weightfunction after cycle      36209
 0.0000000    0.5171093750E+001    0.3430859375E+001
 0.0101010    0.5127343750E+001    0.3412109375E+001
 0.0202020    0.5132812500E+001    0.3346484375E+001
 0.0303030    0.5135546875E+001    0.3336718750E+001
 0.0404040    0.5298828125E+001    0.3435156250E+001
 0.0505051    0.5441796875E+001    0.3429296875E+001
 0.0606061    0.5491406250E+001    0.3416015625E+001
 0.0707071    0.5693359375E+001    0.3421093750E+001
 0.0808081    0.5775000000E+001    0.3398828125E+001
 0.0909091    0.6005078125E+001    0.3409375000E+001
 0.1010101    0.6045703125E+001    0.3404687500E+001
 0.1111111    0.6105468750E+001    0.3406640625E+001
 0.1212121    0.6207031250E+001    0.3375781250E+001
 0.1313131    0.6222656250E+001    0.3364062500E+001
 0.1414141    0.6144140625E+001    0.3396875000E+001
 0.1515152    0.6171093750E+001    0.3359375000E+001
 0.1616162    0.6121093750E+001    0.3380468750E+001
 0.1717172    0.6095312500E+001    0.3392578125E+001
 0.1818182    0.5956250000E+001    0.3357031250E+001
 0.1919192    0.5889843750E+001    0.3368359375E+001
 0.2020202    0.5765234375E+001    0.3383984375E+001
 0.2121212    0.5592187500E+001    0.3385937500E+001
 0.2222222    0.5569921875E+001    0.3344921875E+001
 0.2323232    0.5335156250E+001    0.3367968750E+001
 0.2424242    0.5203125000E+001    0.3345312500E+001
 0.2525253    0.5001562500E+001    0.3364843750E+001
 0.2626263    0.4919921875E+001    0.3355078125E+001
 0.2727273    0.4750390625E+001    0.3339453125E+001
 0.2828283    0.4590234375E+001    0.3305859375E+001
 0.2929293    0.4362109375E+001    0.3353906250E+001
 0.3030303    0.4139062500E+001    0.3338281250E+001
 0.3131313    0.3941406250E+001    0.3376953125E+001
 0.3232323    0.3820703125E+001    0.3372656250E+001
 0.3333333    0.3677734375E+001    0.3317187500E+001
 0.3434343    0.3437500000E+001    0.3375390625E+001
 0.3535354    0.3238281250E+001    0.3335156250E+001
 0.3636364    0.3066015625E+001    0.3302343750E+001
 0.3737374    0.2773046875E+001    0.3303125000E+001
 0.3838384    0.2629687500E+001    0.3328125000E+001
 0.3939394    0.2466406250E+001    0.3332031250E+001
 0.4040404    0.2212890625E+001    0.3352734375E+001
 0.4141414    0.2021093750E+001    0.3319531250E+001
 0.4242424    0.1754296875E+001    0.3296093750E+001
 0.4343434    0.1627734375E+001    0.3304687500E+001
 0.4444444    0.1415625000E+001    0.3324609375E+001
 0.4545455    0.1243359375E+001    0.3297656250E+001
 0.4646465    0.9511718750E+000    0.3261718750E+001
 0.4747475    0.7937500000E+000    0.3313671875E+001
 0.4848485    0.5062500000E+000    0.3298437500E+001
 0.4949495    0.3445312500E+000    0.3275781250E+001
 0.5050505    0.1843750000E+000    0.3256250000E+001
 0.5151515    0.2390625000E+000    0.3271484375E+001
 0.5252525    0.2101562500E+000    0.3228906250E+001
 0.5353535    0.2179687500E+000    0.3257812500E+001
 0.5454545    0.2472656250E+000    0.3304296875E+001
 0.5555556    0.2230468750E+000    0.3248828125E+001
 0.5656566    0.2585937500E+000    0.3244531250E+001
 0.5757576    0.2117187500E+000    0.3248437500E+001
 0.5858586    0.1726562500E+000    0.3283203125E+001
 0.5959596    0.2269531250E+000    0.3310937500E+001
 0.6060606    0.2679687500E+000    0.3253125000E+001
 0.6161616    0.2261718750E+000    0.3274218750E+001
 0.6262626    0.2132812500E+000    0.3239843750E+001
 0.6363636    0.2445312500E+000    0.3290625000E+001
 0.6464646    0.1921875000E+000    0.3274218750E+001
 0.6565657    0.1539062500E+000    0.3261718750E+001
 0.6666667    0.1746093750E+000    0.3232812500E+001
 0.6767677    0.1859375000E+000    0.3292187500E+001
 0.6868687    0.1867187500E+000    0.3225781250E+001
 0.6969697    0.1746093750E+000    0.3267578125E+001
 0.7070707    0.2328125000E+000    0.3267187500E+001
 0.7171717    0.1929687500E+000    0.3281250000E+001
 0.7272727    0.1675781250E+000    0.3241796875E+001
 0.7373737    0.1757812500E+000    0.3265625000E+001
 0.7474747    0.1781250000E+000    0.3259765625E+001
 0.7575758    0.1488281250E+000    0.3250000000E+001
 0.7676768    0.1457031250E+000    0.3251953125E+001
 0.7777778    0.1843750000E+000    0.3263671875E+001
 0.7878788    0.1085937500E+000    0.3242578125E+001
 0.7979798    0.1476562500E+000    0.3246875000E+001
 0.8080808    0.1242187500E+000    0.3242968750E+001
 0.8181818    0.1218750000E+000    0.3238281250E+001
 0.8282828    0.1105468750E+000    0.3256250000E+001
 0.8383838    0.1347656250E+000    0.3275781250E+001
 0.8484848    0.9726562500E-001    0.3228906250E+001
 0.8585859    0.1312500000E+000    0.3274609375E+001
 0.8686869    0.1183593750E+000    0.3258984375E+001
 0.8787879    0.9296875000E-001    0.3255859375E+001
 0.8888889    0.7031250000E-001    0.3257421875E+001
 0.8989899    0.6601562500E-001    0.3224218750E+001
 0.9090909    0.7070312500E-001    0.3226171875E+001
 0.9191919    0.8164062500E-001    0.3280859375E+001
 0.9292929    0.1437500000E+000    0.3309375000E+001
 0.9393939    0.5078125000E-001    0.3255078125E+001
 0.9494949    0.3125000000E-001    0.3261718750E+001
 0.9595960    0.1132812500E+000    0.3331640625E+001
 0.9696970    0.3125000000E-001    0.3264843750E+001
 0.9797980    0.0000000000E+000    0.3240625000E+001
 0.9898990    0.5664062500E-001    0.3269140625E+001
 1.0000000    0.3242187500E-001    0.3263671875E+001


# Weightfunction after cycle      79637
 0.0000000    0.4734179687E+001    0.2991601562E+001
 0.0101010    0.4772070312E+001    0.3030468750E+001
 0.0202020    0.4808984375E+001    0.3030273437E+001
 0.0303030    0.4822265625E+001    0.2993066406E+001
 0.0404040    0.4942187500E+001    0.3028906250E+001
 0.0505051    0.5040722656E+001    0.3046191406E+001
 0.0606061    0.5123730469E+001    0.3006152344E+001
 0.0707071    0.5281640625E+001    0.3009082031E+001
 0.0808081    0.5398242187E+001    0.2984667969E+001
 0.0909091    0.5565820312E+001    0.3006250000E+001
 0.1010101    0.5693066406E+001    0.3017675781E+001
 0.1111111    0.5762792969E+001    0.3024609375E+001
 0.1212121    0.5846777344E+001    0.3007519531E+001
 0.1313131    0.5834082031E+001    0.3004882812E+001
 0.1414141    0.5879003906E+001    0.3002246094E+001
 0.1515152    0.5838085937E+001    0.2991699219E+001
 0.1616162    0.5767871094E+001    0.2999121094E+001
 0.1717172    0.5743554687E+001    0.2992968750E+001
 0.1818182    0.5671191406E+001    0.3009960937E+001
 0.1919192    0.5588769531E+001    0.3010644531E+001
 0.2020202    0.5508300781E+001    0.3006250000E+001
 0.2121212    0.5351171875E+001    0.3002148437E+001
 0.2222222    0.5254687500E+001    0.2998535156E+001
 0.2323232    0.5111718750E+001    0.2969238281E+001
 0.2424242    0.5001171875E+001    0.2987500000E+001
 0.2525253    0.4879687500E+001    0.2977636719E+001
 0.2626263    0.4723437500E+001    0.2980371094E+001
 0.2727273    0.4553808594E+001    0.2986328125E+001
 0.2828283    0.4410839844E+001    0.2991601562E+001
 0.2929293    0.4235351562E+001    0.2967578125E+001
 0.3030303    0.4031445312E+001    0.2972558594E+001
 0.3131313    0.3925781250E+001    0.2993457031E+001
 0.3232323    0.3706445312E+001    0.2983105469E+001
 0.3333333    0.3548242187E+001    0.2960937500E+001
 0.3434343    0.3330761719E+001    0.2979687500E+001
 0.3535354    0.3179589844E+001    0.2971582031E+001
 0.3636364    0.3008789062E+001    0.2950683594E+001
 0.3737374    0.2776855469E+001    0.2963964844E+001
 0.3838384    0.2588769531E+001    0.2963574219E+001
 0.3939394    0.2396679687E+001    0.2970410156E+001
 0.4040404    0.2179003906E+001    0.2970214844E+001
 0.4141414    0.1966210937E+001    0.2950195312E+001
 0.4242424    0.1776855469E+001    0.2932812500E+001
 0.4343434    0.1595214844E+001    0.2935253906E+001
 0.4444444    0.1404003906E+001    0.2950000000E+001
 0.4545455    0.1162207031E+001    0.2934667969E+001
 0.4646465    0.9487304687E+000    0.2930761719E+001
 0.4747475    0.7648437500E+000    0.2912695312E+001
 0.4848485    0.5187500000E+000    0.2922460937E+001
 0.4949495    0.3187500000E+000    0.2917285156E+001
 0.5050505    0.2144531250E+000    0.2909570312E+001
 0.5151515    0.2148437500E+000    0.2915136719E+001
 0.5252525    0.2072265625E+000    0.2914453125E+001
 0.5353535    0.2042968750E+000    0.2919238281E+001
 0.5454545    0.2150390625E+000    0.2912695312E+001
 0.5555556    0.1944335937E+000    0.2900390625E+001
 0.5656566    0.2106445312E+000    0.2905566406E+001
 0.5757576    0.2151367187E+000    0.2897949219E+001
 0.5858586    0.1901367187E+000    0.2900000000E+001
 0.5959596    0.2101562500E+000    0.2919531250E+001
 0.6060606    0.2276367187E+000    0.2907324219E+001
 0.6161616    0.2081054687E+000    0.2910351562E+001
 0.6262626    0.1966796875E+000    0.2900390625E+001
 0.6363636    0.1977539062E+000    0.2905175781E+001
 0.6464646    0.1958007812E+000    0.2915527344E+001
 0.6565657    0.1906250000E+000    0.2897460937E+001
 0.6666667    0.1752929687E+000    0.2902343750E+001
 0.6767677    0.1599609375E+000    0.2918750000E+001
 0.6868687    0.1524414062E+000    0.2889355469E+001
 0.6969697    0.1662109375E+000    0.2904882812E+001
 0.7070707    0.1689453125E+000    0.2888085937E+001
 0.7171717    0.1703125000E+000    0.2903125000E+001
 0.7272727    0.1594726562E+000    0.2905664062E+001
 0.7373737    0.1491210937E+000    0.2893750000E+001
 0.7474747    0.1507812500E+000    0.2899902344E+001
 0.7575758    0.1479492187E+000    0.2898632812E+001
 0.7676768    0.1427734375E+000    0.2890625000E+001
 0.7777778    0.1365234375E+000    0.2891113281E+001
 0.7878788    0.1014648437E+000    0.2888671875E+001
 0.7979798    0.1130859375E+000    0.2894140625E+001
 0.8080808    0.1155273437E+000    0.2893164062E+001
 0.8181818    0.9218750000E-001    0.2874511719E+001
 0.8282828    0.1022460937E+000    0.2892968750E+001
 0.8383838    0.9414062500E-001    0.2891992187E+001
 0.8484848    0.9023437500E-001    0.2897265625E+001
 0.8585859    0.7832031250E-001    0.2893066406E+001
 0.8686869    0.9697265625E-001    0.2914941406E+001
 0.8787879    0.7216796875E-001    0.2893164062E+001
 0.8888889    0.7470703125E-001    0.2906250000E+001
 0.8989899    0.5761718750E-001    0.2898339844E+001
 0.9090909    0.6816406250E-001    0.2916406250E+001
 0.9191919    0.5156250000E-001    0.2905273437E+001
 0.9292929    0.6933593750E-001    0.2908593750E+001
 0.9393939    0.2939453125E-001    0.2896191406E+001
 0.9494949    0.9765625000E-003    0.2887402344E+001
 0.9595960    0.1562500000E-001    0.2897070312E+001
 0.9696970    0.4296875000E-002    0.2891796875E+001
 0.9797980    0.1621093750E-001    0.2904589844E+001
 0.9898990    0.2744140625E-001    0.2924316406E+001
 1.0000000    0.0000000000E+000    0.2894140625E+001


