# Evolution of the weightfunction during equilibration phase for fractional: N2
# Weightfunction after cycle        666
 0.0000000    0.5500000000E+001    0.3900000000E+001
 0.0101010    0.5200000000E+001    0.3100000000E+001
 0.0202020    0.6000000000E+001    0.3600000000E+001
 0.0303030    0.6400000000E+001    0.4500000000E+001
 0.0404040    0.6200000000E+001    0.3900000000E+001
 0.0505051    0.7400000000E+001    0.5300000000E+001
 0.0606061    0.6200000000E+001    0.3600000000E+001
 0.0707071    0.7100000000E+001    0.4600000000E+001
 0.0808081    0.5900000000E+001    0.3900000000E+001
 0.0909091    0.5800000000E+001    0.4000000000E+001
 0.1010101    0.6700000000E+001    0.4200000000E+001
 0.1111111    0.6000000000E+001    0.3300000000E+001
 0.1212121    0.5900000000E+001    0.3700000000E+001
 0.1313131    0.4400000000E+001    0.2700000000E+001
 0.1414141    0.6200000000E+001    0.2800000000E+001
 0.1515152    0.7100000000E+001    0.3500000000E+001
 0.1616162    0.7000000000E+001    0.4700000000E+001
 0.1717172    0.5800000000E+001    0.4100000000E+001
 0.1818182    0.6400000000E+001    0.4300000000E+001
 0.1919192    0.4000000000E+001    0.3700000000E+001
 0.2020202    0.5000000000E+001    0.3700000000E+001
 0.2121212    0.6400000000E+001    0.3200000000E+001
 0.2222222    0.4500000000E+001    0.3200000000E+001
 0.2323232    0.5600000000E+001    0.4200000000E+001
 0.2424242    0.5000000000E+001    0.3400000000E+001
 0.2525253    0.4700000000E+001    0.3800000000E+001
 0.2626263    0.4400000000E+001    0.2700000000E+001
 0.2727273    0.4500000000E+001    0.3800000000E+001
 0.2828283    0.4000000000E+001    0.3100000000E+001
 0.2929293    0.3700000000E+001    0.3100000000E+001
 0.3030303    0.5200000000E+001    0.3000000000E+001
 0.3131313    0.3100000000E+001    0.3100000000E+001
 0.3232323    0.3400000000E+001    0.4000000000E+001
 0.3333333    0.4700000000E+001    0.3000000000E+001
 0.3434343    0.5100000000E+001    0.4500000000E+001
 0.3535354    0.4000000000E+001    0.4300000000E+001
 0.3636364    0.3600000000E+001    0.3300000000E+001
 0.3737374    0.3800000000E+001    0.3600000000E+001
 0.3838384    0.3000000000E+001    0.3900000000E+001
 0.3939394    0.3600000000E+001    0.3500000000E+001
 0.4040404    0.3100000000E+001    0.4100000000E+001
 0.4141414    0.2800000000E+001    0.3800000000E+001
 0.4242424    0.3200000000E+001    0.3600000000E+001
 0.4343434    0.2900000000E+001    0.4100000000E+001
 0.4444444    0.2000000000E+001    0.3700000000E+001
 0.4545455    0.2900000000E+001    0.2300000000E+001
 0.4646465    0.1600000000E+001    0.4100000000E+001
 0.4747475    0.1200000000E+001    0.3700000000E+001
 0.4848485    0.1400000000E+001    0.4200000000E+001
 0.4949495    0.1100000000E+001    0.4500000000E+001
 0.5050505    0.1400000000E+001    0.3800000000E+001
 0.5151515    0.8000000000E+000    0.3800000000E+001
 0.5252525    0.8000000000E+000    0.3800000000E+001
 0.5353535    0.4000000000E+000    0.2300000000E+001
 0.5454545    0.1300000000E+001    0.3600000000E+001
 0.5555556    0.1600000000E+001    0.4400000000E+001
 0.5656566    0.1300000000E+001    0.3000000000E+001
 0.5757576    0.7000000000E+000    0.3400000000E+001
 0.5858586    0.9000000000E+000    0.3700000000E+001
 0.5959596    0.1000000000E+001    0.3700000000E+001
 0.6060606    0.6000000000E+000    0.3600000000E+001
 0.6161616    0.1300000000E+001    0.3900000000E+001
 0.6262626    0.1500000000E+001    0.3000000000E+001
 0.6363636    0.2100000000E+001    0.3000000000E+001
 0.6464646    0.8000000000E+000    0.4100000000E+001
 0.6565657    0.1400000000E+001    0.3000000000E+001
 0.6666667    0.5000000000E+000    0.3600000000E+001
 0.6767677    0.8000000000E+000    0.2700000000E+001
 0.6868687    0.1000000000E+001    0.3100000000E+001
 0.6969697    0.1700000000E+001    0.3100000000E+001
 0.7070707    0.1600000000E+001    0.3400000000E+001
 0.7171717    0.1600000000E+001    0.3700000000E+001
 0.7272727    0.1700000000E+001    0.2900000000E+001
 0.7373737    0.1200000000E+001    0.3500000000E+001
 0.7474747    0.8000000000E+000    0.3000000000E+001
 0.7575758    0.1400000000E+001    0.3000000000E+001
 0.7676768    0.7000000000E+000    0.2800000000E+001
 0.7777778    0.1600000000E+001    0.3600000000E+001
 0.7878788    0.9000000000E+000    0.2600000000E+001
 0.7979798    0.1300000000E+001    0.3000000000E+001
 0.8080808    0.8000000000E+000    0.2500000000E+001
 0.8181818    0.9000000000E+000    0.3600000000E+001
 0.8282828    0.7000000000E+000    0.2700000000E+001
 0.8383838    0.8000000000E+000    0.2600000000E+001
 0.8484848    0.8000000000E+000    0.2800000000E+001
 0.8585859    0.1600000000E+001    0.3200000000E+001
 0.8686869    0.4000000000E+000    0.2500000000E+001
 0.8787879    0.1500000000E+001    0.3200000000E+001
 0.8888889    0.1000000000E+001    0.3100000000E+001
 0.8989899    0.9000000000E+000    0.2500000000E+001
 0.9090909    0.0000000000E+000    0.2100000000E+001
 0.9191919    0.6000000000E+000    0.2300000000E+001
 0.9292929    0.2000000000E+001    0.3500000000E+001
 0.9393939    0.3000000000E+000    0.2300000000E+001
 0.9494949    0.8000000000E+000    0.2700000000E+001
 0.9595960    0.1500000000E+001    0.3400000000E+001
 0.9696970    0.1400000000E+001    0.2600000000E+001
 0.9797980    0.9000000000E+000    0.2500000000E+001
 0.9898990    0.3000000000E+000    0.2200000000E+001
 1.0000000    0.2700000000E+001    0.4300000000E+001


# Weightfunction after cycle       2606
 0.0000000    0.3950000000E+001    0.2050000000E+001
 0.0101010    0.4200000000E+001    0.2475000000E+001
 0.0202020    0.4525000000E+001    0.2625000000E+001
 0.0303030    0.4550000000E+001    0.2750000000E+001
 0.0404040    0.4300000000E+001    0.2250000000E+001
 0.0505051    0.4950000000E+001    0.2625000000E+001
 0.0606061    0.4975000000E+001    0.2700000000E+001
 0.0707071    0.4925000000E+001    0.2500000000E+001
 0.0808081    0.5500000000E+001    0.2475000000E+001
 0.0909091    0.5775000000E+001    0.2550000000E+001
 0.1010101    0.5150000000E+001    0.2075000000E+001
 0.1111111    0.5800000000E+001    0.1950000000E+001
 0.1212121    0.5700000000E+001    0.1825000000E+001
 0.1313131    0.6075000000E+001    0.2200000000E+001
 0.1414141    0.5875000000E+001    0.2700000000E+001
 0.1515152    0.7075000000E+001    0.2000000000E+001
 0.1616162    0.5875000000E+001    0.2550000000E+001
 0.1717172    0.6750000000E+001    0.2325000000E+001
 0.1818182    0.6425000000E+001    0.2450000000E+001
 0.1919192    0.6700000000E+001    0.2175000000E+001
 0.2020202    0.6625000000E+001    0.2250000000E+001
 0.2121212    0.6700000000E+001    0.2225000000E+001
 0.2222222    0.6775000000E+001    0.2525000000E+001
 0.2323232    0.6825000000E+001    0.2475000000E+001
 0.2424242    0.6425000000E+001    0.2375000000E+001
 0.2525253    0.6525000000E+001    0.1925000000E+001
 0.2626263    0.6400000000E+001    0.2125000000E+001
 0.2727273    0.5750000000E+001    0.2375000000E+001
 0.2828283    0.5350000000E+001    0.2950000000E+001
 0.2929293    0.5800000000E+001    0.2100000000E+001
 0.3030303    0.5550000000E+001    0.2275000000E+001
 0.3131313    0.5400000000E+001    0.2200000000E+001
 0.3232323    0.5500000000E+001    0.1950000000E+001
 0.3333333    0.5500000000E+001    0.1975000000E+001
 0.3434343    0.5225000000E+001    0.1850000000E+001
 0.3535354    0.5000000000E+001    0.2375000000E+001
 0.3636364    0.4450000000E+001    0.2725000000E+001
 0.3737374    0.3900000000E+001    0.2175000000E+001
 0.3838384    0.4325000000E+001    0.2025000000E+001
 0.3939394    0.3400000000E+001    0.2350000000E+001
 0.4040404    0.3075000000E+001    0.1975000000E+001
 0.4141414    0.2975000000E+001    0.2150000000E+001
 0.4242424    0.2700000000E+001    0.2475000000E+001
 0.4343434    0.2400000000E+001    0.2375000000E+001
 0.4444444    0.2125000000E+001    0.2100000000E+001
 0.4545455    0.1950000000E+001    0.2050000000E+001
 0.4646465    0.1575000000E+001    0.2050000000E+001
 0.4747475    0.1350000000E+001    0.2025000000E+001
 0.4848485    0.1000000000E+001    0.2075000000E+001
 0.4949495    0.1050000000E+001    0.2075000000E+001
 0.5050505    0.7500000000E+000    0.2525000000E+001
 0.5151515    0.9750000000E+000    0.1450000000E+001
 0.5252525    0.6000000000E+000    0.2375000000E+001
 0.5353535    0.7750000000E+000    0.2025000000E+001
 0.5454545    0.6000000000E+000    0.2125000000E+001
 0.5555556    0.6000000000E+000    0.1925000000E+001
 0.5656566    0.4750000000E+000    0.2300000000E+001
 0.5757576    0.3250000000E+000    0.2150000000E+001
 0.5858586    0.3500000000E+000    0.2100000000E+001
 0.5959596    0.5500000000E+000    0.2200000000E+001
 0.6060606    0.3500000000E+000    0.2350000000E+001
 0.6161616    0.3000000000E+000    0.2025000000E+001
 0.6262626    0.6250000000E+000    0.2050000000E+001
 0.6363636    0.7500000000E-001    0.2725000000E+001
 0.6464646    0.7500000000E+000    0.2150000000E+001
 0.6565657    0.7500000000E+000    0.2600000000E+001
 0.6666667    0.2500000000E+000    0.2250000000E+001
 0.6767677    0.4500000000E+000    0.2100000000E+001
 0.6868687    0.5000000000E+000    0.2025000000E+001
 0.6969697    0.5000000000E+000    0.2525000000E+001
 0.7070707    0.6750000000E+000    0.2350000000E+001
 0.7171717    0.6000000000E+000    0.2300000000E+001
 0.7272727    0.3500000000E+000    0.2200000000E+001
 0.7373737    0.7750000000E+000    0.2550000000E+001
 0.7474747    0.5250000000E+000    0.2275000000E+001
 0.7575758    0.4250000000E+000    0.2150000000E+001
 0.7676768    0.5750000000E+000    0.2550000000E+001
 0.7777778    0.2000000000E+000    0.2175000000E+001
 0.7878788    0.1750000000E+000    0.2050000000E+001
 0.7979798    0.3750000000E+000    0.2350000000E+001
 0.8080808    0.3500000000E+000    0.2200000000E+001
 0.8181818    0.1500000000E+000    0.2125000000E+001
 0.8282828    0.5000000000E+000    0.2375000000E+001
 0.8383838    0.3250000000E+000    0.2125000000E+001
 0.8484848    0.1000000000E+000    0.1975000000E+001
 0.8585859    0.2250000000E+000    0.2050000000E+001
 0.8686869    0.5750000000E+000    0.2575000000E+001
 0.8787879    0.0000000000E+000    0.1975000000E+001
 0.8888889    0.4750000000E+000    0.2300000000E+001
 0.8989899    0.3750000000E+000    0.2150000000E+001
 0.9090909    0.5000000000E+000    0.2475000000E+001
 0.9191919    0.6250000000E+000    0.2275000000E+001
 0.9292929    0.5250000000E+000    0.2475000000E+001
 0.9393939    0.2000000000E+000    0.2100000000E+001
 0.9494949    0.2500000000E+000    0.2100000000E+001
 0.9595960    0.1250000000E+000    0.2125000000E+001
 0.9696970    0.8500000000E+000    0.2875000000E+001
 0.9797980    0.1750000000E+000    0.2250000000E+001
 0.9898990    0.1000000000E+000    0.2300000000E+001
 1.0000000    0.4750000000E+000    0.2250000000E+001


# Weightfunction after cycle       5878
 0.0000000    0.4706250000E+001    0.2875000000E+001
 0.0101010    0.4756250000E+001    0.2831250000E+001
 0.0202020    0.4693750000E+001    0.2743750000E+001
 0.0303030    0.4525000000E+001    0.2468750000E+001
 0.0404040    0.4793750000E+001    0.2750000000E+001
 0.0505051    0.4643750000E+001    0.2506250000E+001
 0.0606061    0.5062500000E+001    0.2712500000E+001
 0.0707071    0.5487500000E+001    0.2712500000E+001
 0.0808081    0.5818750000E+001    0.2656250000E+001
 0.0909091    0.5643750000E+001    0.2450000000E+001
 0.1010101    0.5993750000E+001    0.2806250000E+001
 0.1111111    0.6081250000E+001    0.2631250000E+001
 0.1212121    0.6531250000E+001    0.2512500000E+001
 0.1313131    0.6325000000E+001    0.2737500000E+001
 0.1414141    0.6143750000E+001    0.2512500000E+001
 0.1515152    0.6381250000E+001    0.2706250000E+001
 0.1616162    0.6550000000E+001    0.2637500000E+001
 0.1717172    0.6306250000E+001    0.2675000000E+001
 0.1818182    0.6787500000E+001    0.2662500000E+001
 0.1919192    0.6475000000E+001    0.2725000000E+001
 0.2020202    0.6062500000E+001    0.2581250000E+001
 0.2121212    0.6325000000E+001    0.2575000000E+001
 0.2222222    0.6025000000E+001    0.2575000000E+001
 0.2323232    0.5750000000E+001    0.2468750000E+001
 0.2424242    0.5631250000E+001    0.2475000000E+001
 0.2525253    0.5600000000E+001    0.2500000000E+001
 0.2626263    0.5293750000E+001    0.2418750000E+001
 0.2727273    0.5350000000E+001    0.2306250000E+001
 0.2828283    0.4956250000E+001    0.2662500000E+001
 0.2929293    0.4731250000E+001    0.2462500000E+001
 0.3030303    0.4493750000E+001    0.2525000000E+001
 0.3131313    0.4318750000E+001    0.2568750000E+001
 0.3232323    0.4193750000E+001    0.2562500000E+001
 0.3333333    0.4050000000E+001    0.2556250000E+001
 0.3434343    0.3931250000E+001    0.2487500000E+001
 0.3535354    0.3737500000E+001    0.2350000000E+001
 0.3636364    0.3687500000E+001    0.2637500000E+001
 0.3737374    0.3337500000E+001    0.2425000000E+001
 0.3838384    0.3325000000E+001    0.2212500000E+001
 0.3939394    0.3043750000E+001    0.2393750000E+001
 0.4040404    0.2831250000E+001    0.2368750000E+001
 0.4141414    0.2381250000E+001    0.2412500000E+001
 0.4242424    0.2300000000E+001    0.2287500000E+001
 0.4343434    0.1868750000E+001    0.2400000000E+001
 0.4444444    0.1762500000E+001    0.2506250000E+001
 0.4545455    0.1431250000E+001    0.2350000000E+001
 0.4646465    0.1250000000E+001    0.2431250000E+001
 0.4747475    0.9312500000E+000    0.2243750000E+001
 0.4848485    0.8625000000E+000    0.2350000000E+001
 0.4949495    0.5375000000E+000    0.2250000000E+001
 0.5050505    0.1500000000E+000    0.2312500000E+001
 0.5151515    0.3687500000E+000    0.2256250000E+001
 0.5252525    0.4500000000E+000    0.2193750000E+001
 0.5353535    0.2375000000E+000    0.2362500000E+001
 0.5454545    0.3062500000E+000    0.2300000000E+001
 0.5555556    0.1312500000E+000    0.2606250000E+001
 0.5656566    0.4500000000E+000    0.2312500000E+001
 0.5757576    0.2062500000E+000    0.2187500000E+001
 0.5858586    0.4062500000E+000    0.2237500000E+001
 0.5959596    0.0000000000E+000    0.2531250000E+001
 0.6060606    0.4000000000E+000    0.2368750000E+001
 0.6161616    0.1937500000E+000    0.2331250000E+001
 0.6262626    0.2812500000E+000    0.2356250000E+001
 0.6363636    0.3437500000E+000    0.2318750000E+001
 0.6464646    0.3562500000E+000    0.2312500000E+001
 0.6565657    0.2687500000E+000    0.2212500000E+001
 0.6666667    0.3687500000E+000    0.2293750000E+001
 0.6767677    0.3312500000E+000    0.2031250000E+001
 0.6868687    0.3875000000E+000    0.2200000000E+001
 0.6969697    0.2812500000E+000    0.2518750000E+001
 0.7070707    0.2375000000E+000    0.2331250000E+001
 0.7171717    0.3375000000E+000    0.2268750000E+001
 0.7272727    0.4125000000E+000    0.2318750000E+001
 0.7373737    0.6250000000E-001    0.2100000000E+001
 0.7474747    0.2937500000E+000    0.2256250000E+001
 0.7575758    0.2562500000E+000    0.2212500000E+001
 0.7676768    0.3000000000E+000    0.2275000000E+001
 0.7777778    0.1500000000E+000    0.2081250000E+001
 0.7878788    0.3500000000E+000    0.2400000000E+001
 0.7979798    0.2375000000E+000    0.2268750000E+001
 0.8080808    0.2437500000E+000    0.2262500000E+001
 0.8181818    0.1625000000E+000    0.2168750000E+001
 0.8282828    0.1875000000E+000    0.2131250000E+001
 0.8383838    0.2437500000E+000    0.2268750000E+001
 0.8484848    0.3687500000E+000    0.2337500000E+001
 0.8585859    0.2250000000E+000    0.2193750000E+001
 0.8686869    0.2125000000E+000    0.2218750000E+001
 0.8787879    0.2500000000E+000    0.2281250000E+001
 0.8888889    0.1250000000E+000    0.2218750000E+001
 0.8989899    0.1562500000E+000    0.2243750000E+001
 0.9090909    0.2875000000E+000    0.2387500000E+001
 0.9191919    0.2062500000E+000    0.2256250000E+001
 0.9292929    0.2687500000E+000    0.2293750000E+001
 0.9393939    0.3312500000E+000    0.2412500000E+001
 0.9494949    0.2500000000E-001    0.2168750000E+001
 0.9595960    0.2437500000E+000    0.2262500000E+001
 0.9696970    0.2750000000E+000    0.2375000000E+001
 0.9797980    0.1687500000E+000    0.2231250000E+001
 0.9898990    0.1437500000E+000    0.2312500000E+001
 1.0000000    0.3625000000E+000    0.2487500000E+001


# Weightfunction after cycle      12562
 0.0000000    0.4673437500E+001    0.2826562500E+001
 0.0101010    0.4640625000E+001    0.2700000000E+001
 0.0202020    0.4606250000E+001    0.2723437500E+001
 0.0303030    0.4768750000E+001    0.2771875000E+001
 0.0404040    0.4923437500E+001    0.2854687500E+001
 0.0505051    0.5004687500E+001    0.2807812500E+001
 0.0606061    0.5181250000E+001    0.2803125000E+001
 0.0707071    0.5417187500E+001    0.2879687500E+001
 0.0808081    0.5573437500E+001    0.2795312500E+001
 0.0909091    0.5679687500E+001    0.2625000000E+001
 0.1010101    0.5903125000E+001    0.2696875000E+001
 0.1111111    0.6087500000E+001    0.2675000000E+001
 0.1212121    0.6100000000E+001    0.2776562500E+001
 0.1313131    0.6398437500E+001    0.2834375000E+001
 0.1414141    0.6504687500E+001    0.2828125000E+001
 0.1515152    0.6406250000E+001    0.2745312500E+001
 0.1616162    0.6353125000E+001    0.2673437500E+001
 0.1717172    0.6206250000E+001    0.2729687500E+001
 0.1818182    0.6371875000E+001    0.2623437500E+001
 0.1919192    0.6300000000E+001    0.2753125000E+001
 0.2020202    0.6271875000E+001    0.2900000000E+001
 0.2121212    0.6167187500E+001    0.2732812500E+001
 0.2222222    0.6292187500E+001    0.2665625000E+001
 0.2323232    0.6250000000E+001    0.2782812500E+001
 0.2424242    0.6020312500E+001    0.2656250000E+001
 0.2525253    0.6017187500E+001    0.2812500000E+001
 0.2626263    0.5643750000E+001    0.2750000000E+001
 0.2727273    0.5806250000E+001    0.2640625000E+001
 0.2828283    0.5668750000E+001    0.2593750000E+001
 0.2929293    0.5471875000E+001    0.2642187500E+001
 0.3030303    0.5225000000E+001    0.2796875000E+001
 0.3131313    0.4935937500E+001    0.2689062500E+001
 0.3232323    0.4906250000E+001    0.2606250000E+001
 0.3333333    0.4639062500E+001    0.2604687500E+001
 0.3434343    0.4435937500E+001    0.2520312500E+001
 0.3535354    0.4290625000E+001    0.2579687500E+001
 0.3636364    0.3976562500E+001    0.2642187500E+001
 0.3737374    0.3607812500E+001    0.2650000000E+001
 0.3838384    0.3412500000E+001    0.2492187500E+001
 0.3939394    0.3142187500E+001    0.2576562500E+001
 0.4040404    0.2857812500E+001    0.2573437500E+001
 0.4141414    0.2692187500E+001    0.2640625000E+001
 0.4242424    0.2395312500E+001    0.2518750000E+001
 0.4343434    0.2148437500E+001    0.2490625000E+001
 0.4444444    0.1920312500E+001    0.2587500000E+001
 0.4545455    0.1601562500E+001    0.2475000000E+001
 0.4646465    0.1298437500E+001    0.2348437500E+001
 0.4747475    0.1067187500E+001    0.2525000000E+001
 0.4848485    0.9312500000E+000    0.2414062500E+001
 0.4949495    0.4984375000E+000    0.2489062500E+001
 0.5050505    0.4468750000E+000    0.2487500000E+001
 0.5151515    0.3828125000E+000    0.2418750000E+001
 0.5252525    0.3437500000E+000    0.2450000000E+001
 0.5353535    0.3765625000E+000    0.2475000000E+001
 0.5454545    0.3343750000E+000    0.2575000000E+001
 0.5555556    0.3546875000E+000    0.2450000000E+001
 0.5656566    0.3828125000E+000    0.2456250000E+001
 0.5757576    0.2734375000E+000    0.2446875000E+001
 0.5858586    0.2734375000E+000    0.2404687500E+001
 0.5959596    0.3062500000E+000    0.2456250000E+001
 0.6060606    0.3421875000E+000    0.2442187500E+001
 0.6161616    0.3109375000E+000    0.2442187500E+001
 0.6262626    0.2531250000E+000    0.2412500000E+001
 0.6363636    0.2953125000E+000    0.2468750000E+001
 0.6464646    0.2875000000E+000    0.2451562500E+001
 0.6565657    0.2578125000E+000    0.2390625000E+001
 0.6666667    0.3093750000E+000    0.2471875000E+001
 0.6767677    0.2984375000E+000    0.2425000000E+001
 0.6868687    0.3312500000E+000    0.2482812500E+001
 0.6969697    0.2859375000E+000    0.2403125000E+001
 0.7070707    0.1968750000E+000    0.2417187500E+001
 0.7171717    0.2687500000E+000    0.2471875000E+001
 0.7272727    0.2875000000E+000    0.2487500000E+001
 0.7373737    0.2281250000E+000    0.2423437500E+001
 0.7474747    0.2765625000E+000    0.2434375000E+001
 0.7575758    0.2140625000E+000    0.2437500000E+001
 0.7676768    0.2921875000E+000    0.2468750000E+001
 0.7777778    0.2765625000E+000    0.2479687500E+001
 0.7878788    0.2968750000E+000    0.2523437500E+001
 0.7979798    0.2562500000E+000    0.2525000000E+001
 0.8080808    0.2546875000E+000    0.2489062500E+001
 0.8181818    0.2093750000E+000    0.2479687500E+001
 0.8282828    0.2140625000E+000    0.2456250000E+001
 0.8383838    0.2781250000E+000    0.2470312500E+001
 0.8484848    0.1609375000E+000    0.2460937500E+001
 0.8585859    0.1640625000E+000    0.2385937500E+001
 0.8686869    0.1812500000E+000    0.2453125000E+001
 0.8787879    0.1546875000E+000    0.2432812500E+001
 0.8888889    0.2171875000E+000    0.2518750000E+001
 0.8989899    0.2046875000E+000    0.2509375000E+001
 0.9090909    0.1250000000E+000    0.2409375000E+001
 0.9191919    0.1468750000E+000    0.2440625000E+001
 0.9292929    0.1890625000E+000    0.2542187500E+001
 0.9393939    0.1437500000E+000    0.2484375000E+001
 0.9494949    0.2234375000E+000    0.2470312500E+001
 0.9595960    0.1937500000E+000    0.2531250000E+001
 0.9696970    0.1859375000E+000    0.2470312500E+001
 0.9797980    0.1234375000E+000    0.2409375000E+001
 0.9898990    0.3125000000E-002    0.2353125000E+001
 1.0000000    0.0000000000E+000    0.2378125000E+001


# Weightfunction after cycle      68859
 0.0000000    0.6300390625E+001    0.4553125000E+001
 0.0101010    0.6352734375E+001    0.4587109375E+001
 0.0202020    0.6341406250E+001    0.4554687500E+001
 0.0303030    0.6440625000E+001    0.4575781250E+001
 0.0404040    0.6599218750E+001    0.4602734375E+001
 0.0505051    0.6721875000E+001    0.4596875000E+001
 0.0606061    0.6846484375E+001    0.4605468750E+001
 0.0707071    0.7060156250E+001    0.4587109375E+001
 0.0808081    0.7202343750E+001    0.4562109375E+001
 0.0909091    0.7466015625E+001    0.4584765625E+001
 0.1010101    0.7481250000E+001    0.4532031250E+001
 0.1111111    0.7627734375E+001    0.4509375000E+001
 0.1212121    0.7690234375E+001    0.4539453125E+001
 0.1313131    0.7820703125E+001    0.4543750000E+001
 0.1414141    0.7729687500E+001    0.4526562500E+001
 0.1515152    0.7725000000E+001    0.4508984375E+001
 0.1616162    0.7708203125E+001    0.4553906250E+001
 0.1717172    0.7526953125E+001    0.4566796875E+001
 0.1818182    0.7450390625E+001    0.4582812500E+001
 0.1919192    0.7331250000E+001    0.4546093750E+001
 0.2020202    0.7189843750E+001    0.4558984375E+001
 0.2121212    0.7037890625E+001    0.4562109375E+001
 0.2222222    0.6876953125E+001    0.4565234375E+001
 0.2323232    0.6726562500E+001    0.4519531250E+001
 0.2424242    0.6494140625E+001    0.4507421875E+001
 0.2525253    0.6325000000E+001    0.4562890625E+001
 0.2626263    0.6089062500E+001    0.4561718750E+001
 0.2727273    0.5957421875E+001    0.4595312500E+001
 0.2828283    0.5678906250E+001    0.4558984375E+001
 0.2929293    0.5485937500E+001    0.4574218750E+001
 0.3030303    0.5269140625E+001    0.4557031250E+001
 0.3131313    0.5039843750E+001    0.4526953125E+001
 0.3232323    0.4781250000E+001    0.4533593750E+001
 0.3333333    0.4566406250E+001    0.4533593750E+001
 0.3434343    0.4273046875E+001    0.4526171875E+001
 0.3535354    0.4070703125E+001    0.4588281250E+001
 0.3636364    0.3789062500E+001    0.4521875000E+001
 0.3737374    0.3539843750E+001    0.4542968750E+001
 0.3838384    0.3351953125E+001    0.4555468750E+001
 0.3939394    0.3051562500E+001    0.4527343750E+001
 0.4040404    0.2763671875E+001    0.4494140625E+001
 0.4141414    0.2552343750E+001    0.4564843750E+001
 0.4242424    0.2294921875E+001    0.4551562500E+001
 0.4343434    0.1979687500E+001    0.4503515625E+001
 0.4444444    0.1680078125E+001    0.4566406250E+001
 0.4545455    0.1451171875E+001    0.4511718750E+001
 0.4646465    0.1101953125E+001    0.4554687500E+001
 0.4747475    0.9019531250E+000    0.4531640625E+001
 0.4848485    0.6777343750E+000    0.4578515625E+001
 0.4949495    0.3703125000E+000    0.4552734375E+001
 0.5050505    0.1859375000E+000    0.4531640625E+001
 0.5151515    0.1902343750E+000    0.4545312500E+001
 0.5252525    0.1953125000E+000    0.4550000000E+001
 0.5353535    0.2042968750E+000    0.4533984375E+001
 0.5454545    0.1773437500E+000    0.4589843750E+001
 0.5555556    0.1839843750E+000    0.4510156250E+001
 0.5656566    0.2160156250E+000    0.4527734375E+001
 0.5757576    0.2027343750E+000    0.4508203125E+001
 0.5858586    0.2000000000E+000    0.4523046875E+001
 0.5959596    0.1839843750E+000    0.4512109375E+001
 0.6060606    0.1703125000E+000    0.4533203125E+001
 0.6161616    0.1382812500E+000    0.4510156250E+001
 0.6262626    0.1652343750E+000    0.4541796875E+001
 0.6363636    0.1488281250E+000    0.4543750000E+001
 0.6464646    0.1992187500E+000    0.4519531250E+001
 0.6565657    0.1664062500E+000    0.4560156250E+001
 0.6666667    0.1644531250E+000    0.4549609375E+001
 0.6767677    0.1703125000E+000    0.4516015625E+001
 0.6868687    0.1410156250E+000    0.4564843750E+001
 0.6969697    0.1296875000E+000    0.4539843750E+001
 0.7070707    0.1437500000E+000    0.4528906250E+001
 0.7171717    0.1308593750E+000    0.4543359375E+001
 0.7272727    0.1609375000E+000    0.4545312500E+001
 0.7373737    0.1542968750E+000    0.4572265625E+001
 0.7474747    0.1371093750E+000    0.4532421875E+001
 0.7575758    0.1648437500E+000    0.4551171875E+001
 0.7676768    0.1199218750E+000    0.4551562500E+001
 0.7777778    0.7968750000E-001    0.4498437500E+001
 0.7878788    0.1488281250E+000    0.4551171875E+001
 0.7979798    0.9414062500E-001    0.4556250000E+001
 0.8080808    0.1140625000E+000    0.4549609375E+001
 0.8181818    0.1132812500E+000    0.4533984375E+001
 0.8282828    0.9921875000E-001    0.4556640625E+001
 0.8383838    0.7890625000E-001    0.4526171875E+001
 0.8484848    0.5507812500E-001    0.4545703125E+001
 0.8585859    0.4843750000E-001    0.4505859375E+001
 0.8686869    0.3281250000E-001    0.4502343750E+001
 0.8787879    0.8320312500E-001    0.4541015625E+001
 0.8888889    0.8164062500E-001    0.4544140625E+001
 0.8989899    0.5507812500E-001    0.4528125000E+001
 0.9090909    0.2265625000E-001    0.4512890625E+001
 0.9191919    0.5937500000E-001    0.4555468750E+001
 0.9292929    0.5507812500E-001    0.4527343750E+001
 0.9393939    0.6484375000E-001    0.4545312500E+001
 0.9494949    0.6210937500E-001    0.4562109375E+001
 0.9595960    0.3242187500E-001    0.4561328125E+001
 0.9696970    0.3554687500E-001    0.4542578125E+001
 0.9797980    0.2539062500E-001    0.4558593750E+001
 0.9898990    0.5859375000E-002    0.4538281250E+001
 1.0000000    0.0000000000E+000    0.4552343750E+001


# Weightfunction after cycle      92964
 0.0000000    0.6163671875E+001    0.4404296875E+001
 0.0101010    0.6182031250E+001    0.4426367187E+001
 0.0202020    0.6205566406E+001    0.4405761719E+001
 0.0303030    0.6306250000E+001    0.4415527344E+001
 0.0404040    0.6395117187E+001    0.4409960937E+001
 0.0505051    0.6551757812E+001    0.4427832031E+001
 0.0606061    0.6690332031E+001    0.4411621094E+001
 0.0707071    0.6887207031E+001    0.4412890625E+001
 0.0808081    0.7074902344E+001    0.4427539062E+001
 0.0909091    0.7251660156E+001    0.4407128906E+001
 0.1010101    0.7375976562E+001    0.4399316406E+001
 0.1111111    0.7447558594E+001    0.4372851562E+001
 0.1212121    0.7555371094E+001    0.4407910156E+001
 0.1313131    0.7583984375E+001    0.4420996094E+001
 0.1414141    0.7534179687E+001    0.4402148437E+001
 0.1515152    0.7546093750E+001    0.4394531250E+001
 0.1616162    0.7470605469E+001    0.4406347656E+001
 0.1717172    0.7353027344E+001    0.4428613281E+001
 0.1818182    0.7238085937E+001    0.4393164062E+001
 0.1919192    0.7154882812E+001    0.4400878906E+001
 0.2020202    0.7000390625E+001    0.4425292969E+001
 0.2121212    0.6850683594E+001    0.4415917969E+001
 0.2222222    0.6725781250E+001    0.4411816406E+001
 0.2323232    0.6570507812E+001    0.4408984375E+001
 0.2424242    0.6360058594E+001    0.4367871094E+001
 0.2525253    0.6130957031E+001    0.4408789062E+001
 0.2626263    0.5981152344E+001    0.4387597656E+001
 0.2727273    0.5798535156E+001    0.4424804687E+001
 0.2828283    0.5562695312E+001    0.4398046875E+001
 0.2929293    0.5352539062E+001    0.4423339844E+001
 0.3030303    0.5159667969E+001    0.4402832031E+001
 0.3131313    0.4941601562E+001    0.4401367187E+001
 0.3232323    0.4712988281E+001    0.4389062500E+001
 0.3333333    0.4441699219E+001    0.4400488281E+001
 0.3434343    0.4203613281E+001    0.4402929687E+001
 0.3535354    0.3995800781E+001    0.4427343750E+001
 0.3636364    0.3749707031E+001    0.4414355469E+001
 0.3737374    0.3485156250E+001    0.4397558594E+001
 0.3838384    0.3250683594E+001    0.4410156250E+001
 0.3939394    0.2988867187E+001    0.4398437500E+001
 0.4040404    0.2693457031E+001    0.4384863281E+001
 0.4141414    0.2498535156E+001    0.4387988281E+001
 0.4242424    0.2197460937E+001    0.4406542969E+001
 0.4343434    0.1937402344E+001    0.4392871094E+001
 0.4444444    0.1669140625E+001    0.4407128906E+001
 0.4545455    0.1426367187E+001    0.4412988281E+001
 0.4646465    0.1097363281E+001    0.4404882812E+001
 0.4747475    0.8683593750E+000    0.4401660156E+001
 0.4848485    0.6177734375E+000    0.4412207031E+001
 0.4949495    0.3134765625E+000    0.4396972656E+001
 0.5050505    0.1709960937E+000    0.4399121094E+001
 0.5151515    0.1691406250E+000    0.4384960937E+001
 0.5252525    0.1636718750E+000    0.4409472656E+001
 0.5353535    0.1709960937E+000    0.4409667969E+001
 0.5454545    0.1762695312E+000    0.4413867187E+001
 0.5555556    0.1674804687E+000    0.4373046875E+001
 0.5656566    0.1718750000E+000    0.4410742187E+001
 0.5757576    0.1567382812E+000    0.4388964844E+001
 0.5858586    0.1967773437E+000    0.4400585937E+001
 0.5959596    0.1955078125E+000    0.4373144531E+001
 0.6060606    0.1599609375E+000    0.4418847656E+001
 0.6161616    0.1302734375E+000    0.4395898437E+001
 0.6262626    0.1496093750E+000    0.4396875000E+001
 0.6363636    0.1611328125E+000    0.4395605469E+001
 0.6464646    0.1690429687E+000    0.4397851562E+001
 0.6565657    0.1610351562E+000    0.4396777344E+001
 0.6666667    0.1583007812E+000    0.4422656250E+001
 0.6767677    0.1434570312E+000    0.4389160156E+001
 0.6868687    0.1259765625E+000    0.4418750000E+001
 0.6969697    0.1304687500E+000    0.4406542969E+001
 0.7070707    0.1113281250E+000    0.4392578125E+001
 0.7171717    0.1298828125E+000    0.4410449219E+001
 0.7272727    0.1372070312E+000    0.4419824219E+001
 0.7373737    0.1349609375E+000    0.4416503906E+001
 0.7474747    0.1269531250E+000    0.4406542969E+001
 0.7575758    0.1367187500E+000    0.4412597656E+001
 0.7676768    0.1263671875E+000    0.4418945312E+001
 0.7777778    0.1053710937E+000    0.4378906250E+001
 0.7878788    0.1277343750E+000    0.4419726562E+001
 0.7979798    0.9873046875E-001    0.4423925781E+001
 0.8080808    0.1076171875E+000    0.4401562500E+001
 0.8181818    0.1154296875E+000    0.4414160156E+001
 0.8282828    0.9951171875E-001    0.4421875000E+001
 0.8383838    0.8212890625E-001    0.4413964844E+001
 0.8484848    0.6757812500E-001    0.4402929687E+001
 0.8585859    0.7500000000E-001    0.4410253906E+001
 0.8686869    0.5722656250E-001    0.4393652344E+001
 0.8787879    0.5341796875E-001    0.4408886719E+001
 0.8888889    0.5859375000E-001    0.4403222656E+001
 0.8989899    0.5498046875E-001    0.4393750000E+001
 0.9090909    0.3193359375E-001    0.4394531250E+001
 0.9191919    0.4375000000E-001    0.4427148437E+001
 0.9292929    0.4365234375E-001    0.4400683594E+001
 0.9393939    0.4423828125E-001    0.4410742187E+001
 0.9494949    0.4023437500E-001    0.4435058594E+001
 0.9595960    0.2656250000E-001    0.4412011719E+001
 0.9696970    0.2587890625E-001    0.4440234375E+001
 0.9797980    0.5273437500E-002    0.4401757812E+001
 0.9898990    0.5957031250E-002    0.4409082031E+001
 1.0000000    0.0000000000E+000    0.4402148437E+001


