# Cycle, (volume(Ib), Ib=1,N_Box)
       100   0.2510551147E+005   0.1268944885E+006
       200   0.2655162069E+005   0.1254483793E+006
       300   0.2708022762E+005   0.1249197724E+006
       400   0.2618294466E+005   0.1258170553E+006
       500   0.2751400993E+005   0.1244859901E+006
       600   0.2675845935E+005   0.1252415406E+006
       700   0.2615022469E+005   0.1258497753E+006
       800   0.2682845434E+005   0.1251715457E+006
       900   0.2590078087E+005   0.1260992191E+006
      1000   0.2630339078E+005   0.1256966092E+006
      1100   0.2518691091E+005   0.1268130891E+006
      1200   0.2657160890E+005   0.1254283911E+006
      1300   0.2583172542E+005   0.1261682746E+006
      1400   0.2537835920E+005   0.1266216408E+006
      1500   0.2420551356E+005   0.1277944864E+006
      1600   0.2384341833E+005   0.1281565817E+006
      1700   0.2353972514E+005   0.1284602749E+006
      1800   0.2239010681E+005   0.1296098932E+006
      1900   0.2206750760E+005   0.1299324924E+006
      2000   0.2212708137E+005   0.1298729186E+006
      2100   0.2302669212E+005   0.1289733079E+006
      2200   0.2280005372E+005   0.1291999463E+006
      2300   0.2280741710E+005   0.1291925829E+006
      2400   0.2315467366E+005   0.1288453263E+006
      2500   0.2333551029E+005   0.1286644897E+006
      2600   0.2364818995E+005   0.1283518100E+006
      2700   0.2273854004E+005   0.1292614600E+006
      2800   0.2230834794E+005   0.1296916521E+006
      2900   0.2148585725E+005   0.1305141427E+006
      3000   0.2062891793E+005   0.1313710821E+006
      3100   0.2117241861E+005   0.1308275814E+006
      3200   0.2093055142E+005   0.1310694486E+006
      3300   0.2114657456E+005   0.1308534254E+006
      3400   0.2220482978E+005   0.1297951702E+006
      3500   0.2224311079E+005   0.1297568892E+006
      3600   0.2264938188E+005   0.1293506181E+006
      3700   0.2230564244E+005   0.1296943576E+006
      3800   0.2218672627E+005   0.1298132737E+006
      3900   0.2206112275E+005   0.1299388772E+006
      4000   0.2280523906E+005   0.1291947609E+006
      4100   0.2214084530E+005   0.1298591547E+006
      4200   0.2294304755E+005   0.1290569524E+006
      4300   0.2300281727E+005   0.1289971827E+006
      4400   0.2340513177E+005   0.1285948682E+006
      4500   0.2304012601E+005   0.1289598740E+006
      4600   0.2242811238E+005   0.1295718876E+006
      4700   0.2329915901E+005   0.1287008410E+006
      4800   0.2276227260E+005   0.1292377274E+006
      4900   0.2190044140E+005   0.1300995586E+006
      5000   0.2092182809E+005   0.1310781719E+006
      5100   0.2057601536E+005   0.1314239846E+006
      5200   0.2087673825E+005   0.1311232617E+006
      5300   0.2003956279E+005   0.1319604372E+006
      5400   0.1961891195E+005   0.1323810880E+006
      5500   0.2076825798E+005   0.1312317420E+006
      5600   0.1986440343E+005   0.1321355966E+006
      5700   0.2028454000E+005   0.1317154600E+006
      5800   0.1978577456E+005   0.1322142254E+006
      5900   0.1965329133E+005   0.1323467087E+006
      6000   0.1960122318E+005   0.1323987768E+006
      6100   0.1913655761E+005   0.1328634424E+006
      6200   0.1975240392E+005   0.1322475961E+006
      6300   0.2027318881E+005   0.1317268112E+006
      6400   0.1927368068E+005   0.1327263193E+006
      6500   0.2024227796E+005   0.1317577220E+006
      6600   0.1932991855E+005   0.1326700814E+006
      6700   0.1904001215E+005   0.1329599878E+006
      6800   0.1870645434E+005   0.1332935457E+006
      6900   0.1935475686E+005   0.1326452431E+006
      7000   0.1916782267E+005   0.1328321773E+006
      7100   0.1913562307E+005   0.1328643769E+006
      7200   0.1899095595E+005   0.1330090441E+006
      7300   0.1836391821E+005   0.1336360818E+006
      7400   0.1895691637E+005   0.1330430836E+006
      7500   0.1837656879E+005   0.1336234312E+006
      7600   0.1945195107E+005   0.1325480489E+006
      7700   0.1893517669E+005   0.1330648233E+006
      7800   0.1913499174E+005   0.1328650083E+006
      7900   0.1813301554E+005   0.1338669845E+006
      8000   0.1839002122E+005   0.1336099788E+006
      8100   0.1750599893E+005   0.1344940011E+006
      8200   0.1710730648E+005   0.1348926935E+006
      8300   0.1767513617E+005   0.1343248638E+006
      8400   0.1691491310E+005   0.1350850869E+006
      8500   0.1690773577E+005   0.1350922642E+006
      8600   0.1892900385E+005   0.1330709961E+006
      8700   0.1872243960E+005   0.1332775604E+006
      8800   0.1854426001E+005   0.1334557400E+006
      8900   0.1808350988E+005   0.1339164901E+006
      9000   0.1731277193E+005   0.1346872281E+006
      9100   0.1746977371E+005   0.1345302263E+006
      9200   0.1741837784E+005   0.1345816222E+006
      9300   0.1849685292E+005   0.1335031471E+006
      9400   0.1835268399E+005   0.1336473160E+006
      9500   0.1906444049E+005   0.1329355595E+006
      9600   0.1884032905E+005   0.1331596710E+006
      9700   0.1852577488E+005   0.1334742251E+006
      9800   0.1841832056E+005   0.1335816794E+006
      9900   0.1883031649E+005   0.1331696835E+006
     10000   0.1814935680E+005   0.1338506432E+006
     10100   0.1769315086E+005   0.1343068491E+006
     10200   0.1786642641E+005   0.1341335736E+006
     10300   0.1807225174E+005   0.1339277483E+006
     10400   0.1832968793E+005   0.1336703121E+006
     10500   0.1868970191E+005   0.1333102981E+006
     10600   0.1743135482E+005   0.1345686452E+006
     10700   0.1826812140E+005   0.1337318786E+006
     10800   0.1799882502E+005   0.1340011750E+006
     10900   0.1753232695E+005   0.1344676731E+006
     11000   0.1851204106E+005   0.1334879589E+006
     11100   0.1857874556E+005   0.1334212544E+006
     11200   0.1840954443E+005   0.1335904556E+006
     11300   0.1767003427E+005   0.1343299657E+006
     11400   0.1807627879E+005   0.1339237212E+006
     11500   0.1761374704E+005   0.1343862530E+006
     11600   0.1662829103E+005   0.1353717090E+006
     11700   0.1731236437E+005   0.1346876356E+006
     11800   0.1772565812E+005   0.1342743419E+006
     11900   0.1809007918E+005   0.1339099208E+006
     12000   0.1787739604E+005   0.1341226040E+006
     12100   0.1890872122E+005   0.1330912788E+006
     12200   0.1845563071E+005   0.1335443693E+006
     12300   0.1789398598E+005   0.1341060140E+006
     12400   0.1770085115E+005   0.1342991488E+006
     12500   0.1769574804E+005   0.1343042520E+006
     12600   0.1795618274E+005   0.1340438173E+006
     12700   0.1817787080E+005   0.1338221292E+006
     12800   0.1851874727E+005   0.1334812527E+006
     12900   0.1874055329E+005   0.1332594467E+006
     13000   0.1837510419E+005   0.1336248958E+006
     13100   0.1769708880E+005   0.1343029112E+006
     13200   0.1759663170E+005   0.1344033683E+006
     13300   0.1754818027E+005   0.1344518197E+006
     13400   0.1824858605E+005   0.1337514139E+006
     13500   0.1849398324E+005   0.1335060168E+006
     13600   0.1826645660E+005   0.1337335434E+006
     13700   0.1860726458E+005   0.1333927354E+006
     13800   0.1873400865E+005   0.1332659914E+006
     13900   0.1837287652E+005   0.1336271235E+006
     14000   0.1825333134E+005   0.1337466687E+006
     14100   0.1777804619E+005   0.1342219538E+006
     14200   0.1805041627E+005   0.1339495837E+006
     14300   0.1920383958E+005   0.1327961604E+006
     14400   0.1859692288E+005   0.1334030771E+006
     14500   0.1726884781E+005   0.1347311522E+006
     14600   0.1746719535E+005   0.1345328047E+006
     14700   0.1736498558E+005   0.1346350144E+006
     14800   0.1742487987E+005   0.1345751201E+006
     14900   0.1716118844E+005   0.1348388116E+006
     15000   0.1720644225E+005   0.1347935578E+006
     15100   0.1663967497E+005   0.1353603250E+006
     15200   0.1694519178E+005   0.1350548082E+006
     15300   0.1710582419E+005   0.1348941758E+006
     15400   0.1651807754E+005   0.1354819225E+006
     15500   0.1654915398E+005   0.1354508460E+006
     15600   0.1672738480E+005   0.1352726152E+006
     15700   0.1747222598E+005   0.1345277740E+006
     15800   0.1674234954E+005   0.1352576505E+006
     15900   0.1706228340E+005   0.1349377166E+006
     16000   0.1702664914E+005   0.1349733509E+006
     16100   0.1731956969E+005   0.1346804303E+006
     16200   0.1656787060E+005   0.1354321294E+006
     16300   0.1629007390E+005   0.1357099261E+006
     16400   0.1684151891E+005   0.1351584811E+006
     16500   0.1664952159E+005   0.1353504784E+006
     16600   0.1655329315E+005   0.1354467069E+006
     16700   0.1667439984E+005   0.1353256002E+006
     16800   0.1708418896E+005   0.1349158110E+006
     16900   0.1763658856E+005   0.1343634114E+006
     17000   0.1764952672E+005   0.1343504733E+006
     17100   0.1700039834E+005   0.1349996017E+006
     17200   0.1738308662E+005   0.1346169134E+006
     17300   0.1767502646E+005   0.1343249735E+006
     17400   0.1756304596E+005   0.1344369540E+006
     17500   0.1735928907E+005   0.1346407109E+006
     17600   0.1637043122E+005   0.1356295688E+006
     17700   0.1627545657E+005   0.1357245434E+006
     17800   0.1619579539E+005   0.1358042046E+006
     17900   0.1742094993E+005   0.1345790501E+006
     18000   0.1680858647E+005   0.1351914135E+006
     18100   0.1771215037E+005   0.1342878496E+006
     18200   0.1654349597E+005   0.1354565040E+006
     18300   0.1711736193E+005   0.1348826381E+006
     18400   0.1718281401E+005   0.1348171860E+006
     18500   0.1657721364E+005   0.1354227864E+006
     18600   0.1586238280E+005   0.1361376172E+006
     18700   0.1655463043E+005   0.1354453696E+006
     18800   0.1712638346E+005   0.1348736165E+006
     18900   0.1785844913E+005   0.1341415509E+006
     19000   0.1734539565E+005   0.1346546043E+006
     19100   0.1705332504E+005   0.1349466750E+006
     19200   0.1741412187E+005   0.1345858781E+006
     19300   0.1702307870E+005   0.1349769213E+006
     19400   0.1801566349E+005   0.1339843365E+006
     19500   0.1841065849E+005   0.1335893415E+006
     19600   0.1844809176E+005   0.1335519082E+006
     19700   0.1733588523E+005   0.1346641148E+006
     19800   0.1704527901E+005   0.1349547210E+006
     19900   0.1744704012E+005   0.1345529599E+006
     20000   0.1828848241E+005   0.1337115176E+006
     20100   0.1782700032E+005   0.1341729997E+006
     20200   0.1789567045E+005   0.1341043296E+006
     20300   0.1703598090E+005   0.1349640191E+006
     20400   0.1702765586E+005   0.1349723441E+006
     20500   0.1751194303E+005   0.1344880570E+006
     20600   0.1690490737E+005   0.1350950926E+006
     20700   0.1698629588E+005   0.1350137041E+006
     20800   0.1693008332E+005   0.1350699167E+006
     20900   0.1659878601E+005   0.1354012140E+006
     21000   0.1719927491E+005   0.1348007251E+006
     21100   0.1744665446E+005   0.1345533455E+006
     21200   0.1721457627E+005   0.1347854237E+006
     21300   0.1725552044E+005   0.1347444796E+006
     21400   0.1676119917E+005   0.1352388008E+006
     21500   0.1728966631E+005   0.1347103337E+006
     21600   0.1697493420E+005   0.1350250658E+006
     21700   0.1664557127E+005   0.1353544287E+006
     21800   0.1655208776E+005   0.1354479122E+006
     21900   0.1642507576E+005   0.1355749242E+006
     22000   0.1680724450E+005   0.1351927555E+006
     22100   0.1679275967E+005   0.1352072403E+006
     22200   0.1686818878E+005   0.1351318112E+006
     22300   0.1701293658E+005   0.1349870634E+006
     22400   0.1760116958E+005   0.1343988304E+006
     22500   0.1790519065E+005   0.1340948094E+006
     22600   0.1763311701E+005   0.1343668830E+006
     22700   0.1666060114E+005   0.1353393989E+006
     22800   0.1708938834E+005   0.1349106117E+006
     22900   0.1753442821E+005   0.1344655718E+006
     23000   0.1702539261E+005   0.1349746074E+006
     23100   0.1634512901E+005   0.1356548710E+006
     23200   0.1637995949E+005   0.1356200405E+006
     23300   0.1616995825E+005   0.1358300418E+006
     23400   0.1587545099E+005   0.1361245490E+006
     23500   0.1657421462E+005   0.1354257854E+006
     23600   0.1561608521E+005   0.1363839148E+006
     23700   0.1680337014E+005   0.1351966299E+006
     23800   0.1643888905E+005   0.1355611110E+006
     23900   0.1623773187E+005   0.1357622681E+006
     24000   0.1688823870E+005   0.1351117613E+006
     24100   0.1682649416E+005   0.1351735058E+006
     24200   0.1725894996E+005   0.1347410500E+006
     24300   0.1707918699E+005   0.1349208130E+006
     24400   0.1634242240E+005   0.1356575776E+006
     24500   0.1644582199E+005   0.1355541780E+006
     24600   0.1644930544E+005   0.1355506946E+006
     24700   0.1662575152E+005   0.1353742485E+006
     24800   0.1723784920E+005   0.1347621508E+006
     24900   0.1796520633E+005   0.1340347937E+006
     25000   0.1741119440E+005   0.1345888056E+006
     25100   0.1747447203E+005   0.1345255280E+006
     25200   0.1681604781E+005   0.1351839522E+006
     25300   0.1545002068E+005   0.1365499793E+006
     25400   0.1564169030E+005   0.1363583097E+006
     25500   0.1569073470E+005   0.1363092653E+006
     25600   0.1692472898E+005   0.1350752710E+006
     25700   0.1683933946E+005   0.1351606605E+006
     25800   0.1624693003E+005   0.1357530700E+006
     25900   0.1550009084E+005   0.1364999092E+006
     26000   0.1483243852E+005   0.1371675615E+006
     26100   0.1544053476E+005   0.1365594652E+006
     26200   0.1563142175E+005   0.1363685783E+006
     26300   0.1556291534E+005   0.1364370847E+006
     26400   0.1573270686E+005   0.1362672931E+006
     26500   0.1638371262E+005   0.1356162874E+006
     26600   0.1619038672E+005   0.1358096133E+006
     26700   0.1694841493E+005   0.1350515851E+006
     26800   0.1695698930E+005   0.1350430107E+006
     26900   0.1624679256E+005   0.1357532074E+006
     27000   0.1704045136E+005   0.1349595486E+006
     27100   0.1698687084E+005   0.1350131292E+006
     27200   0.1730357433E+005   0.1346964257E+006
     27300   0.1640598217E+005   0.1355940178E+006
     27400   0.1698869266E+005   0.1350113073E+006
     27500   0.1602675937E+005   0.1359732406E+006
     27600   0.1666301315E+005   0.1353369869E+006
     27700   0.1706234483E+005   0.1349376552E+006
     27800   0.1593600907E+005   0.1360639909E+006
     27900   0.1632924318E+005   0.1356707568E+006
     28000   0.1574015051E+005   0.1362598495E+006
     28100   0.1505281618E+005   0.1369471838E+006
     28200   0.1513800368E+005   0.1368619963E+006
