# Lambda, (Probability, Probability_biased(/observed)) per Fractional
 0.0000000   0.8602245066E-002   0.1076268905E+001   0.9691516138E+000   0.1017018807E+001
 0.0101010   0.8298922258E-002   0.1011990500E+001   0.9408224411E+000   0.9776958501E+000
 0.0202020   0.8230931393E-002   0.1097943404E+001   0.9499732449E+000   0.1040052486E+001
 0.0303030   0.7847875011E-002   0.1072404698E+001   0.9562968031E+000   0.1017343430E+001
 0.0404040   0.7139864032E-002   0.1061860347E+001   0.9615232696E+000   0.9966741674E+000
 0.0505051   0.6298023434E-002   0.1043084003E+001   0.9485502229E+000   0.9840914025E+000
 0.0606061   0.5416610868E-002   0.1016353148E+001   0.9568336055E+000   0.9940432697E+000
 0.0707071   0.4703515973E-002   0.1058443196E+001   0.9477255037E+000   0.9815089560E+000
 0.0808081   0.4083590381E-002   0.1080241022E+001   0.9611793504E+000   0.9938882260E+000
 0.0909091   0.3430354435E-002   0.1044456002E+001   0.9552558006E+000   0.1013065193E+001
 0.1010101   0.3038950345E-002   0.1089824460E+001   0.9526525966E+000   0.1028220714E+001
 0.1111111   0.2750767390E-002   0.1059989907E+001   0.9443531953E+000   0.9867465258E+000
 0.1212121   0.2608979880E-002   0.1079007764E+001   0.9516290551E+000   0.9783596309E+000
 0.1313131   0.2488273902E-002   0.1020181384E+001   0.9374941932E+000   0.9819740871E+000
 0.1414141   0.2527552653E-002   0.1024112393E+001   0.9605042552E+000   0.9742655084E+000
 0.1515152   0.2594711430E-002   0.1042225861E+001   0.9577582074E+000   0.9995812367E+000
 0.1616162   0.2733783668E-002   0.1097337053E+001   0.9576793331E+000   0.9801668590E+000
 0.1717172   0.2978569576E-002   0.1106067488E+001   0.9612802969E+000   0.1022445337E+001
 0.1818182   0.3149047469E-002   0.1026440166E+001   0.9764403806E+000   0.9985879880E+000
 0.1919192   0.3550272492E-002   0.1029353737E+001   0.9735287942E+000   0.1017629292E+001
 0.2020202   0.4057073828E-002   0.1087044492E+001   0.9673460147E+000   0.1006044621E+001
 0.2121212   0.4423535827E-002   0.9838413986E+000   0.9692236765E+000   0.9987866377E+000
 0.2222222   0.5222292550E-002   0.1037400741E+001   0.9526624737E+000   0.9860439841E+000
 0.2323232   0.6142268174E-002   0.1038264022E+001   0.9819879154E+000   0.1010162969E+001
 0.2424242   0.7135618145E-002   0.1044980136E+001   0.9641970725E+000   0.9858744050E+000
 0.2525253   0.8184491338E-002   0.9841959601E+000   0.9728280104E+000   0.9936314349E+000
 0.2626263   0.9930226548E-002   0.1019693220E+001   0.9791202850E+000   0.1007803398E+001
 0.2727273   0.1214560196E-001   0.1035869447E+001   0.9697367125E+000   0.9920228565E+000
 0.2828283   0.1453535397E-001   0.1034482032E+001   0.9764247436E+000   0.9903173759E+000
 0.2929293   0.1790630515E-001   0.1072517747E+001   0.9722788659E+000   0.9997847315E+000
 0.3030303   0.2172877305E-001   0.1031357780E+001   0.9716561057E+000   0.9999252399E+000
 0.3131313   0.2620139603E-001   0.1056917040E+001   0.9878800190E+000   0.1019504351E+001
 0.3232323   0.3190147717E-001   0.1019174224E+001   0.9852980116E+000   0.9982439848E+000
 0.3333333   0.3850806713E-001   0.1000176921E+001   0.9600897534E+000   0.9884084004E+000
 0.3434343   0.4773778559E-001   0.1005968092E+001   0.9974401056E+000   0.1004053278E+001
 0.3535354   0.5968333392E-001   0.1016425088E+001   0.9897986394E+000   0.9887039524E+000
 0.3636364   0.7467318556E-001   0.1023942820E+001   0.9832118305E+000   0.9800166604E+000
 0.3737374   0.9321205274E-001   0.1019431153E+001   0.9871770242E+000   0.9884956125E+000
 0.3838384   0.1152984193E+000   0.9956703928E+000   0.9920609586E+000   0.9881612995E+000
 0.3939394   0.1480517238E+000   0.1042169337E+001   0.9993914584E+000   0.1003074565E+001
 0.4040404   0.1833864553E+000   0.1002607466E+001   0.9957508116E+000   0.9779865570E+000
 0.4141414   0.2270824215E+000   0.1023927404E+001   0.1008824665E+001   0.9921827454E+000
 0.4242424   0.2891670375E+000   0.9830603355E+000   0.1000351921E+001   0.9939899734E+000
 0.4343434   0.3612902619E+000   0.9529277455E+000   0.9951543995E+000   0.9999930715E+000
 0.4444444   0.4584955856E+000   0.9739907548E+000   0.1014430582E+001   0.1036224845E+001
 0.4545455   0.5839428459E+000   0.9735693918E+000   0.1007534905E+001   0.9923668597E+000
 0.4646465   0.7486235013E+000   0.9862924977E+000   0.1016024990E+001   0.1016587592E+001
 0.4747475   0.9581709326E+000   0.9778652386E+000   0.1003865883E+001   0.9889462082E+000
 0.4848485   0.1207763470E+001   0.9579738238E+000   0.1026009412E+001   0.1022275758E+001
 0.4949495   0.1573843289E+001   0.9878083767E+000   0.1008313337E+001   0.9894549453E+000
 0.5050505   0.1740654241E+001   0.9656405742E+000   0.1007588597E+001   0.9931953745E+000
 0.5151515   0.1755533087E+001   0.9553377360E+000   0.1026120224E+001   0.1017803716E+001
 0.5252525   0.1745326085E+001   0.9807942250E+000   0.1023186628E+001   0.1002580363E+001
 0.5353535   0.1756645220E+001   0.9749876379E+000   0.1029412817E+001   0.9980986313E+000
 0.5454545   0.1754607772E+001   0.9725262616E+000   0.1024699631E+001   0.1007008799E+001
 0.5555556   0.1746679442E+001   0.9695510280E+000   0.1008825668E+001   0.9990870349E+000
 0.5656566   0.1745474737E+001   0.9662366486E+000   0.1029558455E+001   0.9884423162E+000
 0.5757576   0.1755056029E+001   0.9852031203E+000   0.1020317717E+001   0.9920858430E+000
 0.5858586   0.1780992783E+001   0.9802341206E+000   0.1028479627E+001   0.1008554391E+001
 0.5959596   0.1740005467E+001   0.9750390236E+000   0.1030161775E+001   0.1020017934E+001
 0.6060606   0.1760016731E+001   0.9645357811E+000   0.1021747026E+001   0.9887330231E+000
 0.6161616   0.1771895923E+001   0.9747512635E+000   0.1025737622E+001   0.1010196885E+001
 0.6262626   0.1745640715E+001   0.9673671346E+000   0.1015868449E+001   0.1005865351E+001
 0.6363636   0.1749765845E+001   0.9536882542E+000   0.1021827077E+001   0.9969551841E+000
 0.6464646   0.1761406801E+001   0.9755323266E+000   0.1025333031E+001   0.9983263518E+000
 0.6565657   0.1764679373E+001   0.9554507846E+000   0.1016331206E+001   0.9826281777E+000
 0.6666667   0.1788303174E+001   0.9859893219E+000   0.1018917125E+001   0.1006325637E+001
 0.6767677   0.1775496234E+001   0.9768272469E+000   0.1037057651E+001   0.1014189260E+001
 0.6868687   0.1772171244E+001   0.9517612895E+000   0.1023632134E+001   0.1009305383E+001
 0.6969697   0.1782966512E+001   0.9320034776E+000   0.1025488116E+001   0.1007488465E+001
 0.7070707   0.1784534901E+001   0.9708356712E+000   0.1024202638E+001   0.1010657171E+001
 0.7171717   0.1823616245E+001   0.9819760967E+000   0.1029638020E+001   0.1021093549E+001
 0.7272727   0.1852314482E+001   0.9983064806E+000   0.1038017917E+001   0.1032726672E+001
 0.7373737   0.1830103581E+001   0.9702858439E+000   0.1023924830E+001   0.9888105450E+000
 0.7474747   0.1794879739E+001   0.9489196588E+000   0.1016176088E+001   0.9926042704E+000
 0.7575758   0.1844476757E+001   0.9733330175E+000   0.1032089179E+001   0.1001475677E+001
 0.7676768   0.1819853797E+001   0.9703320910E+000   0.1017112020E+001   0.9960443024E+000
 0.7777778   0.1843535846E+001   0.9721717001E+000   0.1031893892E+001   0.9944647947E+000
 0.7878788   0.1880374968E+001   0.9612779260E+000   0.1035370963E+001   0.9946053031E+000
 0.7979798   0.1847659672E+001   0.9753935851E+000   0.1018302216E+001   0.1002580363E+001
 0.8080808   0.1885170743E+001   0.9889953869E+000   0.1028622831E+001   0.1008399347E+001
 0.8181818   0.1861695634E+001   0.9707842854E+000   0.1016245610E+001   0.9922844928E+000
 0.8282828   0.1858325822E+001   0.9491714488E+000   0.1022584397E+001   0.1000816741E+001
 0.8383838   0.1913288343E+001   0.9866419207E+000   0.1030779411E+001   0.1005787830E+001
 0.8484848   0.1909705274E+001   0.9716115956E+000   0.1031160765E+001   0.9929821894E+000
 0.8585859   0.1907263142E+001   0.9605636644E+000   0.1021834878E+001   0.9882388214E+000
 0.8686869   0.1927903797E+001   0.1003445053E+001   0.1030134423E+001   0.1024082986E+001
 0.8787879   0.1931904808E+001   0.9829061783E+000   0.1023372561E+001   0.9997314352E+000
 0.8888889   0.1946036406E+001   0.9862359734E+000   0.1019833697E+001   0.1005560109E+001
 0.8989899   0.1931528520E+001   0.9565812706E+000   0.1033540018E+001   0.1005138584E+001
 0.9090909   0.1970085601E+001   0.9540993400E+000   0.1039751152E+001   0.1010192040E+001
 0.9191919   0.1927170515E+001   0.9413710955E+000   0.1010739484E+001   0.9821969624E+000
 0.9292929   0.1990387416E+001   0.9707328997E+000   0.1026645970E+001   0.9863201556E+000
 0.9393939   0.1968035132E+001   0.9524549968E+000   0.1017162215E+001   0.9941498622E+000
 0.9494949   0.2001178664E+001   0.9690628636E+000   0.1028556149E+001   0.9966838576E+000
 0.9595960   0.2008349767E+001   0.9692170208E+000   0.1023934879E+001   0.1003607528E+001
 0.9696970   0.2012883467E+001   0.9759691053E+000   0.1017271787E+001   0.9905741670E+000
 0.9797980   0.2047077218E+001   0.9726855573E+000   0.1035472069E+001   0.1017794026E+001
 0.9898990   0.2017139085E+001   0.9727934674E+000   0.1033431510E+001   0.1002386559E+001
 1.0000000   0.2039285621E+001   0.9712570341E+000   0.1025205108E+001   0.9886942622E+000


 0.0000000   0.8698385009E-002   0.1080509906E+001   0.9593923063E+000   0.1006707520E+001
 0.0101010   0.8338024783E-002   0.1009483128E+001   0.9326910741E+000   0.9691784411E+000
 0.0202020   0.8298919022E-002   0.1099090979E+001   0.9515033549E+000   0.1041655298E+001
 0.0303030   0.7897970957E-002   0.1071527464E+001   0.9600231617E+000   0.1021236697E+001
 0.0404040   0.7204096518E-002   0.1063746462E+001   0.9640039591E+000   0.9991761085E+000
 0.0505051   0.6392761808E-002   0.1051198372E+001   0.9514327325E+000   0.9870133257E+000
 0.0606061   0.5574355382E-002   0.1038467230E+001   0.9616389175E+000   0.9989660307E+000
 0.0707071   0.4739619196E-002   0.1058935545E+001   0.9543121514E+000   0.9882617193E+000
 0.0808081   0.4076851021E-002   0.1070741113E+001   0.9621403230E+000   0.9948127675E+000
 0.0909091   0.3475514044E-002   0.1050633747E+001   0.9608419540E+000   0.1018918597E+001
 0.1010101   0.3083040855E-002   0.1097724534E+001   0.9569310971E+000   0.1032766831E+001
 0.1111111   0.2775869793E-002   0.1062008757E+001   0.9524210071E+000   0.9951073594E+000
 0.1212121   0.2627316583E-002   0.1078816030E+001   0.9499494395E+000   0.9765649713E+000
 0.1313131   0.2554580989E-002   0.1039872348E+001   0.9529573812E+000   0.9981015724E+000
 0.1414141   0.2537494048E-002   0.1020783370E+001   0.9570362660E+000   0.9706803769E+000
 0.1515152   0.2672980862E-002   0.1065981760E+001   0.9580867435E+000   0.9998546358E+000
 0.1616162   0.2781423259E-002   0.1108470463E+001   0.9624891932E+000   0.9850212082E+000
 0.1717172   0.3026155936E-002   0.1115697152E+001   0.9634482655E+000   0.1024680042E+001
 0.1818182   0.3243451462E-002   0.1049646297E+001   0.9634397806E+000   0.9852240420E+000
 0.1919192   0.3643389835E-002   0.1048792913E+001   0.9763477688E+000   0.1020505046E+001
 0.2020202   0.4081996096E-002   0.1085895761E+001   0.9699454073E+000   0.1008677905E+001
 0.2121212   0.4620389202E-002   0.1020270309E+001   0.9782293626E+000   0.1007996963E+001
 0.2222222   0.5371158214E-002   0.1059337743E+001   0.9707622484E+000   0.1004708158E+001
 0.2323232   0.6283823839E-002   0.1054591281E+001   0.9738304822E+000   0.1001701872E+001
 0.2424242   0.7420433052E-002   0.1078914001E+001   0.9692418696E+000   0.9909637551E+000
 0.2525253   0.8616873244E-002   0.1028775784E+001   0.9741586886E+000   0.9949214285E+000
 0.2626263   0.1025993828E-001   0.1046011038E+001   0.9816427552E+000   0.1010329552E+001
 0.2727273   0.1234103175E-001   0.1045005541E+001   0.9773495220E+000   0.9997411455E+000
 0.2828283   0.1477547114E-001   0.1044046451E+001   0.9760823237E+000   0.9899012924E+000
 0.2929293   0.1801771123E-001   0.1071468165E+001   0.9806010062E+000   0.1008272238E+001
 0.3030303   0.2204346233E-001   0.1038807552E+001   0.9830734978E+000   0.1011604507E+001
 0.3131313   0.2674075422E-001   0.1070955104E+001   0.9847228640E+000   0.1016175511E+001
 0.3232323   0.3259618489E-001   0.1033916711E+001   0.9842129044E+000   0.9970753301E+000
 0.3333333   0.3931345398E-001   0.1013788719E+001   0.9777824217E+000   0.1006552980E+001
 0.3434343   0.4871504165E-001   0.1019215826E+001   0.9867098434E+000   0.9931828532E+000
 0.3535354   0.6063915358E-001   0.1025313264E+001   0.9911169409E+000   0.9899520008E+000
 0.3636364   0.7580858187E-001   0.1032073299E+001   0.9967106623E+000   0.9934025898E+000
 0.3737374   0.9319872780E-001   0.1011991715E+001   0.9901109793E+000   0.9913645932E+000
 0.3838384   0.1159575581E+000   0.9941969919E+000   0.1001106399E+001   0.9971018916E+000
 0.3939394   0.1473229885E+000   0.1029618855E+001   0.9998302858E+000   0.1003445277E+001
 0.4040404   0.1832746237E+000   0.9948260722E+000   0.9970451296E+000   0.9791897370E+000
 0.4141414   0.2289111493E+000   0.1024787312E+001   0.1002859931E+001   0.9862478696E+000
 0.4242424   0.2888546283E+000   0.9749713691E+000   0.1000996805E+001   0.9945616400E+000
 0.4343434   0.3669777590E+000   0.9610026922E+000   0.9980873413E+000   0.1002870581E+001
 0.4444444   0.4622161359E+000   0.9748682412E+000   0.1005964261E+001   0.1027505227E+001
 0.4545455   0.5828695353E+000   0.9648261598E+000   0.1008970382E+001   0.9937116698E+000
 0.4646465   0.7486142812E+000   0.9792228177E+000   0.1012789906E+001   0.1013280300E+001
 0.4747475   0.9494347010E+000   0.9620159240E+000   0.1008689993E+001   0.9936295705E+000
 0.4848485   0.1212381698E+001   0.9547557183E+000   0.1023699916E+001   0.1019903789E+001
 0.4949495   0.1555810865E+001   0.9695030111E+000   0.1012514850E+001   0.9935088361E+000
 0.5050505   0.1745691949E+001   0.9615054408E+000   0.1013256074E+001   0.9987124884E+000
 0.5151515   0.1746775605E+001   0.9437700165E+000   0.1028126319E+001   0.1019722688E+001
 0.5252525   0.1756576616E+001   0.9800529974E+000   0.1026720804E+001   0.1005973455E+001
 0.5353535   0.1747403666E+001   0.9629182933E+000   0.1025918331E+001   0.9946413247E+000
 0.5454545   0.1760560564E+001   0.9688429924E+000   0.1023849928E+001   0.1006103848E+001
 0.5555556   0.1752570842E+001   0.9658600173E+000   0.1010934000E+001   0.1001105444E+001
 0.5656566   0.1747232340E+001   0.9602885313E+000   0.1030163773E+001   0.9889547347E+000
 0.5757576   0.1754291976E+001   0.9777274628E+000   0.1020175798E+001   0.9918789218E+000
 0.5858586   0.1757073682E+001   0.9601493086E+000   0.1023372700E+001   0.1003476668E+001
 0.5959596   0.1758388634E+001   0.9782895100E+000   0.1028040159E+001   0.1017846475E+001
 0.6060606   0.1775343943E+001   0.9659734580E+000   0.1021181227E+001   0.9881168381E+000
 0.6161616   0.1771281151E+001   0.9674404526E+000   0.1024308134E+001   0.1008718955E+001
 0.6262626   0.1757633656E+001   0.9670434102E+000   0.1017060362E+001   0.1006975550E+001
 0.6363636   0.1758884755E+001   0.9517985252E+000   0.1026592751E+001   0.1001535259E+001
 0.6464646   0.1781802592E+001   0.9797668175E+000   0.1022266636E+001   0.9952715582E+000
 0.6565657   0.1757356755E+001   0.9446775422E+000   0.1015962319E+001   0.9822032675E+000
 0.6666667   0.1790276931E+001   0.9800143245E+000   0.1019697370E+001   0.1007026259E+001
 0.6767677   0.1775634612E+001   0.9699129446E+000   0.1025216723E+001   0.1002539769E+001
 0.6868687   0.1778263697E+001   0.9481993607E+000   0.1028146344E+001   0.1013685968E+001
 0.6969697   0.1804584262E+001   0.9365536402E+000   0.1022660380E+001   0.1004640547E+001
 0.7070707   0.1787330250E+001   0.9653985198E+000   0.1019512310E+001   0.1005958967E+001
 0.7171717   0.1817720970E+001   0.9717976073E+000   0.1027099873E+001   0.1018505685E+001
 0.7272727   0.1843048237E+001   0.9862045780E+000   0.1033525969E+001   0.1028186169E+001
 0.7373737   0.1830844938E+001   0.9637330039E+000   0.1021414639E+001   0.9863178956E+000
 0.7474747   0.1809665821E+001   0.9498906586E+000   0.1017988643E+001   0.9943056831E+000
 0.7575758   0.1844737165E+001   0.9665045668E+000   0.1025468048E+001   0.9949817957E+000
 0.7676768   0.1837895893E+001   0.9729397491E+000   0.1023677925E+001   0.1002404546E+001
 0.7777778   0.1835081493E+001   0.9607887017E+000   0.1019387031E+001   0.9823433194E+000
 0.7878788   0.1876200755E+001   0.9522806482E+000   0.1025963044E+001   0.9854993164E+000
 0.7979798   0.1854307263E+001   0.9718981571E+000   0.1016430886E+001   0.1000668386E+001
 0.8080808   0.1879906387E+001   0.9791764101E+000   0.1028448871E+001   0.1008158747E+001
 0.8181818   0.1867922586E+001   0.9670614575E+000   0.1022590759E+001   0.9984106524E+000
 0.8282828   0.1862745684E+001   0.9446208218E+000   0.1018065053E+001   0.9963243621E+000
 0.8383838   0.1893733696E+001   0.9695700442E+000   0.1024643783E+001   0.9997314867E+000
 0.8484848   0.1909535950E+001   0.9645734964E+000   0.1027303107E+001   0.9891986182E+000
 0.8585859   0.1907620451E+001   0.9538688182E+000   0.1017849550E+001   0.9843161193E+000
 0.8686869   0.1921572584E+001   0.9929929734E+000   0.1024962161E+001   0.1018870303E+001
 0.8787879   0.1919447875E+001   0.9695803570E+000   0.1016989441E+001   0.9934267367E+000
 0.8888889   0.1932299542E+001   0.9722668394E+000   0.1015366764E+001   0.1001086127E+001
 0.8989899   0.1936535396E+001   0.9521981459E+000   0.1023316321E+001   0.9951266769E+000
 0.9090909   0.1961756597E+001   0.9432672679E+000   0.1033582147E+001   0.1004128633E+001
 0.9191919   0.1956064718E+001   0.9486479672E+000   0.1013795765E+001   0.9850984782E+000
 0.9292929   0.1977939989E+001   0.9577593190E+000   0.1018472910E+001   0.9784001341E+000
 0.9393939   0.1963822465E+001   0.9436153246E+000   0.1017249037E+001   0.9941656312E+000
 0.9494949   0.1988422953E+001   0.9559958316E+000   0.1025978850E+001   0.9941173374E+000
 0.9595960   0.2005293198E+001   0.9608170619E+000   0.1023086574E+001   0.1002706382E+001
 0.9696970   0.2003429454E+001   0.9644342737E+000   0.1018265864E+001   0.9914732542E+000
 0.9797980   0.2023300005E+001   0.9545082113E+000   0.1030273508E+001   0.1012613846E+001
 0.9898990   0.2017783591E+001   0.9661410408E+000   0.1024275326E+001   0.9934363954E+000
 1.0000000   0.2029293557E+001   0.9595821050E+000   0.1021439850E+001   0.9849946466E+000


 0.0000000   0.8788913017E-002   0.1092763266E+001   0.9596201515E+000   0.1006874697E+001
 0.0101010   0.8532243637E-002   0.1033950925E+001   0.9419928541E+000   0.9787742134E+000
 0.0202020   0.8423663151E-002   0.1116641856E+001   0.9558588410E+000   0.1046348728E+001
 0.0303030   0.7952239717E-002   0.1079886302E+001   0.9586458923E+000   0.1019698789E+001
 0.0404040   0.7258798019E-002   0.1072813211E+001   0.9631884810E+000   0.9982595876E+000
 0.0505051   0.6453100705E-002   0.1062099964E+001   0.9533681153E+000   0.9889504609E+000
 0.0606061   0.5603808408E-002   0.1044918016E+001   0.9645425218E+000   0.1001910791E+001
 0.0707071   0.4760656024E-002   0.1064617681E+001   0.9551352074E+000   0.9890434239E+000
 0.0808081   0.4086825457E-002   0.1074351815E+001   0.9610625762E+000   0.9936274636E+000
 0.0909091   0.3511618909E-002   0.1062528217E+001   0.9606018575E+000   0.1018591246E+001
 0.1010101   0.3083762945E-002   0.1098995391E+001   0.9627142739E+000   0.1038934124E+001
 0.1111111   0.2769439330E-002   0.1060526823E+001   0.9601885231E+000   0.1003151367E+001
 0.1212121   0.2630371038E-002   0.1081067453E+001   0.9603742977E+000   0.9872114109E+000
 0.1313131   0.2539161899E-002   0.1034550135E+001   0.9560030098E+000   0.1001219980E+001
 0.1414141   0.2543809051E-002   0.1024268595E+001   0.9649935864E+000   0.9786812503E+000
 0.1515152   0.2647656481E-002   0.1056857311E+001   0.9612606448E+000   0.1003095269E+001
 0.1616162   0.2768545893E-002   0.1104357195E+001   0.9642705950E+000   0.9867738434E+000
 0.1717172   0.2995470724E-002   0.1105403654E+001   0.9649415827E+000   0.1026194982E+001
 0.1818182   0.3215104402E-002   0.1041433275E+001   0.9700683870E+000   0.9919316895E+000
 0.1919192   0.3592394828E-002   0.1035068183E+001   0.9775292876E+000   0.1021667041E+001
 0.2020202   0.4086181382E-002   0.1088012759E+001   0.9708331008E+000   0.1009528952E+001
 0.2121212   0.4625326017E-002   0.1022303464E+001   0.9805545361E+000   0.1010320741E+001
 0.2222222   0.5303961889E-002   0.1047050650E+001   0.9725239313E+000   0.1006459569E+001
 0.2323232   0.6201270044E-002   0.1041697480E+001   0.9741841810E+000   0.1001994137E+001
 0.2424242   0.7266644809E-002   0.1057529048E+001   0.9705259640E+000   0.9922057702E+000
 0.2525253   0.8563448165E-002   0.1023341288E+001   0.9784261155E+000   0.9992084518E+000
 0.2626263   0.1021422735E-001   0.1042312231E+001   0.9885662580E+000   0.1017382727E+001
 0.2727273   0.1223654404E-001   0.1037114476E+001   0.9816967464E+000   0.1004116259E+001
 0.2828283   0.1464810628E-001   0.1036002398E+001   0.9829006134E+000   0.9967449311E+000
 0.2929293   0.1788185150E-001   0.1064370744E+001   0.9837968062E+000   0.1011485985E+001
 0.3030303   0.2190914674E-001   0.1033431150E+001   0.9855255356E+000   0.1014055291E+001
 0.3131313   0.2645934634E-001   0.1060663242E+001   0.9868485080E+000   0.1018296329E+001
 0.3232323   0.3242713690E-001   0.1029504341E+001   0.9896736914E+000   0.1002535888E+001
 0.3333333   0.3907152185E-001   0.1008480198E+001   0.9827442496E+000   0.1011588564E+001
 0.3434343   0.4839765910E-001   0.1013510451E+001   0.9921491812E+000   0.9985865611E+000
 0.3535354   0.6041190624E-001   0.1022413981E+001   0.9894820228E+000   0.9882484296E+000
 0.3636364   0.7486797885E-001   0.1020208820E+001   0.9973982881E+000   0.9940169467E+000
 0.3737374   0.9322834526E-001   0.1013247973E+001   0.9916125919E+000   0.9927972075E+000
 0.3838384   0.1158526769E+000   0.9942148640E+000   0.1000940175E+001   0.9968651420E+000
 0.3939394   0.1467643981E+000   0.1026661980E+001   0.1000044838E+001   0.1003588934E+001
 0.4040404   0.1832149163E+000   0.9954201906E+000   0.1001651688E+001   0.9836435534E+000
 0.4141414   0.2290609387E+000   0.1026404683E+001   0.1003921170E+001   0.9872210277E+000
 0.4242424   0.2887383666E+000   0.9754787698E+000   0.1000326437E+001   0.9938246094E+000
 0.4343434   0.3671426063E+000   0.9623220600E+000   0.1001041583E+001   0.1005767155E+001
 0.4444444   0.4642842736E+000   0.9801343007E+000   0.1009845680E+001   0.1031396104E+001
 0.4545455   0.5828903992E+000   0.9657515423E+000   0.1014666338E+001   0.9992501248E+000
 0.4646465   0.7460004998E+000   0.9767048184E+000   0.1010687347E+001   0.1011104516E+001
 0.4747475   0.9466694188E+000   0.9600996311E+000   0.1012487852E+001   0.9972995038E+000
 0.4848485   0.1215582747E+001   0.9581604022E+000   0.1019829789E+001   0.1015975458E+001
 0.4949495   0.1553928708E+001   0.9692241953E+000   0.1015210723E+001   0.9960829702E+000
 0.5050505   0.1750264521E+001   0.9649140303E+000   0.1012761572E+001   0.9981538021E+000
 0.5151515   0.1745334880E+001   0.9438622585E+000   0.1027141317E+001   0.1018672989E+001
 0.5252525   0.1766079141E+001   0.9862645435E+000   0.1023951257E+001   0.1003188232E+001
 0.5353535   0.1747099594E+001   0.9636396305E+000   0.1024249727E+001   0.9929526801E+000
 0.5454545   0.1752537120E+001   0.9653181082E+000   0.1020647493E+001   0.1002885300E+001
 0.5555556   0.1758849827E+001   0.9702153951E+000   0.1013714960E+001   0.1003787683E+001
 0.5656566   0.1740358359E+001   0.9573936901E+000   0.1023902987E+001   0.9828742041E+000
 0.5757576   0.1757474241E+001   0.9804054128E+000   0.1021610313E+001   0.9932027187E+000
 0.5858586   0.1749252914E+001   0.9567582171E+000   0.1021176882E+001   0.1001252036E+001
 0.5959596   0.1757251343E+001   0.9785594327E+000   0.1022844877E+001   0.1012630392E+001
 0.6060606   0.1772693200E+001   0.9654217180E+000   0.1018524304E+001   0.9854755665E+000
 0.6161616   0.1767717141E+001   0.9663852885E+000   0.1019899190E+001   0.1004305391E+001
 0.6262626   0.1756507421E+001   0.9673160493E+000   0.1015904315E+001   0.1005759141E+001
 0.6363636   0.1773968722E+001   0.9608473481E+000   0.1018574632E+001   0.9936418889E+000
 0.6464646   0.1781203178E+001   0.9803415201E+000   0.1017255950E+001   0.9903224672E+000
 0.6565657   0.1765498309E+001   0.9499303354E+000   0.1016140323E+001   0.9823052062E+000
 0.6666667   0.1788857086E+001   0.9801412080E+000   0.1019009673E+001   0.1006275246E+001
 0.6767677   0.1785171642E+001   0.9760227209E+000   0.1022356749E+001   0.9996716642E+000
 0.6868687   0.1783105415E+001   0.9516588912E+000   0.1030096617E+001   0.1015536288E+001
 0.6969697   0.1787360158E+001   0.9284710320E+000   0.1024395919E+001   0.1006273643E+001
 0.7070707   0.1800468361E+001   0.9733927604E+000   0.1019429696E+001   0.1005805622E+001
 0.7171717   0.1810196081E+001   0.9686681564E+000   0.1023625729E+001   0.1014988127E+001
 0.7272727   0.1832603300E+001   0.9815209443E+000   0.1028873482E+001   0.1023484628E+001
 0.7373737   0.1831764754E+001   0.9651074351E+000   0.1021687555E+001   0.9865109824E+000
 0.7474747   0.1819237295E+001   0.9557963734E+000   0.1017581903E+001   0.9938374318E+000
 0.7575758   0.1836650325E+001   0.9631561184E+000   0.1021209679E+001   0.9907792683E+000
 0.7676768   0.1841184647E+001   0.9755806527E+000   0.1018984160E+001   0.9977370712E+000
 0.7777778   0.1838143528E+001   0.9632804501E+000   0.1015399908E+001   0.9784312118E+000
 0.7878788   0.1867641106E+001   0.9488113502E+000   0.1023251489E+001   0.9828245170E+000
 0.7979798   0.1846262122E+001   0.9685749076E+000   0.1014323578E+001   0.9985224486E+000
 0.8080808   0.1879880454E+001   0.9800669543E+000   0.1022082752E+001   0.1001846679E+001
 0.8181818   0.1868310376E+001   0.9681552882E+000   0.1019393017E+001   0.9952174522E+000
 0.8282828   0.1875944582E+001   0.9521924813E+000   0.1020074405E+001   0.9982195173E+000
 0.8383838   0.1895385904E+001   0.9713119315E+000   0.1026400366E+001   0.1001373850E+001
 0.8484848   0.1905480064E+001   0.9634134159E+000   0.1020241980E+001   0.9823292483E+000
 0.8585859   0.1904167538E+001   0.9530213592E+000   0.1013984574E+001   0.9805084549E+000
 0.8686869   0.1927400590E+001   0.9969242586E+000   0.1021560231E+001   0.1015416077E+001
 0.8787879   0.1922488735E+001   0.9720130241E+000   0.1013969272E+001   0.9904058133E+000
 0.8888889   0.1935139144E+001   0.9745946334E+000   0.1016077417E+001   0.1001715248E+001
 0.8989899   0.1939326935E+001   0.9544511736E+000   0.1018892147E+001   0.9907536233E+000
 0.9090909   0.1969791026E+001   0.9480049211E+000   0.1027622579E+001   0.9982676017E+000
 0.9191919   0.1952882303E+001   0.9479790187E+000   0.1011270452E+001   0.9825744784E+000
 0.9292929   0.1978150831E+001   0.9587457972E+000   0.1014950509E+001   0.9749467005E+000
 0.9393939   0.1966549355E+001   0.9457980337E+000   0.1015075071E+001   0.9919701569E+000
 0.9494949   0.1980960324E+001   0.9532872909E+000   0.1018222925E+001   0.9865318190E+000
 0.9595960   0.2004637206E+001   0.9613895724E+000   0.1022073053E+001   0.1001641519E+001
 0.9696970   0.1997280166E+001   0.9623617771E+000   0.1014540736E+001   0.9877756004E+000
 0.9797980   0.2008216999E+001   0.9482673991E+000   0.1022599299E+001   0.1004999408E+001
 0.9898990   0.2027248612E+001   0.9715692290E+000   0.1020322878E+001   0.9895322813E+000
 1.0000000   0.2027934989E+001   0.9598250653E+000   0.1015663472E+001   0.9793544310E+000


 0.0000000   0.8914725774E-002   0.1104676967E+001   0.9612245527E+000   0.1008558711E+001
 0.0101010   0.8700570822E-002   0.1050801815E+001   0.9437886734E+000   0.9806407434E+000
 0.0202020   0.8570708868E-002   0.1132311828E+001   0.9590956683E+000   0.1049892614E+001
 0.0303030   0.8039945138E-002   0.1088123135E+001   0.9597908280E+000   0.1020917256E+001
 0.0404040   0.7348539024E-002   0.1082422460E+001   0.9607749629E+000   0.9957587894E+000
 0.0505051   0.6528874027E-002   0.1070956005E+001   0.9556955489E+000   0.9913653578E+000
 0.0606061   0.5662563284E-002   0.1052321387E+001   0.9613496700E+000   0.9985948435E+000
 0.0707071   0.4823580784E-002   0.1075060282E+001   0.9592193977E+000   0.9932732052E+000
 0.0808081   0.4159541070E-002   0.1089788545E+001   0.9617478691E+000   0.9943365759E+000
 0.0909091   0.3552893340E-002   0.1071400027E+001   0.9591422582E+000   0.1017044147E+001
 0.1010101   0.3106950455E-002   0.1103533707E+001   0.9608810007E+000   0.1036956332E+001
 0.1111111   0.2805343762E-002   0.1070661726E+001   0.9584804800E+000   0.1001367502E+001
 0.1212121   0.2651370542E-002   0.1086031933E+001   0.9593075896E+000   0.9861154880E+000
 0.1313131   0.2559460139E-002   0.1039311921E+001   0.9598266369E+000   0.1005225062E+001
 0.1414141   0.2571225687E-002   0.1031824740E+001   0.9592341410E+000   0.9728406977E+000
 0.1515152   0.2659918215E-002   0.1058179618E+001   0.9635864514E+000   0.1005522901E+001
 0.1616162   0.2784179145E-002   0.1106856714E+001   0.9675926285E+000   0.9901739998E+000
 0.1717172   0.3022413761E-002   0.1111593821E+001   0.9656503913E+000   0.1026949403E+001
 0.1818182   0.3252557903E-002   0.1050020544E+001   0.9700906543E+000   0.9919550560E+000
 0.1919192   0.3638893896E-002   0.1044938375E+001   0.9712114324E+000   0.1015064531E+001
 0.2020202   0.4111711304E-002   0.1091127122E+001   0.9699109684E+000   0.1008570673E+001
 0.2121212   0.4656174104E-002   0.1025659209E+001   0.9794474984E+000   0.1009180705E+001
 0.2222222   0.5366479645E-002   0.1055827992E+001   0.9718286183E+000   0.1005740599E+001
 0.2323232   0.6252661267E-002   0.1046796498E+001   0.9760153694E+000   0.1003878205E+001
 0.2424242   0.7344659964E-002   0.1065286581E+001   0.9745307755E+000   0.9963006420E+000
 0.2525253   0.8625441157E-002   0.1027281648E+001   0.9749222896E+000   0.9956308022E+000
 0.2626263   0.1027748781E-001   0.1045239164E+001   0.9851020518E+000   0.1013818150E+001
 0.2727273   0.1234218815E-001   0.1042548988E+001   0.9804050779E+000   0.1002795696E+001
 0.2828283   0.1470665553E-001   0.1036643880E+001   0.9828995085E+000   0.9967444109E+000
 0.2929293   0.1797181265E-001   0.1066126447E+001   0.9829547731E+000   0.1010620861E+001
 0.3030303   0.2195948871E-001   0.1032320847E+001   0.9852003117E+000   0.1013721262E+001
 0.3131313   0.2659226352E-001   0.1062404993E+001   0.9864493217E+000   0.1017885035E+001
 0.3232323   0.3237397024E-001   0.1024358392E+001   0.9900630005E+000   0.1002930860E+001
 0.3333333   0.3932921102E-001   0.1011716124E+001   0.9850816490E+000   0.1013995179E+001
 0.3434343   0.4861619037E-001   0.1014661516E+001   0.9908804379E+000   0.9973101863E+000
 0.3535354   0.6067970706E-001   0.1023491181E+001   0.9895279150E+000   0.9882948598E+000
 0.3636364   0.7490957110E-001   0.1017341276E+001   0.9983773195E+000   0.9949932582E+000
 0.3737374   0.9316434494E-001   0.1009145742E+001   0.9939750732E+000   0.9951631104E+000
 0.3838384   0.1159690610E+000   0.9918653272E+000   0.9980211451E+000   0.9939585949E+000
 0.3939394   0.1458549365E+000   0.1016867304E+001   0.1001679352E+001   0.1005229846E+001
 0.4040404   0.1830263619E+000   0.9910502010E+000   0.9987138880E+000   0.9807591615E+000
 0.4141414   0.2302585776E+000   0.1028299905E+001   0.1002909447E+001   0.9862267293E+000
 0.4242424   0.2888466411E+000   0.9725614205E+000   0.9981153686E+000   0.9916285091E+000
 0.4343434   0.3667334049E+000   0.9580154547E+000   0.1002161022E+001   0.1006892485E+001
 0.4444444   0.4627188919E+000   0.9735432178E+000   0.1009264728E+001   0.1030803375E+001
 0.4545455   0.5845788317E+000   0.9652903908E+000   0.1011210410E+001   0.9958473040E+000
 0.4646465   0.7466107867E+000   0.9742151110E+000   0.1010163827E+001   0.1010581388E+001
 0.4747475   0.9459610193E+000   0.9561534253E+000   0.1011282515E+001   0.9961128476E+000
 0.4848485   0.1209094160E+001   0.9498394527E+000   0.1020915124E+001   0.1017057304E+001
 0.4949495   0.1550803845E+001   0.9640208252E+000   0.1014078750E+001   0.9949729238E+000
 0.5050505   0.1745025115E+001   0.9587889131E+000   0.1014326227E+001   0.9996964908E+000
 0.5151515   0.1742013251E+001   0.9388964488E+000   0.1028644993E+001   0.1020164883E+001
 0.5252525   0.1757204315E+001   0.9780068800E+000   0.1020909178E+001   0.1000208440E+001
 0.5353535   0.1743995605E+001   0.9586912542E+000   0.1024957293E+001   0.9936392248E+000
 0.5454545   0.1737678812E+001   0.9539137815E+000   0.1018298764E+001   0.1000578048E+001
 0.5555556   0.1749362871E+001   0.9617356073E+000   0.1016055010E+001   0.1006105423E+001
 0.5656566   0.1743035491E+001   0.9556403906E+000   0.1020626170E+001   0.9797292828E+000
 0.5757576   0.1753450937E+001   0.9748700766E+000   0.1019968317E+001   0.9916069786E+000
 0.5858586   0.1754961003E+001   0.9566508346E+000   0.1023198365E+001   0.1003234681E+001
 0.5959596   0.1752392537E+001   0.9725705353E+000   0.1022701681E+001   0.1012489236E+001
 0.6060606   0.1770413191E+001   0.9609361065E+000   0.1020485613E+001   0.9873738300E+000
 0.6161616   0.1762368795E+001   0.9602199414E+000   0.1025337901E+001   0.1009661555E+001
 0.6262626   0.1756048800E+001   0.9638098821E+000   0.1014710597E+001   0.1004577949E+001
 0.6363636   0.1767983683E+001   0.9543838463E+000   0.1017316930E+001   0.9924155709E+000
 0.6464646   0.1777094197E+001   0.9747893452E+000   0.1016832524E+001   0.9899108484E+000
 0.6565657   0.1770370878E+001   0.9493472519E+000   0.1017967853E+001   0.9840724765E+000
 0.6666667   0.1787451101E+001   0.9760758383E+000   0.1020755754E+001   0.1008000113E+001
 0.6767677   0.1784014195E+001   0.9721082832E+000   0.1022878177E+001   0.1000182125E+001
 0.6868687   0.1786607526E+001   0.9503199344E+000   0.1023513405E+001   0.1009046737E+001
 0.6969697   0.1796949004E+001   0.9303115816E+000   0.1023483701E+001   0.1005378168E+001
 0.7070707   0.1799060914E+001   0.9693595111E+000   0.1021219277E+001   0.1007571893E+001
 0.7171717   0.1807800417E+001   0.9641315053E+000   0.1020980706E+001   0.1012366033E+001
 0.7272727   0.1829457270E+001   0.9765393925E+000   0.1028615088E+001   0.1023228204E+001
 0.7373737   0.1832300756E+001   0.9621418683E+000   0.1020713692E+001   0.9855712431E+000
 0.7474747   0.1820927801E+001   0.9534658527E+000   0.1018306686E+001   0.9945459009E+000
 0.7575758   0.1842990149E+001   0.9632291372E+000   0.1022907951E+001   0.9924275324E+000
 0.7676768   0.1836812876E+001   0.9699897364E+000   0.1020349452E+001   0.9990744966E+000
 0.7777778   0.1846436890E+001   0.9643710951E+000   0.1018788411E+001   0.9816969373E+000
 0.7878788   0.1863837757E+001   0.9436934534E+000   0.1024052027E+001   0.9835940194E+000
 0.7979798   0.1850600858E+001   0.9675847236E+000   0.1017091533E+001   0.1001247888E+001
 0.8080808   0.1881056299E+001   0.9773805610E+000   0.1021490776E+001   0.1001267026E+001
 0.8181818   0.1871165300E+001   0.9663724513E+000   0.1019260779E+001   0.9950889496E+000
 0.8282828   0.1885018461E+001   0.9535791370E+000   0.1018526052E+001   0.9967049382E+000
 0.8383838   0.1893387764E+001   0.9670235105E+000   0.1024214575E+001   0.9992419566E+000
 0.8484848   0.1912515856E+001   0.9637174316E+000   0.1021143746E+001   0.9831980963E+000
 0.8585859   0.1901561725E+001   0.9485151982E+000   0.1013064388E+001   0.9796192377E+000
 0.8686869   0.1928897717E+001   0.9943419566E+000   0.1019965258E+001   0.1013831308E+001
 0.8787879   0.1929185752E+001   0.9721173981E+000   0.1020150687E+001   0.9964441791E+000
 0.8888889   0.1935856940E+001   0.9716759799E+000   0.1017448160E+001   0.1003067221E+001
 0.8989899   0.1947007988E+001   0.9550075610E+000   0.1018118312E+001   0.9900017552E+000
 0.9090909   0.1971192735E+001   0.9454877727E+000   0.1025565147E+001   0.9962695423E+000
 0.9191919   0.1956306309E+001   0.9464461319E+000   0.1012698330E+001   0.9839624314E+000
 0.9292929   0.1979068229E+001   0.9559633160E+000   0.1017134438E+001   0.9770451389E+000
 0.9393939   0.1965507496E+001   0.9421165879E+000   0.1016079825E+001   0.9929526390E+000
 0.9494949   0.1984786368E+001   0.9519150296E+000   0.1019243223E+001   0.9875209555E+000
 0.9595960   0.2004244330E+001   0.9579672764E+000   0.1023438120E+001   0.1002979902E+001
 0.9696970   0.1998697391E+001   0.9598045656E+000   0.1014008298E+001   0.9872578042E+000
 0.9797980   0.2008934841E+001   0.9454148540E+000   0.1020339341E+001   0.1002778950E+001
 0.9898990   0.2029681208E+001   0.9694623785E+000   0.1023417372E+001   0.9925339890E+000
 1.0000000   0.2032189504E+001   0.9586027102E+000   0.1014921524E+001   0.9786395969E+000


 0.0000000   0.9247903744E-002   0.1135128772E+001   0.9572216632E+000   0.1004364126E+001
 0.0101010   0.9085922721E-002   0.1086967669E+001   0.9483574469E+000   0.9853932325E+000
 0.0202020   0.8916767486E-002   0.1166893615E+001   0.9615160902E+000   0.1052547857E+001
 0.0303030   0.8347716338E-002   0.1119095533E+001   0.9590879222E+000   0.1020175091E+001
 0.0404040   0.7608187422E-002   0.1110072933E+001   0.9564585031E+000   0.9912905091E+000
 0.0505051   0.6787712157E-002   0.1102887663E+001   0.9568758225E+000   0.9925950410E+000
 0.0606061   0.5916740202E-002   0.1089161669E+001   0.9668041134E+000   0.1004266027E+001
 0.0707071   0.5033904257E-002   0.1111329218E+001   0.9612483408E+000   0.9953795517E+000
 0.0808081   0.4304314900E-002   0.1117057113E+001   0.9582235085E+000   0.9906981403E+000
 0.0909091   0.3673148090E-002   0.1097191518E+001   0.9570112833E+000   0.1014790006E+001
 0.1010101   0.3219958721E-002   0.1132859628E+001   0.9605588473E+000   0.1036614268E+001
 0.1111111   0.2910070679E-002   0.1100130610E+001   0.9564708439E+000   0.9992733389E+000
 0.1212121   0.2733698746E-002   0.1109168027E+001   0.9601799268E+000   0.9870175304E+000
 0.1313131   0.2640270539E-002   0.1061990150E+001   0.9611483756E+000   0.1006614750E+001
 0.1414141   0.2638441511E-002   0.1048788049E+001   0.9586854098E+000   0.9722894310E+000
 0.1515152   0.2744335142E-002   0.1081440864E+001   0.9619076684E+000   0.1003776474E+001
 0.1616162   0.2870871871E-002   0.1130531215E+001   0.9665436831E+000   0.9891059133E+000
 0.1717172   0.3101538007E-002   0.1129909952E+001   0.9642537347E+000   0.1025469623E+001
 0.1818182   0.3333143367E-002   0.1065862724E+001   0.9677308046E+000   0.9895473602E+000
 0.1919192   0.3737145308E-002   0.1063006184E+001   0.9673461360E+000   0.1011030162E+001
 0.2020202   0.4204292296E-002   0.1105147281E+001   0.9736978045E+000   0.1012513913E+001
 0.2121212   0.4753404717E-002   0.1037177736E+001   0.9778005075E+000   0.1007489155E+001
 0.2222222   0.5470472374E-002   0.1066112499E+001   0.9709681859E+000   0.1004855566E+001
 0.2323232   0.6372406740E-002   0.1056757571E+001   0.9759900624E+000   0.1003857594E+001
 0.2424242   0.7494573915E-002   0.1076753345E+001   0.9719342679E+000   0.9936514949E+000
 0.2525253   0.8769106420E-002   0.1034518053E+001   0.9734222452E+000   0.9941042609E+000
 0.2626263   0.1043580323E-001   0.1051305910E+001   0.9832657749E+000   0.1011933807E+001
 0.2727273   0.1246389677E-001   0.1042875997E+001   0.9799901203E+000   0.1002376672E+001
 0.2828283   0.1491580258E-001   0.1041446140E+001   0.9825575277E+000   0.9964029914E+000
 0.2929293   0.1811490201E-001   0.1064455092E+001   0.9830255415E+000   0.1010699077E+001
 0.3030303   0.2205769012E-001   0.1027133810E+001   0.9844753957E+000   0.1012980828E+001
 0.3131313   0.2678820089E-001   0.1060114719E+001   0.9864246211E+000   0.1017865041E+001
 0.3232323   0.3241306790E-001   0.1015899218E+001   0.9901493541E+000   0.1003023750E+001
 0.3333333   0.3961675867E-001   0.1009478090E+001   0.9873696492E+000   0.1016355821E+001
 0.3434343   0.4871398687E-001   0.1007090409E+001   0.9922360911E+000   0.9986800269E+000
 0.3535354   0.6090353945E-001   0.1017554508E+001   0.9898992507E+000   0.9886710694E+000
 0.3636364   0.7528966793E-001   0.1012836297E+001   0.9956115917E+000   0.9922422609E+000
 0.3737374   0.9332380859E-001   0.1001315945E+001   0.9953616695E+000   0.9965567432E+000
 0.3838384   0.1162383550E+000   0.9847693966E+000   0.9999198597E+000   0.9958549559E+000
 0.3939394   0.1464774443E+000   0.1011552494E+001   0.1000615783E+001   0.1004167928E+001
 0.4040404   0.1825803144E+000   0.9792881011E+000   0.9972857784E+000   0.9793620126E+000
 0.4141414   0.2302097459E+000   0.1018362043E+001   0.1006318227E+001   0.9895841474E+000
 0.4242424   0.2884050684E+000   0.9618937989E+000   0.9977602775E+000   0.9912810765E+000
 0.4343434   0.3658749996E+000   0.9467368898E+000   0.1005331244E+001   0.1010083126E+001
 0.4444444   0.4625064128E+000   0.9638962339E+000   0.1009447150E+001   0.1030995254E+001
 0.4545455   0.5851913170E+000   0.9571660625E+000   0.1011867863E+001   0.9965001474E+000
 0.4646465   0.7470052773E+000   0.9655144809E+000   0.1010398586E+001   0.1010821701E+001
 0.4747475   0.9457665145E+000   0.9469189293E+000   0.1015020972E+001   0.9998006226E+000
 0.4848485   0.1207691008E+001   0.9397675268E+000   0.1020479109E+001   0.1016628424E+001
 0.4949495   0.1546635279E+001   0.9523398977E+000   0.1015770178E+001   0.9966378637E+000
 0.5050505   0.1742993736E+001   0.9486186707E+000   0.1015189185E+001   0.1000552403E+001
 0.5151515   0.1742996715E+001   0.9305448953E+000   0.1026031361E+001   0.1017578289E+001
 0.5252525   0.1753065318E+001   0.9664786554E+000   0.1021890181E+001   0.1001174956E+001
 0.5353535   0.1748463787E+001   0.9520604882E+000   0.1024590791E+001   0.9932892822E+000
 0.5454545   0.1738126706E+001   0.9451387519E+000   0.1019968222E+001   0.1002223864E+001
 0.5555556   0.1751105308E+001   0.9535919488E+000   0.1021315384E+001   0.1011319743E+001
 0.5656566   0.1743154674E+001   0.9466702125E+000   0.1018316035E+001   0.9775169913E+000
 0.5757576   0.1748255854E+001   0.9627923546E+000   0.1018258588E+001   0.9899501332E+000
 0.5858586   0.1753317395E+001   0.9467188975E+000   0.1024749770E+001   0.1004761240E+001
 0.5959596   0.1752968072E+001   0.9636919686E+000   0.1024775263E+001   0.1014547587E+001
 0.6060606   0.1767416702E+001   0.9502400927E+000   0.1021590766E+001   0.9884484594E+000
 0.6161616   0.1761888490E+001   0.9508825230E+000   0.1022906890E+001   0.1007273147E+001
 0.6262626   0.1753650790E+001   0.9533940337E+000   0.1016437560E+001   0.1006293098E+001
 0.6363636   0.1766491620E+001   0.9445629989E+000   0.1019026054E+001   0.9940882254E+000
 0.6464646   0.1777316896E+001   0.9656944037E+000   0.1015637841E+001   0.9887531332E+000
 0.6565657   0.1773529037E+001   0.9420493714E+000   0.1020764899E+001   0.9867817147E+000
 0.6666667   0.1782986568E+001   0.9644328273E+000   0.1018035877E+001   0.1005319651E+001
 0.6767677   0.1782091728E+001   0.9618800401E+000   0.1024383847E+001   0.1001659793E+001
 0.6868687   0.1788153568E+001   0.9421499165E+000   0.1024662455E+001   0.1010184999E+001
 0.6969697   0.1799712062E+001   0.9229331021E+000   0.1022827096E+001   0.1004738601E+001
 0.7070707   0.1798827319E+001   0.9600702283E+000   0.1021968347E+001   0.1008316396E+001
 0.7171717   0.1805422690E+001   0.9537602296E+000   0.1019417730E+001   0.1010821701E+001
 0.7272727   0.1826211401E+001   0.9655906835E+000   0.1026354890E+001   0.1020985353E+001
 0.7373737   0.1833839700E+001   0.9538459575E+000   0.1019836094E+001   0.9847291757E+000
 0.7474747   0.1825103495E+001   0.9466172940E+000   0.1022338005E+001   0.9984885446E+000
 0.7575758   0.1842237256E+001   0.9537327119E+000   0.1021828686E+001   0.9913857786E+000
 0.7676768   0.1839478298E+001   0.9622134265E+000   0.1019852449E+001   0.9985932467E+000
 0.7777778   0.1845941703E+001   0.9549974635E+000   0.1020099164E+001   0.9829652750E+000
 0.7878788   0.1859571816E+001   0.9326319999E+000   0.1024439750E+001   0.9839717360E+000
 0.7979798   0.1852931033E+001   0.9596437054E+000   0.1017518837E+001   0.1001673942E+001
 0.8080808   0.1878825482E+001   0.9669919646E+000   0.1022569200E+001   0.1002329509E+001
 0.8181818   0.1872997977E+001   0.9581736302E+000   0.1019766461E+001   0.9955880127E+000
 0.8282828   0.1890343824E+001   0.9472322067E+000   0.1021287830E+001   0.9994129418E+000
 0.8383838   0.1893213087E+001   0.9577926172E+000   0.1023069414E+001   0.9981301049E+000
 0.8484848   0.1910286716E+001   0.9534935204E+000   0.1022025978E+001   0.9840528566E+000
 0.8585859   0.1908589229E+001   0.9430198962E+000   0.1015615898E+001   0.9820918140E+000
 0.8686869   0.1925506185E+001   0.9832093600E+000   0.1018319339E+001   0.1012200750E+001
 0.8787879   0.1933884665E+001   0.9652721143E+000   0.1020163852E+001   0.9964624169E+000
 0.8888889   0.1935052673E+001   0.9620895973E+000   0.1015035327E+001   0.1000693892E+001
 0.8989899   0.1949461729E+001   0.9471708212E+000   0.1018701899E+001   0.9905745729E+000
 0.9090909   0.1972594250E+001   0.9372147397E+000   0.1023812284E+001   0.9945721190E+000
 0.9191919   0.1955809867E+001   0.9372602495E+000   0.1011584073E+001   0.9828850977E+000
 0.9292929   0.1970308599E+001   0.9427341364E+000   0.1014315862E+001   0.9743429133E+000
 0.9393939   0.1972211140E+001   0.9363923866E+000   0.1019219912E+001   0.9960266297E+000
 0.9494949   0.1983961596E+001   0.9425235209E+000   0.1015585219E+001   0.9839821119E+000
 0.9595960   0.2005210899E+001   0.9493679963E+000   0.1022817065E+001   0.1002376672E+001
 0.9696970   0.1997655731E+001   0.9502348009E+000   0.1013917834E+001   0.9871750552E+000
 0.9797980   0.2007743794E+001   0.9359214122E+000   0.1017225624E+001   0.9997242184E+000
 0.9898990   0.2029452872E+001   0.9601887657E+000   0.1020912951E+001   0.9901104878E+000
 1.0000000   0.2034105039E+001   0.9504348327E+000   0.1017017151E+001   0.9806656012E+000


 0.0000000   0.9014130329E-002   0.1115791919E+001   0.9629198707E+000   0.1010320359E+001
 0.0101010   0.8870972846E-002   0.1070228189E+001   0.9535119639E+000   0.9907268777E+000
 0.0202020   0.8664970172E-002   0.1143532314E+001   0.9631146823E+000   0.1054274205E+001
 0.0303030   0.8103353198E-002   0.1095523747E+001   0.9581301705E+000   0.1019133533E+001
 0.0404040   0.7424401160E-002   0.1092419110E+001   0.9595888264E+000   0.9945125779E+000
 0.0505051   0.6612435112E-002   0.1083494804E+001   0.9599620700E+000   0.9957742131E+000
 0.0606061   0.5747784580E-002   0.1067008501E+001   0.9652099700E+000   0.1002587679E+001
 0.0707071   0.4902882391E-002   0.1091557970E+001   0.9620814175E+000   0.9962199168E+000
 0.0808081   0.4178922085E-002   0.1093687287E+001   0.9579653641E+000   0.9904090855E+000
 0.0909091   0.3571380318E-002   0.1075815141E+001   0.9613732701E+000   0.1019392533E+001
 0.1010101   0.3131404566E-002   0.1111021656E+001   0.9624983652E+000   0.1038684112E+001
 0.1111111   0.2834247141E-002   0.1080527879E+001   0.9556631139E+000   0.9984071220E+000
 0.1212121   0.2655852228E-002   0.1086696188E+001   0.9611094839E+000   0.9879509624E+000
 0.1313131   0.2567309150E-002   0.1041376506E+001   0.9640717209E+000   0.1009653790E+001
 0.1414141   0.2570240137E-002   0.1030318524E+001   0.9628595053E+000   0.9765009076E+000
 0.1515152   0.2674001066E-002   0.1062636558E+001   0.9650314886E+000   0.1007013731E+001
 0.1616162   0.2804985731E-002   0.1113927568E+001   0.9673939221E+000   0.9899538481E+000
 0.1717172   0.3027115753E-002   0.1112124229E+001   0.9646225982E+000   0.1025838949E+001
 0.1818182   0.3253927866E-002   0.1049331594E+001   0.9684646716E+000   0.9902756127E+000
 0.1919192   0.3661517105E-002   0.1050302555E+001   0.9684537477E+000   0.1012165143E+001
 0.2020202   0.4119015336E-002   0.1091888306E+001   0.9753156786E+000   0.1014173590E+001
 0.2121212   0.4654284374E-002   0.1024138884E+001   0.9773463120E+000   0.1006998635E+001
 0.2222222   0.5365703837E-002   0.1054538528E+001   0.9721494906E+000   0.1006055587E+001
 0.2323232   0.6255923258E-002   0.1046214754E+001   0.9773981104E+000   0.1005283352E+001
 0.2424242   0.7388904404E-002   0.1070549809E+001   0.9724804505E+000   0.9941876353E+000
 0.2525253   0.8625891541E-002   0.1026228980E+001   0.9761201956E+000   0.9968372282E+000
 0.2626263   0.1026102154E-001   0.1042440729E+001   0.9844366364E+000   0.1013116136E+001
 0.2727273   0.1226734942E-001   0.1035111449E+001   0.9808242163E+000   0.1003207374E+001
 0.2828283   0.1473013271E-001   0.1037180626E+001   0.9788577467E+000   0.9926288643E+000
 0.2929293   0.1795040014E-001   0.1063709497E+001   0.9811406473E+000   0.1008738548E+001
 0.3030303   0.2177158380E-001   0.1022385226E+001   0.9837286114E+000   0.1012189772E+001
 0.3131313   0.2642643981E-001   0.1054643120E+001   0.9845353742E+000   0.1015892846E+001
 0.3232323   0.3209542006E-001   0.1014451057E+001   0.9899441603E+000   0.1002793450E+001
 0.3333333   0.3935634006E-001   0.1011323758E+001   0.9868670932E+000   0.1015815781E+001
 0.3434343   0.4850959048E-001   0.1011346420E+001   0.9927204702E+000   0.9991451945E+000
 0.3535354   0.6030531778E-001   0.1016080948E+001   0.9936137363E+000   0.9923587409E+000
 0.3636364   0.7474393772E-001   0.1013998697E+001   0.9968811724E+000   0.9934853145E+000
 0.3737374   0.9269888550E-001   0.1003022646E+001   0.9943261791E+000   0.9954977339E+000
 0.3838384   0.1157235492E+000   0.9886996527E+000   0.9959969008E+000   0.9919257490E+000
 0.3939394   0.1457114050E+000   0.1014772677E+001   0.9994957409E+000   0.1003021465E+001
 0.4040404   0.1824589296E+000   0.9869137456E+000   0.9974041861E+000   0.9794563755E+000
 0.4141414   0.2285811341E+000   0.1019709416E+001   0.1004586992E+001   0.9878595971E+000
 0.4242424   0.2879218378E+000   0.9684035891E+000   0.9977461690E+000   0.9912448791E+000
 0.4343434   0.3649387933E+000   0.9523007901E+000   0.1005239555E+001   0.1009968404E+001
 0.4444444   0.4616771540E+000   0.9703054190E+000   0.1010021918E+001   0.1031559210E+001
 0.4545455   0.5851064219E+000   0.9651211457E+000   0.1010808070E+001   0.9954341754E+000
 0.4646465   0.7470260445E+000   0.9737072714E+000   0.1007201622E+001   0.1007600852E+001
 0.4747475   0.9433394948E+000   0.9524768532E+000   0.1015517980E+001   0.1000267796E+001
 0.4848485   0.1204676338E+001   0.9453497849E+000   0.1015147588E+001   0.1011294392E+001
 0.4949495   0.1546979597E+001   0.9606080040E+000   0.1013586286E+001   0.9944728539E+000
 0.5050505   0.1742802910E+001   0.9565367632E+000   0.1017129477E+001   0.1002442289E+001
 0.5151515   0.1743496215E+001   0.9386837927E+000   0.1024246689E+001   0.1015785591E+001
 0.5252525   0.1747718631E+001   0.9716799312E+000   0.1021082787E+001   0.1000361544E+001
 0.5353535   0.1749015502E+001   0.9604153806E+000   0.1021336184E+001   0.9901119497E+000
 0.5454545   0.1738966201E+001   0.9535925005E+000   0.1020635414E+001   0.1002857008E+001
 0.5555556   0.1748403489E+001   0.9601730759E+000   0.1017868944E+001   0.1007884481E+001
 0.5656566   0.1747198963E+001   0.9568915042E+000   0.1019591128E+001   0.9787190975E+000
 0.5757576   0.1748974022E+001   0.9713339063E+000   0.1015077614E+001   0.9868355116E+000
 0.5858586   0.1753743027E+001   0.9549574251E+000   0.1022154749E+001   0.1002194411E+001
 0.5959596   0.1750901850E+001   0.9706967671E+000   0.1022910900E+001   0.1012679172E+001
 0.6060606   0.1770752081E+001   0.9600850444E+000   0.1021574875E+001   0.9884109667E+000
 0.6161616   0.1755903128E+001   0.9556669070E+000   0.1021163206E+001   0.1005533613E+001
 0.6262626   0.1756681893E+001   0.9631190819E+000   0.1017402487E+001   0.1007225857E+001
 0.6363636   0.1763686134E+001   0.9510387142E+000   0.1019539245E+001   0.9945666026E+000
 0.6464646   0.1775271086E+001   0.9727406677E+000   0.1015762026E+001   0.9888519034E+000
 0.6565657   0.1774722773E+001   0.9506560821E+000   0.1021802501E+001   0.9877626705E+000
 0.6666667   0.1784995943E+001   0.9736854815E+000   0.1015752268E+001   0.1003042122E+001
 0.6767677   0.1783150457E+001   0.9705913036E+000   0.1023835497E+001   0.1001101206E+001
 0.6868687   0.1788314833E+001   0.9502037220E+000   0.1025082987E+001   0.1010576976E+001
 0.6969697   0.1803282553E+001   0.9325852117E+000   0.1021181965E+001   0.1003100119E+001
 0.7070707   0.1803405538E+001   0.9706540587E+000   0.1022291863E+001   0.1008613020E+001
 0.7171717   0.1807628020E+001   0.9630014160E+000   0.1018954155E+001   0.1010339427E+001
 0.7272727   0.1823007360E+001   0.9720486178E+000   0.1025784554E+001   0.1020395168E+001
 0.7373737   0.1829258107E+001   0.9595097888E+000   0.1017359351E+001   0.9823157113E+000
 0.7474747   0.1824432726E+001   0.9542723480E+000   0.1021040216E+001   0.9971987169E+000
 0.7575758   0.1842614207E+001   0.9619955903E+000   0.1021443456E+001   0.9909898508E+000
 0.7676768   0.1840544743E+001   0.9709137954E+000   0.1020287246E+001   0.9989966266E+000
 0.7777778   0.1847895396E+001   0.9640935300E+000   0.1019977210E+001   0.9828257679E+000
 0.7878788   0.1857015679E+001   0.9392267991E+000   0.1022803022E+001   0.9823776808E+000
 0.7979798   0.1855188370E+001   0.9689387511E+000   0.1017493267E+001   0.1001626357E+001
 0.8080808   0.1874943960E+001   0.9731555490E+000   0.1020505711E+001   0.1000284480E+001
 0.8181818   0.1875597345E+001   0.9676182780E+000   0.1019157261E+001   0.9949709932E+000
 0.8282828   0.1891611569E+001   0.9558839353E+000   0.1022791559E+001   0.1000862067E+001
 0.8383838   0.1890599936E+001   0.9645598357E+000   0.1021754067E+001   0.9968245165E+000
 0.8484848   0.1909297194E+001   0.9610594925E+000   0.1021846257E+001   0.9838577982E+000
 0.8585859   0.1910420212E+001   0.9519076988E+000   0.1016681929E+001   0.9831006582E+000
 0.8686869   0.1923533846E+001   0.9905090931E+000   0.1018651600E+001   0.1012508359E+001
 0.8787879   0.1933544376E+001   0.9732644989E+000   0.1020554960E+001   0.9968221331E+000
 0.8888889   0.1936178624E+001   0.9707908998E+000   0.1015682342E+001   0.1001309360E+001
 0.8989899   0.1947433855E+001   0.9541878028E+000   0.1017924552E+001   0.9897965409E+000
 0.9090909   0.1969886338E+001   0.9438436611E+000   0.1023683118E+001   0.9944243906E+000
 0.9191919   0.1958354210E+001   0.9464166226E+000   0.1012500715E+001   0.9837537212E+000
 0.9292929   0.1971963868E+001   0.9515058915E+000   0.1015299833E+001   0.9752662847E+000
 0.9393939   0.1977500865E+001   0.9468445779E+000   0.1018034836E+001   0.9948462598E+000
 0.9494949   0.1987871314E+001   0.9523679033E+000   0.1016083986E+001   0.9844433304E+000
 0.9595960   0.2006251171E+001   0.9578938435E+000   0.1023117690E+001   0.1002648854E+001
 0.9696970   0.2006438886E+001   0.9624845575E+000   0.1016918692E+001   0.9900746091E+000
 0.9797980   0.2009284181E+001   0.9445609875E+000   0.1016056949E+001   0.9985533064E+000
 0.9898990   0.2027178577E+001   0.9672243151E+000   0.1018130671E+001   0.9873900591E+000
 1.0000000   0.2035199162E+001   0.9589885723E+000   0.1016592476E+001   0.9802341721E+000


 0.0000000   0.8862272719E-002   0.1101210984E+001   0.9595893173E+000   0.1006828131E+001
 0.0101010   0.8733506008E-002   0.1057693424E+001   0.9526879179E+000   0.9898729062E+000
 0.0202020   0.8563915579E-002   0.1134539947E+001   0.9639524085E+000   0.1055193607E+001
 0.0303030   0.8012266842E-002   0.1087372829E+001   0.9592436137E+000   0.1020320173E+001
 0.0404040   0.7325707492E-002   0.1082040403E+001   0.9598633952E+000   0.9947993870E+000
 0.0505051   0.6523438549E-002   0.1073020527E+001   0.9617405217E+000   0.9976212654E+000
 0.0606061   0.5672270039E-002   0.1057037366E+001   0.9645980739E+000   0.1001954351E+001
 0.0707071   0.4833073393E-002   0.1080151727E+001   0.9621978793E+000   0.9963427621E+000
 0.0808081   0.4129573971E-002   0.1084926169E+001   0.9590327280E+000   0.9915148383E+000
 0.0909091   0.3526139473E-002   0.1066269737E+001   0.9600313387E+000   0.1017971916E+001
 0.1010101   0.3090793012E-002   0.1100827602E+001   0.9626710778E+000   0.1038872843E+001
 0.1111111   0.2799686162E-002   0.1071454308E+001   0.9574656791E+000   0.1000292571E+001
 0.1212121   0.2622700880E-002   0.1077256303E+001   0.9606899191E+000   0.9875219112E+000
 0.1313131   0.2544396719E-002   0.1036049436E+001   0.9637293689E+000   0.1009297531E+001
 0.1414141   0.2545178201E-002   0.1024193574E+001   0.9639260443E+000   0.9775847655E+000
 0.1515152   0.2644772709E-002   0.1055061017E+001   0.9656385132E+000   0.1007649439E+001
 0.1616162   0.2781897572E-002   0.1109004930E+001   0.9672230168E+000   0.9897811934E+000
 0.1717172   0.2981785989E-002   0.1099681171E+001   0.9641793140E+000   0.1025369850E+001
 0.1818182   0.3221008515E-002   0.1042708096E+001   0.9700934239E+000   0.9919432875E+000
 0.1919192   0.3629493920E-002   0.1045118350E+001   0.9668020737E+000   0.1010441203E+001
 0.2020202   0.4086470781E-002   0.1087424838E+001   0.9734288363E+000   0.1012213860E+001
 0.2121212   0.4615523766E-002   0.1019513492E+001   0.9756116116E+000   0.1005213576E+001
 0.2222222   0.5317822772E-002   0.1049145346E+001   0.9735273791E+000   0.1007483809E+001
 0.2323232   0.6190232456E-002   0.1039207879E+001   0.9764297220E+000   0.1004289604E+001
 0.2424242   0.7351174839E-002   0.1069177049E+001   0.9730284442E+000   0.9947501085E+000
 0.2525253   0.8565120753E-002   0.1022915635E+001   0.9762168737E+000   0.9969382106E+000
 0.2626263   0.1017541169E-001   0.1037716702E+001   0.9856751905E+000   0.1014393065E+001
 0.2727273   0.1218127956E-001   0.1031799544E+001   0.9802580587E+000   0.1002630561E+001
 0.2828283   0.1465003484E-001   0.1035505569E+001   0.9782219914E+000   0.9919864061E+000
 0.2929293   0.1787237624E-001   0.1063156616E+001   0.9823657905E+000   0.1010000434E+001
 0.3030303   0.2163557895E-001   0.1019903561E+001   0.9822617985E+000   0.1010682805E+001
 0.3131313   0.2625451228E-001   0.1051808958E+001   0.9862701194E+000   0.1017685142E+001
 0.3232323   0.3192692957E-001   0.1013004173E+001   0.9895993727E+000   0.1002446452E+001
 0.3333333   0.3920993302E-001   0.1011434239E+001   0.9848051438E+000   0.1013695637E+001
 0.3434343   0.4842830560E-001   0.1013532437E+001   0.9909586133E+000   0.9973741885E+000
 0.3535354   0.6024287798E-001   0.1018930246E+001   0.9930488620E+000   0.9917968208E+000
 0.3636364   0.7437092272E-001   0.1012816197E+001   0.9959119393E+000   0.9925216254E+000
 0.3737374   0.9242332321E-001   0.1003884736E+001   0.9962173160E+000   0.9973933523E+000
 0.3838384   0.1152078503E+000   0.9880769198E+000   0.9951332924E+000   0.9910679097E+000
 0.3939394   0.1455399992E+000   0.1017474732E+001   0.1000601661E+001   0.1004133556E+001
 0.4040404   0.1823498842E+000   0.9901149363E+000   0.9976412848E+000   0.9796914212E+000
 0.4141414   0.2283412587E+000   0.1022554542E+001   0.1004296304E+001   0.9875759807E+000
 0.4242424   0.2876676676E+000   0.9712675557E+000   0.9983380543E+000   0.9918351485E+000
 0.4343434   0.3650344643E+000   0.9562116437E+000   0.1006070276E+001   0.1010805317E+001
 0.4444444   0.4612547095E+000   0.9731436008E+000   0.1010628672E+001   0.1032181233E+001
 0.4545455   0.5844068117E+000   0.9676722360E+000   0.1010116716E+001   0.9947555839E+000
 0.4646465   0.7463549909E+000   0.9765717482E+000   0.1008908349E+001   0.1009310535E+001
 0.4747475   0.9409361581E+000   0.9537018297E+000   0.1015000239E+001   0.9997600890E+000
 0.4848485   0.1204949608E+001   0.9491985784E+000   0.1015492533E+001   0.1011640313E+001
 0.4949495   0.1547482013E+001   0.9646133538E+000   0.1015169652E+001   0.9960286117E+000
 0.5050505   0.1743772672E+001   0.9607475864E+000   0.1019011972E+001   0.1004299871E+001
 0.5151515   0.1743982987E+001   0.9425547783E+000   0.1024468943E+001   0.1016008304E+001
 0.5252525   0.1746772562E+001   0.9748866510E+000   0.1018717975E+001   0.9980469768E+000
 0.5353535   0.1750662288E+001   0.9650145674E+000   0.1019619509E+001   0.9884499896E+000
 0.5454545   0.1740183765E+001   0.9579279463E+000   0.1018805446E+001   0.1001061178E+001
 0.5555556   0.1746524917E+001   0.9628279532E+000   0.1018871365E+001   0.1008879349E+001
 0.5656566   0.1747794724E+001   0.9608969270E+000   0.1021987830E+001   0.9810219406E+000
 0.5757576   0.1746621625E+001   0.9737558230E+000   0.1014321951E+001   0.9861031012E+000
 0.5858586   0.1752213807E+001   0.9577919795E+000   0.1019983764E+001   0.1000068080E+001
 0.5959596   0.1747482398E+001   0.9725246917E+000   0.1021198318E+001   0.1010986004E+001
 0.6060606   0.1766296505E+001   0.9613501498E+000   0.1021619266E+001   0.9884561494E+000
 0.6161616   0.1753905933E+001   0.9582489172E+000   0.1021076378E+001   0.1005450387E+001
 0.6262626   0.1756789649E+001   0.9668802106E+000   0.1018851229E+001   0.1008662386E+001
 0.6363636   0.1767475124E+001   0.9567451092E+000   0.1019619813E+001   0.9946474450E+000
 0.6464646   0.1773068234E+001   0.9752678040E+000   0.1015596462E+001   0.9886929599E+000
 0.6565657   0.1774039438E+001   0.9539425578E+000   0.1019707483E+001   0.9857396723E+000
 0.6666667   0.1785956147E+001   0.9779537061E+000   0.1016480964E+001   0.1003763967E+001
 0.6767677   0.1785810423E+001   0.9757752649E+000   0.1022190028E+001   0.9994945327E+000
 0.6868687   0.1793680052E+001   0.9567176186E+000   0.1023484338E+001   0.1009003229E+001
 0.6969697   0.1805301668E+001   0.9372178944E+000   0.1020439656E+001   0.1002373218E+001
 0.7070707   0.1805135994E+001   0.9753198131E+000   0.1022375661E+001   0.1008697976E+001
 0.7171717   0.1807165100E+001   0.9664552214E+000   0.1018879171E+001   0.1010267360E+001
 0.7272727   0.1818947510E+001   0.9736116833E+000   0.1022872821E+001   0.1017501032E+001
 0.7373737   0.1829824358E+001   0.9634958996E+000   0.1018842560E+001   0.9837500529E+000
 0.7474747   0.1823767016E+001   0.9575906297E+000   0.1021203560E+001   0.9973605000E+000
 0.7575758   0.1839928784E+001   0.9642856960E+000   0.1021295861E+001   0.9908488942E+000
 0.7676768   0.1844126047E+001   0.9765420286E+000   0.1020147574E+001   0.9988621253E+000
 0.7777778   0.1844990368E+001   0.9662776472E+000   0.1019282694E+001   0.9821587682E+000
 0.7878788   0.1858001178E+001   0.9433371448E+000   0.1023560435E+001   0.9831073792E+000
 0.7979798   0.1857311114E+001   0.9737758837E+000   0.1017166437E+001   0.1001306886E+001
 0.8080808   0.1875682138E+001   0.9772805589E+000   0.1021665880E+001   0.1001423923E+001
 0.8181818   0.1875895760E+001   0.9714919381E+000   0.1019877939E+001   0.9956768180E+000
 0.8282828   0.1892534539E+001   0.9600261449E+000   0.1023871890E+001   0.1001921499E+001
 0.8383838   0.1888570703E+001   0.9672279291E+000   0.1020830019E+001   0.9959252638E+000
 0.8484848   0.1910433101E+001   0.9653273654E+000   0.1021722802E+001   0.9837411554E+000
 0.8585859   0.1911572013E+001   0.9561425458E+000   0.1017872149E+001   0.9842537887E+000
 0.8686869   0.1922400453E+001   0.9937303167E+000   0.1018669758E+001   0.1012528695E+001
 0.8787879   0.1930502758E+001   0.9754684108E+000   0.1019420015E+001   0.9957158302E+000
 0.8888889   0.1933572460E+001   0.9732104697E+000   0.1015460239E+001   0.1001092662E+001
 0.8989899   0.1946927475E+001   0.9576062324E+000   0.1018604005E+001   0.9904594572E+000
 0.9090909   0.1968799826E+001   0.9469488103E+000   0.1022805673E+001   0.9935742688E+000
 0.9191919   0.1962012016E+001   0.9518287565E+000   0.1015180613E+001   0.9863597600E+000
 0.9292929   0.1972240405E+001   0.9552970252E+000   0.1016978006E+001   0.9768804936E+000
 0.9393939   0.1977259926E+001   0.9503680418E+000   0.1017545435E+001   0.9943702534E+000
 0.9494949   0.1989069575E+001   0.9566046844E+000   0.1016414459E+001   0.9847657375E+000
 0.9595960   0.2009929119E+001   0.9633383861E+000   0.1023937579E+001   0.1003454607E+001
 0.9696970   0.2006165970E+001   0.9660525218E+000   0.1017810791E+001   0.9909453979E+000
 0.9797980   0.2011615096E+001   0.9492914519E+000   0.1015361167E+001   0.9978717644E+000
 0.9898990   0.2033278513E+001   0.9738635563E+000   0.1020328588E+001   0.9895238502E+000
 1.0000000   0.2033938642E+001   0.9620782782E+000   0.1017373805E+001   0.9809897727E+000


 0.0000000   0.8780729280E-002   0.1094597538E+001   0.9592392511E+000   0.1006451677E+001
 0.0101010   0.8671077756E-002   0.1053519836E+001   0.9529426562E+000   0.9901285813E+000
 0.0202020   0.8468935981E-002   0.1125575728E+001   0.9610960446E+000   0.1052057310E+001
 0.0303030   0.7959086969E-002   0.1083639376E+001   0.9608902037E+000   0.1022062308E+001
 0.0404040   0.7274371626E-002   0.1077923259E+001   0.9607270857E+000   0.9956854567E+000
 0.0505051   0.6478739937E-002   0.1069105237E+001   0.9621617582E+000   0.9980491394E+000
 0.0606061   0.5630251764E-002   0.1052591145E+001   0.9636197307E+000   0.1000929015E+001
 0.0707071   0.4805033811E-002   0.1077348664E+001   0.9632227165E+000   0.9973948951E+000
 0.0808081   0.4100596575E-002   0.1080787803E+001   0.9591595583E+000   0.9916369447E+000
 0.0909091   0.3508257942E-002   0.1064284087E+001   0.9623998718E+000   0.1020474114E+001
 0.1010101   0.3069228609E-002   0.1096672824E+001   0.9621708561E+000   0.1038323581E+001
 0.1111111   0.2773064127E-002   0.1064688768E+001   0.9584455436E+000   0.1001307156E+001
 0.1212121   0.2603715719E-002   0.1072907551E+001   0.9615983785E+000   0.9884467532E+000
 0.1313131   0.2525841323E-002   0.1031811042E+001   0.9642474650E+000   0.1009830940E+001
 0.1414141   0.2524494073E-002   0.1019146606E+001   0.9640114863E+000   0.9776625257E+000
 0.1515152   0.2616964737E-002   0.1047334833E+001   0.9656648261E+000   0.1007667732E+001
 0.1616162   0.2746446906E-002   0.1098403743E+001   0.9665940962E+000   0.9891286079E+000
 0.1717172   0.2956337260E-002   0.1093812171E+001   0.9654746497E+000   0.1026738054E+001
 0.1818182   0.3192795419E-002   0.1036908464E+001   0.9702258829E+000   0.9920697063E+000
 0.1919192   0.3592643081E-002   0.1037843640E+001   0.9679429834E+000   0.1011624409E+001
 0.2020202   0.4043244072E-002   0.1079392173E+001   0.9738411450E+000   0.1012633386E+001
 0.2121212   0.4574054502E-002   0.1013612076E+001   0.9755550832E+000   0.1005146190E+001
 0.2222222   0.5257872393E-002   0.1040663436E+001   0.9753959576E+000   0.1009408382E+001
 0.2323232   0.6140602262E-002   0.1034200864E+001   0.9764059870E+000   0.1004256058E+001
 0.2424242   0.7249157165E-002   0.1057739801E+001   0.9735747066E+000   0.9952995125E+000
 0.2525253   0.8470981941E-002   0.1014935720E+001   0.9765136682E+000   0.9972322343E+000
 0.2626263   0.1007931620E-001   0.1031231907E+001   0.9841784118E+000   0.1012843465E+001
 0.2727273   0.1208282461E-001   0.1026760962E+001   0.9812552941E+000   0.1003641428E+001
 0.2828283   0.1448573670E-001   0.1027194827E+001   0.9780673952E+000   0.9918206133E+000
 0.2929293   0.1769846120E-001   0.1056206683E+001   0.9830493810E+000   0.1010694062E+001
 0.3030303   0.2145054156E-001   0.1014442191E+001   0.9840148089E+000   0.1012477328E+001
 0.3131313   0.2606919392E-001   0.1047753133E+001   0.9877842715E+000   0.1019238253E+001
 0.3232323   0.3178711308E-001   0.1011820845E+001   0.9929348090E+000   0.1005816040E+001
 0.3333333   0.3897574527E-001   0.1008635929E+001   0.9862679684E+000   0.1015192142E+001
 0.3434343   0.4828551930E-001   0.1013803392E+001   0.9919483539E+000   0.9983612560E+000
 0.3535354   0.6002392610E-001   0.1018501322E+001   0.9924945525E+000   0.9912341943E+000
 0.3636364   0.7411175991E-001   0.1012542007E+001   0.9956566468E+000   0.9922581767E+000
 0.3737374   0.9233700326E-001   0.1006181902E+001   0.9938544111E+000   0.9950186076E+000
 0.3838384   0.1149650094E+000   0.9891742810E+000   0.9970999092E+000   0.9930174602E+000
 0.3939394   0.1454114561E+000   0.1019854798E+001   0.1000111988E+001   0.1003633025E+001
 0.4040404   0.1818069334E+000   0.9903507090E+000   0.9996226483E+000   0.9816282067E+000
 0.4141414   0.2281065035E+000   0.1024797871E+001   0.1005092690E+001   0.9883501171E+000
 0.4242424   0.2873764687E+000   0.9734137771E+000   0.9995873549E+000   0.9930672789E+000
 0.4343434   0.3655296280E+000   0.9605969375E+000   0.1005779908E+001   0.1010504391E+001
 0.4444444   0.4613306871E+000   0.9764430469E+000   0.1010113887E+001   0.1031646087E+001
 0.4545455   0.5849267462E+000   0.9716569174E+000   0.1009015525E+001   0.9936621010E+000
 0.4646465   0.7466953249E+000   0.9801681861E+000   0.1009291930E+001   0.1009685085E+001
 0.4747475   0.9429388194E+000   0.9588141367E+000   0.1017166969E+001   0.1001885172E+001
 0.4848485   0.1204948143E+001   0.9522588255E+000   0.1015490625E+001   0.1011629211E+001
 0.4949495   0.1550087773E+001   0.9693539979E+000   0.1015078732E+001   0.9959303481E+000
 0.5050505   0.1746536645E+001   0.9653739876E+000   0.1020604094E+001   0.1005859856E+001
 0.5151515   0.1743603468E+001   0.9453889787E+000   0.1024046877E+001   0.1015580487E+001
 0.5252525   0.1748095997E+001   0.9787719075E+000   0.1019596364E+001   0.9988984566E+000
 0.5353535   0.1752423733E+001   0.9691010724E+000   0.1021282928E+001   0.9900535533E+000
 0.5454545   0.1743720277E+001   0.9629705464E+000   0.1020077874E+001   0.1002302328E+001
 0.5555556   0.1747618429E+001   0.9665380936E+000   0.1019139707E+001   0.1009135880E+001
 0.5656566   0.1748959616E+001   0.9646385579E+000   0.1021441906E+001   0.9804889813E+000
 0.5757576   0.1748313251E+001   0.9778425682E+000   0.1017193860E+001   0.9888861173E+000
 0.5858586   0.1754973848E+001   0.9623946544E+000   0.1020666660E+001   0.1000728540E+001
 0.5959596   0.1745658021E+001   0.9746427359E+000   0.1020416765E+001   0.1010203079E+001
 0.6060606   0.1765715235E+001   0.9641333554E+000   0.1021110145E+001   0.9879545694E+000
 0.6161616   0.1749247662E+001   0.9587862500E+000   0.1019988580E+001   0.1004370100E+001
 0.6262626   0.1762563789E+001   0.9731867927E+000   0.1019009560E+001   0.1008809958E+001
 0.6363636   0.1768385444E+001   0.9603252047E+000   0.1020408286E+001   0.9954075529E+000
 0.6464646   0.1773188079E+001   0.9784794218E+000   0.1016142608E+001   0.9892156404E+000
 0.6565657   0.1774026954E+001   0.9570125286E+000   0.1018752552E+001   0.9848075941E+000
 0.6666667   0.1783321261E+001   0.9796603895E+000   0.1016431763E+001   0.1003706252E+001
 0.6767677   0.1787479716E+001   0.9798374374E+000   0.1020837731E+001   0.9981631820E+000
 0.6868687   0.1793391354E+001   0.9596487910E+000   0.1023330478E+001   0.1008842370E+001
 0.6969697   0.1800509497E+001   0.9377447906E+000   0.1019967367E+001   0.1001900178E+001
 0.7070707   0.1804782468E+001   0.9782738387E+000   0.1020784688E+001   0.1007119127E+001
 0.7171717   0.1806784835E+001   0.9693682655E+000   0.1017919222E+001   0.1009306344E+001
 0.7272727   0.1821556021E+001   0.9781525641E+000   0.1023007201E+001   0.1017625451E+001
 0.7373737   0.1826865959E+001   0.9650406447E+000   0.1018941909E+001   0.9838370316E+000
 0.7474747   0.1825797599E+001   0.9617487215E+000   0.1021107328E+001   0.9972574437E+000
 0.7575758   0.1839437270E+001   0.9671373326E+000   0.1020558366E+001   0.9901243798E+000
 0.7676768   0.1845247727E+001   0.9802875151E+000   0.1021332337E+001   0.1000013073E+001
 0.7777778   0.1844728830E+001   0.9692567189E+000   0.1019500058E+001   0.9823592798E+000
 0.7878788   0.1855890710E+001   0.9453046702E+000   0.1022597128E+001   0.9821732103E+000
 0.7979798   0.1861191134E+001   0.9789573862E+000   0.1017268643E+001   0.1001398390E+001
 0.8080808   0.1876608185E+001   0.9809165863E+000   0.1021503994E+001   0.1001256137E+001
 0.8181818   0.1874417804E+001   0.9738573696E+000   0.1018846569E+001   0.9946608740E+000
 0.8282828   0.1895869193E+001   0.9648194970E+000   0.1023006204E+001   0.1001065266E+001
 0.8383838   0.1889631079E+001   0.9708923041E+000   0.1018475229E+001   0.9936188849E+000
 0.8484848   0.1908180342E+001   0.9672988158E+000   0.1020155964E+001   0.9822236291E+000
 0.8585859   0.1913967339E+001   0.9604283205E+000   0.1017955686E+001   0.9843256141E+000
 0.8686869   0.1920312989E+001   0.9958528123E+000   0.1018258380E+001   0.1012110591E+001
 0.8787879   0.1928153437E+001   0.9774236198E+000   0.1018076975E+001   0.9943949747E+000
 0.8888889   0.1934585201E+001   0.9768606983E+000   0.1014410304E+001   0.1000048486E+001
 0.8989899   0.1943885110E+001   0.9591935250E+000   0.1016364960E+001   0.9882732884E+000
 0.9090909   0.1967590811E+001   0.9494195741E+000   0.1021277874E+001   0.9920811105E+000
 0.9191919   0.1960874735E+001   0.9543451369E+000   0.1013524976E+001   0.9847421697E+000
 0.9292929   0.1972364991E+001   0.9584386395E+000   0.1016601026E+001   0.9765094950E+000
 0.9393939   0.1978365649E+001   0.9539663971E+000   0.1017337372E+001   0.9941578862E+000
 0.9494949   0.1986820136E+001   0.9586046625E+000   0.1015555593E+001   0.9839246644E+000
 0.9595960   0.2005903014E+001   0.9645095010E+000   0.1020211520E+001   0.9997939911E+000
 0.9696970   0.2003630581E+001   0.9679434517E+000   0.1016082220E+001   0.9892534545E+000
 0.9797980   0.2007907644E+001   0.9505979478E+000   0.1013815137E+001   0.9963433023E+000
 0.9898990   0.2033743132E+001   0.9772277646E+000   0.1019170910E+001   0.9883921328E+000
 1.0000000   0.2035648640E+001   0.9659926824E+000   0.1017826060E+001   0.9814169278E+000


 0.0000000   0.8744795267E-002   0.1090047918E+001   0.9598658618E+000   0.1007116160E+001
 0.0101010   0.8619117373E-002   0.1047139387E+001   0.9517612654E+000   0.9889079938E+000
 0.0202020   0.8432143320E-002   0.1120613663E+001   0.9609552637E+000   0.1051910548E+001
 0.0303030   0.7904392258E-002   0.1076123402E+001   0.9587939114E+000   0.1019839681E+001
 0.0404040   0.7245738926E-002   0.1073611377E+001   0.9616475746E+000   0.9966463975E+000
 0.0505051   0.6459630396E-002   0.1065883265E+001   0.9614286763E+000   0.9972956768E+000
 0.0606061   0.5584227231E-002   0.1043919579E+001   0.9607803557E+000   0.9979866726E+000
 0.0707071   0.4794633323E-002   0.1074947597E+001   0.9645498429E+000   0.9987760764E+000
 0.0808081   0.4080208202E-002   0.1075344898E+001   0.9603817250E+000   0.9929074259E+000
 0.0909091   0.3498046233E-002   0.1061117950E+001   0.9630946327E+000   0.1021217929E+001
 0.1010101   0.3060539368E-002   0.1093497711E+001   0.9614348387E+000   0.1037536553E+001
 0.1111111   0.2772106564E-002   0.1064252662E+001   0.9592177399E+000   0.1002120881E+001
 0.1212121   0.2597033317E-002   0.1070085113E+001   0.9608447349E+000   0.9876789626E+000
 0.1313131   0.2524691348E-002   0.1031274936E+001   0.9631458329E+000   0.1008684271E+001
 0.1414141   0.2526150593E-002   0.1019749751E+001   0.9619155803E+000   0.9755437507E+000
 0.1515152   0.2613522621E-002   0.1045889986E+001   0.9650838928E+000   0.1007068560E+001
 0.1616162   0.2750823576E-002   0.1100083367E+001   0.9669325526E+000   0.9894818626E+000
 0.1717172   0.2961081091E-002   0.1095496867E+001   0.9644247018E+000   0.1025628642E+001
 0.1818182   0.3196688744E-002   0.1038106102E+001   0.9705875119E+000   0.9924464055E+000
 0.1919192   0.3598203588E-002   0.1039383101E+001   0.9682686612E+000   0.1011971849E+001
 0.2020202   0.4058167396E-002   0.1083306447E+001   0.9748918600E+000   0.1013733033E+001
 0.2121212   0.4600329823E-002   0.1019369124E+001   0.9746406040E+000   0.1004210983E+001
 0.2222222   0.5290257969E-002   0.1047005995E+001   0.9741421487E+000   0.1008117890E+001
 0.2323232   0.6149778753E-002   0.1035679748E+001   0.9753408437E+000   0.1003167536E+001
 0.2424242   0.7272233088E-002   0.1061038605E+001   0.9727922679E+000   0.9945065570E+000
 0.2525253   0.8505805935E-002   0.1019042544E+001   0.9761939977E+000   0.9969127411E+000
 0.2626263   0.1010298923E-001   0.1033587448E+001   0.9835750884E+000   0.1012229636E+001
 0.2727273   0.1211601958E-001   0.1029515542E+001   0.9820761496E+000   0.1004488023E+001
 0.2828283   0.1451728148E-001   0.1029365476E+001   0.9773106397E+000   0.9910601354E+000
 0.2929293   0.1774832291E-001   0.1059114195E+001   0.9822669933E+000   0.1009896723E+001
 0.3030303   0.2149873283E-001   0.1016655862E+001   0.9843732844E+000   0.1012853243E+001
 0.3131313   0.2610351224E-001   0.1049064946E+001   0.9870089845E+000   0.1018445388E+001
 0.3232323   0.3187997039E-001   0.1014711328E+001   0.9927530753E+000   0.1005638969E+001
 0.3333333   0.3913919872E-001   0.1012800717E+001   0.9876119042E+000   0.1016582588E+001
 0.3434343   0.4834685168E-001   0.1015025834E+001   0.9904671570E+000   0.9968774426E+000
 0.3535354   0.6010241690E-001   0.1019767575E+001   0.9916819870E+000   0.9904295750E+000
 0.3636364   0.7423647233E-001   0.1014180635E+001   0.9949010328E+000   0.9915120637E+000
 0.3737374   0.9243595532E-001   0.1007195378E+001   0.9939888135E+000   0.9951601149E+000
 0.3838384   0.1152064329E+000   0.9911877613E+000   0.9970920148E+000   0.9930165305E+000
 0.3939394   0.1454431342E+000   0.1020011361E+001   0.1000533306E+001   0.1004062836E+001
 0.4040404   0.1818484834E+000   0.9905133267E+000   0.9994231411E+000   0.9814391425E+000
 0.4141414   0.2282992256E+000   0.1025597726E+001   0.1005909708E+001   0.9891604319E+000
 0.4242424   0.2874706871E+000   0.9736702850E+000   0.1000615115E+001   0.9940952754E+000
 0.4343434   0.3659357423E+000   0.9616023325E+000   0.1006211947E+001   0.1010945517E+001
 0.4444444   0.4619394235E+000   0.9776685956E+000   0.1010954531E+001   0.1032511859E+001
 0.4545455   0.5842719848E+000   0.9705068244E+000   0.1007107100E+001   0.9917896386E+000
 0.4646465   0.7461128555E+000   0.9793405956E+000   0.1011342461E+001   0.1011743478E+001
 0.4747475   0.9451909033E+000   0.9610423160E+000   0.1017593557E+001   0.1002312349E+001
 0.4848485   0.1206588904E+001   0.9534941679E+000   0.1016117386E+001   0.1012260655E+001
 0.4949495   0.1549649620E+001   0.9690176635E+000   0.1014468674E+001   0.9953387469E+000
 0.5050505   0.1748179467E+001   0.9662198810E+000   0.1019896388E+001   0.1005169392E+001
 0.5151515   0.1747101591E+001   0.9472247432E+000   0.1024209436E+001   0.1015748794E+001
 0.5252525   0.1747429068E+001   0.9783355557E+000   0.1019898325E+001   0.9992012635E+000
 0.5353535   0.1752102803E+001   0.9688612729E+000   0.1021276942E+001   0.9900546617E+000
 0.5454545   0.1742655219E+001   0.9623204645E+000   0.1019170869E+001   0.1001418119E+001
 0.5555556   0.1750653948E+001   0.9681546402E+000   0.1020346574E+001   0.1010337954E+001
 0.5656566   0.1747550344E+001   0.9637992760E+000   0.1021254578E+001   0.9803160070E+000
 0.5757576   0.1746990969E+001   0.9770401583E+000   0.1017405108E+001   0.9890983920E+000
 0.5858586   0.1750779280E+001   0.9600326764E+000   0.1019882420E+001   0.9999666001E+000
 0.5959596   0.1747988329E+001   0.9758810277E+000   0.1021969927E+001   0.1011747757E+001
 0.6060606   0.1768311889E+001   0.9654890998E+000   0.1021496413E+001   0.9883351947E+000
 0.6161616   0.1749605484E+001   0.9589206930E+000   0.1021167398E+001   0.1005537887E+001
 0.6262626   0.1764846312E+001   0.9743843923E+000   0.1018950041E+001   0.1008758077E+001
 0.6363636   0.1766612592E+001   0.9593007453E+000   0.1019770312E+001   0.9947921543E+000
 0.6464646   0.1774579424E+001   0.9791842049E+000   0.1016535339E+001   0.9896048726E+000
 0.6565657   0.1776226747E+001   0.9581375899E+000   0.1018779624E+001   0.9848406387E+000
 0.6666667   0.1782890438E+001   0.9793607193E+000   0.1015051013E+001   0.1002349787E+001
 0.6767677   0.1786328479E+001   0.9791433824E+000   0.1021816778E+001   0.9991274574E+000
 0.6868687   0.1795132175E+001   0.9605185224E+000   0.1022559702E+001   0.1008089544E+001
 0.6969697   0.1802099043E+001   0.9385122898E+000   0.1018886374E+001   0.1000845320E+001
 0.7070707   0.1805443116E+001   0.9785689917E+000   0.1021610441E+001   0.1007940862E+001
 0.7171717   0.1803189878E+001   0.9673772867E+000   0.1017255612E+001   0.1008655390E+001
 0.7272727   0.1818687037E+001   0.9765491377E+000   0.1021304357E+001   0.1015938657E+001
 0.7373737   0.1827145629E+001   0.9651262965E+000   0.1020608428E+001   0.9854530150E+000
 0.7474747   0.1825238690E+001   0.9613924700E+000   0.1020978348E+001   0.9971384379E+000
 0.7575758   0.1838062077E+001   0.9663521231E+000   0.1020603414E+001   0.9901749976E+000
 0.7676768   0.1842171396E+001   0.9785902655E+000   0.1022544985E+001   0.1001207397E+001
 0.7777778   0.1846124871E+001   0.9699278341E+000   0.1020765410E+001   0.9835854010E+000
 0.7878788   0.1855644850E+001   0.9451186443E+000   0.1023000079E+001   0.9825670915E+000
 0.7979798   0.1861117900E+001   0.9788558996E+000   0.1017425557E+001   0.1001559848E+001
 0.8080808   0.1875162414E+001   0.9800978252E+000   0.1020947879E+001   0.1000718031E+001
 0.8181818   0.1874748232E+001   0.9739663923E+000   0.1019909069E+001   0.9957051030E+000
 0.8282828   0.1894095884E+001   0.9638550476E+000   0.1022033729E+001   0.1000120630E+001
 0.8383838   0.1890576930E+001   0.9713158010E+000   0.1019293567E+001   0.9944241937E+000
 0.8484848   0.1906506899E+001   0.9663883460E+000   0.1019581808E+001   0.9816776751E+000
 0.8585859   0.1914285122E+001   0.9605259969E+000   0.1018453542E+001   0.9848138974E+000
 0.8686869   0.1918362407E+001   0.9947772714E+000   0.1017821667E+001   0.1011683578E+001
 0.8787879   0.1927863529E+001   0.9772137979E+000   0.1018428318E+001   0.9947450896E+000
 0.8888889   0.1936828984E+001   0.9779307800E+000   0.1016036099E+001   0.1001658256E+001
 0.8989899   0.1945192319E+001   0.9597768168E+000   0.1016828548E+001   0.9887309662E+000
 0.9090909   0.1969207738E+001   0.9501386688E+000   0.1023414643E+001   0.9941637332E+000
 0.9191919   0.1961306826E+001   0.9544940330E+000   0.1014503828E+001   0.9857001048E+000
 0.9292929   0.1972508911E+001   0.9584469214E+000   0.1017714329E+001   0.9775857180E+000
 0.9393939   0.1982692371E+001   0.9559912434E+000   0.1018527161E+001   0.9953275155E+000
 0.9494949   0.1987451641E+001   0.9588476724E+000   0.1017054213E+001   0.9853834875E+000
 0.9595960   0.2003654420E+001   0.9633663269E+000   0.1019929746E+001   0.9995248334E+000
 0.9696970   0.2001566206E+001   0.9668839663E+000   0.1015635703E+001   0.9888256305E+000
 0.9797980   0.2008028554E+001   0.9505940415E+000   0.1013629407E+001   0.9961677279E+000
 0.9898990   0.2029620685E+001   0.9751841694E+000   0.1018556364E+001   0.9878030424E+000
 1.0000000   0.2033425418E+001   0.9648756115E+000   0.1016779258E+001   0.9804144151E+000


 0.0000000   0.8717443096E-002   0.1088108120E+001   0.9619034723E+000   0.1009257971E+001
 0.0101010   0.8573602516E-002   0.1043018550E+001   0.9533318068E+000   0.9905436577E+000
 0.0202020   0.8362742769E-002   0.1112893636E+001   0.9596212013E+000   0.1050454272E+001
 0.0303030   0.7845719812E-002   0.1069580244E+001   0.9587658168E+000   0.1019813736E+001
 0.0404040   0.7187118301E-002   0.1066365788E+001   0.9601076279E+000   0.9950542474E+000
 0.0505051   0.6409075357E-002   0.1058971662E+001   0.9610432372E+000   0.9968997081E+000
 0.0606061   0.5554032654E-002   0.1039679250E+001   0.9608683259E+000   0.9980819036E+000
 0.0707071   0.4758385211E-002   0.1068263715E+001   0.9633867112E+000   0.9975755242E+000
 0.0808081   0.4049094707E-002   0.1068588205E+001   0.9603795526E+000   0.9929090141E+000
 0.0909091   0.3477256185E-002   0.1056238007E+001   0.9625460333E+000   0.1020640162E+001
 0.1010101   0.3040239648E-002   0.1087713987E+001   0.9624040190E+000   0.1038586459E+001
 0.1111111   0.2755184856E-002   0.1059186784E+001   0.9592754791E+000   0.1002185073E+001
 0.1212121   0.2577764444E-002   0.1063582093E+001   0.9606097022E+000   0.9874411791E+000
 0.1313131   0.2506098771E-002   0.1025064850E+001   0.9619651083E+000   0.1007451611E+001
 0.1414141   0.2507316579E-002   0.1013515816E+001   0.9613027773E+000   0.9749260304E+000
 0.1515152   0.2598773081E-002   0.1041394040E+001   0.9657941953E+000   0.1007813655E+001
 0.1616162   0.2736599624E-002   0.1095875229E+001   0.9665927549E+000   0.9891379602E+000
 0.1717172   0.2941587645E-002   0.1089756877E+001   0.9663101903E+000   0.1027637755E+001
 0.1818182   0.3185815033E-002   0.1035974191E+001   0.9692332631E+000   0.9910654843E+000
 0.1919192   0.3571891779E-002   0.1033178114E+001   0.9682773987E+000   0.1011984889E+001
 0.2020202   0.4037844421E-002   0.1079339170E+001   0.9755680037E+000   0.1014440032E+001
 0.2121212   0.4580168151E-002   0.1016274233E+001   0.9748960136E+000   0.1004478020E+001
 0.2222222   0.5275794246E-002   0.1045555654E+001   0.9735547384E+000   0.1007513883E+001
 0.2323232   0.6156507252E-002   0.1038215179E+001   0.9749798010E+000   0.1002800065E+001
 0.2424242   0.7256705882E-002   0.1060205134E+001   0.9732090285E+000   0.9949364624E+000
 0.2525253   0.8484503605E-002   0.1017865211E+001   0.9758314558E+000   0.9965463528E+000
 0.2626263   0.1010734895E-001   0.1035432000E+001   0.9823278109E+000   0.1010949925E+001
 0.2727273   0.1211793266E-001   0.1031070739E+001   0.9812715838E+000   0.1003668972E+001
 0.2828283   0.1454773078E-001   0.1032919658E+001   0.9760211557E+000   0.9897563319E+000
 0.2929293   0.1771642283E-001   0.1058640466E+001   0.9816921649E+000   0.1009309623E+001
 0.3030303   0.2152465970E-001   0.1019258606E+001   0.9839820324E+000   0.1012454581E+001
 0.3131313   0.2612934433E-001   0.1051523368E+001   0.9864992810E+000   0.1017923382E+001
 0.3232323   0.3194212905E-001   0.1018064857E+001   0.9918843307E+000   0.1004762828E+001
 0.3333333   0.3917861627E-001   0.1015191914E+001   0.9880824729E+000   0.1017070888E+001
 0.3434343   0.4849388376E-001   0.1019489721E+001   0.9902864123E+000   0.9966993769E+000
 0.3535354   0.6011340382E-001   0.1021333481E+001   0.9925241523E+000   0.9912745045E+000
 0.3636364   0.7429493859E-001   0.1016352131E+001   0.9951853351E+000   0.9917992275E+000
 0.3737374   0.9268929535E-001   0.1011321773E+001   0.9922924582E+000   0.9934655969E+000
 0.3838384   0.1153975561E+000   0.9941749112E+000   0.9971522774E+000   0.9930803817E+000
 0.3939394   0.1456580521E+000   0.1022900212E+001   0.1001086993E+001   0.1004622355E+001
 0.4040404   0.1818487549E+000   0.9918544772E+000   0.9998369367E+000   0.9818492836E+000
 0.4141414   0.2284549869E+000   0.1027685527E+001   0.1005691031E+001   0.9889492144E+000
 0.4242424   0.2873374572E+000   0.9745353113E+000   0.9994507409E+000   0.9929423221E+000
 0.4343434   0.3659456667E+000   0.9629290145E+000   0.1005290439E+001   0.1010023574E+001
 0.4444444   0.4625511778E+000   0.9802873874E+000   0.1010481270E+001   0.1032032491E+001
 0.4545455   0.5840364332E+000   0.9714276425E+000   0.1007315391E+001   0.9919985932E+000
 0.4646465   0.7461916391E+000   0.9807687047E+000   0.1012366880E+001   0.1012772215E+001
 0.4747475   0.9479481129E+000   0.9651493675E+000   0.1017045311E+001   0.1001776204E+001
 0.4848485   0.1207221927E+001   0.9552846859E+000   0.1016911407E+001   0.1013055575E+001
 0.4949495   0.1551829672E+001   0.9716933214E+000   0.1013493861E+001   0.9943861550E+000
 0.5050505   0.1749060059E+001   0.9680140562E+000   0.1020592259E+001   0.1005859099E+001
 0.5151515   0.1747729951E+001   0.9488470036E+000   0.1023449474E+001   0.1014999029E+001
 0.5252525   0.1746629023E+001   0.9792102274E+000   0.1019238162E+001   0.9985583539E+000
 0.5353535   0.1750502794E+001   0.9692857035E+000   0.1021826212E+001   0.9905909648E+000
 0.5454545   0.1745268099E+001   0.9650668265E+000   0.1019489115E+001   0.1001734690E+001
 0.5555556   0.1751181452E+001   0.9697561872E+000   0.1019460609E+001   0.1009464578E+001
 0.5656566   0.1747904601E+001   0.9652984572E+000   0.1023574600E+001   0.9825468223E+000
 0.5757576   0.1746832523E+001   0.9782728711E+000   0.1017056069E+001   0.9887628823E+000
 0.5858586   0.1752794001E+001   0.9624373797E+000   0.1019050231E+001   0.9991545203E+000
 0.5959596   0.1750530558E+001   0.9786221227E+000   0.1021023562E+001   0.1010814762E+001
 0.6060606   0.1765945606E+001   0.9655011985E+000   0.1020834883E+001   0.9876989546E+000
 0.6161616   0.1749532939E+001   0.9601778197E+000   0.1020967076E+001   0.1005344513E+001
 0.6262626   0.1766594963E+001   0.9766689962E+000   0.1018974662E+001   0.1008786348E+001
 0.6363636   0.1767624070E+001   0.9611481924E+000   0.1019156698E+001   0.9941974092E+000
 0.6464646   0.1777580511E+001   0.9821667429E+000   0.1016740051E+001   0.9898079836E+000
 0.6565657   0.1778828220E+001   0.9608386636E+000   0.1020683841E+001   0.9866852305E+000
 0.6666667   0.1783737023E+001   0.9811509727E+000   0.1015968452E+001   0.1003259620E+001
 0.6767677   0.1786104340E+001   0.9803446503E+000   0.1021436181E+001   0.9987591678E+000
 0.6868687   0.1794009846E+001   0.9612162887E+000   0.1020939153E+001   0.1006495814E+001
 0.6969697   0.1802752536E+001   0.9401224196E+000   0.1018199059E+001   0.1000174037E+001
 0.7070707   0.1805781923E+001   0.9800763920E+000   0.1020833195E+001   0.1007177906E+001
 0.7171717   0.1804592049E+001   0.9694389203E+000   0.1017874005E+001   0.1009272453E+001
 0.7272727   0.1819471962E+001   0.9782919587E+000   0.1021464190E+001   0.1016101574E+001
 0.7373737   0.1824325385E+001   0.9649399197E+000   0.1019858880E+001   0.9847330874E+000
 0.7474747   0.1822847220E+001   0.9614314112E+000   0.1020407708E+001   0.9965849709E+000
 0.7575758   0.1838065046E+001   0.9676606775E+000   0.1020876964E+001   0.9904442162E+000
 0.7676768   0.1841769070E+001   0.9796997987E+000   0.1023191478E+001   0.1001844268E+001
 0.7777778   0.1845716348E+001   0.9710247393E+000   0.1021403970E+001   0.9842045027E+000
 0.7878788   0.1856335027E+001   0.9467489144E+000   0.1023202195E+001   0.9827650144E+000
 0.7979798   0.1861456372E+001   0.9803580632E+000   0.1018451013E+001   0.1002573184E+001
 0.8080808   0.1875419579E+001   0.9815580030E+000   0.1022397783E+001   0.1002143076E+001
 0.8181818   0.1876300508E+001   0.9760912092E+000   0.1020806877E+001   0.9965854536E+000
 0.8282828   0.1894665849E+001   0.9654490945E+000   0.1023072441E+001   0.1001140937E+001
 0.8383838   0.1888423275E+001   0.9715215329E+000   0.1018687563E+001   0.9938368130E+000
 0.8484848   0.1905904925E+001   0.9673898399E+000   0.1020331168E+001   0.9824029701E+000
 0.8585859   0.1912710971E+001   0.9610341826E+000   0.1018387505E+001   0.9847538446E+000
 0.8686869   0.1916074706E+001   0.9949348043E+000   0.1018401582E+001   0.1012263904E+001
 0.8787879   0.1929176622E+001   0.9792019733E+000   0.1020283847E+001   0.9965613173E+000
 0.8888889   0.1936346618E+001   0.9790095495E+000   0.1016764372E+001   0.1002380094E+001
 0.8989899   0.1941835481E+001   0.9594163790E+000   0.1017472040E+001   0.9893604968E+000
 0.9090909   0.1966159532E+001   0.9499509895E+000   0.1023892592E+001   0.9946318624E+000
 0.9191919   0.1962333889E+001   0.9562854956E+000   0.1014684610E+001   0.9858795612E+000
 0.9292929   0.1973394696E+001   0.9601742086E+000   0.1018350268E+001   0.9782003594E+000
 0.9393939   0.1982320582E+001   0.9571047150E+000   0.1019174736E+001   0.9959641856E+000
 0.9494949   0.1984425956E+001   0.9586827958E+000   0.1016770102E+001   0.9851120272E+000
 0.9595960   0.2001105970E+001   0.9634423164E+000   0.1019572072E+001   0.9991781738E+000
 0.9696970   0.2001442166E+001   0.9681316771E+000   0.1014968886E+001   0.9881802323E+000
 0.9797980   0.2005755468E+001   0.9508021936E+000   0.1013649241E+001   0.9961910667E+000
 0.9898990   0.2028113725E+001   0.9757780693E+000   0.1018692486E+001   0.9879388694E+000
 1.0000000   0.2034161556E+001   0.9665303817E+000   0.1017486439E+001   0.9811000932E+000


