# Evolution of the weightfunction during equilibration phase for fractional: N2
# Weightfunction after cycle        610
 0.0000000    0.5000000000E+001    0.2800000000E+001
 0.0101010    0.5500000000E+001    0.3900000000E+001
 0.0202020    0.4500000000E+001    0.2700000000E+001
 0.0303030    0.5700000000E+001    0.4200000000E+001
 0.0404040    0.5900000000E+001    0.4100000000E+001
 0.0505051    0.5500000000E+001    0.3800000000E+001
 0.0606061    0.5800000000E+001    0.3100000000E+001
 0.0707071    0.6200000000E+001    0.3500000000E+001
 0.0808081    0.5500000000E+001    0.3700000000E+001
 0.0909091    0.6000000000E+001    0.4000000000E+001
 0.1010101    0.4900000000E+001    0.2900000000E+001
 0.1111111    0.6000000000E+001    0.4100000000E+001
 0.1212121    0.6100000000E+001    0.3600000000E+001
 0.1313131    0.5000000000E+001    0.2600000000E+001
 0.1414141    0.5700000000E+001    0.3600000000E+001
 0.1515152    0.6600000000E+001    0.3600000000E+001
 0.1616162    0.5900000000E+001    0.3900000000E+001
 0.1717172    0.5400000000E+001    0.2700000000E+001
 0.1818182    0.5100000000E+001    0.3300000000E+001
 0.1919192    0.5500000000E+001    0.3100000000E+001
 0.2020202    0.5300000000E+001    0.3500000000E+001
 0.2121212    0.5100000000E+001    0.2700000000E+001
 0.2222222    0.6500000000E+001    0.2900000000E+001
 0.2323232    0.5100000000E+001    0.3300000000E+001
 0.2424242    0.6800000000E+001    0.3900000000E+001
 0.2525253    0.4900000000E+001    0.2700000000E+001
 0.2626263    0.6300000000E+001    0.3900000000E+001
 0.2727273    0.6300000000E+001    0.3900000000E+001
 0.2828283    0.6100000000E+001    0.3600000000E+001
 0.2929293    0.5200000000E+001    0.3600000000E+001
 0.3030303    0.5600000000E+001    0.4000000000E+001
 0.3131313    0.6000000000E+001    0.2800000000E+001
 0.3232323    0.5800000000E+001    0.3600000000E+001
 0.3333333    0.5600000000E+001    0.3600000000E+001
 0.3434343    0.5500000000E+001    0.5600000000E+001
 0.3535354    0.5800000000E+001    0.4000000000E+001
 0.3636364    0.5100000000E+001    0.3100000000E+001
 0.3737374    0.5900000000E+001    0.2800000000E+001
 0.3838384    0.4600000000E+001    0.3600000000E+001
 0.3939394    0.4700000000E+001    0.1500000000E+001
 0.4040404    0.3700000000E+001    0.3500000000E+001
 0.4141414    0.5400000000E+001    0.3500000000E+001
 0.4242424    0.3200000000E+001    0.2200000000E+001
 0.4343434    0.3700000000E+001    0.2100000000E+001
 0.4444444    0.3400000000E+001    0.2500000000E+001
 0.4545455    0.3100000000E+001    0.2700000000E+001
 0.4646465    0.2800000000E+001    0.3200000000E+001
 0.4747475    0.3900000000E+001    0.2700000000E+001
 0.4848485    0.2500000000E+001    0.2100000000E+001
 0.4949495    0.2100000000E+001    0.3800000000E+001
 0.5050505    0.2000000000E+001    0.3300000000E+001
 0.5151515    0.1900000000E+001    0.2800000000E+001
 0.5252525    0.3100000000E+001    0.2000000000E+001
 0.5353535    0.0000000000E+000    0.3500000000E+001
 0.5454545    0.2500000000E+001    0.3600000000E+001
 0.5555556    0.2900000000E+001    0.2100000000E+001
 0.5656566    0.1900000000E+001    0.2500000000E+001
 0.5757576    0.1300000000E+001    0.3100000000E+001
 0.5858586    0.1800000000E+001    0.2700000000E+001
 0.5959596    0.2400000000E+001    0.2800000000E+001
 0.6060606    0.2500000000E+001    0.3000000000E+001
 0.6161616    0.2700000000E+001    0.3400000000E+001
 0.6262626    0.2700000000E+001    0.3200000000E+001
 0.6363636    0.1900000000E+001    0.3900000000E+001
 0.6464646    0.1800000000E+001    0.2300000000E+001
 0.6565657    0.2100000000E+001    0.2300000000E+001
 0.6666667    0.4000000000E+001    0.3400000000E+001
 0.6767677    0.2400000000E+001    0.3200000000E+001
 0.6868687    0.1200000000E+001    0.2600000000E+001
 0.6969697    0.1400000000E+001    0.2800000000E+001
 0.7070707    0.1600000000E+001    0.2700000000E+001
 0.7171717    0.1500000000E+001    0.3200000000E+001
 0.7272727    0.2000000000E+001    0.3200000000E+001
 0.7373737    0.1500000000E+001    0.2700000000E+001
 0.7474747    0.1900000000E+001    0.3300000000E+001
 0.7575758    0.1600000000E+001    0.3000000000E+001
 0.7676768    0.1300000000E+001    0.2600000000E+001
 0.7777778    0.1800000000E+001    0.2800000000E+001
 0.7878788    0.1800000000E+001    0.3000000000E+001
 0.7979798    0.1700000000E+001    0.2800000000E+001
 0.8080808    0.1600000000E+001    0.3500000000E+001
 0.8181818    0.2000000000E+001    0.3300000000E+001
 0.8282828    0.2000000000E+001    0.3200000000E+001
 0.8383838    0.2100000000E+001    0.3100000000E+001
 0.8484848    0.1400000000E+001    0.3100000000E+001
 0.8585859    0.1600000000E+001    0.2900000000E+001
 0.8686869    0.1200000000E+001    0.3300000000E+001
 0.8787879    0.2000000000E+001    0.3900000000E+001
 0.8888889    0.1100000000E+001    0.2900000000E+001
 0.8989899    0.1800000000E+001    0.3200000000E+001
 0.9090909    0.9000000000E+000    0.2500000000E+001
 0.9191919    0.1800000000E+001    0.3100000000E+001
 0.9292929    0.1500000000E+001    0.3100000000E+001
 0.9393939    0.1500000000E+001    0.3100000000E+001
 0.9494949    0.1000000000E+001    0.2800000000E+001
 0.9595960    0.2100000000E+001    0.3000000000E+001
 0.9696970    0.1800000000E+001    0.3000000000E+001
 0.9797980    0.1900000000E+001    0.3900000000E+001
 0.9898990    0.5000000000E+000    0.2200000000E+001
 1.0000000    0.1900000000E+001    0.3800000000E+001


# Weightfunction after cycle       2036
 0.0000000    0.4600000000E+001    0.2650000000E+001
 0.0101010    0.4225000000E+001    0.2150000000E+001
 0.0202020    0.4450000000E+001    0.2500000000E+001
 0.0303030    0.4575000000E+001    0.2550000000E+001
 0.0404040    0.4225000000E+001    0.1975000000E+001
 0.0505051    0.4450000000E+001    0.2075000000E+001
 0.0606061    0.4600000000E+001    0.2000000000E+001
 0.0707071    0.4875000000E+001    0.2075000000E+001
 0.0808081    0.4675000000E+001    0.2250000000E+001
 0.0909091    0.5475000000E+001    0.2075000000E+001
 0.1010101    0.5225000000E+001    0.2550000000E+001
 0.1111111    0.5275000000E+001    0.2450000000E+001
 0.1212121    0.4975000000E+001    0.1750000000E+001
 0.1313131    0.5225000000E+001    0.2175000000E+001
 0.1414141    0.4950000000E+001    0.2075000000E+001
 0.1515152    0.5300000000E+001    0.2550000000E+001
 0.1616162    0.5975000000E+001    0.2225000000E+001
 0.1717172    0.5350000000E+001    0.2000000000E+001
 0.1818182    0.5250000000E+001    0.2250000000E+001
 0.1919192    0.5575000000E+001    0.2450000000E+001
 0.2020202    0.5125000000E+001    0.1650000000E+001
 0.2121212    0.4725000000E+001    0.2025000000E+001
 0.2222222    0.4700000000E+001    0.2300000000E+001
 0.2323232    0.4825000000E+001    0.2500000000E+001
 0.2424242    0.4700000000E+001    0.2275000000E+001
 0.2525253    0.4550000000E+001    0.2400000000E+001
 0.2626263    0.5450000000E+001    0.2050000000E+001
 0.2727273    0.4725000000E+001    0.2300000000E+001
 0.2828283    0.5275000000E+001    0.2225000000E+001
 0.2929293    0.4900000000E+001    0.2000000000E+001
 0.3030303    0.4950000000E+001    0.2025000000E+001
 0.3131313    0.4650000000E+001    0.1950000000E+001
 0.3232323    0.4475000000E+001    0.2050000000E+001
 0.3333333    0.4625000000E+001    0.2050000000E+001
 0.3434343    0.4550000000E+001    0.2000000000E+001
 0.3535354    0.3800000000E+001    0.2100000000E+001
 0.3636364    0.3975000000E+001    0.2025000000E+001
 0.3737374    0.3525000000E+001    0.2400000000E+001
 0.3838384    0.3425000000E+001    0.1950000000E+001
 0.3939394    0.3500000000E+001    0.1775000000E+001
 0.4040404    0.2875000000E+001    0.2225000000E+001
 0.4141414    0.2475000000E+001    0.2150000000E+001
 0.4242424    0.2425000000E+001    0.2225000000E+001
 0.4343434    0.2050000000E+001    0.1875000000E+001
 0.4444444    0.1375000000E+001    0.2025000000E+001
 0.4545455    0.1925000000E+001    0.1950000000E+001
 0.4646465    0.1475000000E+001    0.1925000000E+001
 0.4747475    0.8250000000E+000    0.1800000000E+001
 0.4848485    0.5500000000E+000    0.2025000000E+001
 0.4949495    0.4250000000E+000    0.1450000000E+001
 0.5050505    0.5000000000E+000    0.1900000000E+001
 0.5151515    0.2250000000E+000    0.2100000000E+001
 0.5252525    0.3750000000E+000    0.1775000000E+001
 0.5353535    0.1750000000E+000    0.2275000000E+001
 0.5454545    0.3250000000E+000    0.1925000000E+001
 0.5555556    0.2500000000E+000    0.1775000000E+001
 0.5656566    0.1500000000E+000    0.2425000000E+001
 0.5757576    0.3000000000E+000    0.1825000000E+001
 0.5858586    0.6500000000E+000    0.2275000000E+001
 0.5959596    0.4500000000E+000    0.1750000000E+001
 0.6060606    0.6500000000E+000    0.1900000000E+001
 0.6161616    0.5250000000E+000    0.1925000000E+001
 0.6262626    0.5000000000E+000    0.2025000000E+001
 0.6363636    0.2500000000E+000    0.2250000000E+001
 0.6464646    0.5500000000E+000    0.1800000000E+001
 0.6565657    0.3000000000E+000    0.1750000000E+001
 0.6666667    0.3250000000E+000    0.2050000000E+001
 0.6767677    0.7500000000E-001    0.2075000000E+001
 0.6868687    0.4000000000E+000    0.1875000000E+001
 0.6969697    0.6500000000E+000    0.1825000000E+001
 0.7070707    0.4000000000E+000    0.1650000000E+001
 0.7171717    0.2250000000E+000    0.1750000000E+001
 0.7272727    0.3500000000E+000    0.1775000000E+001
 0.7373737    0.5000000000E+000    0.2125000000E+001
 0.7474747    0.3000000000E+000    0.1875000000E+001
 0.7575758    0.4000000000E+000    0.2150000000E+001
 0.7676768    0.5250000000E+000    0.2175000000E+001
 0.7777778    0.0000000000E+000    0.1675000000E+001
 0.7878788    0.1250000000E+000    0.1850000000E+001
 0.7979798    0.4250000000E+000    0.2100000000E+001
 0.8080808    0.4250000000E+000    0.2100000000E+001
 0.8181818    0.5500000000E+000    0.2150000000E+001
 0.8282828    0.9000000000E+000    0.2350000000E+001
 0.8383838    0.3750000000E+000    0.2075000000E+001
 0.8484848    0.3500000000E+000    0.2175000000E+001
 0.8585859    0.3500000000E+000    0.2225000000E+001
 0.8686869    0.3250000000E+000    0.1925000000E+001
 0.8787879    0.4000000000E+000    0.1925000000E+001
 0.8888889    0.5750000000E+000    0.2175000000E+001
 0.8989899    0.3250000000E+000    0.1975000000E+001
 0.9090909    0.3250000000E+000    0.1950000000E+001
 0.9191919    0.4000000000E+000    0.1925000000E+001
 0.9292929    0.2000000000E+000    0.2100000000E+001
 0.9393939    0.3250000000E+000    0.2025000000E+001
 0.9494949    0.5750000000E+000    0.2100000000E+001
 0.9595960    0.2500000000E+000    0.1875000000E+001
 0.9696970    0.4750000000E+000    0.2150000000E+001
 0.9797980    0.6500000000E+000    0.2325000000E+001
 0.9898990    0.4750000000E+000    0.2025000000E+001
 1.0000000    0.5750000000E+000    0.2275000000E+001


# Weightfunction after cycle       4635
 0.0000000    0.4525000000E+001    0.2662500000E+001
 0.0101010    0.4225000000E+001    0.2375000000E+001
 0.0202020    0.4362500000E+001    0.2481250000E+001
 0.0303030    0.4531250000E+001    0.2525000000E+001
 0.0404040    0.4568750000E+001    0.2481250000E+001
 0.0505051    0.4637500000E+001    0.2537500000E+001
 0.0606061    0.4881250000E+001    0.2600000000E+001
 0.0707071    0.5300000000E+001    0.2756250000E+001
 0.0808081    0.5093750000E+001    0.2618750000E+001
 0.0909091    0.5587500000E+001    0.2475000000E+001
 0.1010101    0.5525000000E+001    0.2312500000E+001
 0.1111111    0.5437500000E+001    0.2206250000E+001
 0.1212121    0.5468750000E+001    0.2343750000E+001
 0.1313131    0.5768750000E+001    0.2537500000E+001
 0.1414141    0.5556250000E+001    0.2418750000E+001
 0.1515152    0.5893750000E+001    0.2281250000E+001
 0.1616162    0.5493750000E+001    0.2500000000E+001
 0.1717172    0.5656250000E+001    0.2368750000E+001
 0.1818182    0.5687500000E+001    0.2393750000E+001
 0.1919192    0.5550000000E+001    0.2393750000E+001
 0.2020202    0.5737500000E+001    0.2481250000E+001
 0.2121212    0.5418750000E+001    0.2381250000E+001
 0.2222222    0.5362500000E+001    0.2468750000E+001
 0.2323232    0.4968750000E+001    0.2262500000E+001
 0.2424242    0.5000000000E+001    0.2281250000E+001
 0.2525253    0.5212500000E+001    0.2406250000E+001
 0.2626263    0.4743750000E+001    0.2262500000E+001
 0.2727273    0.4506250000E+001    0.2250000000E+001
 0.2828283    0.4450000000E+001    0.2350000000E+001
 0.2929293    0.4393750000E+001    0.2337500000E+001
 0.3030303    0.4381250000E+001    0.2337500000E+001
 0.3131313    0.3762500000E+001    0.2300000000E+001
 0.3232323    0.4168750000E+001    0.2212500000E+001
 0.3333333    0.3643750000E+001    0.2168750000E+001
 0.3434343    0.4031250000E+001    0.2368750000E+001
 0.3535354    0.3456250000E+001    0.2306250000E+001
 0.3636364    0.3212500000E+001    0.2325000000E+001
 0.3737374    0.3331250000E+001    0.2337500000E+001
 0.3838384    0.2887500000E+001    0.2237500000E+001
 0.3939394    0.2737500000E+001    0.2200000000E+001
 0.4040404    0.2468750000E+001    0.2100000000E+001
 0.4141414    0.2518750000E+001    0.2262500000E+001
 0.4242424    0.2137500000E+001    0.2181250000E+001
 0.4343434    0.2012500000E+001    0.2031250000E+001
 0.4444444    0.1725000000E+001    0.2050000000E+001
 0.4545455    0.1706250000E+001    0.2118750000E+001
 0.4646465    0.1325000000E+001    0.2056250000E+001
 0.4747475    0.8750000000E+000    0.2200000000E+001
 0.4848485    0.1168750000E+001    0.1931250000E+001
 0.4949495    0.6250000000E+000    0.2262500000E+001
 0.5050505    0.2562500000E+000    0.2137500000E+001
 0.5151515    0.2187500000E+000    0.2131250000E+001
 0.5252525    0.3375000000E+000    0.1912500000E+001
 0.5353535    0.2875000000E+000    0.2043750000E+001
 0.5454545    0.3125000000E+000    0.2062500000E+001
 0.5555556    0.3562500000E+000    0.1981250000E+001
 0.5656566    0.5187500000E+000    0.1850000000E+001
 0.5757576    0.4625000000E+000    0.2087500000E+001
 0.5858586    0.3000000000E+000    0.2018750000E+001
 0.5959596    0.5750000000E+000    0.2287500000E+001
 0.6060606    0.4562500000E+000    0.2187500000E+001
 0.6161616    0.4312500000E+000    0.1987500000E+001
 0.6262626    0.1750000000E+000    0.2025000000E+001
 0.6363636    0.2875000000E+000    0.1968750000E+001
 0.6464646    0.3125000000E+000    0.2125000000E+001
 0.6565657    0.2687500000E+000    0.1931250000E+001
 0.6666667    0.4687500000E+000    0.1800000000E+001
 0.6767677    0.4125000000E+000    0.1993750000E+001
 0.6868687    0.1562500000E+000    0.2237500000E+001
 0.6969697    0.3875000000E+000    0.1987500000E+001
 0.7070707    0.2687500000E+000    0.1912500000E+001
 0.7171717    0.2750000000E+000    0.2081250000E+001
 0.7272727    0.3437500000E+000    0.2031250000E+001
 0.7373737    0.3062500000E+000    0.2006250000E+001
 0.7474747    0.4312500000E+000    0.2093750000E+001
 0.7575758    0.2500000000E+000    0.1956250000E+001
 0.7676768    0.1812500000E+000    0.1856250000E+001
 0.7777778    0.2062500000E+000    0.1881250000E+001
 0.7878788    0.3562500000E+000    0.2062500000E+001
 0.7979798    0.3000000000E+000    0.1912500000E+001
 0.8080808    0.1875000000E+000    0.1856250000E+001
 0.8181818    0.2500000000E+000    0.2018750000E+001
 0.8282828    0.2562500000E+000    0.2025000000E+001
 0.8383838    0.4250000000E+000    0.2087500000E+001
 0.8484848    0.3312500000E+000    0.2093750000E+001
 0.8585859    0.3625000000E+000    0.2181250000E+001
 0.8686869    0.9375000000E-001    0.1943750000E+001
 0.8787879    0.1125000000E+000    0.1887500000E+001
 0.8888889    0.2375000000E+000    0.2062500000E+001
 0.8989899    0.2000000000E+000    0.2000000000E+001
 0.9090909    0.2312500000E+000    0.2012500000E+001
 0.9191919    0.0000000000E+000    0.1762500000E+001
 0.9292929    0.1625000000E+000    0.1856250000E+001
 0.9393939    0.2437500000E+000    0.2062500000E+001
 0.9494949    0.1875000000E-001    0.1837500000E+001
 0.9595960    0.1500000000E+000    0.2050000000E+001
 0.9696970    0.2187500000E+000    0.1975000000E+001
 0.9797980    0.1687500000E+000    0.2056250000E+001
 0.9898990    0.3687500000E+000    0.2118750000E+001
 1.0000000    0.2812500000E+000    0.2081250000E+001


# Weightfunction after cycle      10295
 0.0000000    0.4357812500E+001    0.2506250000E+001
 0.0101010    0.4285937500E+001    0.2432812500E+001
 0.0202020    0.4162500000E+001    0.2296875000E+001
 0.0303030    0.4420312500E+001    0.2440625000E+001
 0.0404040    0.4515625000E+001    0.2451562500E+001
 0.0505051    0.4496875000E+001    0.2281250000E+001
 0.0606061    0.4629687500E+001    0.2326562500E+001
 0.0707071    0.4892187500E+001    0.2342187500E+001
 0.0808081    0.5017187500E+001    0.2356250000E+001
 0.0909091    0.5182812500E+001    0.2329687500E+001
 0.1010101    0.5456250000E+001    0.2387500000E+001
 0.1111111    0.5626562500E+001    0.2307812500E+001
 0.1212121    0.5592187500E+001    0.2396875000E+001
 0.1313131    0.5675000000E+001    0.2310937500E+001
 0.1414141    0.5793750000E+001    0.2357812500E+001
 0.1515152    0.5732812500E+001    0.2285937500E+001
 0.1616162    0.5737500000E+001    0.2387500000E+001
 0.1717172    0.5693750000E+001    0.2392187500E+001
 0.1818182    0.5482812500E+001    0.2371875000E+001
 0.1919192    0.5565625000E+001    0.2295312500E+001
 0.2020202    0.5476562500E+001    0.2382812500E+001
 0.2121212    0.5554687500E+001    0.2389062500E+001
 0.2222222    0.5323437500E+001    0.2373437500E+001
 0.2323232    0.5143750000E+001    0.2250000000E+001
 0.2424242    0.5073437500E+001    0.2343750000E+001
 0.2525253    0.5078125000E+001    0.2325000000E+001
 0.2626263    0.4756250000E+001    0.2257812500E+001
 0.2727273    0.4806250000E+001    0.2321875000E+001
 0.2828283    0.4740625000E+001    0.2285937500E+001
 0.2929293    0.4415625000E+001    0.2321875000E+001
 0.3030303    0.4279687500E+001    0.2240625000E+001
 0.3131313    0.4210937500E+001    0.2181250000E+001
 0.3232323    0.4043750000E+001    0.2318750000E+001
 0.3333333    0.4003125000E+001    0.2262500000E+001
 0.3434343    0.3635937500E+001    0.2379687500E+001
 0.3535354    0.3567187500E+001    0.2289062500E+001
 0.3636364    0.3417187500E+001    0.2257812500E+001
 0.3737374    0.3053125000E+001    0.2175000000E+001
 0.3838384    0.2971875000E+001    0.2323437500E+001
 0.3939394    0.2573437500E+001    0.2192187500E+001
 0.4040404    0.2470312500E+001    0.2235937500E+001
 0.4141414    0.2312500000E+001    0.2184375000E+001
 0.4242424    0.1998437500E+001    0.2257812500E+001
 0.4343434    0.1884375000E+001    0.2151562500E+001
 0.4444444    0.1654687500E+001    0.2214062500E+001
 0.4545455    0.1292187500E+001    0.2232812500E+001
 0.4646465    0.1139062500E+001    0.2053125000E+001
 0.4747475    0.8781250000E+000    0.2123437500E+001
 0.4848485    0.6265625000E+000    0.2203125000E+001
 0.4949495    0.3781250000E+000    0.2232812500E+001
 0.5050505    0.2171875000E+000    0.2264062500E+001
 0.5151515    0.2515625000E+000    0.2112500000E+001
 0.5252525    0.2531250000E+000    0.2134375000E+001
 0.5353535    0.3203125000E+000    0.2165625000E+001
 0.5454545    0.1765625000E+000    0.2201562500E+001
 0.5555556    0.2546875000E+000    0.2135937500E+001
 0.5656566    0.2468750000E+000    0.2132812500E+001
 0.5757576    0.2562500000E+000    0.2167187500E+001
 0.5858586    0.2140625000E+000    0.2176562500E+001
 0.5959596    0.2562500000E+000    0.2101562500E+001
 0.6060606    0.2187500000E+000    0.2190625000E+001
 0.6161616    0.2296875000E+000    0.2125000000E+001
 0.6262626    0.2500000000E+000    0.2112500000E+001
 0.6363636    0.2359375000E+000    0.2203125000E+001
 0.6464646    0.2296875000E+000    0.2209375000E+001
 0.6565657    0.3187500000E+000    0.2064062500E+001
 0.6666667    0.2468750000E+000    0.2095312500E+001
 0.6767677    0.2078125000E+000    0.2248437500E+001
 0.6868687    0.1656250000E+000    0.2131250000E+001
 0.6969697    0.2312500000E+000    0.2128125000E+001
 0.7070707    0.1531250000E+000    0.2148437500E+001
 0.7171717    0.1953125000E+000    0.2168750000E+001
 0.7272727    0.2015625000E+000    0.2160937500E+001
 0.7373737    0.1656250000E+000    0.2115625000E+001
 0.7474747    0.1937500000E+000    0.2150000000E+001
 0.7575758    0.1203125000E+000    0.2125000000E+001
 0.7676768    0.2218750000E+000    0.2175000000E+001
 0.7777778    0.2140625000E+000    0.2159375000E+001
 0.7878788    0.1156250000E+000    0.2128125000E+001
 0.7979798    0.1796875000E+000    0.2173437500E+001
 0.8080808    0.2218750000E+000    0.2193750000E+001
 0.8181818    0.1687500000E+000    0.2170312500E+001
 0.8282828    0.2156250000E+000    0.2235937500E+001
 0.8383838    0.1890625000E+000    0.2218750000E+001
 0.8484848    0.1250000000E+000    0.2148437500E+001
 0.8585859    0.1640625000E+000    0.2131250000E+001
 0.8686869    0.1312500000E+000    0.2187500000E+001
 0.8787879    0.1468750000E+000    0.2175000000E+001
 0.8888889    0.1343750000E+000    0.2215625000E+001
 0.8989899    0.1625000000E+000    0.2209375000E+001
 0.9090909    0.1234375000E+000    0.2231250000E+001
 0.9191919    0.1078125000E+000    0.2171875000E+001
 0.9292929    0.8593750000E-001    0.2153125000E+001
 0.9393939    0.8125000000E-001    0.2132812500E+001
 0.9494949    0.1218750000E+000    0.2206250000E+001
 0.9595960    0.5937500000E-001    0.2167187500E+001
 0.9696970    0.1500000000E+000    0.2242187500E+001
 0.9797980    0.8281250000E-001    0.2170312500E+001
 0.9898990    0.0000000000E+000    0.2120312500E+001
 1.0000000    0.1187500000E+000    0.2190625000E+001


# Weightfunction after cycle      70098
 0.0000000    0.6291015625E+001    0.4518750000E+001
 0.0101010    0.6267968750E+001    0.4511328125E+001
 0.0202020    0.6357421875E+001    0.4582812500E+001
 0.0303030    0.6386328125E+001    0.4537500000E+001
 0.0404040    0.6467187500E+001    0.4508593750E+001
 0.0505051    0.6617578125E+001    0.4526953125E+001
 0.0606061    0.6766796875E+001    0.4551562500E+001
 0.0707071    0.6856640625E+001    0.4435546875E+001
 0.0808081    0.7075390625E+001    0.4492968750E+001
 0.0909091    0.7335937500E+001    0.4548828125E+001
 0.1010101    0.7480468750E+001    0.4481640625E+001
 0.1111111    0.7603515625E+001    0.4512890625E+001
 0.1212121    0.7653515625E+001    0.4485546875E+001
 0.1313131    0.7703125000E+001    0.4471093750E+001
 0.1414141    0.7610156250E+001    0.4487109375E+001
 0.1515152    0.7670703125E+001    0.4525390625E+001
 0.1616162    0.7642578125E+001    0.4489062500E+001
 0.1717172    0.7542187500E+001    0.4507421875E+001
 0.1818182    0.7373437500E+001    0.4522265625E+001
 0.1919192    0.7266796875E+001    0.4551953125E+001
 0.2020202    0.7125390625E+001    0.4516796875E+001
 0.2121212    0.6995703125E+001    0.4581640625E+001
 0.2222222    0.6781640625E+001    0.4518750000E+001
 0.2323232    0.6501562500E+001    0.4525000000E+001
 0.2424242    0.6345312500E+001    0.4533593750E+001
 0.2525253    0.6248437500E+001    0.4521875000E+001
 0.2626263    0.5983984375E+001    0.4502343750E+001
 0.2727273    0.5679296875E+001    0.4516796875E+001
 0.2828283    0.5538671875E+001    0.4492578125E+001
 0.2929293    0.5292578125E+001    0.4498046875E+001
 0.3030303    0.5024218750E+001    0.4519531250E+001
 0.3131313    0.4858984375E+001    0.4478125000E+001
 0.3232323    0.4564062500E+001    0.4517187500E+001
 0.3333333    0.4314453125E+001    0.4503515625E+001
 0.3434343    0.4062500000E+001    0.4501171875E+001
 0.3535354    0.3794921875E+001    0.4507031250E+001
 0.3636364    0.3638281250E+001    0.4500000000E+001
 0.3737374    0.3352343750E+001    0.4503906250E+001
 0.3838384    0.3089843750E+001    0.4508203125E+001
 0.3939394    0.2851953125E+001    0.4489453125E+001
 0.4040404    0.2590234375E+001    0.4531640625E+001
 0.4141414    0.2428906250E+001    0.4520312500E+001
 0.4242424    0.2186328125E+001    0.4476953125E+001
 0.4343434    0.1793750000E+001    0.4516406250E+001
 0.4444444    0.1646484375E+001    0.4490625000E+001
 0.4545455    0.1378125000E+001    0.4495312500E+001
 0.4646465    0.1130078125E+001    0.4524218750E+001
 0.4747475    0.8406250000E+000    0.4477734375E+001
 0.4848485    0.6128906250E+000    0.4495703125E+001
 0.4949495    0.3171875000E+000    0.4476171875E+001
 0.5050505    0.1832031250E+000    0.4487109375E+001
 0.5151515    0.1765625000E+000    0.4460937500E+001
 0.5252525    0.1707031250E+000    0.4484765625E+001
 0.5353535    0.2226562500E+000    0.4506250000E+001
 0.5454545    0.2203125000E+000    0.4517968750E+001
 0.5555556    0.1875000000E+000    0.4456250000E+001
 0.5656566    0.1992187500E+000    0.4473437500E+001
 0.5757576    0.2355468750E+000    0.4492187500E+001
 0.5858586    0.1804687500E+000    0.4503906250E+001
 0.5959596    0.2343750000E+000    0.4498828125E+001
 0.6060606    0.1371093750E+000    0.4479687500E+001
 0.6161616    0.1503906250E+000    0.4473437500E+001
 0.6262626    0.1796875000E+000    0.4469921875E+001
 0.6363636    0.1960937500E+000    0.4432421875E+001
 0.6464646    0.1617187500E+000    0.4494140625E+001
 0.6565657    0.1800781250E+000    0.4497656250E+001
 0.6666667    0.1613281250E+000    0.4518750000E+001
 0.6767677    0.1878906250E+000    0.4462109375E+001
 0.6868687    0.1343750000E+000    0.4510156250E+001
 0.6969697    0.1781250000E+000    0.4542968750E+001
 0.7070707    0.1640625000E+000    0.4482812500E+001
 0.7171717    0.1558593750E+000    0.4494921875E+001
 0.7272727    0.1707031250E+000    0.4485156250E+001
 0.7373737    0.1328125000E+000    0.4470312500E+001
 0.7474747    0.1539062500E+000    0.4507812500E+001
 0.7575758    0.1437500000E+000    0.4491015625E+001
 0.7676768    0.1488281250E+000    0.4485937500E+001
 0.7777778    0.1417968750E+000    0.4514453125E+001
 0.7878788    0.1285156250E+000    0.4495703125E+001
 0.7979798    0.1425781250E+000    0.4519140625E+001
 0.8080808    0.1156250000E+000    0.4470312500E+001
 0.8181818    0.1105468750E+000    0.4467187500E+001
 0.8282828    0.1156250000E+000    0.4469531250E+001
 0.8383838    0.9726562500E-001    0.4489453125E+001
 0.8484848    0.1539062500E+000    0.4531250000E+001
 0.8585859    0.1160156250E+000    0.4537109375E+001
 0.8686869    0.1347656250E+000    0.4518750000E+001
 0.8787879    0.6406250000E-001    0.4476171875E+001
 0.8888889    0.7109375000E-001    0.4483593750E+001
 0.8989899    0.1304687500E+000    0.4550390625E+001
 0.9090909    0.7617187500E-001    0.4498437500E+001
 0.9191919    0.5898437500E-001    0.4469921875E+001
 0.9292929    0.4804687500E-001    0.4473828125E+001
 0.9393939    0.9687500000E-001    0.4534765625E+001
 0.9494949    0.5195312500E-001    0.4505078125E+001
 0.9595960    0.6445312500E-001    0.4484375000E+001
 0.9696970    0.0000000000E+000    0.4448046875E+001
 0.9797980    0.1835937500E-001    0.4491406250E+001
 0.9898990    0.1757812500E-001    0.4489453125E+001
 1.0000000    0.1015625000E-001    0.4488281250E+001


