# Lambda, (Probability, Probability_biased(/observed)) per Fractional
 0.0000000   0.2922782337E-001   0.1001469295E+001   0.8827769260E+000   0.9788806739E+000
 0.0101010   0.2881315897E-001   0.1001004265E+001   0.8720620403E+000   0.9825181351E+000
 0.0202020   0.2889600145E-001   0.1055943620E+001   0.8939748029E+000   0.1022987967E+001
 0.0303030   0.2709388886E-001   0.1006225753E+001   0.8848793622E+000   0.9880555422E+000
 0.0404040   0.2493514481E-001   0.1015986347E+001   0.8762302532E+000   0.9986135317E+000
 0.0505051   0.2358042480E-001   0.1045586574E+001   0.8950925963E+000   0.1027846119E+001
 0.0606061   0.2131686072E-001   0.1064344505E+001   0.8951589323E+000   0.1033398292E+001
 0.0707071   0.1847943139E-001   0.9805176319E+000   0.8821783402E+000   0.9957783793E+000
 0.0808081   0.1672649198E-001   0.9753618547E+000   0.8677769131E+000   0.9690757718E+000
 0.0909091   0.1507448716E-001   0.1042467834E+001   0.8804223589E+000   0.1009407784E+001
 0.1010101   0.1370199260E-001   0.1025873308E+001   0.8723143075E+000   0.9869726715E+000
 0.1111111   0.1278926519E-001   0.1018397431E+001   0.8939051175E+000   0.9960933962E+000
 0.1212121   0.1230535712E-001   0.1027243127E+001   0.8913699026E+000   0.1007837621E+001
 0.1313131   0.1225111255E-001   0.1030220336E+001   0.8966443076E+000   0.9992829427E+000
 0.1414141   0.1199614196E-001   0.1021334202E+001   0.8991448307E+000   0.9988547166E+000
 0.1515152   0.1221397313E-001   0.1010891226E+001   0.9002732303E+000   0.1002984392E+001
 0.1616162   0.1292925570E-001   0.1007383275E+001   0.8963854595E+000   0.9925642221E+000
 0.1717172   0.1337089294E-001   0.1004264535E+001   0.8991563951E+000   0.9871400242E+000
 0.1818182   0.1435968109E-001   0.1008389157E+001   0.9061848600E+000   0.9809085955E+000
 0.1919192   0.1588566291E-001   0.1019812742E+001   0.9156474859E+000   0.1009826166E+001
 0.2020202   0.1744270331E-001   0.1046066769E+001   0.9123486589E+000   0.1002236226E+001
 0.2121212   0.1935304412E-001   0.1043185599E+001   0.9172137138E+000   0.1008772828E+001
 0.2222222   0.2071269038E-001   0.9912841080E+000   0.9124134007E+000   0.9811497803E+000
 0.2323232   0.2345063919E-001   0.1021253327E+001   0.9405924147E+000   0.1027019199E+001
 0.2424242   0.2614752104E-001   0.9989368989E+000   0.9333881705E+000   0.1001330553E+001
 0.2525253   0.3037900593E-001   0.1011755577E+001   0.9291880598E+000   0.9790431046E+000
 0.2626263   0.3394916404E-001   0.9634176374E+000   0.9371490410E+000   0.1008684229E+001
 0.2727273   0.3934979914E-001   0.1022441178E+001   0.9447732677E+000   0.1010658007E+001
 0.2828283   0.4550434167E-001   0.1019645938E+001   0.9476131161E+000   0.9988940937E+000
 0.2929293   0.5241018321E-001   0.1013337692E+001   0.9565369469E+000   0.9974863617E+000
 0.3030303   0.5999396845E-001   0.1012448068E+001   0.9482923764E+000   0.9714088660E+000
 0.3131313   0.6978793644E-001   0.9933363095E+000   0.9458041773E+000   0.9897586025E+000
 0.3232323   0.8038656452E-001   0.9830702472E+000   0.9616598146E+000   0.9973288533E+000
 0.3333333   0.9445235231E-001   0.9951711597E+000   0.9729275208E+000   0.1022426843E+001
 0.3434343   0.1111341497E+000   0.9560125259E+000   0.9617507676E+000   0.9992435656E+000
 0.3535354   0.1309009554E+000   0.9858199950E+000   0.9874718509E+000   0.1024385855E+001
 0.3636364   0.1532016873E+000   0.9948375506E+000   0.1000411580E+001   0.1011795022E+001
 0.3737374   0.1838613307E+000   0.9904905227E+000   0.9849494054E+000   0.1001045069E+001
 0.3838384   0.2129184768E+000   0.9655052217E+000   0.9928647542E+000   0.9854615746E+000
 0.3939394   0.2586815523E+000   0.1002995810E+001   0.1001597610E+001   0.9811300918E+000
 0.4040404   0.2988902065E+000   0.9705649600E+000   0.1009905054E+001   0.1012897581E+001
 0.4141414   0.3576682451E+000   0.9703021164E+000   0.1008404052E+001   0.9936963142E+000
 0.4242424   0.4359061635E+000   0.9969352442E+000   0.1021765965E+001   0.9959457320E+000
 0.4343434   0.5253698469E+000   0.1011073194E+001   0.1038256562E+001   0.1017898475E+001
 0.4444444   0.6226915947E+000   0.1018645110E+001   0.1035620867E+001   0.1015959152E+001
 0.4545455   0.7412455780E+000   0.9927196381E+000   0.1040997530E+001   0.1018686017E+001
 0.4646465   0.8910696068E+000   0.1003455786E+001   0.1044444260E+001   0.1016466132E+001
 0.4747475   0.1066259740E+001   0.9864922680E+000   0.1041825218E+001   0.1005041846E+001
 0.4848485   0.1262418104E+001   0.9565584317E+000   0.1042762449E+001   0.9948136399E+000
 0.4949495   0.1544809097E+001   0.9878620872E+000   0.1053763973E+001   0.1012361068E+001
 0.5050505   0.1717022088E+001   0.1012053803E+001   0.1044638956E+001   0.9854320418E+000
 0.5151515   0.1707672320E+001   0.1000079257E+001   0.1050500795E+001   0.1000365813E+001
 0.5252525   0.1689844031E+001   0.9933615829E+000   0.1059015998E+001   0.9976537145E+000
 0.5353535   0.1690212694E+001   0.9979663997E+000   0.1052935863E+001   0.1007291264E+001
 0.5454545   0.1709043090E+001   0.9929976457E+000   0.1049832505E+001   0.1008856504E+001
 0.5555556   0.1710833260E+001   0.9799565621E+000   0.1056141157E+001   0.9984707897E+000
 0.5656566   0.1691650421E+001   0.9783238993E+000   0.1051828253E+001   0.1000995847E+001
 0.5757576   0.1695746193E+001   0.9749423160E+000   0.1047686344E+001   0.9870317372E+000
 0.5858586   0.1705590984E+001   0.9867247834E+000   0.1060366677E+001   0.9962607490E+000
 0.5959596   0.1703337167E+001   0.9946252538E+000   0.1052629564E+001   0.1010928725E+001
 0.6060606   0.1743760216E+001   0.1018594563E+001   0.1058932221E+001   0.9967972622E+000
 0.6161616   0.1724116882E+001   0.1011159124E+001   0.1067457080E+001   0.1010111650E+001
 0.6262626   0.1742583287E+001   0.1000205625E+001   0.1054694697E+001   0.9770644044E+000
 0.6363636   0.1721581384E+001   0.1010876062E+001   0.1048776420E+001   0.9844574581E+000
 0.6464646   0.1720588631E+001   0.9784300476E+000   0.1050208764E+001   0.9904624685E+000
 0.6565657   0.1739995424E+001   0.9799413980E+000   0.1052845753E+001   0.1003511061E+001
 0.6666667   0.1753360187E+001   0.9934424579E+000   0.1058329353E+001   0.1016810682E+001
 0.6767677   0.1737622964E+001   0.9818419590E+000   0.1047153017E+001   0.9727132330E+000
 0.6868687   0.1757166295E+001   0.1013944255E+001   0.1063423906E+001   0.1008088650E+001
 0.6969697   0.1744637770E+001   0.9694579843E+000   0.1061831277E+001   0.1000976159E+001
 0.7070707   0.1783434417E+001   0.1003071630E+001   0.1052785843E+001   0.1003412618E+001
 0.7171717   0.1772372375E+001   0.1009662938E+001   0.1051644058E+001   0.1001177966E+001
 0.7272727   0.1784682855E+001   0.1010790132E+001   0.1052911156E+001   0.9972993204E+000
 0.7373737   0.1780294495E+001   0.9910061004E+000   0.1054815435E+001   0.1011563681E+001
 0.7474747   0.1785097431E+001   0.9994474220E+000   0.1063142675E+001   0.1001173044E+001
 0.7575758   0.1791464406E+001   0.9788748598E+000   0.1058663022E+001   0.9970138363E+000
 0.7676768   0.1810924604E+001   0.1003637755E+001   0.1050606506E+001   0.9969006271E+000
 0.7777778   0.1810514593E+001   0.1001110413E+001   0.1055443796E+001   0.9970581356E+000
 0.7878788   0.1809614750E+001   0.1000999210E+001   0.1059949513E+001   0.1019188075E+001
 0.7979798   0.1834638785E+001   0.9936042078E+000   0.1060243766E+001   0.9947053528E+000
 0.8080808   0.1835603685E+001   0.1001262053E+001   0.1066979718E+001   0.1015481704E+001
 0.8181818   0.1834862287E+001   0.9930583019E+000   0.1049707253E+001   0.9913484536E+000
 0.8282828   0.1843872472E+001   0.9950700660E+000   0.1062834496E+001   0.1001173044E+001
 0.8383838   0.1858065821E+001   0.9991542503E+000   0.1056355500E+001   0.1007852388E+001
 0.8484848   0.1849086464E+001   0.9888982973E+000   0.1049610661E+001   0.9928693948E+000
 0.8585859   0.1869106327E+001   0.1002657146E+001   0.1050347218E+001   0.1002846572E+001
 0.8686869   0.1868411194E+001   0.9927348022E+000   0.1056436284E+001   0.9905904441E+000
 0.8787879   0.1876615386E+001   0.9868663145E+000   0.1064031830E+001   0.1004510255E+001
 0.8888889   0.1846226245E+001   0.9799868902E+000   0.1050818073E+001   0.9881047636E+000
 0.8989899   0.1852908829E+001   0.9724048648E+000   0.1045914048E+001   0.9836945265E+000
 0.9090909   0.1921689978E+001   0.9967532756E+000   0.1065188814E+001   0.1002541399E+001
 0.9191919   0.1886105214E+001   0.9775707514E+000   0.1059040716E+001   0.9979982643E+000
 0.9292929   0.1919219090E+001   0.1008222353E+001   0.1056707911E+001   0.9928989276E+000
 0.9393939   0.1925154628E+001   0.1004729566E+001   0.1051603218E+001   0.9967431187E+000
 0.9494949   0.1957772626E+001   0.1006756494E+001   0.1076989492E+001   0.1018651562E+001
 0.9595960   0.1918879508E+001   0.9960810027E+000   0.1048609356E+001   0.9995585825E+000
 0.9696970   0.1930766688E+001   0.1004350465E+001   0.1046065416E+001   0.9986578310E+000
 0.9797980   0.1939924234E+001   0.9811191393E+000   0.1048270984E+001   0.9870612700E+000
 0.9898990   0.1937563234E+001   0.9709693346E+000   0.1047512099E+001   0.9840046213E+000
 1.0000000   0.1982468798E+001   0.1011886998E+001   0.1069271543E+001   0.1017588380E+001


 0.0000000   0.2937154639E-001   0.1000646042E+001   0.8922918876E+000   0.9891940321E+000
 0.0101010   0.2903906626E-001   0.1003090703E+001   0.8813140378E+000   0.9927037034E+000
 0.0202020   0.2863832720E-001   0.1040550428E+001   0.8970842701E+000   0.1026299815E+001
 0.0303030   0.2733056943E-001   0.1009218653E+001   0.8917551516E+000   0.9954940781E+000
 0.0404040   0.2499357539E-001   0.1012550914E+001   0.8825235063E+000   0.1005544388E+001
 0.0505051   0.2336716357E-001   0.1030212647E+001   0.8949932672E+000   0.1027485414E+001
 0.0606061   0.2124386148E-001   0.1054641704E+001   0.8974478499E+000   0.1035792049E+001
 0.0707071   0.1858200423E-001   0.9803290308E+000   0.8894923494E+000   0.1003793273E+001
 0.0808081   0.1677154321E-001   0.9724033152E+000   0.8797843526E+000   0.9822490996E+000
 0.0909091   0.1502944672E-001   0.1033417034E+001   0.8834432926E+000   0.1012628219E+001
 0.1010101   0.1373754051E-001   0.1022660526E+001   0.8876415708E+000   0.1004073550E+001
 0.1111111   0.1283812919E-001   0.1016449834E+001   0.8980813117E+000   0.1000506831E+001
 0.1212121   0.1234019335E-001   0.1024267734E+001   0.8968334152E+000   0.1013771653E+001
 0.1313131   0.1214410344E-001   0.1015389227E+001   0.9015464714E+000   0.1004505128E+001
 0.1414141   0.1206078313E-001   0.1020973083E+001   0.8992916274E+000   0.9987780391E+000
 0.1515152   0.1236794874E-001   0.1017788756E+001   0.9072236477E+000   0.1010485211E+001
 0.1616162   0.1282360373E-001   0.9934449493E+000   0.9039881815E+000   0.1000742463E+001
 0.1717172   0.1356231589E-001   0.1012824214E+001   0.9061699900E+000   0.9946011582E+000
 0.1818182   0.1460461619E-001   0.1019731948E+001   0.9099467583E+000   0.9847443146E+000
 0.1919192   0.1599803639E-001   0.1021161134E+001   0.9192454540E+000   0.1013550903E+001
 0.2020202   0.1755571788E-001   0.1046831326E+001   0.9242725139E+000   0.1015091190E+001
 0.2121212   0.1954893512E-001   0.1047726448E+001   0.9243238222E+000   0.1016348719E+001
 0.2222222   0.2147965493E-001   0.1022118940E+001   0.9199811007E+000   0.9890501728E+000
 0.2323232   0.2415005360E-001   0.1045705528E+001   0.9389617725E+000   0.1024992679E+001
 0.2424242   0.2667783008E-001   0.1013375830E+001   0.9319839280E+000   0.9995841474E+000
 0.2525253   0.3084692888E-001   0.1021472045E+001   0.9312607978E+000   0.9809915707E+000
 0.2626263   0.3458143848E-001   0.9757556346E+000   0.9434132965E+000   0.1015182962E+001
 0.2727273   0.4066781027E-001   0.1050652519E+001   0.9482314717E+000   0.1014113938E+001
 0.2828283   0.4651988451E-001   0.1036448413E+001   0.9494038475E+000   0.1000541556E+001
 0.2929293   0.5362254403E-001   0.1030857035E+001   0.9504638248E+000   0.9909153833E+000
 0.3030303   0.6224829151E-001   0.1044491974E+001   0.9445589485E+000   0.9673522192E+000
 0.3131313   0.7164943756E-001   0.1014007681E+001   0.9561315228E+000   0.1000325767E+001
 0.3232323   0.8378256186E-001   0.1018749069E+001   0.9713979043E+000   0.1007186368E+001
 0.3333333   0.9777975373E-001   0.1024345462E+001   0.9666345223E+000   0.1015569894E+001
 0.3434343   0.1132816689E+000   0.9689206138E+000   0.9757554469E+000   0.1013550903E+001
 0.3535354   0.1334215429E+000   0.9990639080E+000   0.9798399377E+000   0.1016224702E+001
 0.3636364   0.1580534830E+000   0.1020481644E+001   0.9927773503E+000   0.1003832958E+001
 0.3737374   0.1851951789E+000   0.9919781528E+000   0.9821833571E+000   0.9979942539E+000
 0.3838384   0.2206035795E+000   0.9946409525E+000   0.9923627689E+000   0.9847269523E+000
 0.3939394   0.2609256898E+000   0.1005918988E+001   0.9973733042E+000   0.9767576421E+000
 0.4040404   0.3050733445E+000   0.9849851693E+000   0.1006712641E+001   0.1009453393E+001
 0.4141414   0.3657072169E+000   0.9864444437E+000   0.1010974456E+001   0.9959901447E+000
 0.4242424   0.4370019706E+000   0.9937332939E+000   0.1016917957E+001   0.9909823523E+000
 0.4343434   0.5254332753E+000   0.1005420026E+001   0.1032673341E+001   0.1012181759E+001
 0.4444444   0.6270892040E+000   0.1019980175E+001   0.1026312752E+001   0.1006586128E+001
 0.4545455   0.7512751037E+000   0.1000405337E+001   0.1027132747E+001   0.1004877178E+001
 0.4646465   0.8951879127E+000   0.1002335992E+001   0.1034573727E+001   0.1006618372E+001
 0.4747475   0.1071893626E+001   0.9860407613E+000   0.1036699392E+001   0.9998569840E+000
 0.4848485   0.1272140288E+001   0.9584198555E+000   0.1049876363E+001   0.1001360066E+001
 0.4949495   0.1559052100E+001   0.9912760964E+000   0.1052959973E+001   0.1011345887E+001
 0.5050505   0.1709036788E+001   0.1001593819E+001   0.1050832775E+001   0.9910369196E+000
 0.5151515   0.1704219174E+001   0.9923567618E+000   0.1046313214E+001   0.9961389647E+000
 0.5252525   0.1692074551E+001   0.9889919056E+000   0.1051336188E+001   0.9901812047E+000
 0.5353535   0.1696080637E+001   0.9957115886E+000   0.1050275530E+001   0.1004505128E+001
 0.5454545   0.1712590194E+001   0.9893755293E+000   0.1041525288E+001   0.1000633328E+001
 0.5555556   0.1712298080E+001   0.9751939895E+000   0.1049833790E+001   0.9922696451E+000
 0.5656566   0.1707047783E+001   0.9815902250E+000   0.1054092868E+001   0.1002910274E+001
 0.5757576   0.1705080464E+001   0.9747100720E+000   0.1044469079E+001   0.9837645831E+000
 0.5858586   0.1710463317E+001   0.9838919672E+000   0.1050291050E+001   0.9865574381E+000
 0.5959596   0.1717501495E+001   0.9971683557E+000   0.1052030251E+001   0.1010110681E+001
 0.6060606   0.1748460632E+001   0.1015507073E+001   0.1055542975E+001   0.9933684327E+000
 0.6161616   0.1730447615E+001   0.1009075734E+001   0.1067337381E+001   0.1009755993E+001
 0.6262626   0.1734340938E+001   0.9897892412E+000   0.1057246498E+001   0.9791933292E+000
 0.6363636   0.1733093622E+001   0.1011823784E+001   0.1052687837E+001   0.9878918573E+000
 0.6464646   0.1727480187E+001   0.9767385136E+000   0.1050583454E+001   0.9905780580E+000
 0.6565657   0.1732019558E+001   0.9698784194E+000   0.1051598644E+001   0.1002081843E+001
 0.6666667   0.1742482118E+001   0.9816403719E+000   0.1055941132E+001   0.1014272680E+001
 0.6767677   0.1744125685E+001   0.9798877382E+000   0.1049676132E+001   0.9748229823E+000
 0.6868687   0.1748941098E+001   0.1003434209E+001   0.1061387178E+001   0.1005916438E+001
 0.6969697   0.1756509263E+001   0.9704801820E+000   0.1062596149E+001   0.1001456799E+001
 0.7070707   0.1774114946E+001   0.9921311008E+000   0.1053641076E+001   0.1003986739E+001
 0.7171717   0.1765115439E+001   0.9997860232E+000   0.1051558811E+001   0.1000856558E+001
 0.7272727   0.1774827989E+001   0.9994675905E+000   0.1051841636E+001   0.9960471924E+000
 0.7373737   0.1780666073E+001   0.9855518291E+000   0.1050272825E+001   0.1006965619E+001
 0.7474747   0.1776047041E+001   0.9887010537E+000   0.1053983267E+001   0.9923093305E+000
 0.7575758   0.1787461588E+001   0.9711095255E+000   0.1057624421E+001   0.9957966788E+000
 0.7676768   0.1798516066E+001   0.9910679868E+000   0.1050808812E+001   0.9968533007E+000
 0.7777778   0.1808175701E+001   0.9941068882E+000   0.1058763028E+001   0.9999537170E+000
 0.7878788   0.1813600310E+001   0.9974742517E+000   0.1054247032E+001   0.1013461611E+001
 0.7979798   0.1825725471E+001   0.9831297345E+000   0.1057819484E+001   0.9921927548E+000
 0.8080808   0.1831590928E+001   0.9933672216E+000   0.1060689151E+001   0.1009252486E+001
 0.8181818   0.1832617484E+001   0.9861786652E+000   0.1050199333E+001   0.9915751519E+000
 0.8282828   0.1842309203E+001   0.9885481057E+000   0.1058457958E+001   0.9968111350E+000
 0.8383838   0.1839724426E+001   0.9836412327E+000   0.1050585372E+001   0.1002106646E+001
 0.8484848   0.1852183800E+001   0.9848974123E+000   0.1049047472E+001   0.9920985022E+000
 0.8585859   0.1875207156E+001   0.1000184691E+001   0.1054085633E+001   0.1006174392E+001
 0.8686869   0.1858954529E+001   0.9820691278E+000   0.1051599300E+001   0.9858182988E+000
 0.8787879   0.1859580729E+001   0.9723230802E+000   0.1053483634E+001   0.9943134396E+000
 0.8888889   0.1862976097E+001   0.9832300282E+000   0.1052337173E+001   0.9892957258E+000
 0.8989899   0.1865745119E+001   0.9735491716E+000   0.1048951331E+001   0.9863143654E+000
 0.9090909   0.1908115719E+001   0.9840599592E+000   0.1058563919E+001   0.9960670351E+000
 0.9191919   0.1889514973E+001   0.9737447444E+000   0.1058108607E+001   0.9968805843E+000
 0.9292929   0.1921201182E+001   0.1003499400E+001   0.1060408016E+001   0.9961364844E+000
 0.9393939   0.1903517259E+001   0.9877633069E+000   0.1052869720E+001   0.9977040549E+000
 0.9494949   0.1923637719E+001   0.9835534757E+000   0.1055058815E+001   0.9976693302E+000
 0.9595960   0.1910881192E+001   0.9862639149E+000   0.1047021780E+001   0.9978057485E+000
 0.9696970   0.1935329973E+001   0.1000974504E+001   0.1047975699E+001   0.1000241436E+001
 0.9797980   0.1922924995E+001   0.9669673925E+000   0.1040857710E+001   0.9798456568E+000
 0.9898990   0.1946146096E+001   0.9697003979E+000   0.1056667111E+001   0.9923663781E+000
 1.0000000   0.1970007192E+001   0.9997835159E+000   0.1060631281E+001   0.1009123508E+001


 0.0000000   0.2859445764E-001   0.9802557842E+000   0.8938389573E+000   0.9907392855E+000
 0.0101010   0.2836374742E-001   0.9858822492E+000   0.8871829234E+000   0.9991430927E+000
 0.0202020   0.2796736491E-001   0.1022517890E+001   0.8958693328E+000   0.1024734225E+001
 0.0303030   0.2659732998E-001   0.9882765951E+000   0.8929068331E+000   0.9966089032E+000
 0.0404040   0.2455230777E-001   0.1000886156E+001   0.8917170273E+000   0.1015845325E+001
 0.0505051   0.2286345482E-001   0.1014300442E+001   0.8960491388E+000   0.1028521291E+001
 0.0606061   0.2075583759E-001   0.1036849264E+001   0.8975094405E+000   0.1035685603E+001
 0.0707071   0.1827878174E-001   0.9703545278E+000   0.8927180869E+000   0.1007260863E+001
 0.0808081   0.1643627951E-001   0.9589165276E+000   0.8826079359E+000   0.9852326506E+000
 0.0909091   0.1471121739E-001   0.1017853129E+001   0.8921380667E+000   0.1022419163E+001
 0.1010101   0.1350930394E-001   0.1011950711E+001   0.8947960586E+000   0.1011993022E+001
 0.1111111   0.1252356115E-001   0.9977366574E+000   0.8973713371E+000   0.9995445484E+000
 0.1212121   0.1206769853E-001   0.1007905605E+001   0.9014682406E+000   0.1018836170E+001
 0.1313131   0.1181743470E-001   0.9942467619E+000   0.9030140232E+000   0.1005967841E+001
 0.1414141   0.1182638856E-001   0.1007383442E+001   0.9037618950E+000   0.1003570815E+001
 0.1515152   0.1211797473E-001   0.1003445743E+001   0.9104875167E+000   0.1013946774E+001
 0.1616162   0.1252920451E-001   0.9766997923E+000   0.9088686560E+000   0.1005972859E+001
 0.1717172   0.1331588850E-001   0.1000631684E+001   0.9094215354E+000   0.9979989438E+000
 0.1818182   0.1437250444E-001   0.1009792660E+001   0.9134310566E+000   0.9883456055E+000
 0.1919192   0.1569648065E-001   0.1008169991E+001   0.9239287777E+000   0.1018540097E+001
 0.2020202   0.1715081996E-001   0.1029074663E+001   0.9244367975E+000   0.1015097614E+001
 0.2121212   0.1911790536E-001   0.1031024510E+001   0.9249920690E+000   0.1016909183E+001
 0.2222222   0.2121684017E-001   0.1015918153E+001   0.9222580009E+000   0.9913280872E+000
 0.2323232   0.2369401291E-001   0.1032366269E+001   0.9417242916E+000   0.1027832125E+001
 0.2424242   0.2634441034E-001   0.1006960425E+001   0.9368207000E+000   0.1004599546E+001
 0.2525253   0.3051503036E-001   0.1016792280E+001   0.9377469231E+000   0.9876547670E+000
 0.2626263   0.3426399053E-001   0.9728364515E+000   0.9431178803E+000   0.1014691140E+001
 0.2727273   0.4010391735E-001   0.1042555045E+001   0.9481610283E+000   0.1013864810E+001
 0.2828283   0.4578748567E-001   0.1026501856E+001   0.9546259304E+000   0.1005872495E+001
 0.2929293   0.5295158088E-001   0.1024315714E+001   0.9550970622E+000   0.9955751546E+000
 0.3030303   0.6167891349E-001   0.1041401661E+001   0.9539038982E+000   0.9767552432E+000
 0.3131313   0.7143323140E-001   0.1017261565E+001   0.9591033961E+000   0.1003263032E+001
 0.3232323   0.8332681678E-001   0.1019535285E+001   0.9720316005E+000   0.1007670682E+001
 0.3333333   0.9719732968E-001   0.1024603234E+001   0.9685035474E+000   0.1017359148E+001
 0.3434343   0.1127768628E+000   0.9706271759E+000   0.9814224678E+000   0.1019262717E+001
 0.3535354   0.1340653751E+000   0.1010154538E+001   0.9787757951E+000   0.1014947068E+001
 0.3636364   0.1571371875E+000   0.1020901830E+001   0.9918030188E+000   0.1002675903E+001
 0.3737374   0.1862586091E+000   0.1003905114E+001   0.9871608614E+000   0.1002879977E+001
 0.3838384   0.2197681280E+000   0.9970624730E+000   0.9950910614E+000   0.9872650204E+000
 0.3939394   0.2594447797E+000   0.1006456439E+001   0.9966056532E+000   0.9758385859E+000
 0.4040404   0.3058114031E+000   0.9935345721E+000   0.1003994157E+001   0.1006554970E+001
 0.4141414   0.3640363506E+000   0.9880700435E+000   0.1010342655E+001   0.9951971171E+000
 0.4242424   0.4369506242E+000   0.9998220021E+000   0.1018118386E+001   0.9919821256E+000
 0.4343434   0.5237496743E+000   0.1008457510E+001   0.1026391775E+001   0.1005852422E+001
 0.4444444   0.6290374642E+000   0.1029538991E+001   0.1023533151E+001   0.1003687906E+001
 0.4545455   0.7502600744E+000   0.1005293140E+001   0.1026258870E+001   0.1003850161E+001
 0.4646465   0.8914909327E+000   0.1004430581E+001   0.1033454745E+001   0.1005357293E+001
 0.4747475   0.1069284303E+001   0.9897835954E+000   0.1041715459E+001   0.1004522600E+001
 0.4848485   0.1274172194E+001   0.9659458909E+000   0.1048957642E+001   0.1000312333E+001
 0.4949495   0.1553597925E+001   0.9939774187E+000   0.1047019351E+001   0.1005467694E+001
 0.5050505   0.1702018210E+001   0.1003710129E+001   0.1049430647E+001   0.9895449546E+000
 0.5151515   0.1703568127E+001   0.9981728943E+000   0.1048613508E+001   0.9981578533E+000
 0.5252525   0.1696862612E+001   0.9979845193E+000   0.1051192457E+001   0.9898761556E+000
 0.5353535   0.1695773516E+001   0.1001748715E+001   0.1044393439E+001   0.9987081823E+000
 0.5454545   0.1706150647E+001   0.9918111057E+000   0.1046461471E+001   0.1005203402E+001
 0.5555556   0.1711394152E+001   0.9807663797E+000   0.1048525315E+001   0.9908630677E+000
 0.5656566   0.1711587054E+001   0.9903470681E+000   0.1048992881E+001   0.9978868707E+000
 0.5757576   0.1705126969E+001   0.9808242142E+000   0.1045425487E+001   0.9844966484E+000
 0.5858586   0.1708236048E+001   0.9887475327E+000   0.1047573253E+001   0.9838359191E+000
 0.5959596   0.1719328932E+001   0.1004463629E+001   0.1053362882E+001   0.1011216875E+001
 0.6060606   0.1729148463E+001   0.1010562684E+001   0.1053116389E+001   0.9909149224E+000
 0.6161616   0.1727290866E+001   0.1013525460E+001   0.1060056444E+001   0.1002695976E+001
 0.6262626   0.1734604655E+001   0.9961222502E+000   0.1054350475E+001   0.9763437510E+000
 0.6363636   0.1730501948E+001   0.1016620429E+001   0.1051715308E+001   0.9868100372E+000
 0.6464646   0.1727886676E+001   0.9830698429E+000   0.1054014858E+001   0.9936431488E+000
 0.6565657   0.1720633660E+001   0.9695200594E+000   0.1049921636E+001   0.1000312333E+001
 0.6666667   0.1739715677E+001   0.9862028173E+000   0.1056174676E+001   0.1014323139E+001
 0.6767677   0.1750670738E+001   0.9897075844E+000   0.1043969086E+001   0.9693567481E+000
 0.6868687   0.1752096608E+001   0.1011522736E+001   0.1057540277E+001   0.1002098811E+001
 0.6969697   0.1758135065E+001   0.9774450303E+000   0.1050110432E+001   0.9895198636E+000
 0.7070707   0.1768786881E+001   0.9953290922E+000   0.1049448698E+001   0.9998205493E+000
 0.7171717   0.1767823472E+001   0.1007573470E+001   0.1048702772E+001   0.9979671619E+000
 0.7272727   0.1782150218E+001   0.1009858756E+001   0.1052563979E+001   0.9965603940E+000
 0.7373737   0.1786089880E+001   0.9947276140E+000   0.1052092265E+001   0.1008537157E+001
 0.7474747   0.1778387200E+001   0.9961866943E+000   0.1053171283E+001   0.9913749237E+000
 0.7575758   0.1792242644E+001   0.9797881514E+000   0.1055825483E+001   0.9939325315E+000
 0.7676768   0.1801808889E+001   0.9990833737E+000   0.1046939585E+001   0.9930125287E+000
 0.7777778   0.1808878807E+001   0.1000704390E+001   0.1053836450E+001   0.9951302078E+000
 0.7878788   0.1811527663E+001   0.1002556745E+001   0.1054210275E+001   0.1013252590E+001
 0.7979798   0.1818912694E+001   0.9855782053E+000   0.1052651704E+001   0.9871763656E+000
 0.8080808   0.1827850996E+001   0.9975301058E+000   0.1056264895E+001   0.1004870528E+001
 0.8181818   0.1833561438E+001   0.9928488208E+000   0.1048499861E+001   0.9898008826E+000
 0.8282828   0.1842029009E+001   0.9945706348E+000   0.1053651201E+001   0.9921142714E+000
 0.8383838   0.1843122921E+001   0.9916128162E+000   0.1045474331E+001   0.9970605409E+000
 0.8484848   0.1851737721E+001   0.9908097437E+000   0.1048440821E+001   0.9913548510E+000
 0.8585859   0.1860860756E+001   0.9987314098E+000   0.1050865267E+001   0.1002928486E+001
 0.8686869   0.1858922988E+001   0.9881857124E+000   0.1046443236E+001   0.9808166373E+000
 0.8787879   0.1864705510E+001   0.9810919050E+000   0.1054829303E+001   0.9954128996E+000
 0.8888889   0.1883766736E+001   0.1000411913E+001   0.1055694189E+001   0.9922815447E+000
 0.8989899   0.1874975925E+001   0.9844760461E+000   0.1046105182E+001   0.9834695908E+000
 0.9090909   0.1895148223E+001   0.9834763364E+000   0.1050429608E+001   0.9882435688E+000
 0.9191919   0.1886162825E+001   0.9780878189E+000   0.1051576810E+001   0.9905569576E+000
 0.9292929   0.1920716316E+001   0.1009511750E+001   0.1058941367E+001   0.9945882426E+000
 0.9393939   0.1911629241E+001   0.9981679371E+000   0.1050040493E+001   0.9948525343E+000
 0.9494949   0.1916407944E+001   0.9859764367E+000   0.1052486793E+001   0.9950666440E+000
 0.9595960   0.1923676010E+001   0.9990685020E+000   0.1048255450E+001   0.9988102189E+000
 0.9696970   0.1943001856E+001   0.1011218692E+001   0.1049144623E+001   0.1001185499E+001
 0.9797980   0.1936879411E+001   0.9800674092E+000   0.1044546929E+001   0.9831500989E+000
 0.9898990   0.1954085051E+001   0.9797369267E+000   0.1053813201E+001   0.9895165181E+000
 1.0000000   0.1971898764E+001   0.1006993473E+001   0.1057858013E+001   0.1006312423E+001


 0.0000000   0.2826450281E-001   0.9712527787E+000   0.8944450247E+000   0.9914032909E+000
 0.0101010   0.2798421445E-001   0.9750074455E+000   0.8869214359E+000   0.9988407828E+000
 0.0202020   0.2755853336E-001   0.1009970854E+001   0.8924866059E+000   0.1020856919E+001
 0.0303030   0.2626916400E-001   0.9784082242E+000   0.8924730882E+000   0.9961169811E+000
 0.0404040   0.2430260023E-001   0.9930668381E+000   0.8902321208E+000   0.1014145774E+001
 0.0505051   0.2261925352E-001   0.1005857367E+001   0.8959441892E+000   0.1028392770E+001
 0.0606061   0.2046892419E-001   0.1024952529E+001   0.8955961299E+000   0.1033469634E+001
 0.0707071   0.1805627643E-001   0.9608260257E+000   0.8914664042E+000   0.1005840701E+001
 0.0808081   0.1616246904E-001   0.9451883624E+000   0.8860212477E+000   0.9890350967E+000
 0.0909091   0.1460664075E-001   0.1013025143E+001   0.8917358652E+000   0.1021950223E+001
 0.1010101   0.1337188963E-001   0.1004043536E+001   0.8954086771E+000   0.1012677948E+001
 0.1111111   0.1241344224E-001   0.9913195925E+000   0.8986111473E+000   0.1000917682E+001
 0.1212121   0.1194821637E-001   0.1000303666E+001   0.9022992599E+000   0.1019767398E+001
 0.1313131   0.1170590814E-001   0.9872098045E+000   0.9010686455E+000   0.1003792806E+001
 0.1414141   0.1176117294E-001   0.1004214931E+001   0.9083557689E+000   0.1008664123E+001
 0.1515152   0.1203692547E-001   0.9991088308E+000   0.9117513499E+000   0.1015346264E+001
 0.1616162   0.1245439905E-001   0.9731812841E+000   0.9128840748E+000   0.1010409374E+001
 0.1717172   0.1315577044E-001   0.9909546068E+000   0.9120217163E+000   0.1000844542E+001
 0.1818182   0.1428639023E-001   0.1006133572E+001   0.9145206455E+000   0.9895168060E+000
 0.1919192   0.1556970641E-001   0.1002409732E+001   0.9215398570E+000   0.1015898591E+001
 0.2020202   0.1705507361E-001   0.1025767582E+001   0.9240537905E+000   0.1014669097E+001
 0.2121212   0.1907036390E-001   0.1030910674E+001   0.9279524896E+000   0.1020155792E+001
 0.2222222   0.2110423987E-001   0.1012933896E+001   0.9262512233E+000   0.9956125734E+000
 0.2323232   0.2360829782E-001   0.1031082069E+001   0.9370310959E+000   0.1022701790E+001
 0.2424242   0.2637144370E-001   0.1010395026E+001   0.9395965139E+000   0.1007568297E+001
 0.2525253   0.3024525386E-001   0.1010203902E+001   0.9396934438E+000   0.9896971318E+000
 0.2626263   0.3424354678E-001   0.9745721754E+000   0.9468296495E+000   0.1018676616E+001
 0.2727273   0.3987026932E-001   0.1038950223E+001   0.9461822730E+000   0.1011741010E+001
 0.2828283   0.4565921603E-001   0.1026064749E+001   0.9569656830E+000   0.1008329953E+001
 0.2929293   0.5269877341E-001   0.1021853850E+001   0.9558868615E+000   0.9963906223E+000
 0.3030303   0.6142463829E-001   0.1039579084E+001   0.9529409725E+000   0.9757616074E+000
 0.3131313   0.7110826225E-001   0.1015046128E+001   0.9577849709E+000   0.1001876056E+001
 0.3232323   0.8274616545E-001   0.1014842673E+001   0.9704746522E+000   0.1006048769E+001
 0.3333333   0.9711491408E-001   0.1026173258E+001   0.9678229805E+000   0.1016636287E+001
 0.3434343   0.1128000332E+000   0.9731393601E+000   0.9789509943E+000   0.1016687989E+001
 0.3535354   0.1341844603E+000   0.1013460413E+001   0.9766730220E+000   0.1012758653E+001
 0.3636364   0.1576085915E+000   0.1026403841E+001   0.9906204537E+000   0.1001472530E+001
 0.3737374   0.1868864083E+000   0.1009688483E+001   0.9887014075E+000   0.1004437186E+001
 0.3838384   0.2196901098E+000   0.9990829365E+000   0.9918065018E+000   0.9839985855E+000
 0.3939394   0.2593517701E+000   0.1008492415E+001   0.9939372172E+000   0.9732181315E+000
 0.4040404   0.3071790988E+000   0.1000355454E+001   0.1004991395E+001   0.1007546860E+001
 0.4141414   0.3650200201E+000   0.9931001307E+000   0.1009294976E+001   0.9941573571E+000
 0.4242424   0.4389934957E+000   0.1006889438E+001   0.1015108132E+001   0.9890414017E+000
 0.4343434   0.5230002551E+000   0.1009413511E+001   0.1020655253E+001   0.1000222860E+001
 0.4444444   0.6270212019E+000   0.1028683768E+001   0.1023093892E+001   0.1003249306E+001
 0.4545455   0.7508957021E+000   0.1008541738E+001   0.1024650943E+001   0.1002269494E+001
 0.4646465   0.8952670243E+000   0.1011088006E+001   0.1032500158E+001   0.1004420793E+001
 0.4747475   0.1071251689E+001   0.9939669717E+000   0.1039626385E+001   0.1002500261E+001
 0.4848485   0.1290391656E+001   0.9805722440E+000   0.1042002409E+001   0.9936718646E+000
 0.4949495   0.1551619785E+001   0.9950767255E+000   0.1049392256E+001   0.1007738535E+001
 0.5050505   0.1704140109E+001   0.1007355534E+001   0.1047270600E+001   0.9875004362E+000
 0.5151515   0.1704587557E+001   0.1001149545E+001   0.1043679749E+001   0.9934537083E+000
 0.5252525   0.1703180647E+001   0.1004086693E+001   0.1049994168E+001   0.9887400181E+000
 0.5353535   0.1703219489E+001   0.1008544204E+001   0.1048574233E+001   0.1002698241E+001
 0.5454545   0.1707192228E+001   0.9947807911E+000   0.1050488614E+001   0.1009063866E+001
 0.5555556   0.1707740177E+001   0.9810038149E+000   0.1046346960E+001   0.9887967640E+000
 0.5656566   0.1717967938E+001   0.9964071969E+000   0.1049543884E+001   0.9984032091E+000
 0.5757576   0.1707324757E+001   0.9844280218E+000   0.1041186181E+001   0.9804967349E+000
 0.5858586   0.1714067058E+001   0.9944860899E+000   0.1049629107E+001   0.9857589685E+000
 0.5959596   0.1717182675E+001   0.1005599657E+001   0.1052801883E+001   0.1010670405E+001
 0.6060606   0.1728126834E+001   0.1012371621E+001   0.1051475245E+001   0.9893629617E+000
 0.6161616   0.1728494475E+001   0.1016647872E+001   0.1055615694E+001   0.9984876974E+000
 0.6262626   0.1731197839E+001   0.9965342021E+000   0.1055482685E+001   0.9773845393E+000
 0.6363636   0.1729842674E+001   0.1018654060E+001   0.1050462219E+001   0.9856265615E+000
 0.6464646   0.1733130239E+001   0.9884021732E+000   0.1054103068E+001   0.9937185224E+000
 0.6565657   0.1729907899E+001   0.9770678883E+000   0.1050111251E+001   0.1000485152E+001
 0.6666667   0.1742611170E+001   0.9901975082E+000   0.1055811810E+001   0.1013966709E+001
 0.6767677   0.1752670899E+001   0.9931987755E+000   0.1046359509E+001   0.9715687182E+000
 0.6868687   0.1754496223E+001   0.1015321100E+001   0.1056718614E+001   0.1001312381E+001
 0.6969697   0.1755570003E+001   0.9783441051E+000   0.1050395105E+001   0.9897803591E+000
 0.7070707   0.1765423348E+001   0.9958029976E+000   0.1050608517E+001   0.1000917682E+001
 0.7171717   0.1762413960E+001   0.1006883272E+001   0.1047013205E+001   0.9963515307E+000
 0.7272727   0.1779267014E+001   0.1010626842E+001   0.1053345214E+001   0.9972922511E+000
 0.7373737   0.1783457732E+001   0.9956279032E+000   0.1054662663E+001   0.1010993226E+001
 0.7474747   0.1777149081E+001   0.9978646735E+000   0.1053064987E+001   0.9912671008E+000
 0.7575758   0.1792285277E+001   0.9821456282E+000   0.1054230693E+001   0.9924234555E+000
 0.7676768   0.1800132646E+001   0.1000531782E+001   0.1050506700E+001   0.9963881002E+000
 0.7777778   0.1803414696E+001   0.1000058287E+001   0.1053428747E+001   0.9947374260E+000
 0.7878788   0.1811478406E+001   0.1004917775E+001   0.1055054675E+001   0.1014056242E+001
 0.7979798   0.1815995620E+001   0.9863417304E+000   0.1053020307E+001   0.9875143074E+000
 0.8080808   0.1819801992E+001   0.9955033641E+000   0.1053896974E+001   0.1002609969E+001
 0.8181818   0.1828217414E+001   0.9923134387E+000   0.1049461477E+001   0.9907009032E+000
 0.8282828   0.1833692537E+001   0.9924281132E+000   0.1054295845E+001   0.9927134900E+000
 0.8383838   0.1842346458E+001   0.9935563628E+000   0.1047585903E+001   0.9990665052E+000
 0.8484848   0.1845379234E+001   0.9897597720E+000   0.1048148180E+001   0.9910703818E+000
 0.8585859   0.1861159958E+001   0.1001271617E+001   0.1053821870E+001   0.1005742341E+001
 0.8686869   0.1860141057E+001   0.9911888882E+000   0.1046321351E+001   0.9806947150E+000
 0.8787879   0.1860518311E+001   0.9812208334E+000   0.1056809066E+001   0.9972733358E+000
 0.8888889   0.1881314728E+001   0.1001489869E+001   0.1054774779E+001   0.9914095960E+000
 0.8989899   0.1875348554E+001   0.9870174472E+000   0.1047342713E+001   0.9846253121E+000
 0.9090909   0.1901687660E+001   0.9892209249E+000   0.1054993371E+001   0.9925293812E+000
 0.9191919   0.1888255550E+001   0.9815056702E+000   0.1050610666E+001   0.9896391249E+000
 0.9292929   0.1917411478E+001   0.1010175542E+001   0.1057172437E+001   0.9929190361E+000
 0.9393939   0.1911291412E+001   0.1000369018E+001   0.1050323855E+001   0.9951132097E+000
 0.9494949   0.1921623460E+001   0.9910150268E+000   0.1052752363E+001   0.9953099287E+000
 0.9595960   0.1923215349E+001   0.1001208731E+001   0.1049239361E+001   0.9997398895E+000
 0.9696970   0.1937861786E+001   0.1010946204E+001   0.1051746314E+001   0.1003660399E+001
 0.9797980   0.1935649123E+001   0.9817781764E+000   0.1045642821E+001   0.9841738672E+000
 0.9898990   0.1956267650E+001   0.9831678347E+000   0.1059031135E+001   0.9944082999E+000
 1.0000000   0.1966669459E+001   0.1006715576E+001   0.1057787981E+001   0.1006237922E+001


 0.0000000   0.2827645579E-001   0.9711336274E+000   0.8894737198E+000   0.9859414097E+000
 0.0101010   0.2816906562E-001   0.9809126800E+000   0.8861178165E+000   0.9979846614E+000
 0.0202020   0.2757907764E-001   0.1010172572E+001   0.8876417429E+000   0.1015364955E+001
 0.0303030   0.2641623816E-001   0.9833495185E+000   0.8896028117E+000   0.9929620358E+000
 0.0404040   0.2437036969E-001   0.9952929988E+000   0.8862997312E+000   0.1009715506E+001
 0.0505051   0.2276479333E-001   0.1011777320E+001   0.8937062769E+000   0.1025874297E+001
 0.0606061   0.2054744110E-001   0.1028323057E+001   0.8957688827E+000   0.1033719638E+001
 0.0707071   0.1816884132E-001   0.9662886774E+000   0.8893700977E+000   0.1003524617E+001
 0.0808081   0.1631459783E-001   0.9535646162E+000   0.8888377884E+000   0.9922277279E+000
 0.0909091   0.1468281130E-001   0.1017752527E+001   0.8912095696E+000   0.1021397129E+001
 0.1010101   0.1345035010E-001   0.1009384067E+001   0.8933912286E+000   0.1010445796E+001
 0.1111111   0.1245527877E-001   0.9941181653E+000   0.8952414254E+000   0.9972131861E+000
 0.1212121   0.1201373587E-001   0.1005240451E+001   0.9024402528E+000   0.1019976730E+001
 0.1313131   0.1175702504E-001   0.9909799928E+000   0.9012246806E+000   0.1004015830E+001
 0.1414141   0.1181099525E-001   0.1007918992E+001   0.9067595740E+000   0.1006941007E+001
 0.1515152   0.1206109278E-001   0.1000568853E+001   0.9088253588E+000   0.1012137416E+001
 0.1616162   0.1252259662E-001   0.9779765868E+000   0.9123005044E+000   0.1009812945E+001
 0.1717172   0.1322837879E-001   0.9958804156E+000   0.9118983066E+000   0.1000758155E+001
 0.1818182   0.1436550029E-001   0.1011153251E+001   0.9155180932E+000   0.9906445963E+000
 0.1919192   0.1562071554E-001   0.1005145355E+001   0.9216621429E+000   0.1016083191E+001
 0.2020202   0.1702176077E-001   0.1023205696E+001   0.9253346725E+000   0.1016125381E+001
 0.2121212   0.1902367232E-001   0.1027825783E+001   0.9275732856E+000   0.1019788884E+001
 0.2222222   0.2110740093E-001   0.1012533136E+001   0.9282574300E+000   0.9978179103E+000
 0.2323232   0.2358776943E-001   0.1029623694E+001   0.9361929697E+000   0.1021837111E+001
 0.2424242   0.2636915906E-001   0.1009756527E+001   0.9385308912E+000   0.1006474908E+001
 0.2525253   0.3020710841E-001   0.1008379614E+001   0.9404563413E+000   0.9905491665E+000
 0.2626263   0.3428966570E-001   0.9753525278E+000   0.9479187851E+000   0.1019898377E+001
 0.2727273   0.3981336126E-001   0.1036901521E+001   0.9468466655E+000   0.1012501054E+001
 0.2828283   0.4554144173E-001   0.1022859982E+001   0.9574186174E+000   0.1008856637E+001
 0.2929293   0.5256496980E-001   0.1018703488E+001   0.9552973511E+000   0.9958249324E+000
 0.3030303   0.6118232785E-001   0.1034913417E+001   0.9534710386E+000   0.9763522129E+000
 0.3131313   0.7085489847E-001   0.1010877869E+001   0.9601762912E+000   0.1004426681E+001
 0.3232323   0.8255085904E-001   0.1011895199E+001   0.9711443352E+000   0.1006792338E+001
 0.3333333   0.9669687201E-001   0.1021198771E+001   0.9680417671E+000   0.1016915942E+001
 0.3434343   0.1126663008E+000   0.9714555674E+000   0.9766136059E+000   0.1014310204E+001
 0.3535354   0.1340837890E+000   0.1012147798E+001   0.9765220553E+000   0.1012651733E+001
 0.3636364   0.1580451559E+000   0.1028685611E+001   0.9894172002E+000   0.1000305114E+001
 0.3737374   0.1860848310E+000   0.1004809547E+001   0.9890509658E+000   0.1004841550E+001
 0.3838384   0.2194111599E+000   0.9972702060E+000   0.9928595135E+000   0.9850915815E+000
 0.3939394   0.2586708001E+000   0.1005295924E+001   0.9979242071E+000   0.9771698963E+000
 0.4040404   0.3078672682E+000   0.1002049777E+001   0.1002746798E+001   0.1005345822E+001
 0.4141414   0.3660194392E+000   0.9952761589E+000   0.1007669016E+001   0.9926044249E+000
 0.4242424   0.4390210049E+000   0.1006403397E+001   0.1012424283E+001   0.9864748125E+000
 0.4343434   0.5237931303E+000   0.1010392482E+001   0.1018882100E+001   0.9985341367E+000
 0.4444444   0.6240562505E+000   0.1023261169E+001   0.1022510145E+001   0.1002726020E+001
 0.4545455   0.7473223319E+000   0.1003194893E+001   0.1027456013E+001   0.1005062545E+001
 0.4646465   0.8948242775E+000   0.1010036862E+001   0.1031181438E+001   0.1003187097E+001
 0.4747475   0.1069264683E+001   0.9915822684E+000   0.1036674105E+001   0.9997023994E+000
 0.4848485   0.1290177108E+001   0.9798745472E+000   0.1042801774E+001   0.9944828868E+000
 0.4949495   0.1547676002E+001   0.9920062386E+000   0.1049265588E+001   0.1007666275E+001
 0.5050505   0.1704747723E+001   0.1007165157E+001   0.1050591931E+001   0.9906807592E+000
 0.5151515   0.1708438393E+001   0.1002864038E+001   0.1042574972E+001   0.9924507325E+000
 0.5252525   0.1703566485E+001   0.1003766461E+001   0.1051260092E+001   0.9899806052E+000
 0.5353535   0.1707122927E+001   0.1010304320E+001   0.1047442639E+001   0.1001665241E+001
 0.5454545   0.1705230610E+001   0.9930958818E+000   0.1050803871E+001   0.1009416157E+001
 0.5555556   0.1706520466E+001   0.9797685546E+000   0.1050428931E+001   0.9927028683E+000
 0.5656566   0.1712210378E+001   0.9925262956E+000   0.1048802232E+001   0.9977465890E+000
 0.5757576   0.1705721331E+001   0.9829671528E+000   0.1045500046E+001   0.9846074003E+000
 0.5858586   0.1716441680E+001   0.9953207352E+000   0.1047285199E+001   0.9836058888E+000
 0.5959596   0.1715217705E+001   0.1003901180E+001   0.1049352170E+001   0.1007408112E+001
 0.6060606   0.1725532180E+001   0.1010300358E+001   0.1049569258E+001   0.9876179621E+000
 0.6161616   0.1727882526E+001   0.1015733715E+001   0.1054295182E+001   0.9972875210E+000
 0.6262626   0.1733550886E+001   0.9973444998E+000   0.1053399598E+001   0.9755033891E+000
 0.6363636   0.1731346847E+001   0.1018983824E+001   0.1053450498E+001   0.9884788402E+000
 0.6464646   0.1731109862E+001   0.9867115631E+000   0.1054251645E+001   0.9939072939E+000
 0.6565657   0.1729887260E+001   0.9765233990E+000   0.1051765409E+001   0.1002110246E+001
 0.6666667   0.1740429214E+001   0.9884183407E+000   0.1054690030E+001   0.1012939027E+001
 0.6767677   0.1749431575E+001   0.9908224898E+000   0.1047548999E+001   0.9727208545E+000
 0.6868687   0.1747350043E+001   0.1010634185E+001   0.1055048410E+001   0.9997787433E+000
 0.6969697   0.1757362015E+001   0.9788086780E+000   0.1050466587E+001   0.9898962251E+000
 0.7070707   0.1760423207E+001   0.9924411053E+000   0.1048456984E+001   0.9989168607E+000
 0.7171717   0.1763345359E+001   0.1006866000E+001   0.1050830251E+001   0.1000032888E+001
 0.7272727   0.1777301855E+001   0.1008960097E+001   0.1054734651E+001   0.9986566887E+000
 0.7373737   0.1784452011E+001   0.9956397035E+000   0.1054176154E+001   0.1010576384E+001
 0.7474747   0.1777251873E+001   0.9973781797E+000   0.1052799216E+001   0.9910654924E+000
 0.7575758   0.1792106276E+001   0.9815119838E+000   0.1051191501E+001   0.9896109400E+000
 0.7676768   0.1798742179E+001   0.9992137333E+000   0.1049506717E+001   0.9954884165E+000
 0.7777778   0.1799171595E+001   0.9971612417E+000   0.1051603449E+001   0.9930624883E+000
 0.7878788   0.1813917097E+001   0.1005721875E+001   0.1055750020E+001   0.1014774294E+001
 0.7979798   0.1817032758E+001   0.9863668396E+000   0.1055488150E+001   0.9898771391E+000
 0.8080808   0.1819768814E+001   0.9949423318E+000   0.1052909339E+001   0.1001719486E+001
 0.8181818   0.1828336428E+001   0.9918368486E+000   0.1052372317E+001   0.9934974477E+000
 0.8282828   0.1831318230E+001   0.9906025800E+000   0.1050778640E+001   0.9894502160E+000
 0.8383838   0.1842438576E+001   0.9930641831E+000   0.1050143518E+001   0.1001554744E+001
 0.8484848   0.1846566912E+001   0.9898566697E+000   0.1050272600E+001   0.9931277824E+000
 0.8585859   0.1862143348E+001   0.1001254338E+001   0.1055677629E+001   0.1007562808E+001
 0.8686869   0.1860713565E+001   0.9909532470E+000   0.1048786478E+001   0.9830534000E+000
 0.8787879   0.1862065175E+001   0.9815010874E+000   0.1057877200E+001   0.9983302181E+000
 0.8888889   0.1879843085E+001   0.1000160732E+001   0.1054466016E+001   0.9911679539E+000
 0.8989899   0.1881356923E+001   0.9896397317E+000   0.1048844038E+001   0.9860850568E+000
 0.9090909   0.1899628704E+001   0.9876110141E+000   0.1054796152E+001   0.9923924701E+000
 0.9191919   0.1893168741E+001   0.9835228708E+000   0.1049932099E+001   0.9890484059E+000
 0.9292929   0.1922620914E+001   0.1012367708E+001   0.1060772688E+001   0.9963492945E+000
 0.9393939   0.1912483388E+001   0.1000447011E+001   0.1050914357E+001   0.9957214663E+000
 0.9494949   0.1923218997E+001   0.9912969799E+000   0.1055746473E+001   0.9981895845E+000
 0.9595960   0.1926762658E+001   0.1002508418E+001   0.1052211079E+001   0.1002620545E+001
 0.9696970   0.1941054644E+001   0.1012059636E+001   0.1054231364E+001   0.1006081134E+001
 0.9797980   0.1935572472E+001   0.9812039119E+000   0.1047742633E+001   0.9861985681E+000
 0.9898990   0.1961418130E+001   0.9852187519E+000   0.1061652819E+001   0.9969188603E+000
 1.0000000   0.1970305820E+001   0.1008026966E+001   0.1058858518E+001   0.1007305650E+001


 0.0000000   0.2845696276E-001   0.9761103652E+000   0.8867744405E+000   0.9830223272E+000
 0.0101010   0.2829996732E-001   0.9842381643E+000   0.8840329636E+000   0.9957104970E+000
 0.0202020   0.2772209319E-001   0.1014140704E+001   0.8841254848E+000   0.1011417794E+001
 0.0303030   0.2661360381E-001   0.9894571367E+000   0.8889113557E+000   0.9922638747E+000
 0.0404040   0.2450225561E-001   0.9994274139E+000   0.8832247638E+000   0.1006287027E+001
 0.0505051   0.2287400976E-001   0.1015359625E+001   0.8930882488E+000   0.1025240950E+001
 0.0606061   0.2067988592E-001   0.1033656709E+001   0.8933488102E+000   0.1031003375E+001
 0.0707071   0.1823819377E-001   0.9687636706E+000   0.8846169556E+000   0.9982354644E+000
 0.0808081   0.1641257313E-001   0.9580910627E+000   0.8866470113E+000   0.9898555724E+000
 0.0909091   0.1479065332E-001   0.1023945141E+001   0.8905884364E+000   0.1020761007E+001
 0.1010101   0.1355216730E-001   0.1015752665E+001   0.8961343975E+000   0.1013623599E+001
 0.1111111   0.1250194925E-001   0.9965948734E+000   0.8928685544E+000   0.9946438440E+000
 0.1212121   0.1208813440E-001   0.1010200355E+001   0.9013611618E+000   0.1018832699E+001
 0.1313131   0.1181381529E-001   0.9945210491E+000   0.8986637383E+000   0.1001237092E+001
 0.1414141   0.1187533150E-001   0.1012141507E+001   0.9066886952E+000   0.1006937019E+001
 0.1515152   0.1210614800E-001   0.1003050180E+001   0.9050097316E+000   0.1007962839E+001
 0.1616162   0.1254876784E-001   0.9787944792E+000   0.9084250413E+000   0.1005597870E+001
 0.1717172   0.1329120696E-001   0.9993585904E+000   0.9127377661E+000   0.1001753752E+001
 0.1818182   0.1438984948E-001   0.1011600041E+001   0.9148781167E+000   0.9900255703E+000
 0.1919192   0.1565587092E-001   0.1006147235E+001   0.9201240048E+000   0.1014462755E+001
 0.2020202   0.1705441756E-001   0.1023886268E+001   0.9234477666E+000   0.1014128593E+001
 0.2121212   0.1901231130E-001   0.1025926925E+001   0.9271342616E+000   0.1019381858E+001
 0.2222222   0.2115086440E-001   0.1013348820E+001   0.9298963066E+000   0.9996537795E+000
 0.2323232   0.2368433630E-001   0.1032545583E+001   0.9364423487E+000   0.1022185156E+001
 0.2424242   0.2641734856E-001   0.1010336343E+001   0.9370001106E+000   0.1004907878E+001
 0.2525253   0.3021176189E-001   0.1007273286E+001   0.9401695300E+000   0.9903205665E+000
 0.2626263   0.3447843685E-001   0.9794951516E+000   0.9460975364E+000   0.1018014376E+001
 0.2727273   0.3973752821E-001   0.1033631833E+001   0.9448821537E+000   0.1010475307E+001
 0.2828283   0.4567384551E-001   0.1024550456E+001   0.9550174938E+000   0.1006401192E+001
 0.2929293   0.5270318270E-001   0.1020104296E+001   0.9558792709E+000   0.9965054867E+000
 0.3030303   0.6121638021E-001   0.1034194029E+001   0.9534232650E+000   0.9763757462E+000
 0.3131313   0.7087387065E-001   0.1009883601E+001   0.9622465234E+000   0.1006667022E+001
 0.3232323   0.8272294135E-001   0.1012736042E+001   0.9691035634E+000   0.1004751214E+001
 0.3333333   0.9698230190E-001   0.1022931861E+001   0.9674520734E+000   0.1016371897E+001
 0.3434343   0.1131557557E+000   0.9744552859E+000   0.9758536214E+000   0.1013596100E+001
 0.3535354   0.1339228169E+000   0.1009668010E+001   0.9780391811E+000   0.1014300257E+001
 0.3636364   0.1577923433E+000   0.1025755281E+001   0.9864610785E+000   0.9973904753E+000
 0.3737374   0.1854741421E+000   0.1000259100E+001   0.9868767935E+000   0.1002707073E+001
 0.3838384   0.2200603621E+000   0.9989696966E+000   0.9925724047E+000   0.9848798033E+000
 0.3939394   0.2589163293E+000   0.1004991333E+001   0.9988245087E+000   0.9781240570E+000
 0.4040404   0.3075594488E+000   0.9997955778E+000   0.1002149174E+001   0.1004821213E+001
 0.4141414   0.3648475719E+000   0.9908485310E+000   0.1007804308E+001   0.9928113677E+000
 0.4242424   0.4386463061E+000   0.1004286514E+001   0.1012861377E+001   0.9869739429E+000
 0.4343434   0.5242384457E+000   0.1009986422E+001   0.1017987361E+001   0.9977313042E+000
 0.4444444   0.6238813793E+000   0.1021694698E+001   0.1023433741E+001   0.1003706227E+001
 0.4545455   0.7499830126E+000   0.1005507094E+001   0.1027924424E+001   0.1005595370E+001
 0.4646465   0.8956819036E+000   0.1009740150E+001   0.1033269296E+001   0.1005292873E+001
 0.4747475   0.1069339980E+001   0.9904115437E+000   0.1039533013E+001   0.1002533742E+001
 0.4848485   0.1289265169E+001   0.9779569892E+000   0.1043345757E+001   0.9950755052E+000
 0.4949495   0.1549164866E+001   0.9917183598E+000   0.1047705660E+001   0.1006242861E+001
 0.5050505   0.1709959736E+001   0.1008980604E+001   0.1052153819E+001   0.9922272085E+000
 0.5151515   0.1707832320E+001   0.1001254137E+001   0.1044405655E+001   0.9942671822E+000
 0.5252525   0.1709104835E+001   0.1005769950E+001   0.1053545451E+001   0.9922063755E+000
 0.5353535   0.1707668423E+001   0.1009362865E+001   0.1051028220E+001   0.1005168708E+001
 0.5454545   0.1706289813E+001   0.9924696132E+000   0.1052338435E+001   0.1010965300E+001
 0.5555556   0.1709027142E+001   0.9799802324E+000   0.1050523094E+001   0.9928655336E+000
 0.5656566   0.1714123923E+001   0.9923924978E+000   0.1047628354E+001   0.9967038175E+000
 0.5757576   0.1709279556E+001   0.9837854222E+000   0.1048696099E+001   0.9876906004E+000
 0.5858586   0.1714207018E+001   0.9927813916E+000   0.1049820944E+001   0.9860606214E+000
 0.5959596   0.1716779864E+001   0.1003558478E+001   0.1049923254E+001   0.1008031171E+001
 0.6060606   0.1722688560E+001   0.1007373619E+001   0.1051145690E+001   0.9891747479E+000
 0.6161616   0.1731584625E+001   0.1016636590E+001   0.1054284376E+001   0.9973513091E+000
 0.6262626   0.1732693165E+001   0.9956039818E+000   0.1053501246E+001   0.9756699220E+000
 0.6363636   0.1732487488E+001   0.1018379564E+001   0.1053889248E+001   0.9889639173E+000
 0.6464646   0.1732236898E+001   0.9861187855E+000   0.1055193264E+001   0.9948688411E+000
 0.6565657   0.1732742194E+001   0.9769113705E+000   0.1056014808E+001   0.1006233695E+001
 0.6666667   0.1740797582E+001   0.9873907752E+000   0.1053758472E+001   0.1012119452E+001
 0.6767677   0.1747976292E+001   0.9887597812E+000   0.1049783697E+001   0.9748682657E+000
 0.6868687   0.1748293896E+001   0.1009915111E+001   0.1055844204E+001   0.1000607101E+001
 0.6969697   0.1759014489E+001   0.9785034307E+000   0.1050155386E+001   0.9896764081E+000
 0.7070707   0.1761855637E+001   0.9920060915E+000   0.1049643232E+001   0.1000121273E+001
 0.7171717   0.1764318409E+001   0.1006161331E+001   0.1051496577E+001   0.1000741265E+001
 0.7272727   0.1777695159E+001   0.1007920889E+001   0.1055270240E+001   0.9992379515E+000
 0.7373737   0.1785748097E+001   0.9951164133E+000   0.1054131570E+001   0.1010608638E+001
 0.7474747   0.1781710943E+001   0.9986297254E+000   0.1055459859E+001   0.9936438569E+000
 0.7575758   0.1790694245E+001   0.9795117355E+000   0.1053105496E+001   0.9914863848E+000
 0.7676768   0.1799948570E+001   0.9986330422E+000   0.1050805848E+001   0.9967946497E+000
 0.7777778   0.1797332611E+001   0.9948958466E+000   0.1051828645E+001   0.9933488607E+000
 0.7878788   0.1813782764E+001   0.1004389335E+001   0.1056901946E+001   0.1015956903E+001
 0.7979798   0.1814025865E+001   0.9835026657E+000   0.1053686260E+001   0.9882605930E+000
 0.8080808   0.1820409612E+001   0.9940475770E+000   0.1056310156E+001   0.1005029543E+001
 0.8181818   0.1824226370E+001   0.9883692289E+000   0.1053165119E+001   0.9943196816E+000
 0.8282828   0.1831167992E+001   0.9892821759E+000   0.1053022164E+001   0.9916363828E+000
 0.8383838   0.1840852290E+001   0.9909679356E+000   0.1051349744E+001   0.1002779573E+001
 0.8484848   0.1845554845E+001   0.9880765220E+000   0.1051359000E+001   0.9942288494E+000
 0.8585859   0.1858969224E+001   0.9982972170E+000   0.1055677030E+001   0.1007637010E+001
 0.8686869   0.1858271874E+001   0.9884148348E+000   0.1049032872E+001   0.9833573229E+000
 0.8787879   0.1864635164E+001   0.9816261905E+000   0.1058972414E+001   0.9994379489E+000
 0.8888889   0.1878815601E+001   0.9983635528E+000   0.1056510096E+001   0.9931630298E+000
 0.8989899   0.1883340628E+001   0.9894438696E+000   0.1052049637E+001   0.9891722479E+000
 0.9090909   0.1902094972E+001   0.9876561186E+000   0.1056123138E+001   0.9937146894E+000
 0.9191919   0.1893508267E+001   0.9824686557E+000   0.1050756090E+001   0.9898980719E+000
 0.9292929   0.1920538912E+001   0.1010006322E+001   0.1061255028E+001   0.9968763153E+000
 0.9393939   0.1908189851E+001   0.9969522578E+000   0.1048700049E+001   0.9936971896E+000
 0.9494949   0.1919932638E+001   0.9883650829E+000   0.1055917590E+001   0.9984254620E+000
 0.9595960   0.1924946505E+001   0.1000310510E+001   0.1054694191E+001   0.1005061210E+001
 0.9696970   0.1939417105E+001   0.1009940816E+001   0.1054045802E+001   0.1005978698E+001
 0.9797980   0.1931180938E+001   0.9777530065E+000   0.1045174169E+001   0.9838539831E+000
 0.9898990   0.1953736911E+001   0.9801328049E+000   0.1058509021E+001   0.9940405185E+000
 1.0000000   0.1966047388E+001   0.1004590001E+001   0.1056329716E+001   0.1004974544E+001


 0.0000000   0.2841965448E-001   0.9753052508E+000   0.8863668346E+000   0.9825473134E+000
 0.0101010   0.2838831668E-001   0.9877915305E+000   0.8881306317E+000   0.1000302226E+001
 0.0202020   0.2773801339E-001   0.1015217133E+001   0.8857803473E+000   0.1013287024E+001
 0.0303030   0.2657584438E-001   0.9885343383E+000   0.8885593670E+000   0.9918475739E+000
 0.0404040   0.2450247894E-001   0.9999231105E+000   0.8851927875E+000   0.1008505482E+001
 0.0505051   0.2283819073E-001   0.1014263211E+001   0.8917059838E+000   0.1023630011E+001
 0.0606061   0.2066318114E-001   0.1033324584E+001   0.8906258690E+000   0.1027836625E+001
 0.0707071   0.1827273380E-001   0.9710708908E+000   0.8846421370E+000   0.9982403424E+000
 0.0808081   0.1640044022E-001   0.9578489116E+000   0.8866968036E+000   0.9898878200E+000
 0.0909091   0.1481853588E-001   0.1026374888E+001   0.8922932087E+000   0.1022690843E+001
 0.1010101   0.1353244954E-001   0.1014768605E+001   0.8970715631E+000   0.1014659709E+001
 0.1111111   0.1247467334E-001   0.9949047151E+000   0.8924694928E+000   0.9941758529E+000
 0.1212121   0.1205917633E-001   0.1008270991E+001   0.9019385061E+000   0.1019461249E+001
 0.1313131   0.1179425700E-001   0.9933579688E+000   0.8998554895E+000   0.1002541231E+001
 0.1414141   0.1186415820E-001   0.1011681510E+001   0.9075982851E+000   0.1007923412E+001
 0.1515152   0.1205611950E-001   0.9993914165E+000   0.9064096558E+000   0.1009498214E+001
 0.1616162   0.1253504885E-001   0.9782004243E+000   0.9094492061E+000   0.1006707850E+001
 0.1717172   0.1325657298E-001   0.9972397617E+000   0.9138327666E+000   0.1002931896E+001
 0.1818182   0.1433596965E-001   0.1008302978E+001   0.9150773117E+000   0.9902177786E+000
 0.1919192   0.1559631256E-001   0.1002807622E+001   0.9215350726E+000   0.1015994541E+001
 0.2020202   0.1698968240E-001   0.1020496399E+001   0.9232286874E+000   0.1013864094E+001
 0.2121212   0.1896120614E-001   0.1023667371E+001   0.9276213268E+000   0.1019893337E+001
 0.2222222   0.2103152363E-001   0.1008121719E+001   0.9294358572E+000   0.9991352300E+000
 0.2323232   0.2360439584E-001   0.1029561498E+001   0.9371547527E+000   0.1022938669E+001
 0.2424242   0.2642766622E-001   0.1011223030E+001   0.9354074622E+000   0.1003176151E+001
 0.2525253   0.3021086019E-001   0.1007733610E+001   0.9404107601E+000   0.9905513081E+000
 0.2626263   0.3443938956E-001   0.9788621985E+000   0.9432005552E+000   0.1014873253E+001
 0.2727273   0.3969477623E-001   0.1033022485E+001   0.9468117482E+000   0.1012514978E+001
 0.2828283   0.4558059872E-001   0.1022956550E+001   0.9561992144E+000   0.1007622735E+001
 0.2929293   0.5248007871E-001   0.1016280521E+001   0.9562423727E+000   0.9968605157E+000
 0.3030303   0.6102530450E-001   0.1031467920E+001   0.9538358002E+000   0.9767751812E+000
 0.3131313   0.7090222393E-001   0.1010779478E+001   0.9627151272E+000   0.1007133511E+001
 0.3232323   0.8261574228E-001   0.1011916080E+001   0.9688864349E+000   0.1004502413E+001
 0.3333333   0.9685661691E-001   0.1022103565E+001   0.9683237528E+000   0.1017263668E+001
 0.3434343   0.1129881383E+000   0.9734855494E+000   0.9770650005E+000   0.1014830402E+001
 0.3535354   0.1338637383E+000   0.1009713957E+001   0.9789928523E+000   0.1015265347E+001
 0.3636364   0.1577951969E+000   0.1026273241E+001   0.9850489351E+000   0.9959392029E+000
 0.3737374   0.1854358341E+000   0.1000539392E+001   0.9868282168E+000   0.1002634076E+001
 0.3838384   0.2198015067E+000   0.9982804034E+000   0.9924368096E+000   0.9847220402E+000
 0.3939394   0.2594536532E+000   0.1007567278E+001   0.9990000058E+000   0.9782728502E+000
 0.4040404   0.3079197695E+000   0.1001454219E+001   0.1003366374E+001   0.1006017937E+001
 0.4141414   0.3652406861E+000   0.9923990714E+000   0.1007627623E+001   0.9926139062E+000
 0.4242424   0.4381273298E+000   0.1003586681E+001   0.1011975629E+001   0.9860875830E+000
 0.4343434   0.5250677931E+000   0.1012076726E+001   0.1017957981E+001   0.9976789844E+000
 0.4444444   0.6240308011E+000   0.1022436940E+001   0.1022557609E+001   0.1002823338E+001
 0.4545455   0.7500850851E+000   0.1006133553E+001   0.1026652543E+001   0.1004327435E+001
 0.4646465   0.8956948559E+000   0.1010246362E+001   0.1032500269E+001   0.1004520982E+001
 0.4747475   0.1072007737E+001   0.9933657879E+000   0.1039651196E+001   0.1002624078E+001
 0.4848485   0.1289407200E+001   0.9785409075E+000   0.1043954714E+001   0.9956328128E+000
 0.4949495   0.1548774632E+001   0.9919512543E+000   0.1048091823E+001   0.1006590008E+001
 0.5050505   0.1710232601E+001   0.1009632924E+001   0.1051273176E+001   0.9913733477E+000
 0.5151515   0.1710642232E+001   0.1003389784E+001   0.1047287245E+001   0.9969869284E+000
 0.5252525   0.1705757743E+001   0.1004288972E+001   0.1054558152E+001   0.9931366977E+000
 0.5353535   0.1711245079E+001   0.1011969392E+001   0.1049167390E+001   0.1003365413E+001
 0.5454545   0.1711197684E+001   0.9958088792E+000   0.1051569120E+001   0.1010202412E+001
 0.5555556   0.1704825488E+001   0.9780468870E+000   0.1050059445E+001   0.9924039326E+000
 0.5656566   0.1713249595E+001   0.9923692170E+000   0.1046724739E+001   0.9958206463E+000
 0.5757576   0.1711563308E+001   0.9855794559E+000   0.1047946191E+001   0.9869610447E+000
 0.5858586   0.1716885222E+001   0.9948165733E+000   0.1052204254E+001   0.9882758796E+000
 0.5959596   0.1718880460E+001   0.1005275592E+001   0.1051576483E+001   0.1009594631E+001
 0.6060606   0.1721076863E+001   0.1006921142E+001   0.1052552861E+001   0.9904756033E+000
 0.6161616   0.1729811503E+001   0.1016090021E+001   0.1054478957E+001   0.9975118625E+000
 0.6262626   0.1732490801E+001   0.9959723680E+000   0.1054431890E+001   0.9765087860E+000
 0.6363636   0.1734333734E+001   0.1019961151E+001   0.1053255461E+001   0.9883458708E+000
 0.6464646   0.1728528782E+001   0.9844869242E+000   0.1057354875E+001   0.9968833700E+000
 0.6565657   0.1734170412E+001   0.9781926053E+000   0.1054664216E+001   0.1004923075E+001
 0.6666667   0.1738591149E+001   0.9866193868E+000   0.1054532720E+001   0.1012839223E+001
 0.6767677   0.1748181790E+001   0.9893574689E+000   0.1050358368E+001   0.9753789279E+000
 0.6868687   0.1750778703E+001   0.1011842866E+001   0.1054542033E+001   0.9993494888E+000
 0.6969697   0.1759322953E+001   0.9791515026E+000   0.1049620101E+001   0.9891486271E+000
 0.7070707   0.1761881379E+001   0.9925035621E+000   0.1050720663E+001   0.1001124266E+001
 0.7171717   0.1764526178E+001   0.1006769737E+001   0.1051524574E+001   0.1000744314E+001
 0.7272727   0.1775566394E+001   0.1007204049E+001   0.1053991887E+001   0.9980039435E+000
 0.7373737   0.1787192104E+001   0.9964059688E+000   0.1054537263E+001   0.1010973743E+001
 0.7474747   0.1782010826E+001   0.9992840825E+000   0.1053538737E+001   0.9918118641E+000
 0.7575758   0.1789413990E+001   0.9792879802E+000   0.1053759001E+001   0.9920782592E+000
 0.7676768   0.1797250292E+001   0.9976214725E+000   0.1050945990E+001   0.9969040817E+000
 0.7777778   0.1795861763E+001   0.9945656535E+000   0.1051179570E+001   0.9927124653E+000
 0.7878788   0.1814324033E+001   0.1005178209E+001   0.1056433295E+001   0.1015482463E+001
 0.7979798   0.1812497959E+001   0.9831527134E+000   0.1051552572E+001   0.9862361358E+000
 0.8080808   0.1822829647E+001   0.9958536609E+000   0.1055304358E+001   0.1004048899E+001
 0.8181818   0.1827258555E+001   0.9904940715E+000   0.1051523132E+001   0.9927460325E+000
 0.8282828   0.1831477481E+001   0.9899311013E+000   0.1051341830E+001   0.9900306592E+000
 0.8383838   0.1841703052E+001   0.9919086050E+000   0.1051940841E+001   0.1003319704E+001
 0.8484848   0.1844256074E+001   0.9878619017E+000   0.1050076293E+001   0.9929924301E+000
 0.8585859   0.1857072809E+001   0.9977643475E+000   0.1055954845E+001   0.1007878418E+001
 0.8686869   0.1861260072E+001   0.9904862525E+000   0.1049021679E+001   0.9833236444E+000
 0.8787879   0.1865187417E+001   0.9823949783E+000   0.1058887761E+001   0.9993344907E+000
 0.8888889   0.1873818036E+001   0.9961927225E+000   0.1054574147E+001   0.9913197830E+000
 0.8989899   0.1888767239E+001   0.9927779390E+000   0.1053697680E+001   0.9906984325E+000
 0.9090909   0.1900907341E+001   0.9875199969E+000   0.1056605538E+001   0.9941451425E+000
 0.9191919   0.1895042464E+001   0.9837434055E+000   0.1049587313E+001   0.9887736742E+000
 0.9292929   0.1915482087E+001   0.1007837390E+001   0.1057958807E+001   0.9937566198E+000
 0.9393939   0.1910287616E+001   0.9985341665E+000   0.1048345802E+001   0.9933381010E+000
 0.9494949   0.1918388493E+001   0.9880509801E+000   0.1054626536E+001   0.9971811897E+000
 0.9595960   0.1924871112E+001   0.1000758325E+001   0.1053844103E+001   0.1004227448E+001
 0.9696970   0.1938417195E+001   0.1009911566E+001   0.1053439014E+001   0.1005375875E+001
 0.9797980   0.1933984325E+001   0.9796490773E+000   0.1046706732E+001   0.9852733996E+000
 0.9898990   0.1951784173E+001   0.9796298851E+000   0.1056914418E+001   0.9925196323E+000
 1.0000000   0.1960277642E+001   0.1002129499E+001   0.1054895193E+001   0.1003586100E+001


 0.0000000   0.2840732679E-001   0.9751617354E+000   0.8874321774E+000   0.9837565955E+000
 0.0101010   0.2830274951E-001   0.9850965540E+000   0.8876123954E+000   0.9997473349E+000
 0.0202020   0.2763901974E-001   0.1011884017E+001   0.8845038482E+000   0.1011855922E+001
 0.0303030   0.2647947247E-001   0.9852320514E+000   0.8877307743E+000   0.9909512088E+000
 0.0404040   0.2447440835E-001   0.9990639740E+000   0.8850875565E+000   0.1008414640E+001
 0.0505051   0.2273198514E-001   0.1009836017E+001   0.8898837007E+000   0.1021567556E+001
 0.0606061   0.2063773183E-001   0.1032347854E+001   0.8910971175E+000   0.1028410099E+001
 0.0707071   0.1827389961E-001   0.9714113166E+000   0.8863649693E+000   0.1000213218E+001
 0.0808081   0.1634931336E-001   0.9551367114E+000   0.8855523677E+000   0.9886386769E+000
 0.0909091   0.1476312376E-001   0.1022830094E+001   0.8909241035E+000   0.1021151075E+001
 0.1010101   0.1351806345E-001   0.1013980497E+001   0.8979344047E+000   0.1015664909E+001
 0.1111111   0.1246994246E-001   0.9948125877E+000   0.8914375140E+000   0.9930548750E+000
 0.1212121   0.1202026219E-001   0.1005305556E+001   0.9012858264E+000   0.1018752871E+001
 0.1313131   0.1175457319E-001   0.9902995298E+000   0.8996102456E+000   0.1002296873E+001
 0.1414141   0.1184610181E-001   0.1010431460E+001   0.9058752984E+000   0.1006038948E+001
 0.1515152   0.1204854955E-001   0.9990503000E+000   0.9041973137E+000   0.1007063266E+001
 0.1616162   0.1248762278E-001   0.9747788620E+000   0.9097141371E+000   0.1007030122E+001
 0.1717172   0.1325228502E-001   0.9972030602E+000   0.9124797364E+000   0.1001475793E+001
 0.1818182   0.1430301941E-001   0.1006273927E+001   0.9156998143E+000   0.9909199415E+000
 0.1919192   0.1557935480E-001   0.1002004516E+001   0.9190434501E+000   0.1013276710E+001
 0.2020202   0.1695653597E-001   0.1018797492E+001   0.9228073127E+000   0.1013430545E+001
 0.2121212   0.1896465497E-001   0.1024147153E+001   0.9267586885E+000   0.1018974243E+001
 0.2222222   0.2103193871E-001   0.1008430698E+001   0.9298714383E+000   0.9996322711E+000
 0.2323232   0.2359821236E-001   0.1029586939E+001   0.9365619927E+000   0.1022321099E+001
 0.2424242   0.2643372227E-001   0.1011744790E+001   0.9365367371E+000   0.1004416173E+001
 0.2525253   0.3018445720E-001   0.1007141608E+001   0.9402325723E+000   0.9903921489E+000
 0.2626263   0.3453791540E-001   0.9819440640E+000   0.9422522055E+000   0.1013882046E+001
 0.2727273   0.3964377603E-001   0.1031991085E+001   0.9453559850E+000   0.1010987316E+001
 0.2828283   0.4559866737E-001   0.1023655509E+001   0.9556603506E+000   0.1007083902E+001
 0.2929293   0.5243460054E-001   0.1015690997E+001   0.9539794003E+000   0.9945300677E+000
 0.3030303   0.6109636081E-001   0.1032965051E+001   0.9548482922E+000   0.9778401907E+000
 0.3131313   0.7107255006E-001   0.1013498176E+001   0.9615162068E+000   0.1005908250E+001
 0.3232323   0.8275396083E-001   0.1013899696E+001   0.9693392970E+000   0.1005000872E+001
 0.3333333   0.9689656021E-001   0.1022818284E+001   0.9682770521E+000   0.1017243909E+001
 0.3434343   0.1128856334E+000   0.9728812769E+000   0.9767589882E+000   0.1014541786E+001
 0.3535354   0.1340916432E+000   0.1011723036E+001   0.9789404986E+000   0.1015240298E+001
 0.3636364   0.1576921962E+000   0.1025897432E+001   0.9857043843E+000   0.9966306072E+000
 0.3737374   0.1861320606E+000   0.1004583939E+001   0.9884534214E+000   0.1004314242E+001
 0.3838384   0.2198814226E+000   0.9989297197E+000   0.9930845472E+000   0.9853931277E+000
 0.3939394   0.2595449058E+000   0.1008210670E+001   0.9987101326E+000   0.9780171638E+000
 0.4040404   0.3077306928E+000   0.1001126269E+001   0.1003098975E+001   0.1005778803E+001
 0.4141414   0.3658591115E+000   0.9943644518E+000   0.1007288922E+001   0.9923088364E+000
 0.4242424   0.4384155432E+000   0.1004534837E+001   0.1012292051E+001   0.9864243243E+000
 0.4343434   0.5256232448E+000   0.1013437886E+001   0.1019041096E+001   0.9987692928E+000
 0.4444444   0.6240117791E+000   0.1022698947E+001   0.1020711612E+001   0.1001041803E+001
 0.4545455   0.7503827957E+000   0.1006821511E+001   0.1023283574E+001   0.1001060563E+001
 0.4646465   0.8968317902E+000   0.1011818755E+001   0.1033196443E+001   0.1005227248E+001
 0.4747475   0.1073644881E+001   0.9951681130E+000   0.1038970078E+001   0.1001996082E+001
 0.4848485   0.1292293235E+001   0.9810123640E+000   0.1043201813E+001   0.9949434219E+000
 0.4949495   0.1552437926E+001   0.9945826151E+000   0.1046444137E+001   0.1005036517E+001
 0.5050505   0.1710774626E+001   0.1010242510E+001   0.1051605584E+001   0.9917153824E+000
 0.5151515   0.1712145822E+001   0.1004559699E+001   0.1049401260E+001   0.9990281863E+000
 0.5252525   0.1708357400E+001   0.1006107974E+001   0.1053315409E+001   0.9919949124E+000
 0.5353535   0.1712974358E+001   0.1013282499E+001   0.1049368171E+001   0.1003586338E+001
 0.5454545   0.1709361847E+001   0.9950257786E+000   0.1051762197E+001   0.1010417000E+001
 0.5555556   0.1706373136E+001   0.9792154696E+000   0.1050193243E+001   0.9925589751E+000
 0.5656566   0.1713358245E+001   0.9927167288E+000   0.1047327048E+001   0.9964223667E+000
 0.5757576   0.1714388726E+001   0.9874895126E+000   0.1048062558E+001   0.9870990734E+000
 0.5858586   0.1716771157E+001   0.9950357233E+000   0.1052265258E+001   0.9883616483E+000
 0.5959596   0.1720586156E+001   0.1006561704E+001   0.1050889689E+001   0.1008964319E+001
 0.6060606   0.1720738238E+001   0.1007011705E+001   0.1053229954E+001   0.9911413142E+000
 0.6161616   0.1727966906E+001   0.1015297557E+001   0.1054529079E+001   0.9975880129E+000
 0.6262626   0.1732055812E+001   0.9960078239E+000   0.1054244233E+001   0.9763631219E+000
 0.6363636   0.1734766136E+001   0.1020507991E+001   0.1053968973E+001   0.9890439015E+000
 0.6464646   0.1727243211E+001   0.9840368151E+000   0.1055454553E+001   0.9951203950E+000
 0.6565657   0.1732694718E+001   0.9776404677E+000   0.1053171909E+001   0.1003530057E+001
 0.6666667   0.1737562722E+001   0.9863185167E+000   0.1053643315E+001   0.1012014135E+001
 0.6767677   0.1749195456E+001   0.9902149993E+000   0.1051184565E+001   0.9761742672E+000
 0.6868687   0.1751580116E+001   0.1012596311E+001   0.1055966790E+001   0.1000728504E+001
 0.6969697   0.1760760056E+001   0.9802323216E+000   0.1049606144E+001   0.9891639680E+000
 0.7070707   0.1761611214E+001   0.9926359276E+000   0.1051358604E+001   0.1001760951E+001
 0.7171717   0.1766237979E+001   0.1008035394E+001   0.1053423882E+001   0.1002580781E+001
 0.7272727   0.1772281173E+001   0.1005628761E+001   0.1053923803E+001   0.9979682237E+000
 0.7373737   0.1784652958E+001   0.9952756407E+000   0.1054770212E+001   0.1011226198E+001
 0.7474747   0.1782905994E+001   0.1000072746E+001   0.1054314595E+001   0.9925708567E+000
 0.7575758   0.1789138710E+001   0.9794180941E+000   0.1054443811E+001   0.9927515818E+000
 0.7676768   0.1795350160E+001   0.9968525073E+000   0.1050730924E+001   0.9967287866E+000
 0.7777778   0.1794527099E+001   0.9941114819E+000   0.1051194682E+001   0.9927553339E+000
 0.7878788   0.1813549207E+001   0.1005037047E+001   0.1056343502E+001   0.1015425401E+001
 0.7979798   0.1813183956E+001   0.9838068425E+000   0.1052603028E+001   0.9872497819E+000
 0.8080808   0.1821863565E+001   0.9956112765E+000   0.1054812775E+001   0.1003610101E+001
 0.8181818   0.1823553767E+001   0.9887692794E+000   0.1051685503E+001   0.9929279296E+000
 0.8282828   0.1833081241E+001   0.9910820584E+000   0.1052475674E+001   0.9911269312E+000
 0.8383838   0.1840049281E+001   0.9913020863E+000   0.1053030606E+001   0.1004388033E+001
 0.8484848   0.1842151894E+001   0.9870177579E+000   0.1050906932E+001   0.9938065417E+000
 0.8585859   0.1857415875E+001   0.9982348294E+000   0.1055745229E+001   0.1007707373E+001
 0.8686869   0.1862289496E+001   0.9913182465E+000   0.1051630766E+001   0.9857977270E+000
 0.8787879   0.1868736436E+001   0.9845464842E+000   0.1059684298E+001   0.1000115039E+001
 0.8888889   0.1875903063E+001   0.9975871767E+000   0.1056998871E+001   0.9936276925E+000
 0.8989899   0.1887674339E+001   0.9924879993E+000   0.1054881933E+001   0.9918404518E+000
 0.9090909   0.1900875484E+001   0.9877866124E+000   0.1057447437E+001   0.9949659344E+000
 0.9191919   0.1896066142E+001   0.9845570505E+000   0.1050390880E+001   0.9895591871E+000
 0.9292929   0.1915198187E+001   0.1007976968E+001   0.1059187111E+001   0.9949390445E+000
 0.9393939   0.1909871238E+001   0.9986027856E+000   0.1049713452E+001   0.9946626412E+000
 0.9494949   0.1919189366E+001   0.9887469036E+000   0.1055313430E+001   0.9978594134E+000
 0.9595960   0.1922517007E+001   0.9998210191E+000   0.1052586470E+001   0.1003057920E+001
 0.9696970   0.1936152984E+001   0.1009021168E+001   0.1052935158E+001   0.1004923955E+001
 0.9797980   0.1934258388E+001   0.9800688546E+000   0.1049001338E+001   0.9874617744E+000
 0.9898990   0.1951091271E+001   0.9795629147E+000   0.1057173581E+001   0.9927916040E+000
 1.0000000   0.1952966101E+001   0.9986779929E+000   0.1055456626E+001   0.1004149150E+001


 0.0000000   0.2832321650E-001   0.9731923171E+000   0.8869378570E+000   0.9831996398E+000
 0.0101010   0.2822039303E-001   0.9831573845E+000   0.8874668417E+000   0.9995742631E+000
 0.0202020   0.2761547725E-001   0.1011976596E+001   0.8853913875E+000   0.1012861999E+001
 0.0303030   0.2644604302E-001   0.9849171930E+000   0.8878909065E+000   0.9911209076E+000
 0.0404040   0.2449396609E-001   0.1000806286E+001   0.8855167449E+000   0.1008894416E+001
 0.0505051   0.2267733218E-001   0.1008359212E+001   0.8889156119E+000   0.1020446890E+001
 0.0606061   0.2061798390E-001   0.1032333702E+001   0.8900162616E+000   0.1027153308E+001
 0.0707071   0.1829881440E-001   0.9736540873E+000   0.8878717993E+000   0.1001904440E+001
 0.0808081   0.1634968931E-001   0.9560604214E+000   0.8867335461E+000   0.9899483131E+000
 0.0909091   0.1475295533E-001   0.1023090565E+001   0.8897405928E+000   0.1019785255E+001
 0.1010101   0.1349160810E-001   0.1012951505E+001   0.8970847278E+000   0.1014694561E+001
 0.1111111   0.1246967143E-001   0.9957301280E+000   0.8920828217E+000   0.9937646662E+000
 0.1212121   0.1197898488E-001   0.1002799189E+001   0.9018212783E+000   0.1019348799E+001
 0.1313131   0.1173735997E-001   0.9897829033E+000   0.9002333663E+000   0.1002981960E+001
 0.1414141   0.1179870112E-001   0.1007338457E+001   0.9059470418E+000   0.1006109434E+001
 0.1515152   0.1201827210E-001   0.9974805464E+000   0.9050324919E+000   0.1007984251E+001
 0.1616162   0.1248474272E-001   0.9754741027E+000   0.9109962411E+000   0.1008440167E+001
 0.1717172   0.1321375403E-001   0.9952423970E+000   0.9139941446E+000   0.1003128742E+001
 0.1818182   0.1429420575E-001   0.1006603270E+001   0.9173453613E+000   0.9926915949E+000
 0.1919192   0.1554576463E-001   0.1000788058E+001   0.9183423601E+000   0.1012494486E+001
 0.2020202   0.1693294970E-001   0.1018340850E+001   0.9225693987E+000   0.1013160013E+001
 0.2121212   0.1890156181E-001   0.1021703598E+001   0.9259422151E+000   0.1018067229E+001
 0.2222222   0.2095475820E-001   0.1005678625E+001   0.9296796038E+000   0.9994169164E+000
 0.2323232   0.2346069004E-001   0.1024553206E+001   0.9363806038E+000   0.1022113765E+001
 0.2424242   0.2633310672E-001   0.1008845286E+001   0.9374776579E+000   0.1005416108E+001
 0.2525253   0.3002067376E-001   0.1002622435E+001   0.9407598845E+000   0.9909385411E+000
 0.2626263   0.3439941348E-001   0.9789296463E+000   0.9426552601E+000   0.1014306476E+001
 0.2727273   0.3956723644E-001   0.1030971038E+001   0.9458734832E+000   0.1011531502E+001
 0.2828283   0.4540173511E-001   0.1020196768E+001   0.9549812582E+000   0.1006359076E+001
 0.2929293   0.5230325117E-001   0.1014103169E+001   0.9529573820E+000   0.9934555327E+000
 0.3030303   0.6083950539E-001   0.1029593461E+001   0.9550542998E+000   0.9780422255E+000
 0.3131313   0.7068684832E-001   0.1008949681E+001   0.9610944210E+000   0.1005457807E+001
 0.3232323   0.8258007863E-001   0.1012724487E+001   0.9698253425E+000   0.1005495615E+001
 0.3333333   0.9686350778E-001   0.1023434683E+001   0.9695342611E+000   0.1018555393E+001
 0.3434343   0.1129004424E+000   0.9739275039E+000   0.9774647433E+000   0.1015265568E+001
 0.3535354   0.1337320786E+000   0.1009962703E+001   0.9789904260E+000   0.1015282804E+001
 0.3636364   0.1572270184E+000   0.1023836799E+001   0.9859891034E+000   0.9969093767E+000
 0.3737374   0.1853767542E+000   0.1001451991E+001   0.9880792808E+000   0.1003924928E+001
 0.3838384   0.2193412555E+000   0.9974164730E+000   0.9923847009E+000   0.9846897077E+000
 0.3939394   0.2593398715E+000   0.1008365288E+001   0.9994869150E+000   0.9787689117E+000
 0.4040404   0.3075104479E+000   0.1001354224E+001   0.1002551213E+001   0.1005220397E+001
 0.4141414   0.3655114894E+000   0.9943575215E+000   0.1007342947E+001   0.9923529936E+000
 0.4242424   0.4384949736E+000   0.1005665368E+001   0.1009669298E+001   0.9838596064E+000
 0.4343434   0.5246848401E+000   0.1012583636E+001   0.1018797281E+001   0.9985212077E+000
 0.4444444   0.6226407040E+000   0.1021415267E+001   0.1021364690E+001   0.1001673146E+001
 0.4545455   0.7493842206E+000   0.1006430935E+001   0.1023895238E+001   0.1001649794E+001
 0.4646465   0.8950070549E+000   0.1010713356E+001   0.1032742806E+001   0.1004776713E+001
 0.4747475   0.1074085178E+001   0.9965161316E+000   0.1039214889E+001   0.1002223026E+001
 0.4848485   0.1292245740E+001   0.9819024301E+000   0.1043680584E+001   0.9953909530E+000
 0.4949495   0.1553872566E+001   0.9964415634E+000   0.1045718901E+001   0.1004330805E+001
 0.5050505   0.1708242836E+001   0.1009699782E+001   0.1052867329E+001   0.9928962012E+000
 0.5151515   0.1708074014E+001   0.1003116794E+001   0.1049323333E+001   0.9989448762E+000
 0.5252525   0.1708689166E+001   0.1007253394E+001   0.1053249484E+001   0.9919237651E+000
 0.5353535   0.1712272706E+001   0.1013823677E+001   0.1049896321E+001   0.1004082275E+001
 0.5454545   0.1707476732E+001   0.9948667944E+000   0.1052249573E+001   0.1010875984E+001
 0.5555556   0.1706368209E+001   0.9801370980E+000   0.1049258947E+001   0.9916668952E+000
 0.5656566   0.1715667689E+001   0.9949932841E+000   0.1048711091E+001   0.9977300261E+000
 0.5757576   0.1714365932E+001   0.9884086398E+000   0.1047684616E+001   0.9867341031E+000
 0.5858586   0.1721252193E+001   0.9985747650E+000   0.1052621004E+001   0.9886867593E+000
 0.5959596   0.1719322948E+001   0.1006772291E+001   0.1051751307E+001   0.1009782340E+001
 0.6060606   0.1721114844E+001   0.1008183010E+001   0.1051249833E+001   0.9892688866E+000
 0.6161616   0.1726309541E+001   0.1015281346E+001   0.1053128979E+001   0.9962544140E+000
 0.6262626   0.1731887769E+001   0.9968514121E+000   0.1053783785E+001   0.9759277747E+000
 0.6363636   0.1735210139E+001   0.1021732872E+001   0.1053474770E+001   0.9885711123E+000
 0.6464646   0.1727074629E+001   0.9848696903E+000   0.1055418561E+001   0.9950773716E+000
 0.6565657   0.1732861952E+001   0.9786578868E+000   0.1052767360E+001   0.1003135414E+001
 0.6666667   0.1738364947E+001   0.9877054897E+000   0.1053251172E+001   0.1011628245E+001
 0.6767677   0.1750037944E+001   0.9916272223E+000   0.1050407242E+001   0.9754435026E+000
 0.6868687   0.1750530422E+001   0.1012944877E+001   0.1055573971E+001   0.1000347097E+001
 0.6969697   0.1761647424E+001   0.9816522125E+000   0.1048764223E+001   0.9883615020E+000
 0.7070707   0.1760616425E+001   0.9930119806E+000   0.1050124169E+001   0.1000575611E+001
 0.7171717   0.1763169344E+001   0.1007234061E+001   0.1052811072E+001   0.1001988396E+001
 0.7272727   0.1775243967E+001   0.1008260892E+001   0.1054065886E+001   0.9980936471E+000
 0.7373737   0.1782628127E+001   0.9950849753E+000   0.1055160934E+001   0.1011591550E+001
 0.7474747   0.1786662838E+001   0.1003126184E+001   0.1054600712E+001   0.9928311497E+000
 0.7575758   0.1791265405E+001   0.9815080474E+000   0.1053096418E+001   0.9914739647E+000
 0.7676768   0.1797502091E+001   0.9989895849E+000   0.1052075598E+001   0.9979952359E+000
 0.7777778   0.1795858269E+001   0.9957881254E+000   0.1052614504E+001   0.9940871436E+000
 0.7878788   0.1812754319E+001   0.1005544954E+001   0.1055814961E+001   0.1014908063E+001
 0.7979798   0.1812578503E+001   0.9844068154E+000   0.1052400128E+001   0.9870504646E+000
 0.8080808   0.1821364205E+001   0.9962780658E+000   0.1055004871E+001   0.1003783705E+001
 0.8181818   0.1825660572E+001   0.9908461899E+000   0.1052792196E+001   0.9939637126E+000
 0.8282828   0.1833610999E+001   0.9923044116E+000   0.1052354313E+001   0.9910035926E+000
 0.8383838   0.1840934611E+001   0.9927153650E+000   0.1053086900E+001   0.1004432552E+001
 0.8484848   0.1842121088E+001   0.9879330606E+000   0.1050142607E+001   0.9930746758E+000
 0.8585859   0.1856276392E+001   0.9985642702E+000   0.1055035470E+001   0.1007020711E+001
 0.8686869   0.1863874607E+001   0.9930987006E+000   0.1052516511E+001   0.9866190121E+000
 0.8787879   0.1869990584E+001   0.9861373490E+000   0.1057562181E+001   0.9981030990E+000
 0.8888889   0.1877967962E+001   0.9996281093E+000   0.1057203328E+001   0.9938108138E+000
 0.8989899   0.1889711852E+001   0.9944972678E+000   0.1056655444E+001   0.9934989003E+000
 0.9090909   0.1900041672E+001   0.9882854642E+000   0.1056204016E+001   0.9937869060E+000
 0.9191919   0.1895101418E+001   0.9849851329E+000   0.1051491051E+001   0.9905865959E+000
 0.9292929   0.1917019664E+001   0.1009888135E+001   0.1057230356E+001   0.9930919116E+000
 0.9393939   0.1911891792E+001   0.1000603019E+001   0.1049781673E+001   0.9947181985E+000
 0.9494949   0.1920289039E+001   0.9902474353E+000   0.1056852661E+001   0.9993057173E+000
 0.9595960   0.1926119317E+001   0.1002640110E+001   0.1053249774E+001   0.1003680846E+001
 0.9696970   0.1934148484E+001   0.1008928139E+001   0.1051853734E+001   0.1003882672E+001
 0.9797980   0.1930018990E+001   0.9788440310E+000   0.1048777747E+001   0.9872422830E+000
 0.9898990   0.1950577157E+001   0.9802293416E+000   0.1058111065E+001   0.9936629190E+000
 1.0000000   0.1950799383E+001   0.9985117964E+000   0.1054377347E+001   0.1003113174E+001


 0.0000000   0.2843933516E-001   0.9765105199E+000   0.8843567194E+000   0.9803845488E+000
 0.0101010   0.2835620360E-001   0.9872098064E+000   0.8864131687E+000   0.9984345219E+000
 0.0202020   0.2769539630E-001   0.1014207661E+001   0.8839592265E+000   0.1011271289E+001
 0.0303030   0.2653064575E-001   0.9873888677E+000   0.8861123032E+000   0.9891821153E+000
 0.0404040   0.2460847011E-001   0.1004793725E+001   0.8844944828E+000   0.1007777198E+001
 0.0505051   0.2274056355E-001   0.1010475804E+001   0.8864822339E+000   0.1017701392E+001
 0.0606061   0.2071035960E-001   0.1036246166E+001   0.8889376585E+000   0.1025956841E+001
 0.0707071   0.1838111493E-001   0.9773609364E+000   0.8866024581E+000   0.1000519206E+001
 0.0808081   0.1640372694E-001   0.9585609968E+000   0.8864468416E+000   0.9896748588E+000
 0.0909091   0.1482503320E-001   0.1027382382E+001   0.8891485462E+000   0.1019154686E+001
 0.1010101   0.1354679434E-001   0.1016395800E+001   0.8954807928E+000   0.1012928064E+001
 0.1111111   0.1250147918E-001   0.9975838895E+000   0.8921184812E+000   0.9938512092E+000
 0.1212121   0.1201038675E-001   0.1004736865E+001   0.9005292048E+000   0.1017936293E+001
 0.1313131   0.1174976690E-001   0.9901481074E+000   0.8991121733E+000   0.1001779991E+001
 0.1414141   0.1183388422E-001   0.1009647833E+001   0.9040107073E+000   0.1004006314E+001
 0.1515152   0.1206155756E-001   0.1000385027E+001   0.9050094867E+000   0.1008006115E+001
 0.1616162   0.1251340071E-001   0.9770412197E+000   0.9113991922E+000   0.1008933749E+001
 0.1717172   0.1322526451E-001   0.9954246797E+000   0.9134697137E+000   0.1002600399E+001
 0.1818182   0.1427928750E-001   0.1004861559E+001   0.9162321124E+000   0.9915336190E+000
 0.1919192   0.1554439315E-001   0.1000011941E+001   0.9185362848E+000   0.1012756003E+001
 0.2020202   0.1694644201E-001   0.1018451763E+001   0.9215540976E+000   0.1012092694E+001
 0.2121212   0.1885341110E-001   0.1018400388E+001   0.9256184931E+000   0.1017759244E+001
 0.2222222   0.2094960763E-001   0.1004740356E+001   0.9282520691E+000   0.9979293102E+000
 0.2323232   0.2347889785E-001   0.1024643592E+001   0.9349684974E+000   0.1020620448E+001
 0.2424242   0.2641047156E-001   0.1011113741E+001   0.9376395958E+000   0.1005637155E+001
 0.2525253   0.2997084632E-001   0.1000270308E+001   0.9401806566E+000   0.9903750733E+000
 0.2626263   0.3438392504E-001   0.9778163207E+000   0.9432463462E+000   0.1014990305E+001
 0.2727273   0.3946659002E-001   0.1027641747E+001   0.9445741339E+000   0.1010189547E+001
 0.2828283   0.4543939232E-001   0.1020341134E+001   0.9549279776E+000   0.1006350337E+001
 0.2929293   0.5237023312E-001   0.1014703945E+001   0.9520735971E+000   0.9925809484E+000
 0.3030303   0.6084194887E-001   0.1028927098E+001   0.9553831130E+000   0.9784250455E+000
 0.3131313   0.7074902605E-001   0.1009143069E+001   0.9612954137E+000   0.1005715456E+001
 0.3232323   0.8265534063E-001   0.1012950740E+001   0.9684091541E+000   0.1004074640E+001
 0.3333333   0.9682520093E-001   0.1022326769E+001   0.9698596355E+000   0.1018945220E+001
 0.3434343   0.1128959188E+000   0.9732190840E+000   0.9763413032E+000   0.1014146457E+001
 0.3535354   0.1340451804E+000   0.1011631473E+001   0.9794562070E+000   0.1015813706E+001
 0.3636364   0.1575074320E+000   0.1024957823E+001   0.9846720975E+000   0.9956246869E+000
 0.3737374   0.1854011364E+000   0.1000895277E+001   0.9880141740E+000   0.1003906070E+001
 0.3838384   0.2196511286E+000   0.9981390294E+000   0.9925252839E+000   0.9848755968E+000
 0.3939394   0.2596552670E+000   0.1008897670E+001   0.9991416653E+000   0.9784769132E+000
 0.4040404   0.3079907856E+000   0.1002229009E+001   0.1003367756E+001   0.1006086510E+001
 0.4141414   0.3655428312E+000   0.9937592600E+000   0.1006889020E+001   0.9919525508E+000
 0.4242424   0.4391196363E+000   0.1006405776E+001   0.1009293761E+001   0.9835400025E+000
 0.4343434   0.5243389026E+000   0.1011220479E+001   0.1018233426E+001   0.9980155902E+000
 0.4444444   0.6229297602E+000   0.1021187061E+001   0.1021358900E+001   0.1001714658E+001
 0.4545455   0.7505416964E+000   0.1007292603E+001   0.1023023228E+001   0.1000843878E+001
 0.4646465   0.8965387663E+000   0.1011747189E+001   0.1033118715E+001   0.1005189796E+001
 0.4747475   0.1074561287E+001   0.9962726022E+000   0.1040070191E+001   0.1003095137E+001
 0.4848485   0.1293788659E+001   0.9823990928E+000   0.1043905761E+001   0.9956526157E+000
 0.4949495   0.1554897176E+001   0.9964132576E+000   0.1047031836E+001   0.1005639150E+001
 0.5050505   0.1710862485E+001   0.1010553115E+001   0.1051727758E+001   0.9918682657E+000
 0.5151515   0.1705053883E+001   0.1000654866E+001   0.1051633182E+001   0.1001190993E+001
 0.5252525   0.1709626180E+001   0.1007113043E+001   0.1054139646E+001   0.9928088672E+000
 0.5353535   0.1710778069E+001   0.1012242476E+001   0.1051587333E+001   0.1005746876E+001
 0.5454545   0.1707723861E+001   0.9943268693E+000   0.1052999248E+001   0.1011643839E+001
 0.5555556   0.1707900817E+001   0.9803431299E+000   0.1049423100E+001   0.9918687644E+000
 0.5656566   0.1714927598E+001   0.9938804630E+000   0.1049776416E+001   0.9987906139E+000
 0.5757576   0.1713234052E+001   0.9870771314E+000   0.1049945252E+001   0.9889098097E+000
 0.5858586   0.1719169731E+001   0.9966811014E+000   0.1052634196E+001   0.9887457281E+000
 0.5959596   0.1719295301E+001   0.1006064113E+001   0.1052641668E+001   0.1010684784E+001
 0.6060606   0.1722022435E+001   0.1008021318E+001   0.1051688932E+001   0.9897287215E+000
 0.6161616   0.1725340774E+001   0.1014014135E+001   0.1053348930E+001   0.9965094308E+000
 0.6262626   0.1730440721E+001   0.9953339021E+000   0.1054133313E+001   0.9762974707E+000
 0.6363636   0.1733919758E+001   0.1020271305E+001   0.1053878531E+001   0.9889965884E+000
 0.6464646   0.1726830349E+001   0.9840535393E+000   0.1055951964E+001   0.9956271806E+000
 0.6565657   0.1731644464E+001   0.9772980904E+000   0.1054091762E+001   0.1004444696E+001
 0.6666667   0.1738670931E+001   0.9872003296E+000   0.1054778056E+001   0.1013142517E+001
 0.6767677   0.1751532794E+001   0.9917920797E+000   0.1051161313E+001   0.9761897454E+000
 0.6868687   0.1747800979E+001   0.1010670327E+001   0.1056425739E+001   0.1001201466E+001
 0.6969697   0.1762291613E+001   0.9813361969E+000   0.1049955439E+001   0.9895307263E+000
 0.7070707   0.1759795770E+001   0.9918668963E+000   0.1049883083E+001   0.1000393028E+001
 0.7171717   0.1763637129E+001   0.1006808788E+001   0.1053221090E+001   0.1002425844E+001
 0.7272727   0.1776266118E+001   0.1008148007E+001   0.1054989777E+001   0.9990155403E+000
 0.7373737   0.1780659547E+001   0.9933028781E+000   0.1054484844E+001   0.1010991003E+001
 0.7474747   0.1789238769E+001   0.1003881959E+001   0.1054709062E+001   0.9929799310E+000
 0.7575758   0.1790574970E+001   0.9804553550E+000   0.1053639868E+001   0.9920323473E+000
 0.7676768   0.1794767789E+001   0.9967843484E+000   0.1052306151E+001   0.9982609645E+000
 0.7777778   0.1794757919E+001   0.9944939600E+000   0.1052466658E+001   0.9939943442E+000
 0.7878788   0.1811745254E+001   0.1004294448E+001   0.1056144939E+001   0.1015273084E+001
 0.7979798   0.1812291111E+001   0.9835742137E+000   0.1052717531E+001   0.9873946732E+000
 0.8080808   0.1821491929E+001   0.9956630955E+000   0.1055440722E+001   0.1004245704E+001
 0.8181818   0.1827027952E+001   0.9909067487E+000   0.1054361291E+001   0.9954920252E+000
 0.8282828   0.1832552466E+001   0.9910498980E+000   0.1052739922E+001   0.9914134255E+000
 0.8383838   0.1839659076E+001   0.9913456734E+000   0.1052288213E+001   0.1003718049E+001
 0.8484848   0.1841910176E+001   0.9871409750E+000   0.1050513459E+001   0.9934721758E+000
 0.8585859   0.1854742223E+001   0.9970531898E+000   0.1054347207E+001   0.1006411182E+001
 0.8686869   0.1865667483E+001   0.9933707120E+000   0.1053990764E+001   0.9880475085E+000
 0.8787879   0.1869734208E+001   0.9853244256E+000   0.1058428385E+001   0.9989676624E+000
 0.8888889   0.1877833958E+001   0.9988697392E+000   0.1056932828E+001   0.9936033413E+000
 0.8989899   0.1888190447E+001   0.9930135869E+000   0.1056457903E+001   0.9933599619E+000
 0.9090909   0.1899305980E+001   0.9872237721E+000   0.1056890432E+001   0.9944796068E+000
 0.9191919   0.1894963724E+001   0.9842365908E+000   0.1053124838E+001   0.9921724899E+000
 0.9292929   0.1917905442E+001   0.1009660302E+001   0.1059076160E+001   0.9948726047E+000
 0.9393939   0.1910690940E+001   0.9992872163E+000   0.1049826744E+001   0.9948077700E+000
 0.9494949   0.1921924276E+001   0.9904094671E+000   0.1057845151E+001   0.1000291287E+001
 0.9595960   0.1925485986E+001   0.1001621497E+001   0.1051734086E+001   0.1002283707E+001
 0.9696970   0.1934252085E+001   0.1008288663E+001   0.1051332811E+001   0.1003432777E+001
 0.9797980   0.1932847830E+001   0.9796049385E+000   0.1051108449E+001   0.9894828484E+000
 0.9898990   0.1950701256E+001   0.9796179067E+000   0.1058535734E+001   0.9941085530E+000
 1.0000000   0.1953607431E+001   0.9992617787E+000   0.1055262223E+001   0.1004002324E+001


