# Evolution of the weightfunction during equilibration phase for fractional: N2
# Weightfunction after cycle        525
 0.0000000    0.4600000000E+001    0.3200000000E+001
 0.0101010    0.4800000000E+001    0.3000000000E+001
 0.0202020    0.3400000000E+001    0.1500000000E+001
 0.0303030    0.3700000000E+001    0.1900000000E+001
 0.0404040    0.4600000000E+001    0.2800000000E+001
 0.0505051    0.4300000000E+001    0.2500000000E+001
 0.0606061    0.4400000000E+001    0.2700000000E+001
 0.0707071    0.4600000000E+001    0.2700000000E+001
 0.0808081    0.4800000000E+001    0.2300000000E+001
 0.0909091    0.5900000000E+001    0.3100000000E+001
 0.1010101    0.3700000000E+001    0.2000000000E+001
 0.1111111    0.4700000000E+001    0.2100000000E+001
 0.1212121    0.4700000000E+001    0.2600000000E+001
 0.1313131    0.4700000000E+001    0.2000000000E+001
 0.1414141    0.4600000000E+001    0.2200000000E+001
 0.1515152    0.5000000000E+001    0.2600000000E+001
 0.1616162    0.5200000000E+001    0.3000000000E+001
 0.1717172    0.4600000000E+001    0.2300000000E+001
 0.1818182    0.4400000000E+001    0.2600000000E+001
 0.1919192    0.4700000000E+001    0.2600000000E+001
 0.2020202    0.4800000000E+001    0.2400000000E+001
 0.2121212    0.4700000000E+001    0.2500000000E+001
 0.2222222    0.4400000000E+001    0.2800000000E+001
 0.2323232    0.4700000000E+001    0.2700000000E+001
 0.2424242    0.3200000000E+001    0.2500000000E+001
 0.2525253    0.3900000000E+001    0.3200000000E+001
 0.2626263    0.3700000000E+001    0.2100000000E+001
 0.2727273    0.4300000000E+001    0.1900000000E+001
 0.2828283    0.3700000000E+001    0.6000000000E+000
 0.2929293    0.4000000000E+001    0.2900000000E+001
 0.3030303    0.5200000000E+001    0.2300000000E+001
 0.3131313    0.4400000000E+001    0.2300000000E+001
 0.3232323    0.4200000000E+001    0.1900000000E+001
 0.3333333    0.4000000000E+001    0.1800000000E+001
 0.3434343    0.3500000000E+001    0.3100000000E+001
 0.3535354    0.3400000000E+001    0.1300000000E+001
 0.3636364    0.4000000000E+001    0.1800000000E+001
 0.3737374    0.3200000000E+001    0.2000000000E+001
 0.3838384    0.3700000000E+001    0.2900000000E+001
 0.3939394    0.3200000000E+001    0.2700000000E+001
 0.4040404    0.2200000000E+001    0.2900000000E+001
 0.4141414    0.1900000000E+001    0.1800000000E+001
 0.4242424    0.2000000000E+001    0.2400000000E+001
 0.4343434    0.3000000000E+001    0.2300000000E+001
 0.4444444    0.2200000000E+001    0.2000000000E+001
 0.4545455    0.1800000000E+001    0.2000000000E+001
 0.4646465    0.1700000000E+001    0.1400000000E+001
 0.4747475    0.1100000000E+001    0.2100000000E+001
 0.4848485    0.6000000000E+000    0.1700000000E+001
 0.4949495    0.1800000000E+001    0.1200000000E+001
 0.5050505    0.6000000000E+000    0.2200000000E+001
 0.5151515    0.7000000000E+000    0.1900000000E+001
 0.5252525    0.1000000000E+001    0.1700000000E+001
 0.5353535    0.1100000000E+001    0.8000000000E+000
 0.5454545    0.1000000000E+001    0.1100000000E+001
 0.5555556    0.7000000000E+000    0.2000000000E+001
 0.5656566    0.1900000000E+001    0.2400000000E+001
 0.5757576    0.1700000000E+001    0.1400000000E+001
 0.5858586    0.1300000000E+001    0.2900000000E+001
 0.5959596    0.7000000000E+000    0.1800000000E+001
 0.6060606    0.1900000000E+001    0.2600000000E+001
 0.6161616    0.1000000000E+001    0.1200000000E+001
 0.6262626    0.8000000000E+000    0.1900000000E+001
 0.6363636    0.6000000000E+000    0.1100000000E+001
 0.6464646    0.8000000000E+000    0.2600000000E+001
 0.6565657    0.1600000000E+001    0.9000000000E+000
 0.6666667    0.7000000000E+000    0.2100000000E+001
 0.6767677    0.6000000000E+000    0.3100000000E+001
 0.6868687    0.9000000000E+000    0.2200000000E+001
 0.6969697    0.1000000000E+000    0.1900000000E+001
 0.7070707    0.5000000000E+000    0.1700000000E+001
 0.7171717    0.1000000000E+001    0.1600000000E+001
 0.7272727    0.8000000000E+000    0.2400000000E+001
 0.7373737    0.1000000000E+001    0.2100000000E+001
 0.7474747    0.6000000000E+000    0.2300000000E+001
 0.7575758    0.9000000000E+000    0.1900000000E+001
 0.7676768    0.6000000000E+000    0.1800000000E+001
 0.7777778    0.8000000000E+000    0.1800000000E+001
 0.7878788    0.7000000000E+000    0.1700000000E+001
 0.7979798    0.8000000000E+000    0.1800000000E+001
 0.8080808    0.1100000000E+001    0.2400000000E+001
 0.8181818    0.1700000000E+001    0.2800000000E+001
 0.8282828    0.8000000000E+000    0.2100000000E+001
 0.8383838    0.9000000000E+000    0.2200000000E+001
 0.8484848    0.6000000000E+000    0.1900000000E+001
 0.8585859    0.5000000000E+000    0.1800000000E+001
 0.8686869    0.4000000000E+000    0.2000000000E+001
 0.8787879    0.9000000000E+000    0.2300000000E+001
 0.8888889    0.5000000000E+000    0.1300000000E+001
 0.8989899    0.1300000000E+001    0.2000000000E+001
 0.9090909    0.1800000000E+001    0.2700000000E+001
 0.9191919    0.9000000000E+000    0.2500000000E+001
 0.9292929    0.1100000000E+001    0.2400000000E+001
 0.9393939    0.0000000000E+000    0.1300000000E+001
 0.9494949    0.5000000000E+000    0.2400000000E+001
 0.9595960    0.1500000000E+001    0.2600000000E+001
 0.9696970    0.3000000000E+000    0.1900000000E+001
 0.9797980    0.1200000000E+001    0.3000000000E+001
 0.9898990    0.9000000000E+000    0.2800000000E+001
 1.0000000    0.1700000000E+001    0.3700000000E+001


# Weightfunction after cycle       1786
 0.0000000    0.4625000000E+001    0.2875000000E+001
 0.0101010    0.5175000000E+001    0.3275000000E+001
 0.0202020    0.4250000000E+001    0.2675000000E+001
 0.0303030    0.5050000000E+001    0.2925000000E+001
 0.0404040    0.5050000000E+001    0.2825000000E+001
 0.0505051    0.4650000000E+001    0.2700000000E+001
 0.0606061    0.4975000000E+001    0.2650000000E+001
 0.0707071    0.4375000000E+001    0.2575000000E+001
 0.0808081    0.5275000000E+001    0.2875000000E+001
 0.0909091    0.5475000000E+001    0.2900000000E+001
 0.1010101    0.5625000000E+001    0.2850000000E+001
 0.1111111    0.5475000000E+001    0.3125000000E+001
 0.1212121    0.5375000000E+001    0.2775000000E+001
 0.1313131    0.5675000000E+001    0.2425000000E+001
 0.1414141    0.5825000000E+001    0.2750000000E+001
 0.1515152    0.5600000000E+001    0.2625000000E+001
 0.1616162    0.5000000000E+001    0.2750000000E+001
 0.1717172    0.5750000000E+001    0.3175000000E+001
 0.1818182    0.5725000000E+001    0.2600000000E+001
 0.1919192    0.5375000000E+001    0.2850000000E+001
 0.2020202    0.5825000000E+001    0.2325000000E+001
 0.2121212    0.5400000000E+001    0.2525000000E+001
 0.2222222    0.5450000000E+001    0.2650000000E+001
 0.2323232    0.5325000000E+001    0.2475000000E+001
 0.2424242    0.5150000000E+001    0.2700000000E+001
 0.2525253    0.4725000000E+001    0.2500000000E+001
 0.2626263    0.4875000000E+001    0.2450000000E+001
 0.2727273    0.4525000000E+001    0.2950000000E+001
 0.2828283    0.4675000000E+001    0.2400000000E+001
 0.2929293    0.4850000000E+001    0.2800000000E+001
 0.3030303    0.3950000000E+001    0.2750000000E+001
 0.3131313    0.3825000000E+001    0.2425000000E+001
 0.3232323    0.3650000000E+001    0.2600000000E+001
 0.3333333    0.3775000000E+001    0.2350000000E+001
 0.3434343    0.3275000000E+001    0.2500000000E+001
 0.3535354    0.3650000000E+001    0.2650000000E+001
 0.3636364    0.3400000000E+001    0.2650000000E+001
 0.3737374    0.2725000000E+001    0.2800000000E+001
 0.3838384    0.2275000000E+001    0.2375000000E+001
 0.3939394    0.2900000000E+001    0.2525000000E+001
 0.4040404    0.2625000000E+001    0.2725000000E+001
 0.4141414    0.1950000000E+001    0.2750000000E+001
 0.4242424    0.2350000000E+001    0.2450000000E+001
 0.4343434    0.2125000000E+001    0.2425000000E+001
 0.4444444    0.1825000000E+001    0.2325000000E+001
 0.4545455    0.1125000000E+001    0.2350000000E+001
 0.4646465    0.1300000000E+001    0.2700000000E+001
 0.4747475    0.1400000000E+001    0.2675000000E+001
 0.4848485    0.1000000000E+001    0.2275000000E+001
 0.4949495    0.6000000000E+000    0.2700000000E+001
 0.5050505    0.8500000000E+000    0.2225000000E+001
 0.5151515    0.1100000000E+001    0.2125000000E+001
 0.5252525    0.1225000000E+001    0.2200000000E+001
 0.5353535    0.3500000000E+000    0.2800000000E+001
 0.5454545    0.1125000000E+001    0.2825000000E+001
 0.5555556    0.9500000000E+000    0.2425000000E+001
 0.5656566    0.6500000000E+000    0.2550000000E+001
 0.5757576    0.8500000000E+000    0.2550000000E+001
 0.5858586    0.6500000000E+000    0.2125000000E+001
 0.5959596    0.4500000000E+000    0.2675000000E+001
 0.6060606    0.8000000000E+000    0.2725000000E+001
 0.6161616    0.1000000000E+000    0.2650000000E+001
 0.6262626    0.9000000000E+000    0.2175000000E+001
 0.6363636    0.5000000000E+000    0.2350000000E+001
 0.6464646    0.8500000000E+000    0.2500000000E+001
 0.6565657    0.6000000000E+000    0.2575000000E+001
 0.6666667    0.5250000000E+000    0.2425000000E+001
 0.6767677    0.8750000000E+000    0.2250000000E+001
 0.6868687    0.8250000000E+000    0.2325000000E+001
 0.6969697    0.6750000000E+000    0.2675000000E+001
 0.7070707    0.6000000000E+000    0.2175000000E+001
 0.7171717    0.7000000000E+000    0.2325000000E+001
 0.7272727    0.7500000000E+000    0.2325000000E+001
 0.7373737    0.6250000000E+000    0.2100000000E+001
 0.7474747    0.2500000000E+000    0.2275000000E+001
 0.7575758    0.1075000000E+001    0.2575000000E+001
 0.7676768    0.7250000000E+000    0.2250000000E+001
 0.7777778    0.6750000000E+000    0.2575000000E+001
 0.7878788    0.8250000000E+000    0.2300000000E+001
 0.7979798    0.7000000000E+000    0.2250000000E+001
 0.8080808    0.8750000000E+000    0.2575000000E+001
 0.8181818    0.8750000000E+000    0.2525000000E+001
 0.8282828    0.8750000000E+000    0.2450000000E+001
 0.8383838    0.4250000000E+000    0.1825000000E+001
 0.8484848    0.4000000000E+000    0.1975000000E+001
 0.8585859    0.7500000000E+000    0.2375000000E+001
 0.8686869    0.5250000000E+000    0.2075000000E+001
 0.8787879    0.6250000000E+000    0.2150000000E+001
 0.8888889    0.3750000000E+000    0.1925000000E+001
 0.8989899    0.6000000000E+000    0.2200000000E+001
 0.9090909    0.6250000000E+000    0.2300000000E+001
 0.9191919    0.6250000000E+000    0.2175000000E+001
 0.9292929    0.4000000000E+000    0.1950000000E+001
 0.9393939    0.5500000000E+000    0.2050000000E+001
 0.9494949    0.2250000000E+000    0.2025000000E+001
 0.9595960    0.7250000000E+000    0.2250000000E+001
 0.9696970    0.5250000000E+000    0.2125000000E+001
 0.9797980    0.0000000000E+000    0.1700000000E+001
 0.9898990    0.7000000000E+000    0.2250000000E+001
 1.0000000    0.7000000000E+000    0.2175000000E+001


# Weightfunction after cycle       4375
 0.0000000    0.3787500000E+001    0.2037500000E+001
 0.0101010    0.3775000000E+001    0.1975000000E+001
 0.0202020    0.4043750000E+001    0.2343750000E+001
 0.0303030    0.4125000000E+001    0.2275000000E+001
 0.0404040    0.4000000000E+001    0.2168750000E+001
 0.0505051    0.4243750000E+001    0.2162500000E+001
 0.0606061    0.4237500000E+001    0.2087500000E+001
 0.0707071    0.4506250000E+001    0.2100000000E+001
 0.0808081    0.4600000000E+001    0.2100000000E+001
 0.0909091    0.4700000000E+001    0.2193750000E+001
 0.1010101    0.4468750000E+001    0.2025000000E+001
 0.1111111    0.4943750000E+001    0.1993750000E+001
 0.1212121    0.4887500000E+001    0.2187500000E+001
 0.1313131    0.4725000000E+001    0.2062500000E+001
 0.1414141    0.4862500000E+001    0.2168750000E+001
 0.1515152    0.4837500000E+001    0.2231250000E+001
 0.1616162    0.4887500000E+001    0.2068750000E+001
 0.1717172    0.5050000000E+001    0.2025000000E+001
 0.1818182    0.4700000000E+001    0.2062500000E+001
 0.1919192    0.4881250000E+001    0.2175000000E+001
 0.2020202    0.4937500000E+001    0.2050000000E+001
 0.2121212    0.4825000000E+001    0.1956250000E+001
 0.2222222    0.4643750000E+001    0.2031250000E+001
 0.2323232    0.4568750000E+001    0.2093750000E+001
 0.2424242    0.4556250000E+001    0.2162500000E+001
 0.2525253    0.4225000000E+001    0.2106250000E+001
 0.2626263    0.4000000000E+001    0.2037500000E+001
 0.2727273    0.4143750000E+001    0.2087500000E+001
 0.2828283    0.3837500000E+001    0.1881250000E+001
 0.2929293    0.3818750000E+001    0.2037500000E+001
 0.3030303    0.3681250000E+001    0.2006250000E+001
 0.3131313    0.3587500000E+001    0.1881250000E+001
 0.3232323    0.3581250000E+001    0.2062500000E+001
 0.3333333    0.3081250000E+001    0.2050000000E+001
 0.3434343    0.3200000000E+001    0.2025000000E+001
 0.3535354    0.2968750000E+001    0.2043750000E+001
 0.3636364    0.2968750000E+001    0.2100000000E+001
 0.3737374    0.2493750000E+001    0.2000000000E+001
 0.3838384    0.2262500000E+001    0.1993750000E+001
 0.3939394    0.2231250000E+001    0.1993750000E+001
 0.4040404    0.2168750000E+001    0.1993750000E+001
 0.4141414    0.1875000000E+001    0.1981250000E+001
 0.4242424    0.1687500000E+001    0.1937500000E+001
 0.4343434    0.1593750000E+001    0.2006250000E+001
 0.4444444    0.1281250000E+001    0.1875000000E+001
 0.4545455    0.1200000000E+001    0.1956250000E+001
 0.4646465    0.1181250000E+001    0.1812500000E+001
 0.4747475    0.7187500000E+000    0.1787500000E+001
 0.4848485    0.6812500000E+000    0.2037500000E+001
 0.4949495    0.5250000000E+000    0.1812500000E+001
 0.5050505    0.3937500000E+000    0.1931250000E+001
 0.5151515    0.2062500000E+000    0.2050000000E+001
 0.5252525    0.4562500000E+000    0.2143750000E+001
 0.5353535    0.3562500000E+000    0.2081250000E+001
 0.5454545    0.3250000000E+000    0.1956250000E+001
 0.5555556    0.2062500000E+000    0.1887500000E+001
 0.5656566    0.1500000000E+000    0.1943750000E+001
 0.5757576    0.5000000000E+000    0.2025000000E+001
 0.5858586    0.4625000000E+000    0.1950000000E+001
 0.5959596    0.5062500000E+000    0.1937500000E+001
 0.6060606    0.1937500000E+000    0.2143750000E+001
 0.6161616    0.4250000000E+000    0.2062500000E+001
 0.6262626    0.4312500000E+000    0.1918750000E+001
 0.6363636    0.2937500000E+000    0.2100000000E+001
 0.6464646    0.3437500000E+000    0.1968750000E+001
 0.6565657    0.3812500000E+000    0.2006250000E+001
 0.6666667    0.6750000000E+000    0.2175000000E+001
 0.6767677    0.3437500000E+000    0.2025000000E+001
 0.6868687    0.2687500000E+000    0.1843750000E+001
 0.6969697    0.2500000000E+000    0.1900000000E+001
 0.7070707    0.3250000000E+000    0.2143750000E+001
 0.7171717    0.3562500000E+000    0.2168750000E+001
 0.7272727    0.2875000000E+000    0.2100000000E+001
 0.7373737    0.2812500000E+000    0.2112500000E+001
 0.7474747    0.2312500000E+000    0.2006250000E+001
 0.7575758    0.2187500000E+000    0.2037500000E+001
 0.7676768    0.4625000000E+000    0.2243750000E+001
 0.7777778    0.3625000000E+000    0.2106250000E+001
 0.7878788    0.1937500000E+000    0.2037500000E+001
 0.7979798    0.2250000000E+000    0.2081250000E+001
 0.8080808    0.2937500000E+000    0.2093750000E+001
 0.8181818    0.2875000000E+000    0.2150000000E+001
 0.8282828    0.1312500000E+000    0.1975000000E+001
 0.8383838    0.3937500000E+000    0.2231250000E+001
 0.8484848    0.2062500000E+000    0.2143750000E+001
 0.8585859    0.1875000000E+000    0.2050000000E+001
 0.8686869    0.3062500000E+000    0.2212500000E+001
 0.8787879    0.1625000000E+000    0.2087500000E+001
 0.8888889    0.2625000000E+000    0.2168750000E+001
 0.8989899    0.6250000000E-002    0.2056250000E+001
 0.9090909    0.3312500000E+000    0.2087500000E+001
 0.9191919    0.1437500000E+000    0.2087500000E+001
 0.9292929    0.1312500000E+000    0.2025000000E+001
 0.9393939    0.5000000000E-001    0.1943750000E+001
 0.9494949    0.0000000000E+000    0.1900000000E+001
 0.9595960    0.1875000000E-001    0.2112500000E+001
 0.9696970    0.2000000000E+000    0.2112500000E+001
 0.9797980    0.2500000000E-001    0.2037500000E+001
 0.9898990    0.1687500000E+000    0.2100000000E+001
 1.0000000    0.1875000000E+000    0.2218750000E+001


# Weightfunction after cycle       9373
 0.0000000    0.4075000000E+001    0.2295312500E+001
 0.0101010    0.4039062500E+001    0.2278125000E+001
 0.0202020    0.3943750000E+001    0.2212500000E+001
 0.0303030    0.4012500000E+001    0.2151562500E+001
 0.0404040    0.4148437500E+001    0.2209375000E+001
 0.0505051    0.4300000000E+001    0.2220312500E+001
 0.0606061    0.4301562500E+001    0.2151562500E+001
 0.0707071    0.4423437500E+001    0.2192187500E+001
 0.0808081    0.4478125000E+001    0.2220312500E+001
 0.0909091    0.4704687500E+001    0.2206250000E+001
 0.1010101    0.4729687500E+001    0.2243750000E+001
 0.1111111    0.4787500000E+001    0.2234375000E+001
 0.1212121    0.4789062500E+001    0.2143750000E+001
 0.1313131    0.4729687500E+001    0.2221875000E+001
 0.1414141    0.4840625000E+001    0.2217187500E+001
 0.1515152    0.4864062500E+001    0.2178125000E+001
 0.1616162    0.4731250000E+001    0.2131250000E+001
 0.1717172    0.4773437500E+001    0.2214062500E+001
 0.1818182    0.4684375000E+001    0.2120312500E+001
 0.1919192    0.4606250000E+001    0.2190625000E+001
 0.2020202    0.4509375000E+001    0.2160937500E+001
 0.2121212    0.4460937500E+001    0.2140625000E+001
 0.2222222    0.4400000000E+001    0.2114062500E+001
 0.2323232    0.3995312500E+001    0.2168750000E+001
 0.2424242    0.4239062500E+001    0.2150000000E+001
 0.2525253    0.3975000000E+001    0.2173437500E+001
 0.2626263    0.3826562500E+001    0.2148437500E+001
 0.2727273    0.3748437500E+001    0.2182812500E+001
 0.2828283    0.3582812500E+001    0.2140625000E+001
 0.2929293    0.3551562500E+001    0.2096875000E+001
 0.3030303    0.3310937500E+001    0.2156250000E+001
 0.3131313    0.3226562500E+001    0.2121875000E+001
 0.3232323    0.3020312500E+001    0.2129687500E+001
 0.3333333    0.2979687500E+001    0.2046875000E+001
 0.3434343    0.2742187500E+001    0.2021875000E+001
 0.3535354    0.2706250000E+001    0.2053125000E+001
 0.3636364    0.2560937500E+001    0.2079687500E+001
 0.3737374    0.2281250000E+001    0.2075000000E+001
 0.3838384    0.2376562500E+001    0.2057812500E+001
 0.3939394    0.2112500000E+001    0.2084375000E+001
 0.4040404    0.1959375000E+001    0.2100000000E+001
 0.4141414    0.1815625000E+001    0.2064062500E+001
 0.4242424    0.1603125000E+001    0.2115625000E+001
 0.4343434    0.1409375000E+001    0.1942187500E+001
 0.4444444    0.1228125000E+001    0.2028125000E+001
 0.4545455    0.9593750000E+000    0.2001562500E+001
 0.4646465    0.7328125000E+000    0.1965625000E+001
 0.4747475    0.7140625000E+000    0.1982812500E+001
 0.4848485    0.5625000000E+000    0.1975000000E+001
 0.4949495    0.3625000000E+000    0.1885937500E+001
 0.5050505    0.3421875000E+000    0.2007812500E+001
 0.5151515    0.2937500000E+000    0.1987500000E+001
 0.5252525    0.2265625000E+000    0.1934375000E+001
 0.5353535    0.2546875000E+000    0.1898437500E+001
 0.5454545    0.2500000000E+000    0.1987500000E+001
 0.5555556    0.3546875000E+000    0.1954687500E+001
 0.5656566    0.2062500000E+000    0.1982812500E+001
 0.5757576    0.2078125000E+000    0.1937500000E+001
 0.5858586    0.3296875000E+000    0.2042187500E+001
 0.5959596    0.2546875000E+000    0.1990625000E+001
 0.6060606    0.2906250000E+000    0.1910937500E+001
 0.6161616    0.2359375000E+000    0.2023437500E+001
 0.6262626    0.2500000000E+000    0.1914062500E+001
 0.6363636    0.1968750000E+000    0.1960937500E+001
 0.6464646    0.3609375000E+000    0.1970312500E+001
 0.6565657    0.1625000000E+000    0.1970312500E+001
 0.6666667    0.2906250000E+000    0.1995312500E+001
 0.6767677    0.2718750000E+000    0.1903125000E+001
 0.6868687    0.2046875000E+000    0.1995312500E+001
 0.6969697    0.2687500000E+000    0.1973437500E+001
 0.7070707    0.2843750000E+000    0.2035937500E+001
 0.7171717    0.1718750000E+000    0.1975000000E+001
 0.7272727    0.2203125000E+000    0.1985937500E+001
 0.7373737    0.1546875000E+000    0.1982812500E+001
 0.7474747    0.1937500000E+000    0.1976562500E+001
 0.7575758    0.1875000000E+000    0.2026562500E+001
 0.7676768    0.1531250000E+000    0.1946875000E+001
 0.7777778    0.1265625000E+000    0.1942187500E+001
 0.7878788    0.1671875000E+000    0.1951562500E+001
 0.7979798    0.1687500000E+000    0.1971875000E+001
 0.8080808    0.1234375000E+000    0.1964062500E+001
 0.8181818    0.1796875000E+000    0.2012500000E+001
 0.8282828    0.1984375000E+000    0.2003125000E+001
 0.8383838    0.1484375000E+000    0.1993750000E+001
 0.8484848    0.1718750000E+000    0.2042187500E+001
 0.8585859    0.2125000000E+000    0.2017187500E+001
 0.8686869    0.1671875000E+000    0.1979687500E+001
 0.8787879    0.9375000000E-001    0.1970312500E+001
 0.8888889    0.1328125000E+000    0.2062500000E+001
 0.8989899    0.2296875000E+000    0.2040625000E+001
 0.9090909    0.1671875000E+000    0.2018750000E+001
 0.9191919    0.1375000000E+000    0.1995312500E+001
 0.9292929    0.1953125000E+000    0.2028125000E+001
 0.9393939    0.7656250000E-001    0.1960937500E+001
 0.9494949    0.1609375000E+000    0.2037500000E+001
 0.9595960    0.0000000000E+000    0.1935937500E+001
 0.9696970    0.9843750000E-001    0.1982812500E+001
 0.9797980    0.1031250000E+000    0.2000000000E+001
 0.9898990    0.9218750000E-001    0.2065625000E+001
 1.0000000    0.1656250000E+000    0.2060937500E+001


# Weightfunction after cycle      20493
 0.0000000    0.3832421875E+001    0.2007421875E+001
 0.0101010    0.3806250000E+001    0.2031250000E+001
 0.0202020    0.3909375000E+001    0.2049218750E+001
 0.0303030    0.3900390625E+001    0.2011328125E+001
 0.0404040    0.3944531250E+001    0.2012890625E+001
 0.0505051    0.4079687500E+001    0.2068750000E+001
 0.0606061    0.4128906250E+001    0.1969921875E+001
 0.0707071    0.4234375000E+001    0.1997265625E+001
 0.0808081    0.4348046875E+001    0.1986718750E+001
 0.0909091    0.4519531250E+001    0.2060156250E+001
 0.1010101    0.4631250000E+001    0.2076562500E+001
 0.1111111    0.4723437500E+001    0.1979687500E+001
 0.1212121    0.4750000000E+001    0.2030078125E+001
 0.1313131    0.4762890625E+001    0.1991796875E+001
 0.1414141    0.4760937500E+001    0.2002343750E+001
 0.1515152    0.4781250000E+001    0.1989453125E+001
 0.1616162    0.4755078125E+001    0.1964062500E+001
 0.1717172    0.4817578125E+001    0.1976953125E+001
 0.1818182    0.4696484375E+001    0.1939453125E+001
 0.1919192    0.4656640625E+001    0.1961718750E+001
 0.2020202    0.4514453125E+001    0.1955078125E+001
 0.2121212    0.4470703125E+001    0.1956250000E+001
 0.2222222    0.4376171875E+001    0.1977343750E+001
 0.2323232    0.4157031250E+001    0.1942187500E+001
 0.2424242    0.4101562500E+001    0.2005859375E+001
 0.2525253    0.3997656250E+001    0.1953125000E+001
 0.2626263    0.3917187500E+001    0.1947656250E+001
 0.2727273    0.3731250000E+001    0.1896484375E+001
 0.2828283    0.3669921875E+001    0.1934375000E+001
 0.2929293    0.3488281250E+001    0.1954296875E+001
 0.3030303    0.3332812500E+001    0.1937890625E+001
 0.3131313    0.3251953125E+001    0.1943359375E+001
 0.3232323    0.3091796875E+001    0.1910546875E+001
 0.3333333    0.2934765625E+001    0.1895703125E+001
 0.3434343    0.2726171875E+001    0.1876562500E+001
 0.3535354    0.2591015625E+001    0.1846484375E+001
 0.3636364    0.2473828125E+001    0.1844140625E+001
 0.3737374    0.2288281250E+001    0.1806640625E+001
 0.3838384    0.2167968750E+001    0.1868750000E+001
 0.3939394    0.1997265625E+001    0.1872265625E+001
 0.4040404    0.1819531250E+001    0.1860156250E+001
 0.4141414    0.1630859375E+001    0.1853906250E+001
 0.4242424    0.1442968750E+001    0.1798437500E+001
 0.4343434    0.1327734375E+001    0.1798046875E+001
 0.4444444    0.1132812500E+001    0.1827343750E+001
 0.4545455    0.9613281250E+000    0.1845703125E+001
 0.4646465    0.7660156250E+000    0.1818359375E+001
 0.4747475    0.6117187500E+000    0.1767187500E+001
 0.4848485    0.4281250000E+000    0.1801562500E+001
 0.4949495    0.2753906250E+000    0.1732031250E+001
 0.5050505    0.2250000000E+000    0.1791406250E+001
 0.5151515    0.2097656250E+000    0.1776562500E+001
 0.5252525    0.2160156250E+000    0.1765234375E+001
 0.5353535    0.2039062500E+000    0.1734375000E+001
 0.5454545    0.1542968750E+000    0.1772656250E+001
 0.5555556    0.1921875000E+000    0.1744921875E+001
 0.5656566    0.1910156250E+000    0.1730078125E+001
 0.5757576    0.1707031250E+000    0.1746484375E+001
 0.5858586    0.1394531250E+000    0.1760937500E+001
 0.5959596    0.1781250000E+000    0.1768359375E+001
 0.6060606    0.1523437500E+000    0.1758203125E+001
 0.6161616    0.2132812500E+000    0.1731250000E+001
 0.6262626    0.1859375000E+000    0.1771093750E+001
 0.6363636    0.1816406250E+000    0.1723828125E+001
 0.6464646    0.1542968750E+000    0.1721484375E+001
 0.6565657    0.1722656250E+000    0.1767187500E+001
 0.6666667    0.1453125000E+000    0.1730468750E+001
 0.6767677    0.1070312500E+000    0.1745703125E+001
 0.6868687    0.1921875000E+000    0.1741406250E+001
 0.6969697    0.1414062500E+000    0.1785937500E+001
 0.7070707    0.1671875000E+000    0.1746484375E+001
 0.7171717    0.1347656250E+000    0.1744140625E+001
 0.7272727    0.1269531250E+000    0.1752734375E+001
 0.7373737    0.1480468750E+000    0.1771484375E+001
 0.7474747    0.1363281250E+000    0.1753906250E+001
 0.7575758    0.1320312500E+000    0.1751171875E+001
 0.7676768    0.1542968750E+000    0.1788281250E+001
 0.7777778    0.9375000000E-001    0.1753125000E+001
 0.7878788    0.1601562500E+000    0.1771875000E+001
 0.7979798    0.1101562500E+000    0.1747656250E+001
 0.8080808    0.1277343750E+000    0.1746093750E+001
 0.8181818    0.1093750000E+000    0.1757031250E+001
 0.8282828    0.9179687500E-001    0.1754296875E+001
 0.8383838    0.1046875000E+000    0.1744921875E+001
 0.8484848    0.7929687500E-001    0.1742187500E+001
 0.8585859    0.7304687500E-001    0.1730468750E+001
 0.8686869    0.1250000000E+000    0.1763671875E+001
 0.8787879    0.6875000000E-001    0.1757421875E+001
 0.8888889    0.1156250000E+000    0.1789453125E+001
 0.8989899    0.1011718750E+000    0.1773046875E+001
 0.9090909    0.8750000000E-001    0.1781640625E+001
 0.9191919    0.7148437500E-001    0.1750781250E+001
 0.9292929    0.8281250000E-001    0.1775781250E+001
 0.9393939    0.7187500000E-001    0.1819140625E+001
 0.9494949    0.8398437500E-001    0.1803125000E+001
 0.9595960    0.6796875000E-001    0.1784765625E+001
 0.9696970    0.4375000000E-001    0.1780859375E+001
 0.9797980    0.0000000000E+000    0.1698046875E+001
 0.9898990    0.7812499999E-003    0.1743750000E+001
 1.0000000    0.3593750000E-001    0.1757812500E+001


# Weightfunction after cycle      34891
 0.0000000    0.3878125000E+001    0.2076953125E+001
 0.0101010    0.3856054688E+001    0.2070703125E+001
 0.0202020    0.3908789063E+001    0.2061132813E+001
 0.0303030    0.3940820313E+001    0.2067871094E+001
 0.0404040    0.3998242188E+001    0.2065136719E+001
 0.0505051    0.4103613281E+001    0.2096875000E+001
 0.0606061    0.4149609375E+001    0.2012207031E+001
 0.0707071    0.4297265625E+001    0.2060253906E+001
 0.0808081    0.4395898437E+001    0.2043847656E+001
 0.0909091    0.4521972656E+001    0.2069433594E+001
 0.1010101    0.4595800781E+001    0.2071875000E+001
 0.1111111    0.4683300781E+001    0.2013183594E+001
 0.1212121    0.4753613281E+001    0.2055761719E+001
 0.1313131    0.4757519531E+001    0.2025390625E+001
 0.1414141    0.4760546875E+001    0.2033886719E+001
 0.1515152    0.4765039062E+001    0.2034960938E+001
 0.1616162    0.4729296875E+001    0.2020605469E+001
 0.1717172    0.4742187500E+001    0.2030664063E+001
 0.1818182    0.4639648437E+001    0.2001171875E+001
 0.1919192    0.4574023437E+001    0.1997558594E+001
 0.2020202    0.4493554687E+001    0.1993750000E+001
 0.2121212    0.4437695312E+001    0.2011230469E+001
 0.2222222    0.4317578125E+001    0.1976562500E+001
 0.2323232    0.4172851562E+001    0.1978906250E+001
 0.2424242    0.4115625000E+001    0.2004003906E+001
 0.2525253    0.3990917969E+001    0.1980371094E+001
 0.2626263    0.3897070313E+001    0.1991210938E+001
 0.2727273    0.3720898438E+001    0.1946191406E+001
 0.2828283    0.3626855469E+001    0.1956738281E+001
 0.2929293    0.3493750000E+001    0.1953027344E+001
 0.3030303    0.3340332031E+001    0.1968261719E+001
 0.3131313    0.3234277344E+001    0.1968261719E+001
 0.3232323    0.3051757813E+001    0.1939843750E+001
 0.3333333    0.2914355469E+001    0.1952832031E+001
 0.3434343    0.2747949219E+001    0.1924218750E+001
 0.3535354    0.2571582031E+001    0.1900000000E+001
 0.3636364    0.2470312500E+001    0.1908007813E+001
 0.3737374    0.2284667969E+001    0.1880175781E+001
 0.3838384    0.2157128906E+001    0.1888867188E+001
 0.3939394    0.1957226563E+001    0.1916699219E+001
 0.4040404    0.1808203125E+001    0.1894628906E+001
 0.4141414    0.1625683594E+001    0.1892089844E+001
 0.4242424    0.1460644531E+001    0.1871679688E+001
 0.4343434    0.1288867188E+001    0.1858789063E+001
 0.4444444    0.1120117188E+001    0.1840136719E+001
 0.4545455    0.9364257813E+000    0.1860644531E+001
 0.4646465    0.7639648438E+000    0.1851464844E+001
 0.4747475    0.5933593750E+000    0.1828417969E+001
 0.4848485    0.4182617188E+000    0.1830175781E+001
 0.4949495    0.2480468750E+000    0.1783691406E+001
 0.5050505    0.1757812500E+000    0.1835156250E+001
 0.5151515    0.1554687500E+000    0.1819921875E+001
 0.5252525    0.1605468750E+000    0.1811328125E+001
 0.5353535    0.1543945313E+000    0.1795410156E+001
 0.5454545    0.1433593750E+000    0.1802441406E+001
 0.5555556    0.1557617188E+000    0.1785937500E+001
 0.5656566    0.1517578125E+000    0.1786914063E+001
 0.5757576    0.1472656250E+000    0.1806542969E+001
 0.5858586    0.1316406250E+000    0.1800585938E+001
 0.5959596    0.1576171875E+000    0.1812500000E+001
 0.6060606    0.1423828125E+000    0.1820800781E+001
 0.6161616    0.1710937500E+000    0.1785351563E+001
 0.6262626    0.1516601563E+000    0.1800097656E+001
 0.6363636    0.1454101563E+000    0.1770996094E+001
 0.6464646    0.1220703125E+000    0.1782226563E+001
 0.6565657    0.1360351563E+000    0.1790625000E+001
 0.6666667    0.1322265625E+000    0.1783203125E+001
 0.6767677    0.9677734375E-001    0.1796679688E+001
 0.6868687    0.1432617188E+000    0.1788281250E+001
 0.6969697    0.1206054688E+000    0.1803027344E+001
 0.7070707    0.1343750000E+000    0.1786621094E+001
 0.7171717    0.1227539063E+000    0.1782421875E+001
 0.7272727    0.1032226563E+000    0.1786328125E+001
 0.7373737    0.1148437500E+000    0.1791015625E+001
 0.7474747    0.1074218750E+000    0.1789257813E+001
 0.7575758    0.1093750000E+000    0.1787402344E+001
 0.7676768    0.1135742188E+000    0.1803613281E+001
 0.7777778    0.8759765625E-001    0.1786621094E+001
 0.7878788    0.1082031250E+000    0.1790039063E+001
 0.7979798    0.9892578125E-001    0.1787011719E+001
 0.8080808    0.1203125000E+000    0.1810253906E+001
 0.8181818    0.9648437500E-001    0.1794335938E+001
 0.8282828    0.6064453125E-001    0.1776562500E+001
 0.8383838    0.6904296875E-001    0.1767968750E+001
 0.8484848    0.5732421875E-001    0.1784765625E+001
 0.8585859    0.6660156250E-001    0.1785156250E+001
 0.8686869    0.9677734375E-001    0.1799609375E+001
 0.8787879    0.5947265625E-001    0.1795117188E+001
 0.8888889    0.6259765625E-001    0.1795703125E+001
 0.8989899    0.4824218750E-001    0.1782324219E+001
 0.9090909    0.4873046875E-001    0.1788476563E+001
 0.9191919    0.4687500000E-001    0.1784472656E+001
 0.9292929    0.4189453125E-001    0.1796972656E+001
 0.9393939    0.3535156250E-001    0.1818066406E+001
 0.9494949    0.4404296875E-001    0.1823437500E+001
 0.9595960    0.2119140625E-001    0.1794335938E+001
 0.9696970    0.2470703125E-001    0.1806835938E+001
 0.9797980    0.2265625000E-001    0.1773046875E+001
 0.9898990    0.0000000000E+000    0.1794140625E+001
 1.0000000    0.6933593750E-002    0.1785644531E+001


# Weightfunction after cycle      42065
 0.0000000    0.3876928711E+001    0.2077807617E+001
 0.0101010    0.3863330078E+001    0.2077490234E+001
 0.0202020    0.3904541016E+001    0.2062280273E+001
 0.0303030    0.3942626953E+001    0.2070190430E+001
 0.0404040    0.4002685547E+001    0.2070434570E+001
 0.0505051    0.4102343750E+001    0.2098242188E+001
 0.0606061    0.4157006836E+001    0.2020239258E+001
 0.0707071    0.4305273438E+001    0.2065405273E+001
 0.0808081    0.4400170898E+001    0.2045971680E+001
 0.0909091    0.4522851563E+001    0.2070483398E+001
 0.1010101    0.4598486328E+001    0.2072070313E+001
 0.1111111    0.4688720703E+001    0.2020043945E+001
 0.1212121    0.4751367187E+001    0.2058178711E+001
 0.1313131    0.4764794922E+001    0.2027172852E+001
 0.1414141    0.4769165039E+001    0.2039892578E+001
 0.1515152    0.4769409180E+001    0.2037890625E+001
 0.1616162    0.4733886719E+001    0.2023583984E+001
 0.1717172    0.4739550781E+001    0.2032031250E+001
 0.1818182    0.4644311523E+001    0.2006884766E+001
 0.1919192    0.4579418945E+001    0.2007250977E+001
 0.2020202    0.4494311523E+001    0.1994482422E+001
 0.2121212    0.4438232422E+001    0.2011669922E+001
 0.2222222    0.4320849609E+001    0.1983764648E+001
 0.2323232    0.4169970703E+001    0.1984399414E+001
 0.2424242    0.4111474609E+001    0.2006616211E+001
 0.2525253    0.3999218750E+001    0.1983422852E+001
 0.2626263    0.3889233398E+001    0.1991870117E+001
 0.2727273    0.3712451172E+001    0.1952563477E+001
 0.2828283    0.3624926758E+001    0.1958325195E+001
 0.2929293    0.3489892578E+001    0.1961987305E+001
 0.3030303    0.3343139648E+001    0.1971972656E+001
 0.3131313    0.3225756836E+001    0.1968701172E+001
 0.3232323    0.3047729492E+001    0.1946728516E+001
 0.3333333    0.2913281250E+001    0.1956201172E+001
 0.3434343    0.2744873047E+001    0.1926025391E+001
 0.3535354    0.2575463867E+001    0.1909204102E+001
 0.3636364    0.2462890625E+001    0.1909887695E+001
 0.3737374    0.2287207031E+001    0.1882739258E+001
 0.3838384    0.2153393555E+001    0.1896289063E+001
 0.3939394    0.1960620117E+001    0.1916162109E+001
 0.4040404    0.1811767578E+001    0.1896240234E+001
 0.4141414    0.1625048828E+001    0.1894970703E+001
 0.4242424    0.1463623047E+001    0.1877612305E+001
 0.4343434    0.1285620117E+001    0.1865087891E+001
 0.4444444    0.1118945312E+001    0.1848046875E+001
 0.4545455    0.9366699219E+000    0.1862011719E+001
 0.4646465    0.7585205078E+000    0.1853710938E+001
 0.4747475    0.5888183594E+000    0.1836669922E+001
 0.4848485    0.4245117188E+000    0.1836499023E+001
 0.4949495    0.2469970703E+000    0.1788964844E+001
 0.5050505    0.1713134766E+000    0.1831860352E+001
 0.5151515    0.1565185547E+000    0.1824511719E+001
 0.5252525    0.1616699219E+000    0.1816357422E+001
 0.5353535    0.1561767578E+000    0.1803833008E+001
 0.5454545    0.1440185547E+000    0.1811596680E+001
 0.5555556    0.1559082031E+000    0.1792602539E+001
 0.5656566    0.1524169922E+000    0.1793798828E+001
 0.5757576    0.1435058594E+000    0.1809643555E+001
 0.5858586    0.1335693359E+000    0.1809033203E+001
 0.5959596    0.1539306641E+000    0.1817968750E+001
 0.6060606    0.1388183594E+000    0.1822949219E+001
 0.6161616    0.1655029297E+000    0.1796313477E+001
 0.6262626    0.1481445313E+000    0.1808935547E+001
 0.6363636    0.1379882813E+000    0.1779516602E+001
 0.6464646    0.1245849609E+000    0.1793383789E+001
 0.6565657    0.1323730469E+000    0.1798876953E+001
 0.6666667    0.1289550781E+000    0.1785766602E+001
 0.6767677    0.1014892578E+000    0.1804394531E+001
 0.6868687    0.1374023438E+000    0.1798486328E+001
 0.6969697    0.1190185547E+000    0.1808886719E+001
 0.7070707    0.1339599609E+000    0.1795117188E+001
 0.7171717    0.1242431641E+000    0.1792431641E+001
 0.7272727    0.1033447266E+000    0.1795312500E+001
 0.7373737    0.1139648438E+000    0.1801123047E+001
 0.7474747    0.1090332031E+000    0.1799511719E+001
 0.7575758    0.1042480469E+000    0.1792041016E+001
 0.7676768    0.1109863281E+000    0.1809814453E+001
 0.7777778    0.8720703125E-001    0.1793286133E+001
 0.7878788    0.1067382813E+000    0.1798950195E+001
 0.7979798    0.9667968750E-001    0.1795361328E+001
 0.8080808    0.1168457031E+000    0.1818994141E+001
 0.8181818    0.9487304688E-001    0.1802465820E+001
 0.8282828    0.6091308594E-001    0.1785986328E+001
 0.8383838    0.6713867188E-001    0.1777490234E+001
 0.8484848    0.5534667969E-001    0.1791235352E+001
 0.8585859    0.6254882813E-001    0.1792114258E+001
 0.8686869    0.8947753906E-001    0.1803955078E+001
 0.8787879    0.5715332031E-001    0.1803833008E+001
 0.8888889    0.6020507813E-001    0.1803955078E+001
 0.8989899    0.4604492188E-001    0.1790966797E+001
 0.9090909    0.4877929688E-001    0.1795654297E+001
 0.9191919    0.4645996094E-001    0.1794238281E+001
 0.9292929    0.4201660156E-001    0.1805786133E+001
 0.9393939    0.3186035156E-001    0.1825830078E+001
 0.9494949    0.4306640625E-001    0.1829956055E+001
 0.9595960    0.1687011719E-001    0.1799438477E+001
 0.9696970    0.2092285156E-001    0.1811621094E+001
 0.9797980    0.1503906250E-001    0.1778222656E+001
 0.9898990    0.0000000000E+000    0.1802465820E+001
 1.0000000    0.4736328125E-002    0.1793603516E+001


