# Lambda, (Probability, Probability_biased(/observed)) per Fractional
 0.0000000   0.4939786421E-003   0.3334003090E+000   0.9790151946E+000   0.1027739280E+001
 0.0101010   0.5087773308E-003   0.3462168100E+000   0.1000504753E+001   0.1068506370E+001
 0.0202020   0.4804697813E-003   0.3489935539E+000   0.1005174568E+001   0.1070980525E+001
 0.0303030   0.4312531527E-003   0.3271254607E+000   0.9887269479E+000   0.1035100147E+001
 0.0404040   0.3767331800E-003   0.3392271890E+000   0.9943240563E+000   0.1033262497E+001
 0.0505051   0.3108387310E-003   0.3349879609E+000   0.1000068387E+001   0.1039637808E+001
 0.0606061   0.2528081538E-003   0.3405282730E+000   0.1000458810E+001   0.1053948895E+001
 0.0707071   0.1949700884E-003   0.3153004187E+000   0.1018936464E+001   0.1024659419E+001
 0.0808081   0.1464606223E-003   0.3431403227E+000   0.9836108244E+000   0.1041475459E+001
 0.0909091   0.1135371288E-003   0.3053331269E+000   0.1000804495E+001   0.1015111850E+001
 0.1010101   0.9081835155E-004   0.3331796188E+000   0.1011546846E+001   0.1088771854E+001
 0.1111111   0.7557090519E-004   0.3015319853E+000   0.1000243830E+001   0.1001940312E+001
 0.1212121   0.6635716202E-004   0.3558678889E+000   0.9953383153E+000   0.1037553769E+001
 0.1313131   0.6517716392E-004   0.3673174283E+000   0.9991433642E+000   0.1043148850E+001
 0.1414141   0.6354161581E-004   0.3640235447E+000   0.9861440382E+000   0.9855041219E+000
 0.1515152   0.6773596398E-004   0.3836814419E+000   0.1029922749E+001   0.1043015389E+001
 0.1616162   0.7275455253E-004   0.3507096672E+000   0.1016233721E+001   0.1059749299E+001
 0.1717172   0.8177122394E-004   0.3714512522E+000   0.9907007817E+000   0.1021086780E+001
 0.1818182   0.9699593928E-004   0.4000849822E+000   0.1012382977E+001   0.9991581714E+000
 0.1919192   0.1116292481E-003   0.4192389153E+000   0.1007678919E+001   0.1022883366E+001
 0.2020202   0.1413158323E-003   0.4904625601E+000   0.1013055848E+001   0.1015963945E+001
 0.2121212   0.1747849914E-003   0.4602345904E+000   0.1019083222E+001   0.1006950219E+001
 0.2222222   0.2207277547E-003   0.5256939389E+000   0.9973754813E+000   0.1040489903E+001
 0.2323232   0.2739735279E-003   0.5311057897E+000   0.9900765841E+000   0.9691603273E+000
 0.2424242   0.3681284535E-003   0.5849541985E+000   0.1010659419E+001   0.1022308458E+001
 0.2525253   0.4818538991E-003   0.6236968573E+000   0.1000025489E+001   0.1055139774E+001
 0.2626263   0.6259166326E-003   0.6970450570E+000   0.9996753688E+000   0.1030336629E+001
 0.2727273   0.8428029704E-003   0.6786783621E+000   0.1011287486E+001   0.9810691223E+000
 0.2828283   0.1134117962E-002   0.7950084488E+000   0.9862974188E+000   0.9957189935E+000
 0.2929293   0.1545056963E-002   0.8477929333E+000   0.1007945023E+001   0.1034001663E+001
 0.3030303   0.2067731884E-002   0.8561001077E+000   0.1005456574E+001   0.9754124447E+000
 0.3131313   0.2843581167E-002   0.9404795236E+000   0.9978715722E+000   0.1034925621E+001
 0.3232323   0.3907146809E-002   0.9697357976E+000   0.9795723825E+000   0.9990247107E+000
 0.3333333   0.5488394587E-002   0.1065446173E+001   0.1003616223E+001   0.1011621341E+001
 0.3434343   0.7492828397E-002   0.1074622933E+001   0.1014128859E+001   0.9872904411E+000
 0.3535354   0.1024731881E-001   0.1138784491E+001   0.9969776856E+000   0.9870337861E+000
 0.3636364   0.1431980699E-001   0.1056766790E+001   0.9991981276E+000   0.1025829766E+001
 0.3737374   0.2025588577E-001   0.1205363760E+001   0.9970556305E+000   0.9790466804E+000
 0.3838384   0.2785920116E-001   0.1236803879E+001   0.1004282459E+001   0.9954315398E+000
 0.3939394   0.3948984277E-001   0.1208216263E+001   0.9861979641E+000   0.1021620623E+001
 0.4040404   0.5567364597E-001   0.1202221395E+001   0.1000361020E+001   0.1013869640E+001
 0.4141414   0.7996016139E-001   0.1328024691E+001   0.9970599849E+000   0.1047091071E+001
 0.4242424   0.1123683221E+000   0.1322355917E+001   0.9936832317E+000   0.9803196896E+000
 0.4343434   0.1612535024E+000   0.1329431179E+001   0.9987137946E+000   0.9799090414E+000
 0.4444444   0.2298053001E+000   0.1329375183E+001   0.9867814015E+000   0.9900007186E+000
 0.4545455   0.3273389040E+000   0.1291818323E+001   0.1004809841E+001   0.1004157812E+001
 0.4646465   0.4741826495E+000   0.1189487241E+001   0.9940098092E+000   0.9787284281E+000
 0.4747475   0.6760064895E+000   0.1173702951E+001   0.1013408594E+001   0.1018304639E+001
 0.4848485   0.9840495905E+000   0.1307935295E+001   0.1015931958E+001   0.9840360549E+000
 0.4949495   0.1414911799E+001   0.1245437148E+001   0.1023241760E+001   0.1034227520E+001
 0.5050505   0.1677104925E+001   0.1255305623E+001   0.9927209725E+000   0.1014413748E+001
 0.5151515   0.1703311054E+001   0.1317448031E+001   0.1008424787E+001   0.1058199103E+001
 0.5252525   0.1693082134E+001   0.1235492913E+001   0.9814427030E+000   0.1001714456E+001
 0.5353535   0.1685007753E+001   0.1239728848E+001   0.1001703947E+001   0.9890048970E+000
 0.5454545   0.1692501929E+001   0.1298900172E+001   0.1011873611E+001   0.9683082325E+000
 0.5555556   0.1712641586E+001   0.1244893657E+001   0.1006256679E+001   0.9659470059E+000
 0.5656566   0.1708135258E+001   0.1292592385E+001   0.9988883749E+000   0.9774040880E+000
 0.5757576   0.1703330173E+001   0.1270460781E+001   0.1007610908E+001   0.9797961132E+000
 0.5858586   0.1710180584E+001   0.1237291374E+001   0.1001924981E+001   0.1007946041E+001
 0.5959596   0.1702176213E+001   0.1230058005E+001   0.9983536235E+000   0.9598591477E+000
 0.6060606   0.1722392667E+001   0.1247100559E+001   0.1004008854E+001   0.9994456251E+000
 0.6161616   0.1725680254E+001   0.1241211095E+001   0.9913194222E+000   0.9650846448E+000
 0.6262626   0.1729651730E+001   0.1266129324E+001   0.1003735539E+001   0.9508146232E+000
 0.6363636   0.1717932154E+001   0.1333436542E+001   0.1018938418E+001   0.9637089737E+000
 0.6464646   0.1749482258E+001   0.1267209718E+001   0.1004962682E+001   0.9879680105E+000
 0.6565657   0.1756773945E+001   0.1242528649E+001   0.1017165988E+001   0.1014126295E+001
 0.6666667   0.1754491087E+001   0.1260948046E+001   0.1005403822E+001   0.9837793998E+000
 0.6767677   0.1762147593E+001   0.1273395632E+001   0.1005491247E+001   0.9705051998E+000
 0.6868687   0.1774221523E+001   0.1240249281E+001   0.9961283591E+000   0.1010368865E+001
 0.6969697   0.1788685935E+001   0.1247920736E+001   0.1008947441E+001   0.9613682795E+000
 0.7070707   0.1787106291E+001   0.1242443008E+001   0.1001616611E+001   0.9766341228E+000
 0.7171717   0.1819285316E+001   0.1265803230E+001   0.9859722748E+000   0.9727124334E+000
 0.7272727   0.1820566644E+001   0.1268675496E+001   0.9994310647E+000   0.9571488702E+000
 0.7373737   0.1821385151E+001   0.1234527805E+001   0.9937711944E+000   0.9686059523E+000
 0.7474747   0.1840298995E+001   0.1242970029E+001   0.1007821701E+001   0.9584218793E+000
 0.7575758   0.1834558272E+001   0.1245400915E+001   0.9847185790E+000   0.9523134888E+000
 0.7676768   0.1895926227E+001   0.1259212169E+001   0.1016470335E+001   0.9977209030E+000
 0.7777778   0.1889303103E+001   0.1248945134E+001   0.9932538051E+000   0.9357541039E+000
 0.7878788   0.1909654333E+001   0.1292335462E+001   0.1001625847E+001   0.1010009548E+001
 0.7979798   0.1927603677E+001   0.1307032771E+001   0.1000319926E+001   0.9907296190E+000
 0.8080808   0.1936451238E+001   0.1266682697E+001   0.9949273407E+000   0.9796318540E+000
 0.8181818   0.1942668493E+001   0.1262832147E+001   0.1001439172E+001   0.1003921689E+001
 0.8282828   0.1962874517E+001   0.1269008179E+001   0.9864334981E+000   0.9981931483E+000
 0.8383838   0.1978025712E+001   0.1261438834E+001   0.9762802741E+000   0.9608960342E+000
 0.8484848   0.2007767938E+001   0.1270938394E+001   0.1004420555E+001   0.1015204246E+001
 0.8585859   0.2016890806E+001   0.1245677601E+001   0.9946016453E+000   0.9618713234E+000
 0.8686869   0.2028277716E+001   0.1289450020E+001   0.9893851338E+000   0.9856581149E+000
 0.8787879   0.2056326636E+001   0.1243039201E+001   0.1003230230E+001   0.9555473426E+000
 0.8888889   0.2073782264E+001   0.1221684953E+001   0.9892580565E+000   0.9474062439E+000
 0.8989899   0.2087147830E+001   0.1256260849E+001   0.9978047683E+000   0.9713983595E+000
 0.9090909   0.2125825180E+001   0.1299690704E+001   0.1003284519E+001   0.9748272711E+000
 0.9191919   0.2158862662E+001   0.1252578287E+001   0.1010047369E+001   0.9661831285E+000
 0.9292929   0.2169255163E+001   0.1291983017E+001   0.9917113352E+000   0.9845083002E+000
 0.9393939   0.2189762739E+001   0.1272990484E+001   0.9921069918E+000   0.9669838923E+000
 0.9494949   0.2209713171E+001   0.1298715715E+001   0.9958793198E+000   0.1003038796E+001
 0.9595960   0.2236374085E+001   0.1315412411E+001   0.9991772834E+000   0.9765417270E+000
 0.9696970   0.2266969918E+001   0.1292888835E+001   0.9840636650E+000   0.9985216668E+000
 0.9797980   0.2287940237E+001   0.1263714908E+001   0.9832343892E+000   0.9992403010E+000
 0.9898990   0.2280013918E+001   0.1268718317E+001   0.1009988997E+001   0.1006970752E+001
 1.0000000   0.2311018051E+001   0.1318525131E+001   0.9736215026E+000   0.9813873746E+000


 0.0000000   0.5276577125E-003   0.3564966137E+000   0.9798124931E+000   0.1028540696E+001
 0.0101010   0.5320447529E-003   0.3624214178E+000   0.9913169800E+000   0.1058657525E+001
 0.0202020   0.5138588230E-003   0.3736288794E+000   0.1003585424E+001   0.1069250374E+001
 0.0303030   0.4593040275E-003   0.3487607561E+000   0.9916821722E+000   0.1038158081E+001
 0.0404040   0.4036117909E-003   0.3638027014E+000   0.1006739968E+001   0.1046128453E+001
 0.0505051   0.3361916979E-003   0.3626822897E+000   0.1001565348E+001   0.1041158000E+001
 0.0606061   0.2667085353E-003   0.3596203885E+000   0.9989186934E+000   0.1052290051E+001
 0.0707071   0.2079173941E-003   0.3365833857E+000   0.1023640614E+001   0.1029354399E+001
 0.0808081   0.1565011192E-003   0.3670401896E+000   0.9902616864E+000   0.1048481330E+001
 0.0909091   0.1208709568E-003   0.3253893021E+000   0.9934571187E+000   0.1007624597E+001
 0.1010101   0.9778807731E-004   0.3591170393E+000   0.1012376593E+001   0.1089627272E+001
 0.1111111   0.8182366062E-004   0.3268157367E+000   0.9987644298E+000   0.1000423812E+001
 0.1212121   0.7218021880E-004   0.3874935564E+000   0.1000781990E+001   0.1043192258E+001
 0.1313131   0.7018667243E-004   0.3959551732E+000   0.1010962198E+001   0.1055451729E+001
 0.1414141   0.6994356712E-004   0.4011107394E+000   0.9843813649E+000   0.9837085797E+000
 0.1515152   0.7257953031E-004   0.4115389296E+000   0.1017494564E+001   0.1030393586E+001
 0.1616162   0.7823127857E-004   0.3774968082E+000   0.1010859619E+001   0.1054108629E+001
 0.1717172   0.8622630926E-004   0.3920905889E+000   0.9955227381E+000   0.1026021156E+001
 0.1818182   0.1007551678E-003   0.4160172320E+000   0.1009975258E+001   0.9967474413E+000
 0.1919192   0.1203832164E-003   0.4525794436E+000   0.1002508568E+001   0.1017599816E+001
 0.2020202   0.1470803458E-003   0.5109930283E+000   0.9989193270E+000   0.1001752207E+001
 0.2121212   0.1818112402E-003   0.4792268477E+000   0.1013470669E+001   0.1001369865E+001
 0.2222222   0.2250235988E-003   0.5364748697E+000   0.1003242658E+001   0.1046574519E+001
 0.2323232   0.2783132287E-003   0.5400718930E+000   0.9987639001E+000   0.9776303134E+000
 0.2424242   0.3644664822E-003   0.5797294510E+000   0.1008888745E+001   0.1020482091E+001
 0.2525253   0.4794728628E-003   0.6212515748E+000   0.1001368553E+001   0.1056520328E+001
 0.2626263   0.6215188808E-003   0.6928575893E+000   0.1014033562E+001   0.1045099069E+001
 0.2727273   0.8276770834E-003   0.6671817662E+000   0.1006873116E+001   0.9767528862E+000
 0.2828283   0.1101101531E-002   0.7726559875E+000   0.9944977367E+000   0.1003962932E+001
 0.2929293   0.1498684883E-002   0.8231915727E+000   0.9994117580E+000   0.1025212355E+001
 0.3030303   0.2011517172E-002   0.8336799642E+000   0.9923912583E+000   0.9627042481E+000
 0.3131313   0.2732397014E-002   0.9046337988E+000   0.1007597454E+001   0.1044976524E+001
 0.3232323   0.3753756100E-002   0.9326206801E+000   0.9852704067E+000   0.1004801144E+001
 0.3333333   0.5225365971E-002   0.1015425795E+001   0.9967337030E+000   0.1004649187E+001
 0.3434343   0.7164325420E-002   0.1028563041E+001   0.9988078150E+000   0.9723412413E+000
 0.3535354   0.9843454165E-002   0.1095025195E+001   0.9969559068E+000   0.9869780987E+000
 0.3636364   0.1387422454E-001   0.1024934244E+001   0.1000230809E+001   0.1026854467E+001
 0.3737374   0.1957358872E-001   0.1165957290E+001   0.1002796417E+001   0.9846497306E+000
 0.3838384   0.2710674489E-001   0.1204633234E+001   0.1000456914E+001   0.9916054240E+000
 0.3939394   0.3829873842E-001   0.1172975750E+001   0.1000975806E+001   0.1036893410E+001
 0.4040404   0.5392224900E-001   0.1165596083E+001   0.9964439248E+000   0.1009864732E+001
 0.4141414   0.7765649758E-001   0.1291087212E+001   0.1000444150E+001   0.1050608724E+001
 0.4242424   0.1099703036E+000   0.1295463506E+001   0.1003264444E+001   0.9897378277E+000
 0.4343434   0.1577984767E+000   0.1302281295E+001   0.9989737830E+000   0.9801302455E+000
 0.4444444   0.2261419560E+000   0.1309525510E+001   0.9973125722E+000   0.1000531652E+001
 0.4545455   0.3221886881E+000   0.1272797745E+001   0.9996757167E+000   0.9989924783E+000
 0.4646465   0.4643568667E+000   0.1166034214E+001   0.1002233760E+001   0.9867918293E+000
 0.4747475   0.6737387850E+000   0.1170965698E+001   0.1005356235E+001   0.1010178449E+001
 0.4848485   0.9790907386E+000   0.1302679292E+001   0.1011549909E+001   0.9797577066E+000
 0.4949495   0.1413365930E+001   0.1245352674E+001   0.1005249263E+001   0.1016006722E+001
 0.5050505   0.1681970666E+001   0.1260239100E+001   0.9946068868E+000   0.1016305734E+001
 0.5151515   0.1693661367E+001   0.1311328202E+001   0.9962836873E+000   0.1045422590E+001
 0.5252525   0.1694288956E+001   0.1237641901E+001   0.9941641886E+000   0.1014663621E+001
 0.5353535   0.1691806947E+001   0.1246008199E+001   0.1007470714E+001   0.9946641645E+000
 0.5454545   0.1695765068E+001   0.1302739494E+001   0.1011466810E+001   0.9678854800E+000
 0.5555556   0.1695036770E+001   0.1233360924E+001   0.1007830893E+001   0.9674247082E+000
 0.5656566   0.1705497125E+001   0.1291919995E+001   0.9915342921E+000   0.9701746335E+000
 0.5757576   0.1701675292E+001   0.1270528493E+001   0.1002247500E+001   0.9745470638E+000
 0.5858586   0.1710911605E+001   0.1239090075E+001   0.1003165248E+001   0.1009158869E+001
 0.5959596   0.1708904598E+001   0.1236187038E+001   0.9971003221E+000   0.9586210257E+000
 0.6060606   0.1720250966E+001   0.1246827604E+001   0.9954483392E+000   0.9908897572E+000
 0.6161616   0.1724180367E+001   0.1241404477E+001   0.1003394930E+001   0.9768068063E+000
 0.6262626   0.1730858898E+001   0.1268312753E+001   0.9944066360E+000   0.9419450080E+000
 0.6363636   0.1724086137E+001   0.1339585989E+001   0.1007151550E+001   0.9525280539E+000
 0.6464646   0.1750785870E+001   0.1269454904E+001   0.9997072064E+000   0.9827674288E+000
 0.6565657   0.1756683057E+001   0.1243738947E+001   0.1012095753E+001   0.1009036323E+001
 0.6666667   0.1753251070E+001   0.1261349478E+001   0.1005085660E+001   0.9834340773E+000
 0.6767677   0.1757478597E+001   0.1271324487E+001   0.9938783075E+000   0.9592631651E+000
 0.6868687   0.1770954626E+001   0.1239235561E+001   0.9982078659E+000   0.1012443093E+001
 0.6969697   0.1790598553E+001   0.1250536669E+001   0.9997968707E+000   0.9526162868E+000
 0.7070707   0.1793792979E+001   0.1248371097E+001   0.9983292856E+000   0.9733951343E+000
 0.7171717   0.1804401928E+001   0.1256735723E+001   0.9859282299E+000   0.9726353510E+000
 0.7272727   0.1817425788E+001   0.1267785993E+001   0.1000030339E+001   0.9576896784E+000
 0.7373737   0.1815575651E+001   0.1231852549E+001   0.9928953406E+000   0.9677188178E+000
 0.7474747   0.1847237494E+001   0.1248936320E+001   0.1003978320E+001   0.9547338763E+000
 0.7575758   0.1853285502E+001   0.1259404644E+001   0.9944531587E+000   0.9616944716E+000
 0.7676768   0.1887670272E+001   0.1255014971E+001   0.1011658233E+001   0.9929632303E+000
 0.7777778   0.1896761879E+001   0.1255162130E+001   0.1009724985E+001   0.9512388732E+000
 0.7878788   0.1899530347E+001   0.1286802891E+001   0.1008419918E+001   0.1016825327E+001
 0.7979798   0.1915646923E+001   0.1300257865E+001   0.9959478659E+000   0.9863653703E+000
 0.8080808   0.1935526014E+001   0.1267376290E+001   0.9911664782E+000   0.9758950664E+000
 0.8181818   0.1946897684E+001   0.1266879630E+001   0.9978426434E+000   0.1000281659E+001
 0.8282828   0.1966961471E+001   0.1272954937E+001   0.9930512649E+000   0.1004855064E+001
 0.8383838   0.1974740122E+001   0.1260635425E+001   0.9846507835E+000   0.9691011332E+000
 0.8484848   0.2018659854E+001   0.1279143957E+001   0.1005821555E+001   0.1016585138E+001
 0.8585859   0.2025066132E+001   0.1252009927E+001   0.1005619728E+001   0.9724931980E+000
 0.8686869   0.2038557429E+001   0.1297314694E+001   0.9954434725E+000   0.9916593442E+000
 0.8787879   0.2061386388E+001   0.1247376104E+001   0.9985817496E+000   0.9510869166E+000
 0.8888889   0.2086783191E+001   0.1230605046E+001   0.9990731715E+000   0.9567730367E+000
 0.8989899   0.2099044217E+001   0.1264717402E+001   0.9976849537E+000   0.9712481338E+000
 0.9090909   0.2126701901E+001   0.1301560553E+001   0.9977940010E+000   0.9694589667E+000
 0.9191919   0.2156426037E+001   0.1252448058E+001   0.1009458579E+001   0.9655865228E+000
 0.9292929   0.2170297852E+001   0.1293930047E+001   0.9980505464E+000   0.9907672115E+000
 0.9393939   0.2183204631E+001   0.1270479997E+001   0.9991568880E+000   0.9738215933E+000
 0.9494949   0.2203603506E+001   0.1296453482E+001   0.1000199294E+001   0.1007354996E+001
 0.9595960   0.2224669072E+001   0.1309869994E+001   0.9931433178E+000   0.9706108962E+000
 0.9696970   0.2272528026E+001   0.1297388273E+001   0.9899965971E+000   0.1004507034E+001
 0.9797980   0.2281039114E+001   0.1261195630E+001   0.9809938405E+000   0.9969288089E+000
 0.9898990   0.2311062501E+001   0.1287314602E+001   0.1001544536E+001   0.9985170011E+000
 1.0000000   0.2308955046E+001   0.1318699508E+001   0.9775191726E+000   0.9852820664E+000


 0.0000000   0.5748081911E-003   0.3782359705E+000   0.9751714878E+000   0.1023714421E+001
 0.0101010   0.5831519599E-003   0.3868870484E+000   0.9897873542E+000   0.1057071012E+001
 0.0202020   0.5596668880E-003   0.3963355182E+000   0.9982573332E+000   0.1063620978E+001
 0.0303030   0.5058619109E-003   0.3741072274E+000   0.9922151325E+000   0.1038762226E+001
 0.0404040   0.4388857236E-003   0.3852922647E+000   0.9964565880E+000   0.1035488800E+001
 0.0505051   0.3716405821E-003   0.3904804160E+000   0.1003705972E+001   0.1043429660E+001
 0.0606061   0.2931789497E-003   0.3850143685E+000   0.9940169017E+000   0.1047172942E+001
 0.0707071   0.2306327954E-003   0.3636299746E+000   0.1017949527E+001   0.1023677081E+001
 0.0808081   0.1729779042E-003   0.3951150436E+000   0.9846238465E+000   0.1042558406E+001
 0.0909091   0.1346962934E-003   0.3531617960E+000   0.9909645037E+000   0.1005141147E+001
 0.1010101   0.1092493440E-003   0.3907560436E+000   0.1005156968E+001   0.1081904870E+001
 0.1111111   0.9154926873E-004   0.3561358522E+000   0.9897490562E+000   0.9914375621E+000
 0.1212121   0.8195181800E-004   0.4284909408E+000   0.1002177118E+001   0.1044692979E+001
 0.1313131   0.7984956737E-004   0.4387333996E+000   0.1006421099E+001   0.1050757531E+001
 0.1414141   0.8166686364E-004   0.4561410426E+000   0.9850845559E+000   0.9844550815E+000
 0.1515152   0.8363551111E-004   0.4618747779E+000   0.1012679128E+001   0.1025562724E+001
 0.1616162   0.9358167765E-004   0.4398052848E+000   0.1003295534E+001   0.1046267460E+001
 0.1717172   0.1030448537E-003   0.4563622252E+000   0.9916463566E+000   0.1022071484E+001
 0.1818182   0.1189315561E-003   0.4782751890E+000   0.1004874960E+001   0.9917580592E+000
 0.1919192   0.1423232514E-003   0.5211245099E+000   0.1000223472E+001   0.1015325487E+001
 0.2020202   0.1734516927E-003   0.5869155775E+000   0.9995485565E+000   0.1002427812E+001
 0.2121212   0.2123052977E-003   0.5450269834E+000   0.1004677427E+001   0.9927257737E+000
 0.2222222   0.2630115032E-003   0.6107068925E+000   0.9980002087E+000   0.1041151952E+001
 0.2323232   0.3266998937E-003   0.6174523967E+000   0.9991782129E+000   0.9780793673E+000
 0.2424242   0.4217445804E-003   0.6533622533E+000   0.1003727615E+001   0.1015306817E+001
 0.2525253   0.5482702602E-003   0.6918866024E+000   0.1000176756E+001   0.1055309834E+001
 0.2626263   0.7086028869E-003   0.7693595176E+000   0.1002514740E+001   0.1033273325E+001
 0.2727273   0.9256059150E-003   0.7266848743E+000   0.9989903191E+000   0.9691490111E+000
 0.2828283   0.1232926639E-002   0.8426220223E+000   0.9954356249E+000   0.1004954450E+001
 0.2929293   0.1648357999E-002   0.8818178593E+000   0.9879219009E+000   0.1013470960E+001
 0.3030303   0.2208595303E-002   0.8915147342E+000   0.9911609749E+000   0.9615535409E+000
 0.3131313   0.2964050264E-002   0.9557654631E+000   0.1010960470E+001   0.1048510939E+001
 0.3232323   0.4055122944E-002   0.9812502433E+000   0.9964459430E+000   0.1016243415E+001
 0.3333333   0.5559654907E-002   0.1052243074E+001   0.9895711354E+000   0.9974741094E+000
 0.3434343   0.7639027259E-002   0.1068145540E+001   0.9995946934E+000   0.9731505575E+000
 0.3535354   0.1042848756E-001   0.1129886129E+001   0.9948314470E+000   0.9849187132E+000
 0.3636364   0.1457948324E-001   0.1048977510E+001   0.9911631825E+000   0.1017590748E+001
 0.3737374   0.2045590873E-001   0.1186773177E+001   0.9940230988E+000   0.9760785941E+000
 0.3838384   0.2828654012E-001   0.1224317516E+001   0.9953238401E+000   0.9865616498E+000
 0.3939394   0.3968848909E-001   0.1183875117E+001   0.1000854963E+001   0.1036814351E+001
 0.4040404   0.5567633168E-001   0.1172161510E+001   0.9954907000E+000   0.1008943549E+001
 0.4141414   0.7978475959E-001   0.1291916611E+001   0.9979576798E+000   0.1048044196E+001
 0.4242424   0.1126933358E+000   0.1292959005E+001   0.1003331005E+001   0.9898475230E+000
 0.4343434   0.1601264165E+000   0.1287068740E+001   0.9980029997E+000   0.9792213327E+000
 0.4444444   0.2297578794E+000   0.1295806023E+001   0.9998187978E+000   0.1003090588E+001
 0.4545455   0.3267064938E+000   0.1257024194E+001   0.9949484786E+000   0.9943127011E+000
 0.4646465   0.4690783523E+000   0.1147206433E+001   0.1000015060E+001   0.9846511137E+000
 0.4747475   0.6816007007E+000   0.1153770454E+001   0.1003122608E+001   0.1007978947E+001
 0.4848485   0.9825165888E+000   0.1273184140E+001   0.1002547392E+001   0.9710813286E+000
 0.4949495   0.1418943366E+001   0.1217697916E+001   0.9992570162E+000   0.1009995278E+001
 0.5050505   0.1697101293E+001   0.1238451656E+001   0.9913195800E+000   0.1012991770E+001
 0.5151515   0.1702321412E+001   0.1283698824E+001   0.9929465405E+000   0.1041967198E+001
 0.5252525   0.1694140249E+001   0.1205295807E+001   0.9989846744E+000   0.1019628861E+001
 0.5353535   0.1696715149E+001   0.1217070665E+001   0.1005872339E+001   0.9931302846E+000
 0.5454545   0.1699252003E+001   0.1271412410E+001   0.1001881886E+001   0.9587561924E+000
 0.5555556   0.1696539078E+001   0.1202296797E+001   0.1002584033E+001   0.9624310184E+000
 0.5656566   0.1702862585E+001   0.1256322081E+001   0.9983601980E+000   0.9768969508E+000
 0.5757576   0.1705032608E+001   0.1239872896E+001   0.9981396421E+000   0.9705959155E+000
 0.5858586   0.1709035376E+001   0.1205488633E+001   0.9984774115E+000   0.1004487706E+001
 0.5959596   0.1716310313E+001   0.1209202233E+001   0.1000772754E+001   0.9621945351E+000
 0.6060606   0.1720111731E+001   0.1214249735E+001   0.1003684458E+001   0.9991326042E+000
 0.6161616   0.1728618771E+001   0.1212178558E+001   0.1000713355E+001   0.9742396253E+000
 0.6262626   0.1730803191E+001   0.1235233732E+001   0.1003949707E+001   0.9510269225E+000
 0.6363636   0.1731437574E+001   0.1310253221E+001   0.9944720718E+000   0.9405780946E+000
 0.6464646   0.1748932706E+001   0.1235077203E+001   0.1003237326E+001   0.9862816038E+000
 0.6565657   0.1752540249E+001   0.1208483106E+001   0.1011592533E+001   0.1008579490E+001
 0.6666667   0.1747417015E+001   0.1224403721E+001   0.9989007958E+000   0.9774259266E+000
 0.6767677   0.1757082387E+001   0.1237927623E+001   0.9948917206E+000   0.9602839990E+000
 0.6868687   0.1770930189E+001   0.1206937096E+001   0.1003039111E+001   0.1017388493E+001
 0.6969697   0.1789902394E+001   0.1217486942E+001   0.1004017962E+001   0.9566807403E+000
 0.7070707   0.1791389954E+001   0.1214222513E+001   0.1001994309E+001   0.9770120808E+000
 0.7171717   0.1810686882E+001   0.1228261374E+001   0.9930836328E+000   0.9797378620E+000
 0.7272727   0.1815361026E+001   0.1233357649E+001   0.1008439067E+001   0.9657853473E+000
 0.7373737   0.1819128393E+001   0.1202110777E+001   0.9952251612E+000   0.9700327119E+000
 0.7474747   0.1847383359E+001   0.1216497859E+001   0.1002983725E+001   0.9538304942E+000
 0.7575758   0.1849067822E+001   0.1223805961E+001   0.1004678155E+001   0.9716258625E+000
 0.7676768   0.1877775329E+001   0.1215914844E+001   0.1009906744E+001   0.9912882042E+000
 0.7777778   0.1890911625E+001   0.1218694940E+001   0.1006522219E+001   0.9482638018E+000
 0.7878788   0.1904475040E+001   0.1256544398E+001   0.1014876726E+001   0.1023381477E+001
 0.7979798   0.1908576160E+001   0.1261712133E+001   0.9998498030E+000   0.9902738153E+000
 0.8080808   0.1932972066E+001   0.1232732666E+001   0.9988615963E+000   0.9835153715E+000
 0.8181818   0.1943664559E+001   0.1231828653E+001   0.9985143926E+000   0.1000999578E+001
 0.8282828   0.1962894322E+001   0.1237231181E+001   0.9968628740E+000   0.1008756852E+001
 0.8383838   0.1976639509E+001   0.1228977098E+001   0.1000437381E+001   0.9846822299E+000
 0.8484848   0.2015078965E+001   0.1243612585E+001   0.1011552703E+001   0.1022423097E+001
 0.8585859   0.2026440297E+001   0.1220222801E+001   0.1011174230E+001   0.9779082281E+000
 0.8686869   0.2031883684E+001   0.1259383476E+001   0.1004025045E+001   0.1000252788E+001
 0.8787879   0.2061837463E+001   0.1215148077E+001   0.9983044656E+000   0.9508651181E+000
 0.8888889   0.2086315105E+001   0.1198279212E+001   0.1002876700E+001   0.9604582499E+000
 0.8989899   0.2095352636E+001   0.1229605484E+001   0.1000841202E+001   0.9743640902E+000
 0.9090909   0.2126750342E+001   0.1267684065E+001   0.1008120312E+001   0.9795356065E+000
 0.9191919   0.2147287001E+001   0.1214652401E+001   0.1009628030E+001   0.9657915706E+000
 0.9292929   0.2161168604E+001   0.1254922392E+001   0.1012886305E+001   0.1005539435E+001
 0.9393939   0.2185267998E+001   0.1238553740E+001   0.1009128209E+001   0.9835838272E+000
 0.9494949   0.2204070042E+001   0.1262948487E+001   0.1013644656E+001   0.1020941965E+001
 0.9595960   0.2225275290E+001   0.1276095812E+001   0.1002981985E+001   0.9802699494E+000
 0.9696970   0.2261759180E+001   0.1257603806E+001   0.9951006266E+000   0.1009730790E+001
 0.9797980   0.2270549766E+001   0.1222693242E+001   0.9891380763E+000   0.1005250054E+001
 0.9898990   0.2304948786E+001   0.1250463576E+001   0.1003846415E+001   0.1000856443E+001
 1.0000000   0.2303940679E+001   0.1281558456E+001   0.9936274126E+000   0.1001562781E+001


 0.0000000   0.5634423674E-003   0.3728570169E+000   0.9767371696E+000   0.1025385601E+001
 0.0101010   0.5720547786E-003   0.3816743811E+000   0.9956211536E+000   0.1063329962E+001
 0.0202020   0.5475776972E-003   0.3899707848E+000   0.9957323465E+000   0.1060959177E+001
 0.0303030   0.4905560041E-003   0.3648426943E+000   0.9869538706E+000   0.1033281920E+001
 0.0404040   0.4263508092E-003   0.3764080199E+000   0.9925724280E+000   0.1031480218E+001
 0.0505051   0.3619053248E-003   0.3824054202E+000   0.1001197621E+001   0.1040850012E+001
 0.0606061   0.2855113967E-003   0.3770687505E+000   0.9895999537E+000   0.1042547815E+001
 0.0707071   0.2235087881E-003   0.3543938339E+000   0.1008873991E+001   0.1014577752E+001
 0.0808081   0.1696650373E-003   0.3897429175E+000   0.9881242556E+000   0.1046292899E+001
 0.0909091   0.1320783370E-003   0.3482592050E+000   0.9891716204E+000   0.1003349583E+001
 0.1010101   0.1056429509E-003   0.3799971421E+000   0.1000520265E+001   0.1076943083E+001
 0.1111111   0.8931473710E-004   0.3494112480E+000   0.9877532122E+000   0.9894649085E+000
 0.1212121   0.7895913992E-004   0.4151818901E+000   0.9964069284E+000   0.1038705916E+001
 0.1313131   0.7708668771E-004   0.4259517978E+000   0.9965339202E+000   0.1040462753E+001
 0.1414141   0.7802293512E-004   0.4382566333E+000   0.9837221688E+000   0.9831199899E+000
 0.1515152   0.8143764104E-004   0.4522844508E+000   0.1005680366E+001   0.1018502297E+001
 0.1616162   0.9001772370E-004   0.4254520144E+000   0.1001728333E+001   0.1044661214E+001
 0.1717172   0.9935239247E-004   0.4425014035E+000   0.9886998203E+000   0.1019061935E+001
 0.1818182   0.1145802088E-003   0.4633864180E+000   0.9983591810E+000   0.9853538168E+000
 0.1919192   0.1376363342E-003   0.5068175913E+000   0.9970989479E+000   0.1012180992E+001
 0.2020202   0.1673603366E-003   0.5695116009E+000   0.9966524088E+000   0.9995501885E+000
 0.2121212   0.2043627487E-003   0.5276085788E+000   0.9992904637E+000   0.9874294340E+000
 0.2222222   0.2533512120E-003   0.5916079548E+000   0.9960792080E+000   0.1039175823E+001
 0.2323232   0.3162584027E-003   0.6011038385E+000   0.9995099214E+000   0.9784303701E+000
 0.2424242   0.4082558622E-003   0.6360480128E+000   0.9971627135E+000   0.1008693294E+001
 0.2525253   0.5298956674E-003   0.6724864546E+000   0.9993765205E+000   0.1054493831E+001
 0.2626263   0.6882729388E-003   0.7515191444E+000   0.9983425766E+000   0.1029000812E+001
 0.2727273   0.9040548540E-003   0.7137855013E+000   0.9974167904E+000   0.9676484950E+000
 0.2828283   0.1200725282E-002   0.8252626016E+000   0.9941887945E+000   0.1003722675E+001
 0.2929293   0.1617471456E-002   0.8701956663E+000   0.9898557780E+000   0.1015482145E+001
 0.3030303   0.2173729249E-002   0.8824107103E+000   0.9941017063E+000   0.9644323509E+000
 0.3131313   0.2915191487E-002   0.9453351285E+000   0.1011601934E+001   0.1049204431E+001
 0.3232323   0.3981182294E-002   0.9688147810E+000   0.9963441694E+000   0.1016166933E+001
 0.3333333   0.5481615867E-002   0.1043349421E+001   0.9933001309E+000   0.1001259798E+001
 0.3434343   0.7515443365E-002   0.1056817311E+001   0.9928395080E+000   0.9666000604E+000
 0.3535354   0.1035092622E-001   0.1127834832E+001   0.9940945886E+000   0.9842156513E+000
 0.3636364   0.1444852622E-001   0.1045443428E+001   0.9927649779E+000   0.1019262649E+001
 0.3737374   0.2034993997E-001   0.1187312439E+001   0.9923562648E+000   0.9744680428E+000
 0.3838384   0.2820285169E-001   0.1227609378E+001   0.9955293484E+000   0.9867918724E+000
 0.3939394   0.3948590320E-001   0.1184503487E+001   0.9987585118E+000   0.1034670387E+001
 0.4040404   0.5574103329E-001   0.1180170619E+001   0.9929687820E+000   0.1006414602E+001
 0.4141414   0.7945137730E-001   0.1293805259E+001   0.9989883959E+000   0.1049154842E+001
 0.4242424   0.1127818475E+000   0.1301303704E+001   0.1000206847E+001   0.9867918724E+000
 0.4343434   0.1599523038E+000   0.1292951392E+001   0.9986067827E+000   0.9798400896E+000
 0.4444444   0.2285716832E+000   0.1296417686E+001   0.9963902605E+000   0.9996777008E+000
 0.4545455   0.3271332522E+000   0.1265795367E+001   0.9984068815E+000   0.9977957134E+000
 0.4646465   0.4690390151E+000   0.1153607558E+001   0.9999871898E+000   0.9846501377E+000
 0.4747475   0.6822948602E+000   0.1161487193E+001   0.1001468382E+001   0.1006343762E+001
 0.4848485   0.9838434710E+000   0.1282124729E+001   0.1001082722E+001   0.9696886921E+000
 0.4949495   0.1416361396E+001   0.1222366735E+001   0.1003899287E+001   0.1014714709E+001
 0.5050505   0.1699165854E+001   0.1246981489E+001   0.9908068550E+000   0.1012495050E+001
 0.5151515   0.1707142729E+001   0.1294626090E+001   0.9948164998E+000   0.1043957535E+001
 0.5252525   0.1694959771E+001   0.1212709057E+001   0.1002969176E+001   0.1023723219E+001
 0.5353535   0.1700622089E+001   0.1226782617E+001   0.1006887443E+001   0.9941592509E+000
 0.5454545   0.1697144224E+001   0.1277027786E+001   0.1006103447E+001   0.9628219175E+000
 0.5555556   0.1703924465E+001   0.1214370201E+001   0.1006956519E+001   0.9666543712E+000
 0.5656566   0.1703300891E+001   0.1263763197E+001   0.1003664953E+001   0.9821140593E+000
 0.5757576   0.1708219572E+001   0.1249226278E+001   0.9984158667E+000   0.9708906138E+000
 0.5858586   0.1708835081E+001   0.1212174543E+001   0.9994763196E+000   0.1005519654E+001
 0.5959596   0.1714344197E+001   0.1214658212E+001   0.9998953330E+000   0.9613767779E+000
 0.6060606   0.1724425401E+001   0.1224189674E+001   0.1008925392E+001   0.1004376766E+001
 0.6161616   0.1729301051E+001   0.1219525594E+001   0.1006099391E+001   0.9795095021E+000
 0.6262626   0.1727985866E+001   0.1240208153E+001   0.1004528554E+001   0.9516008334E+000
 0.6363636   0.1734666591E+001   0.1320131982E+001   0.9949746229E+000   0.9410787056E+000
 0.6464646   0.1751482582E+001   0.1243883679E+001   0.1005259378E+001   0.9882960455E+000
 0.6565657   0.1752249818E+001   0.1215126653E+001   0.1010732153E+001   0.1007748758E+001
 0.6666667   0.1754223815E+001   0.1236135343E+001   0.1003664953E+001   0.9821140593E+000
 0.6767677   0.1758404406E+001   0.1245876036E+001   0.9970099093E+000   0.9623543724E+000
 0.6868687   0.1770256188E+001   0.1213311338E+001   0.1006631411E+001   0.1021059628E+001
 0.6969697   0.1791188916E+001   0.1225262937E+001   0.9995494975E+000   0.9524485542E+000
 0.7070707   0.1795379574E+001   0.1223819495E+001   0.1009565628E+001   0.9844210878E+000
 0.7171717   0.1809881641E+001   0.1234669029E+001   0.9958723256E+000   0.9825154870E+000
 0.7272727   0.1812711866E+001   0.1238533456E+001   0.1006666398E+001   0.9641135701E+000
 0.7373737   0.1825074008E+001   0.1212870851E+001   0.9992109912E+000   0.9739438255E+000
 0.7474747   0.1846255327E+001   0.1222641192E+001   0.1005002138E+001   0.9557756812E+000
 0.7575758   0.1855805328E+001   0.1235222179E+001   0.1006093234E+001   0.9730205418E+000
 0.7676768   0.1873606585E+001   0.1220087215E+001   0.1011527105E+001   0.9929053798E+000
 0.7777778   0.1890811999E+001   0.1225533159E+001   0.1007989434E+001   0.9496716192E+000
 0.7878788   0.1908139007E+001   0.1266092696E+001   0.1011729719E+001   0.1020235520E+001
 0.7979798   0.1907905751E+001   0.1268412876E+001   0.1001497616E+001   0.9919325080E+000
 0.8080808   0.1929972832E+001   0.1237791405E+001   0.9982413586E+000   0.9829310827E+000
 0.8181818   0.1944800187E+001   0.1239529634E+001   0.1004011471E+001   0.1006537391E+001
 0.8282828   0.1964739274E+001   0.1245408442E+001   0.9977159805E+000   0.1009647275E+001
 0.8383838   0.1980126393E+001   0.1238118381E+001   0.1003261552E+001   0.9874884675E+000
 0.8484848   0.2017487362E+001   0.1252151281E+001   0.1015652562E+001   0.1026594607E+001
 0.8585859   0.2021166484E+001   0.1223940629E+001   0.1005924764E+001   0.9728576094E+000
 0.8686869   0.2032149260E+001   0.1266682271E+001   0.1005982983E+001   0.1002230309E+001
 0.8787879   0.2057113287E+001   0.1219230806E+001   0.1000651519E+001   0.9531262585E+000
 0.8888889   0.2079039934E+001   0.1200864191E+001   0.1011903250E+001   0.9691290547E+000
 0.8989899   0.2096298261E+001   0.1237128133E+001   0.1005097684E+001   0.9785342690E+000
 0.9090909   0.2120970608E+001   0.1271399717E+001   0.1005560831E+001   0.9770749614E+000
 0.9191919   0.2144645489E+001   0.1220029612E+001   0.1011507491E+001   0.9676154363E+000
 0.9292929   0.2160242556E+001   0.1261489606E+001   0.1011557129E+001   0.1004246892E+001
 0.9393939   0.2184595424E+001   0.1245185657E+001   0.1008014719E+001   0.9825249324E+000
 0.9494949   0.2205951709E+001   0.1271186250E+001   0.1010660723E+001   0.1017963912E+001
 0.9595960   0.2223456222E+001   0.1282274664E+001   0.1003319742E+001   0.9806264156E+000
 0.9696970   0.2255948451E+001   0.1261477747E+001   0.1000434577E+001   0.1015170448E+001
 0.9797980   0.2268564798E+001   0.1228543718E+001   0.9942141425E+000   0.1010435962E+001
 0.9898990   0.2297747872E+001   0.1253617595E+001   0.1002712988E+001   0.9997532637E+000
 1.0000000   0.2296478744E+001   0.1284643129E+001   0.9983928725E+000   0.1006393350E+001


 0.0000000   0.5556524854E-003   0.3702181646E+000   0.9812353089E+000   0.1030132932E+001
 0.0101010   0.5592986118E-003   0.3757169390E+000   0.9932706977E+000   0.1060845562E+001
 0.0202020   0.5379027788E-003   0.3857018758E+000   0.9937572162E+000   0.1058880518E+001
 0.0303030   0.4834209741E-003   0.3619963483E+000   0.9841022713E+000   0.1030321622E+001
 0.0404040   0.4180598057E-003   0.3716137995E+000   0.9918569857E+000   0.1030761899E+001
 0.0505051   0.3541512811E-003   0.3767727848E+000   0.9986616723E+000   0.1038238977E+001
 0.0606061   0.2789123660E-003   0.3708740994E+000   0.9906165427E+000   0.1043644278E+001
 0.0707071   0.2189855441E-003   0.3495977603E+000   0.1003251585E+001   0.1008948193E+001
 0.0808081   0.1663537923E-003   0.3847514120E+000   0.9855214212E+000   0.1043562322E+001
 0.0909091   0.1290960904E-003   0.3427249677E+000   0.9890486782E+000   0.1003249375E+001
 0.1010101   0.1030415999E-003   0.3731762891E+000   0.1002528755E+001   0.1079131336E+001
 0.1111111   0.8621121358E-004   0.3395776961E+000   0.9874671008E+000   0.9892024542E+000
 0.1212121   0.7652447647E-004   0.4051333559E+000   0.9932799969E+000   0.1035471524E+001
 0.1313131   0.7458953378E-004   0.4149737303E+000   0.9980981840E+000   0.1042121417E+001
 0.1414141   0.7504695984E-004   0.4244250023E+000   0.9848124329E+000   0.9842336180E+000
 0.1515152   0.7807900409E-004   0.4365986405E+000   0.1004495131E+001   0.1017326791E+001
 0.1616162   0.8647462395E-004   0.4115028823E+000   0.9950376572E+000   0.1037709121E+001
 0.1717172   0.9568618559E-004   0.4290888277E+000   0.9850432935E+000   0.1015317910E+001
 0.1818182   0.1106199084E-003   0.4504313684E+000   0.9962536248E+000   0.9832996979E+000
 0.1919192   0.1326836226E-003   0.4919234723E+000   0.9928480316E+000   0.1007890386E+001
 0.2020202   0.1608132961E-003   0.5509772028E+000   0.9942561105E+000   0.9971712704E+000
 0.2121212   0.1968319626E-003   0.5116434016E+000   0.9985374592E+000   0.9867094593E+000
 0.2222222   0.2453853215E-003   0.5769275003E+000   0.9920914271E+000   0.1035040778E+001
 0.2323232   0.3062326051E-003   0.5860308768E+000   0.9970299753E+000   0.9760265569E+000
 0.2424242   0.3917376221E-003   0.6144893991E+000   0.9956098466E+000   0.1007147062E+001
 0.2525253   0.5099712026E-003   0.6516290947E+000   0.9957044262E+000   0.1050644867E+001
 0.2626263   0.6664434451E-003   0.7326630615E+000   0.9995607954E+000   0.1030281597E+001
 0.2727273   0.8772414817E-003   0.6973547146E+000   0.9927535930E+000   0.9631479893E+000
 0.2828283   0.1168127235E-002   0.8083515981E+000   0.9901334304E+000   0.9996528295E+000
 0.2929293   0.1569535272E-002   0.8501841667E+000   0.9915497747E+000   0.1017244835E+001
 0.3030303   0.2116545936E-002   0.8650767935E+000   0.9908990621E+000   0.9613487636E+000
 0.3131313   0.2850447021E-002   0.9306648785E+000   0.1006431483E+001   0.1043867275E+001
 0.3232323   0.3900611654E-002   0.9557032171E+000   0.9946090968E+000   0.1014422109E+001
 0.3333333   0.5378164596E-002   0.1030663538E+001   0.9928804659E+000   0.1000861208E+001
 0.3434343   0.7393497889E-002   0.1046783594E+001   0.9945748057E+000   0.9683131392E+000
 0.3535354   0.1017429473E-001   0.1116174885E+001   0.9884942873E+000   0.9786949000E+000
 0.3636364   0.1421618250E-001   0.1035670530E+001   0.9968902954E+000   0.1023523065E+001
 0.3737374   0.2002197571E-001   0.1176170973E+001   0.9882555750E+000   0.9704649674E+000
 0.3838384   0.2787301130E-001   0.1221554102E+001   0.9926050149E+000   0.9839172288E+000
 0.3939394   0.3904604934E-001   0.1179323649E+001   0.9947902891E+000   0.1030584644E+001
 0.4040404   0.5533172580E-001   0.1179520902E+001   0.9901225464E+000   0.1003554328E+001
 0.4141414   0.7895353388E-001   0.1294495953E+001   0.9972159566E+000   0.1047318968E+001
 0.4242424   0.1118711634E+000   0.1299628593E+001   0.9988200268E+000   0.9854477141E+000
 0.4343434   0.1587427581E+000   0.1291954628E+001   0.9990624747E+000   0.9803111536E+000
 0.4444444   0.2277965273E+000   0.1300862102E+001   0.9998858813E+000   0.1003209350E+001
 0.4545455   0.3259916857E+000   0.1270009518E+001   0.9989610613E+000   0.9983739307E+000
 0.4646465   0.4677276574E+000   0.1158254020E+001   0.9980067816E+000   0.9827240982E+000
 0.4747475   0.6807362973E+000   0.1166763610E+001   0.1001446714E+001   0.1006346559E+001
 0.4848485   0.9807926082E+000   0.1286894944E+001   0.1000374115E+001   0.9690259680E+000
 0.4949495   0.1417022245E+001   0.1231305307E+001   0.1006496664E+001   0.1017364910E+001
 0.5050505   0.1694740770E+001   0.1252244559E+001   0.9958632910E+000   0.1017687017E+001
 0.5151515   0.1706146031E+001   0.1302723849E+001   0.9949949769E+000   0.1044170323E+001
 0.5252525   0.1694592587E+001   0.1220742796E+001   0.1001913924E+001   0.1022671101E+001
 0.5353535   0.1697281585E+001   0.1232750930E+001   0.1008674104E+001   0.9959476444E+000
 0.5454545   0.1698510231E+001   0.1286801046E+001   0.1008309621E+001   0.9649567447E+000
 0.5555556   0.1703518311E+001   0.1222388375E+001   0.1013520015E+001   0.9729789278E+000
 0.5656566   0.1701113710E+001   0.1270776915E+001   0.1006575818E+001   0.9849864720E+000
 0.5757576   0.1709036105E+001   0.1258375625E+001   0.1000384119E+001   0.9728283570E+000
 0.5858586   0.1707631138E+001   0.1219609265E+001   0.1002706315E+001   0.1008793811E+001
 0.5959596   0.1708175149E+001   0.1218568956E+001   0.1000585136E+001   0.9620634984E+000
 0.6060606   0.1722066485E+001   0.1230880401E+001   0.1010693713E+001   0.1006161681E+001
 0.6161616   0.1727526387E+001   0.1226610407E+001   0.1007949477E+001   0.9813346538E+000
 0.6262626   0.1729417209E+001   0.1249728903E+001   0.1008573029E+001   0.9554555372E+000
 0.6363636   0.1736564646E+001   0.1330619659E+001   0.9999801220E+000   0.9458361601E+000
 0.6464646   0.1751523139E+001   0.1252424249E+001   0.1006036582E+001   0.9890842847E+000
 0.6565657   0.1754361991E+001   0.1224916190E+001   0.1012374938E+001   0.1009411342E+001
 0.6666667   0.1756405644E+001   0.1246141865E+001   0.1005605846E+001   0.9840373042E+000
 0.6767677   0.1758423727E+001   0.1254415021E+001   0.9992570593E+000   0.9645469635E+000
 0.6868687   0.1773513773E+001   0.1223861695E+001   0.1004756960E+001   0.1019183195E+001
 0.6969697   0.1793736503E+001   0.1235401691E+001   0.9979843133E+000   0.9509803445E+000
 0.7070707   0.1797712103E+001   0.1233794617E+001   0.1012151613E+001   0.9869667638E+000
 0.7171717   0.1809959329E+001   0.1243170905E+001   0.9959338834E+000   0.9826002108E+000
 0.7272727   0.1815228887E+001   0.1248739935E+001   0.1011462453E+001   0.9687305443E+000
 0.7373737   0.1823173239E+001   0.1219898390E+001   0.9966128478E+000   0.9714351007E+000
 0.7474747   0.1849459905E+001   0.1233144086E+001   0.1009328507E+001   0.9599135762E+000
 0.7575758   0.1852985448E+001   0.1241784728E+001   0.1005812807E+001   0.9727730842E+000
 0.7676768   0.1871101485E+001   0.1226793474E+001   0.1006530181E+001   0.9880245712E+000
 0.7777778   0.1890685332E+001   0.1233836499E+001   0.1008010641E+001   0.9497147875E+000
 0.7878788   0.1906721642E+001   0.1273809347E+001   0.1012644124E+001   0.1021182547E+001
 0.7979798   0.1906946164E+001   0.1276449975E+001   0.1005996445E+001   0.9964126985E+000
 0.8080808   0.1933715048E+001   0.1248677786E+001   0.9988700590E+000   0.9835741561E+000
 0.8181818   0.1945950199E+001   0.1248749392E+001   0.1004072271E+001   0.1006622923E+001
 0.8282828   0.1965189471E+001   0.1254217768E+001   0.1000763830E+001   0.1012756300E+001
 0.8383838   0.1978896567E+001   0.1245816262E+001   0.1006771443E+001   0.9909673725E+000
 0.8484848   0.2015126851E+001   0.1259244350E+001   0.1016254637E+001   0.1027228250E+001
 0.8585859   0.2017621293E+001   0.1230154212E+001   0.1003958383E+001   0.9709795764E+000
 0.8686869   0.2033259611E+001   0.1276046686E+001   0.1006763190E+001   0.1003032095E+001
 0.8787879   0.2060787847E+001   0.1229766460E+001   0.1000485226E+001   0.9529911317E+000
 0.8888889   0.2083561645E+001   0.1211711025E+001   0.1011673397E+001   0.9689325760E+000
 0.8989899   0.2099015196E+001   0.1247207844E+001   0.1005504371E+001   0.9789541105E+000
 0.9090909   0.2126469991E+001   0.1283418692E+001   0.1009918091E+001   0.9813327478E+000
 0.9191919   0.2141925116E+001   0.1226819820E+001   0.1012546845E+001   0.9686333404E+000
 0.9292929   0.2161419086E+001   0.1270813393E+001   0.1011230318E+001   0.1003946956E+001
 0.9393939   0.2179760312E+001   0.1250931338E+001   0.1008470140E+001   0.9829928385E+000
 0.9494949   0.2207817573E+001   0.1280967211E+001   0.1011507842E+001   0.1018842029E+001
 0.9595960   0.2225922303E+001   0.1292480862E+001   0.1003245697E+001   0.9805779879E+000
 0.9696970   0.2252740858E+001   0.1268303818E+001   0.1004631265E+001   0.1019453842E+001
 0.9797980   0.2269613559E+001   0.1237522164E+001   0.9985132405E+000   0.1014829984E+001
 0.9898990   0.2303633367E+001   0.1265428783E+001   0.1005055594E+001   0.1002113423E+001
 1.0000000   0.2300665360E+001   0.1295791610E+001   0.9993052736E+000   0.1007337658E+001


 0.0000000   0.5591159862E-003   0.3749659846E+000   0.9840746537E+000   0.1033102736E+001
 0.0101010   0.5618082919E-003   0.3798749703E+000   0.9925740304E+000   0.1060090177E+001
 0.0202020   0.5389893061E-003   0.3890125496E+000   0.9896323645E+000   0.1054474093E+001
 0.0303030   0.4868641568E-003   0.3669627684E+000   0.9851159780E+000   0.1031371924E+001
 0.0404040   0.4212649208E-003   0.3769156887E+000   0.9938821586E+000   0.1032855477E+001
 0.0505051   0.3550266723E-003   0.3801781823E+000   0.9999791962E+000   0.1039597612E+001
 0.0606061   0.2798828382E-003   0.3746023561E+000   0.9894379666E+000   0.1042391480E+001
 0.0707071   0.2193462197E-003   0.3524673141E+000   0.1000567515E+001   0.1006238137E+001
 0.0808081   0.1667797401E-003   0.3882632715E+000   0.9864980504E+000   0.1044585312E+001
 0.0909091   0.1299816888E-003   0.3473364247E+000   0.9920693870E+000   0.1006302708E+001
 0.1010101   0.1036332086E-003   0.3777773303E+000   0.1001102075E+001   0.1077584136E+001
 0.1111111   0.8675490329E-004   0.3439576152E+000   0.9908232029E+000   0.9925538539E+000
 0.1212121   0.7743196759E-004   0.4126229975E+000   0.9923643828E+000   0.1034505969E+001
 0.1313131   0.7483502624E-004   0.4190666764E+000   0.9991096262E+000   0.1043166330E+001
 0.1414141   0.7574143887E-004   0.4311584554E+000   0.9912067330E+000   0.9906135803E+000
 0.1515152   0.7858534912E-004   0.4423084140E+000   0.1001627657E+001   0.1014411854E+001
 0.1616162   0.8602253685E-004   0.4120329480E+000   0.9969135043E+000   0.1039654309E+001
 0.1717172   0.9499448382E-004   0.4287773659E+000   0.9866714414E+000   0.1016985236E+001
 0.1818182   0.1090195565E-003   0.4468227158E+000   0.1000701861E+001   0.9876795466E+000
 0.1919192   0.1302395892E-003   0.4860251501E+000   0.9950087091E+000   0.1010073012E+001
 0.2020202   0.1568360980E-003   0.5408703883E+000   0.9978173819E+000   0.1000732296E+001
 0.2121212   0.1908965407E-003   0.4994652910E+000   0.9947261573E+000   0.9829328060E+000
 0.2222222   0.2393752216E-003   0.5664836166E+000   0.9923321057E+000   0.1035280819E+001
 0.2323232   0.2958792477E-003   0.5699267951E+000   0.9965904891E+000   0.9755859098E+000
 0.2424242   0.3795608901E-003   0.5992886725E+000   0.9991123389E+000   0.1010679347E+001
 0.2525253   0.4921974215E-003   0.6330378076E+000   0.9920141312E+000   0.1046739772E+001
 0.2626263   0.6403690856E-003   0.7086093094E+000   0.9985115537E+000   0.1029189116E+001
 0.2727273   0.8466974959E-003   0.6774829301E+000   0.9929096570E+000   0.9632891114E+000
 0.2828283   0.1122133316E-002   0.7816100025E+000   0.9916203413E+000   0.1001143344E+001
 0.2929293   0.1509832202E-002   0.8232014313E+000   0.9948089583E+000   0.1020577577E+001
 0.3030303   0.2034404340E-002   0.8369504306E+000   0.9929551100E+000   0.9633332085E+000
 0.3131313   0.2740664638E-002   0.9006825478E+000   0.1005127156E+001   0.1042503298E+001
 0.3232323   0.3766464180E-002   0.9288801362E+000   0.9977751802E+000   0.1017640394E+001
 0.3333333   0.5180516787E-002   0.9992896934E+000   0.9946692586E+000   0.1002653671E+001
 0.3434343   0.7150820322E-002   0.1019056633E+001   0.9947907581E+000   0.9685130459E+000
 0.3535354   0.9874027683E-002   0.1090329525E+001   0.9911897735E+000   0.9813531839E+000
 0.3636364   0.1377600035E-001   0.1010176529E+001   0.9978837751E+000   0.1024532144E+001
 0.3737374   0.1951492412E-001   0.1153893944E+001   0.9904466426E+000   0.9726062041E+000
 0.3838384   0.2712064591E-001   0.1196366777E+001   0.9954181818E+000   0.9866952357E+000
 0.3939394   0.3816626407E-001   0.1160302051E+001   0.9972878199E+000   0.1033161007E+001
 0.4040404   0.5420812788E-001   0.1163138241E+001   0.9947621767E+000   0.1008246131E+001
 0.4141414   0.7751927714E-001   0.1279305710E+001   0.9980472209E+000   0.1048180803E+001
 0.4242424   0.1098687031E+000   0.1284726260E+001   0.9995604021E+000   0.9861676451E+000
 0.4343434   0.1565656912E+000   0.1282582884E+001   0.1000050051E+001   0.9812697144E+000
 0.4444444   0.2252016965E+000   0.1294468005E+001   0.9955518980E+000   0.9988502934E+000
 0.4545455   0.3233986406E+000   0.1268160268E+001   0.9999164026E+000   0.9993180380E+000
 0.4646465   0.4650954568E+000   0.1159280051E+001   0.9985188884E+000   0.9832178624E+000
 0.4747475   0.6776086564E+000   0.1169010503E+001   0.9990895451E+000   0.1003967135E+001
 0.4848485   0.9775570453E+000   0.1291051364E+001   0.1000946232E+001   0.9695698020E+000
 0.4949495   0.1417441408E+001   0.1239737388E+001   0.1006921743E+001   0.1017783709E+001
 0.5050505   0.1694119114E+001   0.1259984837E+001   0.9974696176E+000   0.1019317659E+001
 0.5151515   0.1705667615E+001   0.1310889448E+001   0.9978577697E+000   0.1047163419E+001
 0.5252525   0.1693439644E+001   0.1227903085E+001   0.1001993582E+001   0.1022741486E+001
 0.5353535   0.1696814512E+001   0.1240484408E+001   0.1007192035E+001   0.9944736537E+000
 0.5454545   0.1697344340E+001   0.1294340960E+001   0.1009699653E+001   0.9662766916E+000
 0.5555556   0.1703551109E+001   0.1230419124E+001   0.1011119800E+001   0.9706643556E+000
 0.5656566   0.1700714710E+001   0.1278800921E+001   0.1006657384E+001   0.9850557676E+000
 0.5757576   0.1709431271E+001   0.1266911283E+001   0.1002569729E+001   0.9749433517E+000
 0.5858586   0.1708300409E+001   0.1228079253E+001   0.1002900559E+001   0.1008978458E+001
 0.5959596   0.1708583737E+001   0.1226844384E+001   0.9986076776E+000   0.9601519159E+000
 0.6060606   0.1722661173E+001   0.1239370937E+001   0.1009349591E+001   0.1004812855E+001
 0.6161616   0.1728596585E+001   0.1235409983E+001   0.1005782537E+001   0.9792144733E+000
 0.6262626   0.1729703397E+001   0.1258123217E+001   0.1005125900E+001   0.9521797855E+000
 0.6363636   0.1738962042E+001   0.1341184676E+001   0.9971184922E+000   0.9431194011E+000
 0.6464646   0.1749832383E+001   0.1259411162E+001   0.1003590072E+001   0.9866684625E+000
 0.6565657   0.1752418305E+001   0.1231573814E+001   0.1013343165E+001   0.1010365943E+001
 0.6666667   0.1758310408E+001   0.1255664771E+001   0.1006396655E+001   0.9848006342E+000
 0.6767677   0.1760879522E+001   0.1264395245E+001   0.1000475616E+001   0.9657128784E+000
 0.6868687   0.1775683051E+001   0.1233385181E+001   0.1000625885E+001   0.1014981967E+001
 0.6969697   0.1794098879E+001   0.1243745208E+001   0.9997693709E+000   0.9526711535E+000
 0.7070707   0.1801063890E+001   0.1244191838E+001   0.1010856758E+001   0.9856936010E+000
 0.7171717   0.1810633294E+001   0.1251780044E+001   0.9938744334E+000   0.9805578608E+000
 0.7272727   0.1816518630E+001   0.1257812664E+001   0.1008480304E+001   0.9658640685E+000
 0.7373737   0.1826009225E+001   0.1229799149E+001   0.9969815478E+000   0.9717841077E+000
 0.7474747   0.1853238670E+001   0.1243757630E+001   0.1009336532E+001   0.9599109566E+000
 0.7575758   0.1853174845E+001   0.1250046597E+001   0.1007723959E+001   0.9746110484E+000
 0.7676768   0.1869607851E+001   0.1233843669E+001   0.1005239628E+001   0.9867472073E+000
 0.7777778   0.1888074786E+001   0.1240203782E+001   0.1004217177E+001   0.9461306048E+000
 0.7878788   0.1907365626E+001   0.1282586272E+001   0.1011744234E+001   0.1020264173E+001
 0.7979798   0.1908436760E+001   0.1285815452E+001   0.1003562914E+001   0.9939917351E+000
 0.8080808   0.1934027289E+001   0.1257059998E+001   0.9999727486E+000   0.9846494441E+000
 0.8181818   0.1947900267E+001   0.1258188715E+001   0.1005075308E+001   0.1007617747E+001
 0.8282828   0.1968034341E+001   0.1264260860E+001   0.1002606574E+001   0.1014610291E+001
 0.8383838   0.1979928849E+001   0.1254630914E+001   0.1002405079E+001   0.9866590131E+000
 0.8484848   0.2013861153E+001   0.1266696720E+001   0.1014790097E+001   0.1025736941E+001
 0.8585859   0.2016644437E+001   0.1237612646E+001   0.1003011354E+001   0.9700532955E+000
 0.8686869   0.2036979408E+001   0.1286755014E+001   0.1006460498E+001   0.1002719816E+001
 0.8787879   0.2061095702E+001   0.1238006765E+001   0.1001862987E+001   0.9542932977E+000
 0.8888889   0.2082925798E+001   0.1219275941E+001   0.1012079864E+001   0.9693115188E+000
 0.8989899   0.2101439434E+001   0.1256827366E+001   0.1006262972E+001   0.9796822178E+000
 0.9090909   0.2126579608E+001   0.1291892114E+001   0.1006641876E+001   0.9781388184E+000
 0.9191919   0.2140353461E+001   0.1233949822E+001   0.1012581724E+001   0.9686563615E+000
 0.9292929   0.2164967987E+001   0.1281237910E+001   0.1009124644E+001   0.1001845748E+001
 0.9393939   0.2176385196E+001   0.1257175750E+001   0.1005108685E+001   0.9797058413E+000
 0.9494949   0.2213215571E+001   0.1292510396E+001   0.1010094238E+001   0.1017407309E+001
 0.9595960   0.2223860992E+001   0.1299742313E+001   0.9992010715E+000   0.9766143178E+000
 0.9696970   0.2252202116E+001   0.1276306339E+001   0.1003634006E+001   0.1018430992E+001
 0.9797980   0.2268938527E+001   0.1245257880E+001   0.9992483439E+000   0.1015566254E+001
 0.9898990   0.2301662903E+001   0.1272628270E+001   0.1004324002E+001   0.1001373279E+001
 1.0000000   0.2301461646E+001   0.1304730913E+001   0.9951395278E+000   0.1003127715E+001


 0.0000000   0.5888531580E-003   0.3935241452E+000   0.9848124637E+000   0.1033880663E+001
 0.0101010   0.5899815724E-003   0.3975258681E+000   0.9910310840E+000   0.1058445716E+001
 0.0202020   0.5666108986E-003   0.4075142507E+000   0.9889539019E+000   0.1053754600E+001
 0.0303030   0.5130285731E-003   0.3853276446E+000   0.9870115542E+000   0.1033359863E+001
 0.0404040   0.4423123399E-003   0.3943595728E+000   0.9913875461E+000   0.1030266390E+001
 0.0505051   0.3717914428E-003   0.3967345393E+000   0.1001575575E+001   0.1041260621E+001
 0.0606061   0.2954934870E-003   0.3941091895E+000   0.9930668828E+000   0.1046218010E+001
 0.0707071   0.2299207071E-003   0.3681638941E+000   0.9981186804E+000   0.1003778685E+001
 0.0808081   0.1742750396E-003   0.4042896470E+000   0.9822801502E+000   0.1040122432E+001
 0.0909091   0.1355939847E-003   0.3610630042E+000   0.9892149726E+000   0.1003410600E+001
 0.1010101   0.1083372648E-003   0.3935403148E+000   0.1001520208E+001   0.1078037715E+001
 0.1111111   0.9077984912E-004   0.3586532487E+000   0.9892937594E+000   0.9910249584E+000
 0.1212121   0.8077583643E-004   0.4289325573E+000   0.9944044849E+000   0.1036636074E+001
 0.1313131   0.7732437661E-004   0.4314883289E+000   0.1001481610E+001   0.1045646305E+001
 0.1414141   0.7862310579E-004   0.4459929206E+000   0.9900949049E+000   0.9895056321E+000
 0.1515152   0.8084394057E-004   0.4534250416E+000   0.9989032374E+000   0.1011655948E+001
 0.1616162   0.8790544521E-004   0.4195752778E+000   0.9959948994E+000   0.1038699695E+001
 0.1717172   0.9693643324E-004   0.4360084579E+000   0.9883133255E+000   0.1018680874E+001
 0.1818182   0.1115676638E-003   0.4556628117E+000   0.1001098018E+001   0.9880737584E+000
 0.1919192   0.1320445696E-003   0.4910330049E+000   0.9935483310E+000   0.1008593800E+001
 0.2020202   0.1590762105E-003   0.5466719954E+000   0.9961247542E+000   0.9990379689E+000
 0.2121212   0.1927994092E-003   0.5026750932E+000   0.9956563312E+000   0.9838551480E+000
 0.2222222   0.2418370141E-003   0.5703025928E+000   0.9918913689E+000   0.1034824368E+001
 0.2323232   0.2979647496E-003   0.5719313092E+000   0.9960916457E+000   0.9751007480E+000
 0.2424242   0.3824260159E-003   0.6016950724E+000   0.9980009683E+000   0.1009558390E+001
 0.2525253   0.4947833553E-003   0.6341322040E+000   0.9928350880E+000   0.1047609421E+001
 0.2626263   0.6427682031E-003   0.7087699459E+000   0.9986467610E+000   0.1029331821E+001
 0.2727273   0.8481509860E-003   0.6762661761E+000   0.9922367448E+000   0.9626394008E+000
 0.2828283   0.1127647722E-002   0.7826967169E+000   0.9930379687E+000   0.1002577843E+001
 0.2929293   0.1512190000E-002   0.8215957956E+000   0.9936986714E+000   0.1019441842E+001
 0.3030303   0.2039476700E-002   0.8360949974E+000   0.9927076330E+000   0.9630962429E+000
 0.3131313   0.2752151012E-002   0.9012857922E+000   0.1001743597E+001   0.1038997295E+001
 0.3232323   0.3764430711E-002   0.9251231641E+000   0.9973574723E+000   0.1017217674E+001
 0.3333333   0.5180213902E-002   0.9957273340E+000   0.9938112948E+000   0.1001792074E+001
 0.3434343   0.7151106264E-002   0.1015523784E+001   0.9966122228E+000   0.9702895481E+000
 0.3535354   0.9897971867E-002   0.1089140883E+001   0.9911230454E+000   0.9812903059E+000
 0.3636364   0.1377592301E-001   0.1006628562E+001   0.9957029998E+000   0.1022296453E+001
 0.3737374   0.1949091014E-001   0.1148432726E+001   0.9908423749E+000   0.9729979691E+000
 0.3838384   0.2713968090E-001   0.1193008303E+001   0.9958075203E+000   0.9870843690E+000
 0.3939394   0.3818515592E-001   0.1156805622E+001   0.9958499511E+000   0.1031674769E+001
 0.4040404   0.5416321287E-001   0.1158099187E+001   0.9967052782E+000   0.1010218853E+001
 0.4141414   0.7732139516E-001   0.1271565450E+001   0.9941107311E+000   0.1044049968E+001
 0.4242424   0.1099040985E+000   0.1280633637E+001   0.9996885654E+000   0.9862972953E+000
 0.4343434   0.1563828444E+000   0.1276592715E+001   0.9988679113E+000   0.9801129585E+000
 0.4444444   0.2250459895E+000   0.1289036912E+001   0.9950227991E+000   0.9983226846E+000
 0.4545455   0.3233255648E+000   0.1263427748E+001   0.1000108317E+001   0.9995130846E+000
 0.4646465   0.4645958654E+000   0.1153973988E+001   0.9983701538E+000   0.9830746006E+000
 0.4747475   0.6765462645E+000   0.1163084804E+001   0.9969477911E+000   0.1001818179E+001
 0.4848485   0.9766892856E+000   0.1285382100E+001   0.9993022910E+000   0.9679805376E+000
 0.4949495   0.1417124469E+001   0.1235113856E+001   0.1006659359E+001   0.1017521800E+001
 0.5050505   0.1693876953E+001   0.1255387063E+001   0.9989111622E+000   0.1020794095E+001
 0.5151515   0.1701774663E+001   0.1303311210E+001   0.9971862275E+000   0.1046462095E+001
 0.5252525   0.1692410805E+001   0.1222853894E+001   0.1002546656E+001   0.1023309337E+001
 0.5353535   0.1697729928E+001   0.1236801370E+001   0.1006494546E+001   0.9937882005E+000
 0.5454545   0.1695053447E+001   0.1288061348E+001   0.1006528497E+001   0.9632450429E+000
 0.5555556   0.1702094858E+001   0.1225056385E+001   0.1008057076E+001   0.9677273165E+000
 0.5656566   0.1697023330E+001   0.1271550750E+001   0.1005436506E+001   0.9838642848E+000
 0.5757576   0.1708893406E+001   0.1262071464E+001   0.1004007488E+001   0.9763446638E+000
 0.5858586   0.1709415009E+001   0.1224571298E+001   0.1003857766E+001   0.1009944748E+001
 0.5959596   0.1709285601E+001   0.1223044499E+001   0.9971868046E+000   0.9587888745E+000
 0.6060606   0.1721478461E+001   0.1234177001E+001   0.1010486610E+001   0.1005948032E+001
 0.6161616   0.1729077470E+001   0.1231420334E+001   0.1003776780E+001   0.9772648743E+000
 0.6262626   0.1731303345E+001   0.1254871107E+001   0.1004036092E+001   0.9511504746E+000
 0.6363636   0.1739490209E+001   0.1336887561E+001   0.9965437134E+000   0.9425788115E+000
 0.6464646   0.1748775774E+001   0.1254237064E+001   0.1001930759E+001   0.9850403269E+000
 0.6565657   0.1752495005E+001   0.1227308854E+001   0.1011473495E+001   0.1008505042E+001
 0.6666667   0.1758069761E+001   0.1251090368E+001   0.1007370636E+001   0.9857569164E+000
 0.6767677   0.1762780640E+001   0.1261321784E+001   0.1000276722E+001   0.9655240323E+000
 0.6868687   0.1776065194E+001   0.1229324660E+001   0.1002058494E+001   0.1016438432E+001
 0.6969697   0.1792752279E+001   0.1238453606E+001   0.1000335905E+001   0.9532140956E+000
 0.7070707   0.1800747263E+001   0.1239610955E+001   0.1011416357E+001   0.9862424742E+000
 0.7171717   0.1810863681E+001   0.1247549233E+001   0.9980626167E+000   0.9846931269E+000
 0.7272727   0.1815819370E+001   0.1252919489E+001   0.1005463069E+001   0.9629774640E+000
 0.7373737   0.1827567091E+001   0.1226532225E+001   0.1000921933E+001   0.9756280744E+000
 0.7474747   0.1852638781E+001   0.1238995042E+001   0.1007855574E+001   0.9585056324E+000
 0.7575758   0.1854223999E+001   0.1246368364E+001   0.1007819440E+001   0.9747065586E+000
 0.7676768   0.1870676578E+001   0.1230219867E+001   0.1008144873E+001   0.9896022216E+000
 0.7777778   0.1889230390E+001   0.1236611255E+001   0.1005824944E+001   0.9476484536E+000
 0.7878788   0.1906853655E+001   0.1277745654E+001   0.1013307107E+001   0.1021843527E+001
 0.7979798   0.1909680082E+001   0.1282141327E+001   0.1006261287E+001   0.9966676110E+000
 0.8080808   0.1935889072E+001   0.1253857814E+001   0.1003993229E+001   0.9886115269E+000
 0.8181818   0.1949903527E+001   0.1255066121E+001   0.1003423472E+001   0.1005965000E+001
 0.8282828   0.1970931122E+001   0.1261681924E+001   0.1003717192E+001   0.1015737506E+001
 0.8383838   0.1981535155E+001   0.1251245694E+001   0.1004336425E+001   0.9885632321E+000
 0.8484848   0.2011174024E+001   0.1260570634E+001   0.1011611606E+001   0.1022527484E+001
 0.8585859   0.2016596657E+001   0.1233243576E+001   0.1005016309E+001   0.9719955270E+000
 0.8686869   0.2039558878E+001   0.1283866570E+001   0.1006010775E+001   0.1002275021E+001
 0.8787879   0.2061107851E+001   0.1233672804E+001   0.1003651008E+001   0.9559995272E+000
 0.8888889   0.2081323056E+001   0.1214065489E+001   0.1011541380E+001   0.9687989376E+000
 0.8989899   0.2101528318E+001   0.1252473111E+001   0.1005817285E+001   0.9792514848E+000
 0.9090909   0.2125458931E+001   0.1286683505E+001   0.1008813998E+001   0.9802526217E+000
 0.9191919   0.2139981173E+001   0.1229408938E+001   0.1012221265E+001   0.9683146850E+000
 0.9292929   0.2161021399E+001   0.1274417663E+001   0.1007802520E+001   0.1000536411E+001
 0.9393939   0.2178066046E+001   0.1253734827E+001   0.1008564194E+001   0.9830772111E+000
 0.9494949   0.2215158029E+001   0.1289108450E+001   0.1010449545E+001   0.1017768495E+001
 0.9595960   0.2223555904E+001   0.1295006912E+001   0.1001443259E+001   0.9788090006E+000
 0.9696970   0.2253277565E+001   0.1272438116E+001   0.1005464283E+001   0.1020291569E+001
 0.9797980   0.2271868343E+001   0.1242493548E+001   0.1003441119E+001   0.1019830811E+001
 0.9898990   0.2297959475E+001   0.1266125125E+001   0.1002631799E+001   0.9996892952E+000
 1.0000000   0.2304729793E+001   0.1302001965E+001   0.9988029985E+000   0.1006823864E+001


 0.0000000   0.5887256871E-003   0.3923791463E+000   0.9860632589E+000   0.1035187642E+001
 0.0101010   0.5902184764E-003   0.3966142421E+000   0.9915086783E+000   0.1058949520E+001
 0.0202020   0.5653971921E-003   0.4055459616E+000   0.9897553309E+000   0.1054602290E+001
 0.0303030   0.5120264712E-003   0.3835390473E+000   0.9870506218E+000   0.1033394639E+001
 0.0404040   0.4407361790E-003   0.3918957836E+000   0.9908525501E+000   0.1029704308E+001
 0.0505051   0.3694927725E-003   0.3932195722E+000   0.9994572753E+000   0.1039052229E+001
 0.0606061   0.2965443132E-003   0.3944453182E+000   0.9970200952E+000   0.1050376580E+001
 0.0707071   0.2290707032E-003   0.3658147517E+000   0.9960092704E+000   0.1001651374E+001
 0.0808081   0.1739573230E-003   0.4024655416E+000   0.9842775357E+000   0.1042231255E+001
 0.0909091   0.1350778479E-003   0.3587197245E+000   0.9892066681E+000   0.1003396228E+001
 0.1010101   0.1087543052E-003   0.3939910686E+000   0.9993851238E+000   0.1075733130E+001
 0.1111111   0.9119251700E-004   0.3593131175E+000   0.9894291796E+000   0.9911547392E+000
 0.1212121   0.8134296627E-004   0.4307805738E+000   0.9958648340E+000   0.1038152288E+001
 0.1313131   0.7774516300E-004   0.4326677859E+000   0.1000519239E+001   0.1044635301E+001
 0.1414141   0.7924740015E-004   0.4483233409E+000   0.9890413978E+000   0.9884468917E+000
 0.1515152   0.8142562667E-004   0.4554573281E+000   0.9982811565E+000   0.1011019931E+001
 0.1616162   0.8887125641E-004   0.4230424903E+000   0.9964971448E+000   0.1039217313E+001
 0.1717172   0.9852310933E-004   0.4419514311E+000   0.9886056078E+000   0.1018976096E+001
 0.1818182   0.1134806682E-003   0.4622274020E+000   0.1000370413E+001   0.9873497663E+000
 0.1919192   0.1344836813E-003   0.4987561739E+000   0.9933455940E+000   0.1008382015E+001
 0.2020202   0.1620371145E-003   0.5553472782E+000   0.9976253813E+000   0.1000537053E+001
 0.2121212   0.1962296540E-003   0.5102404249E+000   0.9962925413E+000   0.9844779805E+000
 0.2222222   0.2471001274E-003   0.5811444577E+000   0.9895938922E+000   0.1032421327E+001
 0.2323232   0.3043562128E-003   0.5826257993E+000   0.9953381680E+000   0.9743573717E+000
 0.2424242   0.3915132974E-003   0.6143333608E+000   0.9979455419E+000   0.1009496336E+001
 0.2525253   0.5055699776E-003   0.6462113193E+000   0.9947496456E+000   0.1049623381E+001
 0.2626263   0.6574059872E-003   0.7229580889E+000   0.1001012784E+001   0.1031764427E+001
 0.2727273   0.8661476734E-003   0.6887553659E+000   0.9909502828E+000   0.9613856127E+000
 0.2828283   0.1148740479E-002   0.7951893353E+000   0.9933321201E+000   0.1002868874E+001
 0.2929293   0.1538376637E-002   0.8335719250E+000   0.9916469932E+000   0.1017330981E+001
 0.3030303   0.2069960952E-002   0.8463063255E+000   0.9936563217E+000   0.9640109179E+000
 0.3131313   0.2795341636E-002   0.9129641310E+000   0.1001123832E+001   0.1038348326E+001
 0.3232323   0.3813627610E-002   0.9346889054E+000   0.9989177550E+000   0.1018802986E+001
 0.3333333   0.5238118489E-002   0.1004145419E+001   0.9943463368E+000   0.1002325470E+001
 0.3434343   0.7225222670E-002   0.1023285124E+001   0.9973920973E+000   0.9710430672E+000
 0.3535354   0.9977808567E-002   0.1094968359E+001   0.9926232620E+000   0.9827698125E+000
 0.3636364   0.1389366546E-001   0.1012497446E+001   0.9957979193E+000   0.1022387846E+001
 0.3737374   0.1953593526E-001   0.1147984978E+001   0.9914001970E+000   0.9735399732E+000
 0.3838384   0.2730787122E-001   0.1197168089E+001   0.9960522546E+000   0.9873211058E+000
 0.3939394   0.3835891135E-001   0.1158939199E+001   0.9957465297E+000   0.1031561511E+001
 0.4040404   0.5427603859E-001   0.1157385503E+001   0.9993192198E+000   0.1012862230E+001
 0.4141414   0.7736459635E-001   0.1268848756E+001   0.9944960338E+000   0.1044448435E+001
 0.4242424   0.1102977244E+000   0.1281758263E+001   0.9995876458E+000   0.9861918806E+000
 0.4343434   0.1562735291E+000   0.1272263976E+001   0.9989363636E+000   0.9801743143E+000
 0.4444444   0.2254337239E+000   0.1287779532E+001   0.9966301614E+000   0.9999294492E+000
 0.4545455   0.3238244556E+000   0.1261968652E+001   0.9985452124E+000   0.9979449936E+000
 0.4646465   0.4648350462E+000   0.1151457996E+001   0.9971304715E+000   0.9818480897E+000
 0.4747475   0.6759863830E+000   0.1158991860E+001   0.9972634432E+000   0.1002129432E+001
 0.4848485   0.9766119927E+000   0.1281818202E+001   0.9979334125E+000   0.9666488337E+000
 0.4949495   0.1415806075E+001   0.1230640845E+001   0.1003977924E+001   0.1014805414E+001
 0.5050505   0.1696966793E+001   0.1254289223E+001   0.9989565698E+000   0.1020834445E+001
 0.5151515   0.1702248576E+001   0.1300162435E+001   0.9990389460E+000   0.1048400149E+001
 0.5252525   0.1694446916E+001   0.1221027109E+001   0.1004109537E+001   0.1024898509E+001
 0.5353535   0.1698635287E+001   0.1234127563E+001   0.1007154072E+001   0.9944335047E+000
 0.5454545   0.1694868108E+001   0.1284451222E+001   0.1005412060E+001   0.9621709114E+000
 0.5555556   0.1701808259E+001   0.1221550716E+001   0.1008947077E+001   0.9685759682E+000
 0.5656566   0.1695451307E+001   0.1266950841E+001   0.1003391425E+001   0.9818572610E+000
 0.5757576   0.1708504830E+001   0.1258385603E+001   0.1005493593E+001   0.9777840255E+000
 0.5858586   0.1708340223E+001   0.1220504786E+001   0.1003600330E+001   0.1009679764E+001
 0.5959596   0.1707498943E+001   0.1218475005E+001   0.9966359908E+000   0.9582535892E+000
 0.6060606   0.1720274098E+001   0.1229991366E+001   0.1006826036E+001   0.1002297956E+001
 0.6161616   0.1727396999E+001   0.1226909662E+001   0.1004936528E+001   0.9783881896E+000
 0.6262626   0.1731448589E+001   0.1251595835E+001   0.1001853935E+001   0.9490776317E+000
 0.6363636   0.1738523741E+001   0.1332545591E+001   0.9954803241E+000   0.9415674246E+000
 0.6464646   0.1747138834E+001   0.1249687645E+001   0.1001412517E+001   0.9845249838E+000
 0.6565657   0.1751599751E+001   0.1223377561E+001   0.1011671147E+001   0.1008696134E+001
 0.6666667   0.1759602133E+001   0.1248807830E+001   0.1007326712E+001   0.9857080908E+000
 0.6767677   0.1764660219E+001   0.1259265417E+001   0.9989894233E+000   0.9642757412E+000
 0.6868687   0.1775816397E+001   0.1225841469E+001   0.1002355523E+001   0.1016733695E+001
 0.6969697   0.1792097061E+001   0.1234666155E+001   0.1000933578E+001   0.9537779598E+000
 0.7070707   0.1799219192E+001   0.1235222729E+001   0.1008758083E+001   0.9836445321E+000
 0.7171717   0.1812152944E+001   0.1245074507E+001   0.9982711069E+000   0.9848929851E+000
 0.7272727   0.1817788114E+001   0.1250899262E+001   0.1004668784E+001   0.9622110362E+000
 0.7373737   0.1828583905E+001   0.1223908875E+001   0.1003874820E+001   0.9785005389E+000
 0.7474747   0.1853374657E+001   0.1236148353E+001   0.1010238883E+001   0.9607665451E+000
 0.7575758   0.1851066336E+001   0.1240894212E+001   0.1006727060E+001   0.9736442976E+000
 0.7676768   0.1871179568E+001   0.1227235900E+001   0.1007340588E+001   0.9888068680E+000
 0.7777778   0.1889451575E+001   0.1233424568E+001   0.1004294862E+001   0.9462012602E+000
 0.7878788   0.1909180255E+001   0.1275858585E+001   0.1011579188E+001   0.1020095003E+001
 0.7979798   0.1911235238E+001   0.1279728911E+001   0.1007367115E+001   0.9977569805E+000
 0.8080808   0.1935383768E+001   0.1250153882E+001   0.1004617862E+001   0.9892207262E+000
 0.8181818   0.1951198726E+001   0.1252516750E+001   0.1003921497E+001   0.1006458320E+001
 0.8282828   0.1969467116E+001   0.1257348664E+001   0.1005915180E+001   0.1017955781E+001
 0.8383838   0.1982692503E+001   0.1248604039E+001   0.1007175583E+001   0.9913519237E+000
 0.8484848   0.2009834058E+001   0.1256337413E+001   0.1008670067E+001   0.1019548160E+001
 0.8585859   0.2019394036E+001   0.1231627692E+001   0.1006241056E+001   0.9731742648E+000
 0.8686869   0.2041189722E+001   0.1281432025E+001   0.1006005239E+001   0.1002263563E+001
 0.8787879   0.2060881327E+001   0.1230214424E+001   0.1003860570E+001   0.9561934698E+000
 0.8888889   0.2080707807E+001   0.1210437228E+001   0.1012220704E+001   0.9694438093E+000
 0.8989899   0.2101754631E+001   0.1249233823E+001   0.1005898569E+001   0.9793248160E+000
 0.9090909   0.2124952971E+001   0.1282912083E+001   0.1011097873E+001   0.9824660108E+000
 0.9191919   0.2138362288E+001   0.1225169728E+001   0.1010542195E+001   0.9667027155E+000
 0.9292929   0.2162592243E+001   0.1271908626E+001   0.1008645183E+001   0.1001367062E+001
 0.9393939   0.2178450957E+001   0.1250578590E+001   0.1008208934E+001   0.9827251021E+000
 0.9494949   0.2208253953E+001   0.1281628967E+001   0.1007948532E+001   0.1015243347E+001
 0.9595960   0.2222217132E+001   0.1290740931E+001   0.1001219224E+001   0.9785842277E+000
 0.9696970   0.2254531238E+001   0.1269716582E+001   0.1005630152E+001   0.1020453833E+001
 0.9797980   0.2272795261E+001   0.1239652197E+001   0.1003990145E+001   0.1020382755E+001
 0.9898990   0.2296902020E+001   0.1262133483E+001   0.1000058140E+001   0.9971172773E+000
 1.0000000   0.2306079577E+001   0.1299255220E+001   0.9985827616E+000   0.1006595890E+001


 0.0000000   0.5760978389E-003   0.3849880873E+000   0.9880680803E+000   0.1037283637E+001
 0.0101010   0.5769962257E-003   0.3887644903E+000   0.9925130422E+000   0.1060013305E+001
 0.0202020   0.5509979483E-003   0.3962730413E+000   0.9921048301E+000   0.1057096854E+001
 0.0303030   0.4993743435E-003   0.3750606564E+000   0.9865262272E+000   0.1032836957E+001
 0.0404040   0.4298511304E-003   0.3832375673E+000   0.9906132968E+000   0.1029447036E+001
 0.0505051   0.3606219465E-003   0.3848038818E+000   0.9993838735E+000   0.1038967201E+001
 0.0606061   0.2891873905E-003   0.3856867068E+000   0.9981785743E+000   0.1051588233E+001
 0.0707071   0.2237475692E-003   0.3582680699E+000   0.9983363981E+000   0.1003983261E+001
 0.0808081   0.1692012474E-003   0.3925072293E+000   0.9837491097E+000   0.1041662976E+001
 0.0909091   0.1317185605E-003   0.3507326634E+000   0.9905137888E+000   0.1004713668E+001
 0.1010101   0.1059601525E-003   0.3848935260E+000   0.9994464473E+000   0.1075790112E+001
 0.1111111   0.8924633041E-004   0.3525837968E+000   0.9914824640E+000   0.9932032710E+000
 0.1212121   0.7985173760E-004   0.4240124304E+000   0.9952575680E+000   0.1037510530E+001
 0.1313131   0.7626437579E-004   0.4255602109E+000   0.1001001027E+001   0.1045129563E+001
 0.1414141   0.7767125110E-004   0.4405799608E+000   0.9891657261E+000   0.9885628508E+000
 0.1515152   0.8044793275E-004   0.4511901248E+000   0.9990364259E+000   0.1011776349E+001
 0.1616162   0.8759256505E-004   0.4180690591E+000   0.9952245294E+000   0.1037881432E+001
 0.1717172   0.9755113464E-004   0.4387598435E+000   0.9892006208E+000   0.1019580833E+001
 0.1818182   0.1127036020E-003   0.4602880634E+000   0.1000326202E+001   0.9872978467E+000
 0.1919192   0.1338020304E-003   0.4975531867E+000   0.9937787627E+000   0.1008813276E+001
 0.2020202   0.1611510968E-003   0.5537854297E+000   0.9993303321E+000   0.1002238570E+001
 0.2121212   0.1955409098E-003   0.5098072056E+000   0.9953800982E+000   0.9835681050E+000
 0.2222222   0.2462224220E-003   0.5806264857E+000   0.9911634723E+000   0.1034050159E+001
 0.2323232   0.3045093743E-003   0.5844755118E+000   0.9934534691E+000   0.9725042408E+000
 0.2424242   0.3900764398E-003   0.6137131311E+000   0.9984810679E+000   0.1010029586E+001
 0.2525253   0.5039437326E-003   0.6458526499E+000   0.9951885512E+000   0.1050077687E+001
 0.2626263   0.6552308287E-003   0.7224901020E+000   0.1000260492E+001   0.1030980374E+001
 0.2727273   0.8643483621E-003   0.6891598665E+000   0.9907256425E+000   0.9611596098E+000
 0.2828283   0.1146581986E-002   0.7958145019E+000   0.9917987206E+000   0.1001312351E+001
 0.2929293   0.1534394982E-002   0.8336345113E+000   0.9932293199E+000   0.1018945741E+001
 0.3030303   0.2062347905E-002   0.8454452265E+000   0.9931497954E+000   0.9635114192E+000
 0.3131313   0.2777553388E-002   0.9095767482E+000   0.1001268431E+001   0.1038489587E+001
 0.3232323   0.3792912575E-002   0.9320940801E+000   0.9996928710E+000   0.1019584977E+001
 0.3333333   0.5203432916E-002   0.1000159733E+001   0.9947833991E+000   0.1002757626E+001
 0.3434343   0.7180267836E-002   0.1019633702E+001   0.9981531955E+000   0.9717759051E+000
 0.3535354   0.9924222005E-002   0.1091995845E+001   0.9925683057E+000   0.9827071563E+000
 0.3636364   0.1383832340E-001   0.1011157220E+001   0.9978634629E+000   0.1024499948E+001
 0.3737374   0.1942808823E-001   0.1144696032E+001   0.9927287017E+000   0.9748363654E+000
 0.3838384   0.2719464519E-001   0.1195387735E+001   0.9965398931E+000   0.9877961816E+000
 0.3939394   0.3817422712E-001   0.1156439041E+001   0.9954249376E+000   0.1031219699E+001
 0.4040404   0.5413612671E-001   0.1157484512E+001   0.9995605544E+000   0.1013098335E+001
 0.4141414   0.7686789761E-001   0.1264068793E+001   0.9954064663E+000   0.1045395826E+001
 0.4242424   0.1098498876E+000   0.1279962669E+001   0.9997897742E+000   0.9863830240E+000
 0.4343434   0.1556193118E+000   0.1270320813E+001   0.9991324123E+000   0.9803584551E+000
 0.4444444   0.2246679391E+000   0.1286831985E+001   0.9962675996E+000   0.9995573004E+000
 0.4545455   0.3230035404E+000   0.1262130664E+001   0.9989902589E+000   0.9983813957E+000
 0.4646465   0.4636935142E+000   0.1151697356E+001   0.9988498660E+000   0.9835328797E+000
 0.4747475   0.6743832830E+000   0.1159330728E+001   0.9966638628E+000   0.1001518523E+001
 0.4848485   0.9751327806E+000   0.1283294255E+001   0.9977425474E+000   0.9664558430E+000
 0.4949495   0.1414733085E+001   0.1232991766E+001   0.1003129763E+001   0.1013939599E+001
 0.5050505   0.1696091229E+001   0.1256989551E+001   0.9994698417E+000   0.1021350388E+001
 0.5151515   0.1698224109E+001   0.1300552083E+001   0.9986851823E+000   0.1048020113E+001
 0.5252525   0.1691933159E+001   0.1222471246E+001   0.1004077668E+001   0.1024857381E+001
 0.5353535   0.1697814866E+001   0.1236825284E+001   0.1006393973E+001   0.9936746689E+000
 0.5454545   0.1693274570E+001   0.1286670096E+001   0.1002154131E+001   0.9590450535E+000
 0.5555556   0.1700061427E+001   0.1223555298E+001   0.1007269378E+001   0.9669572861E+000
 0.5656566   0.1694310647E+001   0.1269479217E+001   0.1001797216E+001   0.9802890405E+000
 0.5757576   0.1706898960E+001   0.1260559810E+001   0.1005352740E+001   0.9776388518E+000
 0.5858586   0.1707545440E+001   0.1223194452E+001   0.1004919342E+001   0.1010998283E+001
 0.5959596   0.1708155207E+001   0.1222198153E+001   0.9970559033E+000   0.9586492865E+000
 0.6060606   0.1717301730E+001   0.1231144794E+001   0.1008297415E+001   0.1003754296E+001
 0.6161616   0.1726633484E+001   0.1229642024E+001   0.1003650651E+001   0.9771280844E+000
 0.6262626   0.1729513620E+001   0.1253535413E+001   0.1002290726E+001   0.9494834463E+000
 0.6363636   0.1736928110E+001   0.1334877483E+001   0.9966592528E+000   0.9426745957E+000
 0.6464646   0.1746078518E+001   0.1252264130E+001   0.1001388679E+001   0.9844932882E+000
 0.6565657   0.1752295697E+001   0.1227131609E+001   0.1010426546E+001   0.1007446740E+001
 0.6666667   0.1758298694E+001   0.1251214877E+001   0.1006257817E+001   0.9846538743E+000
 0.6767677   0.1765855131E+001   0.1263482891E+001   0.9979193780E+000   0.9632347967E+000
 0.6868687   0.1779110653E+001   0.1231394814E+001   0.1001737918E+001   0.1016098705E+001
 0.6969697   0.1792919044E+001   0.1238530793E+001   0.1002029111E+001   0.9548138688E+000
 0.7070707   0.1798527831E+001   0.1238045126E+001   0.1005684482E+001   0.9806392218E+000
 0.7171717   0.1813690439E+001   0.1249458305E+001   0.9977630406E+000   0.9843834680E+000
 0.7272727   0.1816885637E+001   0.1253616736E+001   0.1004153800E+001   0.9617097467E+000
 0.7373737   0.1828586202E+001   0.1227178511E+001   0.1002532584E+001   0.9771840305E+000
 0.7474747   0.1853763286E+001   0.1239709028E+001   0.1010462397E+001   0.9609710507E+000
 0.7575758   0.1849693590E+001   0.1243284961E+001   0.1007457103E+001   0.9743421746E+000
 0.7676768   0.1874033978E+001   0.1232389978E+001   0.1010001927E+001   0.9914109229E+000
 0.7777778   0.1887926224E+001   0.1235719673E+001   0.1003947013E+001   0.9458655969E+000
 0.7878788   0.1905676682E+001   0.1276917793E+001   0.1011009985E+001   0.1019512454E+001
 0.7979798   0.1913360810E+001   0.1284573103E+001   0.1007362695E+001   0.9977442315E+000
 0.8080808   0.1936229193E+001   0.1254039614E+001   0.1003891884E+001   0.9884975803E+000
 0.8181818   0.1953787428E+001   0.1257527416E+001   0.1004355735E+001   0.1006885207E+001
 0.8282828   0.1968151416E+001   0.1259863838E+001   0.1004854292E+001   0.1016873662E+001
 0.8383838   0.1982841671E+001   0.1252032266E+001   0.1007147137E+001   0.9913156073E+000
 0.8484848   0.2009537165E+001   0.1259506018E+001   0.1007482912E+001   0.1018339658E+001
 0.8585859   0.2021361368E+001   0.1236119478E+001   0.1008399804E+001   0.9752538892E+000
 0.8686869   0.2042147624E+001   0.1285456684E+001   0.1004587827E+001   0.1000843025E+001
 0.8787879   0.2060955291E+001   0.1233543626E+001   0.1003118906E+001   0.9554790061E+000
 0.8888889   0.2082644323E+001   0.1214798915E+001   0.1011743456E+001   0.9689785988E+000
 0.8989899   0.2103810709E+001   0.1253794890E+001   0.1005283074E+001   0.9787173688E+000
 0.9090909   0.2126851048E+001   0.1287486728E+001   0.1010719052E+001   0.9820896769E+000
 0.9191919   0.2140557283E+001   0.1229702165E+001   0.1009537730E+001   0.9657337236E+000
 0.9292929   0.2164633310E+001   0.1276508531E+001   0.1006931943E+001   0.9996577962E+000
 0.9393939   0.2182172811E+001   0.1256060202E+001   0.1008016161E+001   0.9825289576E+000
 0.9494949   0.2205540302E+001   0.1283472030E+001   0.1006788087E+001   0.1014065995E+001
 0.9595960   0.2226003994E+001   0.1296392896E+001   0.1000839141E+001   0.9782045293E+000
 0.9696970   0.2260106195E+001   0.1276255106E+001   0.1006041238E+001   0.1020862414E+001
 0.9797980   0.2272318701E+001   0.1242701706E+001   0.1003341027E+001   0.1019714482E+001
 0.9898990   0.2295645384E+001   0.1264811289E+001   0.1001083964E+001   0.9981317102E+000
 1.0000000   0.2310901533E+001   0.1305448471E+001   0.9970044759E+000   0.1004996507E+001


 0.0000000   0.5728964312E-003   0.3826662374E+000   0.9899276807E+000   0.1039227503E+001
 0.0101010   0.5718373314E-003   0.3851049540E+000   0.9918323943E+000   0.1059277844E+001
 0.0202020   0.5461922475E-003   0.3926296221E+000   0.9912201677E+000   0.1056145741E+001
 0.0303030   0.4957419478E-003   0.3721550671E+000   0.9874106075E+000   0.1033754536E+001
 0.0404040   0.4270117646E-003   0.3805246769E+000   0.9929102343E+000   0.1031825716E+001
 0.0505051   0.3576022441E-003   0.3813998437E+000   0.9994861083E+000   0.1039065126E+001
 0.0606061   0.2868637928E-003   0.3824054194E+000   0.9981916411E+000   0.1051593538E+001
 0.0707071   0.2222471739E-003   0.3556960230E+000   0.9980783025E+000   0.1003715630E+001
 0.0808081   0.1681856737E-003   0.3899654066E+000   0.9853456723E+000   0.1043345135E+001
 0.0909091   0.1316552945E-003   0.3503971379E+000   0.9932697151E+000   0.1007500997E+001
 0.1010101   0.1054821459E-003   0.3829746004E+000   0.9999005391E+000   0.1076270231E+001
 0.1111111   0.8879395455E-004   0.3506294290E+000   0.9919243182E+000   0.9936378979E+000
 0.1212121   0.7995730010E-004   0.4243706330E+000   0.9939909011E+000   0.1036181751E+001
 0.1313131   0.7636644920E-004   0.4259267114E+000   0.1000339198E+001   0.1044430155E+001
 0.1414141   0.7776915951E-004   0.4409251066E+000   0.9909328107E+000   0.9903208909E+000
 0.1515152   0.8079021444E-004   0.4528938694E+000   0.9993252456E+000   0.1012060709E+001
 0.1616162   0.8793043152E-004   0.4194816534E+000   0.9945324296E+000   0.1037151324E+001
 0.1717172   0.9834587423E-004   0.4421235790E+000   0.9910634792E+000   0.1021492685E+001
 0.1818182   0.1133309754E-003   0.4626297175E+000   0.1000618413E+001   0.9875783061E+000
 0.1919192   0.1343493579E-003   0.4993503831E+000   0.9958291227E+000   0.1010886522E+001
 0.2020202   0.1615764129E-003   0.5549823936E+000   0.9990339167E+000   0.1001933231E+001
 0.2121212   0.1969291467E-003   0.5131818893E+000   0.9959870440E+000   0.9841599304E+000
 0.2222222   0.2464469975E-003   0.5808791109E+000   0.9912254613E+000   0.1034106510E+001
 0.2323232   0.3069338638E-003   0.5888483244E+000   0.9935536864E+000   0.9725945199E+000
 0.2424242   0.3917297536E-003   0.6160206049E+000   0.1000666817E+001   0.1012232472E+001
 0.2525253   0.5053492081E-003   0.6473452579E+000   0.9970655028E+000   0.1052049697E+001
 0.2626263   0.6566001071E-003   0.7236549083E+000   0.1002536615E+001   0.1033318087E+001
 0.2727273   0.8673963463E-003   0.6912604938E+000   0.9923086316E+000   0.9626876129E+000
 0.2828283   0.1149926885E-002   0.7977557559E+000   0.9912856071E+000   0.1000786264E+001
 0.2929293   0.1540983927E-002   0.8368152937E+000   0.9944006838E+000   0.1020139226E+001
 0.3030303   0.2067228690E-002   0.8470422132E+000   0.9959927889E+000   0.9662617960E+000
 0.3131313   0.2789018590E-002   0.9128960490E+000   0.1001334575E+001   0.1038549835E+001
 0.3232323   0.3806611103E-002   0.9350146406E+000   0.1000638239E+001   0.1020540946E+001
 0.3333333   0.5214085746E-002   0.1001729719E+001   0.9967697763E+000   0.1004751843E+001
 0.3434343   0.7198667529E-002   0.1021759389E+001   0.9996152243E+000   0.9731914686E+000
 0.3535354   0.9956905178E-002   0.1095069972E+001   0.9926595393E+000   0.9827895766E+000
 0.3636364   0.1387133746E-001   0.1013086511E+001   0.9978404147E+000   0.1024468042E+001
 0.3737374   0.1944748333E-001   0.1145292725E+001   0.9910701900E+000   0.9731999159E+000
 0.3838384   0.2725208859E-001   0.1197341884E+001   0.9968081902E+000   0.9880541755E+000
 0.3939394   0.3824771935E-001   0.1158113222E+001   0.9955467985E+000   0.1031337645E+001
 0.4040404   0.5420523013E-001   0.1158409699E+001   0.9993162387E+000   0.1012842561E+001
 0.4141414   0.7694876567E-001   0.1264795607E+001   0.9969384128E+000   0.1046996283E+001
 0.4242424   0.1099051303E+000   0.1279996069E+001   0.1000918976E+001   0.9874891392E+000
 0.4343434   0.1559339891E+000   0.1272282919E+001   0.9998695193E+000   0.9810738186E+000
 0.4444444   0.2248707461E+000   0.1287379800E+001   0.9977896183E+000   0.1001076291E+001
 0.4545455   0.3236776245E+000   0.1264161901E+001   0.9986002635E+000   0.9979836089E+000
 0.4646465   0.4642555001E+000   0.1152543670E+001   0.1000568053E+001   0.9852167923E+000
 0.4747475   0.6736517649E+000   0.1157521287E+001   0.9976151268E+000   0.1002466355E+001
 0.4848485   0.9751005143E+000   0.1282640247E+001   0.9975831898E+000   0.9662937083E+000
 0.4949495   0.1416527653E+001   0.1233967460E+001   0.1002402565E+001   0.1013196413E+001
 0.5050505   0.1697215124E+001   0.1257223055E+001   0.9994490472E+000   0.1021320922E+001
 0.5151515   0.1699742384E+001   0.1301094481E+001   0.1000393685E+001   0.1049804570E+001
 0.5252525   0.1693054699E+001   0.1222698626E+001   0.1004075807E+001   0.1024847236E+001
 0.5353535   0.1699402282E+001   0.1237391715E+001   0.1004067179E+001   0.9913693054E+000
 0.5454545   0.1695328875E+001   0.1287617185E+001   0.1002402341E+001   0.9592748688E+000
 0.5555556   0.1701315029E+001   0.1223874006E+001   0.1006371132E+001   0.9660872166E+000
 0.5656566   0.1694882542E+001   0.1269302529E+001   0.1003295984E+001   0.9817477323E+000
 0.5757576   0.1708159357E+001   0.1260889450E+001   0.1006210869E+001   0.9784654534E+000
 0.5858586   0.1708511827E+001   0.1223303466E+001   0.1003225636E+001   0.1009286212E+001
 0.5959596   0.1711800145E+001   0.1224222442E+001   0.9991876758E+000   0.9606912140E+000
 0.6060606   0.1720496159E+001   0.1232847097E+001   0.1007007975E+001   0.1002462601E+001
 0.6161616   0.1727400228E+001   0.1229601814E+001   0.1004430819E+001   0.9778797680E+000
 0.6262626   0.1731351528E+001   0.1254269494E+001   0.1001743898E+001   0.9489577943E+000
 0.6363636   0.1735498073E+001   0.1333142837E+001   0.1000829452E+001   0.9466112981E+000
 0.6464646   0.1747424077E+001   0.1252631910E+001   0.1000278608E+001   0.9833940341E+000
 0.6565657   0.1751994748E+001   0.1226336155E+001   0.1009857426E+001   0.1006871198E+001
 0.6666667   0.1759482030E+001   0.1251460267E+001   0.1005084892E+001   0.9834982185E+000
 0.6767677   0.1766779882E+001   0.1263542119E+001   0.9984885034E+000   0.9637763872E+000
 0.6868687   0.1780626214E+001   0.1231856464E+001   0.1002560133E+001   0.1016924526E+001
 0.6969697   0.1793287876E+001   0.1238195225E+001   0.1002403434E+001   0.9551628689E+000
 0.7070707   0.1798747618E+001   0.1237606347E+001   0.1005557839E+001   0.9805078437E+000
 0.7171717   0.1815146007E+001   0.1249865134E+001   0.9982608669E+000   0.9848666951E+000
 0.7272727   0.1817407249E+001   0.1253379045E+001   0.1000949179E+001   0.9586328675E+000
 0.7373737   0.1827777504E+001   0.1226051225E+001   0.1002616965E+001   0.9772584158E+000
 0.7474747   0.1854224163E+001   0.1239426299E+001   0.1010599675E+001   0.9610938727E+000
 0.7575758   0.1850353009E+001   0.1243135485E+001   0.1006478219E+001   0.9733876356E+000
 0.7676768   0.1874755452E+001   0.1232276897E+001   0.1009798406E+001   0.9912031734E+000
 0.7777778   0.1887127079E+001   0.1234607958E+001   0.1002689349E+001   0.9446730922E+000
 0.7878788   0.1905742140E+001   0.1276353106E+001   0.1010245363E+001   0.1018733206E+001
 0.7979798   0.1912954499E+001   0.1283688274E+001   0.1005655580E+001   0.9960454030E+000
 0.8080808   0.1933001141E+001   0.1251352272E+001   0.1002118947E+001   0.9867438920E+000
 0.8181818   0.1953170550E+001   0.1256531276E+001   0.1003724428E+001   0.1006244214E+001
 0.8282828   0.1970607314E+001   0.1260834773E+001   0.1004036141E+001   0.1016037551E+001
 0.8383838   0.1982074695E+001   0.1250951536E+001   0.1006474574E+001   0.9906456459E+000
 0.8484848   0.2009540444E+001   0.1258907844E+001   0.1006323112E+001   0.1017159176E+001
 0.8585859   0.2020924556E+001   0.1235263399E+001   0.1006688819E+001   0.9735913115E+000
 0.8686869   0.2040198823E+001   0.1283617975E+001   0.1003175690E+001   0.9994281119E+000
 0.8787879   0.2058274744E+001   0.1231352148E+001   0.1001726895E+001   0.9541454281E+000
 0.8888889   0.2082169606E+001   0.1213943223E+001   0.1010494675E+001   0.9677748167E+000
 0.8989899   0.2104848845E+001   0.1253815780E+001   0.1003679798E+001   0.9771485998E+000
 0.9090909   0.2124890408E+001   0.1285686860E+001   0.1008920521E+001   0.9803342030E+000
 0.9191919   0.2135894436E+001   0.1226438716E+001   0.1009069605E+001   0.9652781447E+000
 0.9292929   0.2164159486E+001   0.1275620914E+001   0.1004928430E+001   0.9976607310E+000
 0.9393939   0.2180738831E+001   0.1254636609E+001   0.1006741297E+001   0.9812784331E+000
 0.9494949   0.2208554093E+001   0.1284613363E+001   0.1004398981E+001   0.1011651480E+001
 0.9595960   0.2219827674E+001   0.1292179803E+001   0.9974265109E+000   0.9748612353E+000
 0.9696970   0.2255710525E+001   0.1273165897E+001   0.1003538479E+001   0.1018314591E+001
 0.9797980   0.2272879800E+001   0.1242416198E+001   0.1002382647E+001   0.1018732267E+001
 0.9898990   0.2292669077E+001   0.1262569485E+001   0.9997319188E+000   0.9967756326E+000
 1.0000000   0.2306201869E+001   0.1302172733E+001   0.9961319441E+000   0.1004108903E+001


