# Evolution of the weightfunction during equilibration phase for fractional: N2
# Weightfunction after cycle        725
 0.0000000    0.7400000000E+001    0.4600000000E+001
 0.0101010    0.6200000000E+001    0.4400000000E+001
 0.0202020    0.5000000000E+001    0.3200000000E+001
 0.0303030    0.6000000000E+001    0.4500000000E+001
 0.0404040    0.7100000000E+001    0.4800000000E+001
 0.0505051    0.5600000000E+001    0.4000000000E+001
 0.0606061    0.6100000000E+001    0.4000000000E+001
 0.0707071    0.5400000000E+001    0.2900000000E+001
 0.0808081    0.7600000000E+001    0.5100000000E+001
 0.0909091    0.7200000000E+001    0.4700000000E+001
 0.1010101    0.6300000000E+001    0.2700000000E+001
 0.1111111    0.6900000000E+001    0.2700000000E+001
 0.1212121    0.7100000000E+001    0.4000000000E+001
 0.1313131    0.6800000000E+001    0.4600000000E+001
 0.1414141    0.6900000000E+001    0.4300000000E+001
 0.1515152    0.6700000000E+001    0.3100000000E+001
 0.1616162    0.6500000000E+001    0.4500000000E+001
 0.1717172    0.5400000000E+001    0.4300000000E+001
 0.1818182    0.5600000000E+001    0.3500000000E+001
 0.1919192    0.6600000000E+001    0.4900000000E+001
 0.2020202    0.4400000000E+001    0.3600000000E+001
 0.2121212    0.6700000000E+001    0.4400000000E+001
 0.2222222    0.6600000000E+001    0.3600000000E+001
 0.2323232    0.4900000000E+001    0.3400000000E+001
 0.2424242    0.4400000000E+001    0.3700000000E+001
 0.2525253    0.7200000000E+001    0.3000000000E+001
 0.2626263    0.5200000000E+001    0.3600000000E+001
 0.2727273    0.5100000000E+001    0.3000000000E+001
 0.2828283    0.5800000000E+001    0.2700000000E+001
 0.2929293    0.4800000000E+001    0.3900000000E+001
 0.3030303    0.6100000000E+001    0.4500000000E+001
 0.3131313    0.4800000000E+001    0.3400000000E+001
 0.3232323    0.5700000000E+001    0.4100000000E+001
 0.3333333    0.6600000000E+001    0.3500000000E+001
 0.3434343    0.5600000000E+001    0.3000000000E+001
 0.3535354    0.6300000000E+001    0.3500000000E+001
 0.3636364    0.5700000000E+001    0.3200000000E+001
 0.3737374    0.4400000000E+001    0.3000000000E+001
 0.3838384    0.5500000000E+001    0.2900000000E+001
 0.3939394    0.4500000000E+001    0.3300000000E+001
 0.4040404    0.4400000000E+001    0.3500000000E+001
 0.4141414    0.3500000000E+001    0.3200000000E+001
 0.4242424    0.3500000000E+001    0.3800000000E+001
 0.4343434    0.2400000000E+001    0.3200000000E+001
 0.4444444    0.2900000000E+001    0.3000000000E+001
 0.4545455    0.2600000000E+001    0.3500000000E+001
 0.4646465    0.1500000000E+001    0.3500000000E+001
 0.4747475    0.2700000000E+001    0.3700000000E+001
 0.4848485    0.1100000000E+001    0.3600000000E+001
 0.4949495    0.4000000000E+000    0.2700000000E+001
 0.5050505    0.1100000000E+001    0.3600000000E+001
 0.5151515    0.1400000000E+001    0.2700000000E+001
 0.5252525    0.1300000000E+001    0.2100000000E+001
 0.5353535    0.8000000000E+000    0.2700000000E+001
 0.5454545    0.8000000000E+000    0.3100000000E+001
 0.5555556    0.1000000000E+000    0.3500000000E+001
 0.5656566    0.1000000000E+001    0.3300000000E+001
 0.5757576    0.9000000000E+000    0.2600000000E+001
 0.5858586    0.0000000000E+000    0.2800000000E+001
 0.5959596    0.0000000000E+000    0.3600000000E+001
 0.6060606    0.1600000000E+001    0.3800000000E+001
 0.6161616    0.1100000000E+001    0.3500000000E+001
 0.6262626    0.5000000000E+000    0.2700000000E+001
 0.6363636    0.6000000000E+000    0.3100000000E+001
 0.6464646    0.8000000000E+000    0.2800000000E+001
 0.6565657    0.1800000000E+001    0.3300000000E+001
 0.6666667    0.9000000000E+000    0.3100000000E+001
 0.6767677    0.9000000000E+000    0.2700000000E+001
 0.6868687    0.1000000000E+001    0.2800000000E+001
 0.6969697    0.5000000000E+000    0.3600000000E+001
 0.7070707    0.1100000000E+001    0.3000000000E+001
 0.7171717    0.8000000000E+000    0.2800000000E+001
 0.7272727    0.1700000000E+001    0.3500000000E+001
 0.7373737    0.4000000000E+000    0.2700000000E+001
 0.7474747    0.6000000000E+000    0.2700000000E+001
 0.7575758    0.1200000000E+001    0.2800000000E+001
 0.7676768    0.1400000000E+001    0.3000000000E+001
 0.7777778    0.5000000000E+000    0.2700000000E+001
 0.7878788    0.9000000000E+000    0.3400000000E+001
 0.7979798    0.6000000000E+000    0.2900000000E+001
 0.8080808    0.4000000000E+000    0.2400000000E+001
 0.8181818    0.1300000000E+001    0.3000000000E+001
 0.8282828    0.1000000000E+001    0.2900000000E+001
 0.8383838    0.1200000000E+001    0.3000000000E+001
 0.8484848    0.1200000000E+001    0.3200000000E+001
 0.8585859    0.7000000000E+000    0.2800000000E+001
 0.8686869    0.4000000000E+000    0.2600000000E+001
 0.8787879    0.4000000000E+000    0.2300000000E+001
 0.8888889    0.1000000000E+000    0.2400000000E+001
 0.8989899    0.1600000000E+001    0.3800000000E+001
 0.9090909    0.1300000000E+001    0.3300000000E+001
 0.9191919    0.1000000000E+001    0.3000000000E+001
 0.9292929    0.1000000000E+001    0.3000000000E+001
 0.9393939    0.2000000000E+000    0.2300000000E+001
 0.9494949    0.8000000000E+000    0.2800000000E+001
 0.9595960    0.1000000000E+000    0.2300000000E+001
 0.9696970    0.7000000000E+000    0.2700000000E+001
 0.9797980    0.0000000000E+000    0.2300000000E+001
 0.9898990    0.7000000000E+000    0.2900000000E+001
 1.0000000    0.8000000000E+000    0.3100000000E+001


# Weightfunction after cycle       2089
 0.0000000    0.5550000000E+001    0.3375000000E+001
 0.0101010    0.5125000000E+001    0.3225000000E+001
 0.0202020    0.4800000000E+001    0.3125000000E+001
 0.0303030    0.5200000000E+001    0.3275000000E+001
 0.0404040    0.5225000000E+001    0.2975000000E+001
 0.0505051    0.5700000000E+001    0.3275000000E+001
 0.0606061    0.6150000000E+001    0.3475000000E+001
 0.0707071    0.5700000000E+001    0.3125000000E+001
 0.0808081    0.5675000000E+001    0.3250000000E+001
 0.0909091    0.6475000000E+001    0.3550000000E+001
 0.1010101    0.6375000000E+001    0.3375000000E+001
 0.1111111    0.6025000000E+001    0.3275000000E+001
 0.1212121    0.5850000000E+001    0.3050000000E+001
 0.1313131    0.6400000000E+001    0.3425000000E+001
 0.1414141    0.6350000000E+001    0.3175000000E+001
 0.1515152    0.5800000000E+001    0.3100000000E+001
 0.1616162    0.6275000000E+001    0.3325000000E+001
 0.1717172    0.5950000000E+001    0.2125000000E+001
 0.1818182    0.6025000000E+001    0.3225000000E+001
 0.1919192    0.5800000000E+001    0.2775000000E+001
 0.2020202    0.5700000000E+001    0.2900000000E+001
 0.2121212    0.5500000000E+001    0.3100000000E+001
 0.2222222    0.6000000000E+001    0.2950000000E+001
 0.2323232    0.6450000000E+001    0.2675000000E+001
 0.2424242    0.5375000000E+001    0.3325000000E+001
 0.2525253    0.5800000000E+001    0.2950000000E+001
 0.2626263    0.6275000000E+001    0.2825000000E+001
 0.2727273    0.5250000000E+001    0.2975000000E+001
 0.2828283    0.6050000000E+001    0.2675000000E+001
 0.2929293    0.5650000000E+001    0.2725000000E+001
 0.3030303    0.5800000000E+001    0.2675000000E+001
 0.3131313    0.5875000000E+001    0.2775000000E+001
 0.3232323    0.5700000000E+001    0.2575000000E+001
 0.3333333    0.4700000000E+001    0.2625000000E+001
 0.3434343    0.4900000000E+001    0.2625000000E+001
 0.3535354    0.4250000000E+001    0.2600000000E+001
 0.3636364    0.4925000000E+001    0.2375000000E+001
 0.3737374    0.4300000000E+001    0.2475000000E+001
 0.3838384    0.3625000000E+001    0.2525000000E+001
 0.3939394    0.3200000000E+001    0.2650000000E+001
 0.4040404    0.3200000000E+001    0.3350000000E+001
 0.4141414    0.3075000000E+001    0.2475000000E+001
 0.4242424    0.2900000000E+001    0.2325000000E+001
 0.4343434    0.2150000000E+001    0.2125000000E+001
 0.4444444    0.2700000000E+001    0.2575000000E+001
 0.4545455    0.1325000000E+001    0.2675000000E+001
 0.4646465    0.1425000000E+001    0.2500000000E+001
 0.4747475    0.1500000000E+001    0.2425000000E+001
 0.4848485    0.7750000000E+000    0.2625000000E+001
 0.4949495    0.1100000000E+001    0.2225000000E+001
 0.5050505    0.1750000000E+000    0.2325000000E+001
 0.5151515    0.1750000000E+000    0.2150000000E+001
 0.5252525    0.3750000000E+000    0.2225000000E+001
 0.5353535    0.8000000000E+000    0.2250000000E+001
 0.5454545    0.4750000000E+000    0.2325000000E+001
 0.5555556    0.4250000000E+000    0.2150000000E+001
 0.5656566    0.6750000000E+000    0.2475000000E+001
 0.5757576    0.4000000000E+000    0.2525000000E+001
 0.5858586    0.4750000000E+000    0.2425000000E+001
 0.5959596    0.0000000000E+000    0.2275000000E+001
 0.6060606    0.6750000000E+000    0.1750000000E+001
 0.6161616    0.1500000000E+000    0.2150000000E+001
 0.6262626    0.4750000000E+000    0.2400000000E+001
 0.6363636    0.3750000000E+000    0.2025000000E+001
 0.6464646    0.5250000000E+000    0.2325000000E+001
 0.6565657    0.6000000000E+000    0.2475000000E+001
 0.6666667    0.2000000000E+000    0.2750000000E+001
 0.6767677    0.3250000000E+000    0.2375000000E+001
 0.6868687    0.6000000000E+000    0.2400000000E+001
 0.6969697    0.2500000000E+000    0.2625000000E+001
 0.7070707    0.7500000000E+000    0.2550000000E+001
 0.7171717    0.3750000000E+000    0.2375000000E+001
 0.7272727    0.2750000000E+000    0.2350000000E+001
 0.7373737    0.3250000000E+000    0.2500000000E+001
 0.7474747    0.3250000000E+000    0.2325000000E+001
 0.7575758    0.6000000000E+000    0.2675000000E+001
 0.7676768    0.4250000000E+000    0.2700000000E+001
 0.7777778    0.5750000000E+000    0.2575000000E+001
 0.7878788    0.6000000000E+000    0.2800000000E+001
 0.7979798    0.3000000000E+000    0.2425000000E+001
 0.8080808    0.1000000000E+000    0.2225000000E+001
 0.8181818    0.3500000000E+000    0.2450000000E+001
 0.8282828    0.3750000000E+000    0.2325000000E+001
 0.8383838    0.5000000000E+000    0.2600000000E+001
 0.8484848    0.4000000000E+000    0.2800000000E+001
 0.8585859    0.4000000000E+000    0.2525000000E+001
 0.8686869    0.5250000000E+000    0.2725000000E+001
 0.8787879    0.4250000000E+000    0.2550000000E+001
 0.8888889    0.3250000000E+000    0.2375000000E+001
 0.8989899    0.3500000000E+000    0.2350000000E+001
 0.9090909    0.4750000000E+000    0.2450000000E+001
 0.9191919    0.4750000000E+000    0.2475000000E+001
 0.9292929    0.4250000000E+000    0.2800000000E+001
 0.9393939    0.8000000000E+000    0.2925000000E+001
 0.9494949    0.6750000000E+000    0.2800000000E+001
 0.9595960    0.5250000000E+000    0.2675000000E+001
 0.9696970    0.2000000000E+000    0.2350000000E+001
 0.9797980    0.5000000000E+000    0.2575000000E+001
 0.9898990    0.4500000000E+000    0.2475000000E+001
 1.0000000    0.4750000000E+000    0.2725000000E+001


# Weightfunction after cycle       4568
 0.0000000    0.4843750000E+001    0.2962500000E+001
 0.0101010    0.4681250000E+001    0.2643750000E+001
 0.0202020    0.4756250000E+001    0.2837500000E+001
 0.0303030    0.4643750000E+001    0.2725000000E+001
 0.0404040    0.5293750000E+001    0.3118750000E+001
 0.0505051    0.5387500000E+001    0.2931250000E+001
 0.0606061    0.5543750000E+001    0.3006250000E+001
 0.0707071    0.5412500000E+001    0.2706250000E+001
 0.0808081    0.5693750000E+001    0.2987500000E+001
 0.0909091    0.5693750000E+001    0.2756250000E+001
 0.1010101    0.6100000000E+001    0.2687500000E+001
 0.1111111    0.6137500000E+001    0.2787500000E+001
 0.1212121    0.6381250000E+001    0.2731250000E+001
 0.1313131    0.6512500000E+001    0.2793750000E+001
 0.1414141    0.6468750000E+001    0.2718750000E+001
 0.1515152    0.6506250000E+001    0.2675000000E+001
 0.1616162    0.6518750000E+001    0.2781250000E+001
 0.1717172    0.6481250000E+001    0.2525000000E+001
 0.1818182    0.6487500000E+001    0.2737500000E+001
 0.1919192    0.6318750000E+001    0.2737500000E+001
 0.2020202    0.6375000000E+001    0.2668750000E+001
 0.2121212    0.6150000000E+001    0.2500000000E+001
 0.2222222    0.6187500000E+001    0.2668750000E+001
 0.2323232    0.5950000000E+001    0.2681250000E+001
 0.2424242    0.5893750000E+001    0.2656250000E+001
 0.2525253    0.5806250000E+001    0.2693750000E+001
 0.2626263    0.5643750000E+001    0.2668750000E+001
 0.2727273    0.5937500000E+001    0.2837500000E+001
 0.2828283    0.5550000000E+001    0.2650000000E+001
 0.2929293    0.5300000000E+001    0.2531250000E+001
 0.3030303    0.5437500000E+001    0.2625000000E+001
 0.3131313    0.4912500000E+001    0.2550000000E+001
 0.3232323    0.5193750000E+001    0.2762500000E+001
 0.3333333    0.4681250000E+001    0.2562500000E+001
 0.3434343    0.4668750000E+001    0.2581250000E+001
 0.3535354    0.4775000000E+001    0.2518750000E+001
 0.3636364    0.4225000000E+001    0.2562500000E+001
 0.3737374    0.4231250000E+001    0.2662500000E+001
 0.3838384    0.3750000000E+001    0.2487500000E+001
 0.3939394    0.3587500000E+001    0.2575000000E+001
 0.4040404    0.3287500000E+001    0.2387500000E+001
 0.4141414    0.2956250000E+001    0.2556250000E+001
 0.4242424    0.2506250000E+001    0.2812500000E+001
 0.4343434    0.2381250000E+001    0.2450000000E+001
 0.4444444    0.2081250000E+001    0.2606250000E+001
 0.4545455    0.1900000000E+001    0.2450000000E+001
 0.4646465    0.1618750000E+001    0.2418750000E+001
 0.4747475    0.1356250000E+001    0.2362500000E+001
 0.4848485    0.1125000000E+001    0.2212500000E+001
 0.4949495    0.5812500000E+000    0.2418750000E+001
 0.5050505    0.3625000000E+000    0.2443750000E+001
 0.5151515    0.5500000000E+000    0.2443750000E+001
 0.5252525    0.3437500000E+000    0.2556250000E+001
 0.5353535    0.3250000000E+000    0.2262500000E+001
 0.5454545    0.3437500000E+000    0.2412500000E+001
 0.5555556    0.5437500000E+000    0.2662500000E+001
 0.5656566    0.3500000000E+000    0.2406250000E+001
 0.5757576    0.5562500000E+000    0.2693750000E+001
 0.5858586    0.4187500000E+000    0.2600000000E+001
 0.5959596    0.4000000000E+000    0.2481250000E+001
 0.6060606    0.3375000000E+000    0.2525000000E+001
 0.6161616    0.3750000000E+000    0.2587500000E+001
 0.6262626    0.4875000000E+000    0.2418750000E+001
 0.6363636    0.3500000000E+000    0.2375000000E+001
 0.6464646    0.7125000000E+000    0.2187500000E+001
 0.6565657    0.5875000000E+000    0.2393750000E+001
 0.6666667    0.3562500000E+000    0.2350000000E+001
 0.6767677    0.2812500000E+000    0.2418750000E+001
 0.6868687    0.4000000000E+000    0.2412500000E+001
 0.6969697    0.4312500000E+000    0.2625000000E+001
 0.7070707    0.4000000000E+000    0.2537500000E+001
 0.7171717    0.1000000000E+000    0.2237500000E+001
 0.7272727    0.4125000000E+000    0.2512500000E+001
 0.7373737    0.2187500000E+000    0.2268750000E+001
 0.7474747    0.4687500000E+000    0.2543750000E+001
 0.7575758    0.3000000000E+000    0.2437500000E+001
 0.7676768    0.2625000000E+000    0.2350000000E+001
 0.7777778    0.3062500000E+000    0.2475000000E+001
 0.7878788    0.3500000000E+000    0.2481250000E+001
 0.7979798    0.2687500000E+000    0.2437500000E+001
 0.8080808    0.3812500000E+000    0.2500000000E+001
 0.8181818    0.2500000000E+000    0.2400000000E+001
 0.8282828    0.3250000000E+000    0.2562500000E+001
 0.8383838    0.2187500000E+000    0.2400000000E+001
 0.8484848    0.3125000000E+000    0.2493750000E+001
 0.8585859    0.1062500000E+000    0.2412500000E+001
 0.8686869    0.2125000000E+000    0.2481250000E+001
 0.8787879    0.1625000000E+000    0.2325000000E+001
 0.8888889    0.1625000000E+000    0.2418750000E+001
 0.8989899    0.2000000000E+000    0.2456250000E+001
 0.9090909    0.2625000000E+000    0.2612500000E+001
 0.9191919    0.3500000000E+000    0.2662500000E+001
 0.9292929    0.3750000000E+000    0.2712500000E+001
 0.9393939    0.5625000000E-001    0.2343750000E+001
 0.9494949    0.2187500000E+000    0.2525000000E+001
 0.9595960    0.2187500000E+000    0.2437500000E+001
 0.9696970    0.1125000000E+000    0.2443750000E+001
 0.9797980    0.0000000000E+000    0.2387500000E+001
 0.9898990    0.1750000000E+000    0.2556250000E+001
 1.0000000    0.2750000000E+000    0.2650000000E+001


# Weightfunction after cycle       8770
 0.0000000    0.4756250000E+001    0.2885937500E+001
 0.0101010    0.4964062500E+001    0.3040625000E+001
 0.0202020    0.4737500000E+001    0.2842187500E+001
 0.0303030    0.4920312500E+001    0.2871875000E+001
 0.0404040    0.5137500000E+001    0.2935937500E+001
 0.0505051    0.5209375000E+001    0.2892187500E+001
 0.0606061    0.5325000000E+001    0.2859375000E+001
 0.0707071    0.5690625000E+001    0.2948437500E+001
 0.0808081    0.5887500000E+001    0.2925000000E+001
 0.0909091    0.6107812500E+001    0.2826562500E+001
 0.1010101    0.6204687500E+001    0.2917187500E+001
 0.1111111    0.6342187500E+001    0.2879687500E+001
 0.1212121    0.6471875000E+001    0.2864062500E+001
 0.1313131    0.6287500000E+001    0.2953125000E+001
 0.1414141    0.6460937500E+001    0.2732812500E+001
 0.1515152    0.6345312500E+001    0.2815625000E+001
 0.1616162    0.6429687500E+001    0.2876562500E+001
 0.1717172    0.6270312500E+001    0.2870312500E+001
 0.1818182    0.6273437500E+001    0.2768750000E+001
 0.1919192    0.6254687500E+001    0.2845312500E+001
 0.2020202    0.6053125000E+001    0.2821875000E+001
 0.2121212    0.5931250000E+001    0.2820312500E+001
 0.2222222    0.6079687500E+001    0.2792187500E+001
 0.2323232    0.6139062500E+001    0.2826562500E+001
 0.2424242    0.5895312500E+001    0.2809375000E+001
 0.2525253    0.5906250000E+001    0.2743750000E+001
 0.2626263    0.5798437500E+001    0.2757812500E+001
 0.2727273    0.5826562500E+001    0.2781250000E+001
 0.2828283    0.5735937500E+001    0.2754687500E+001
 0.2929293    0.5578125000E+001    0.2842187500E+001
 0.3030303    0.5528125000E+001    0.2704687500E+001
 0.3131313    0.5257812500E+001    0.2789062500E+001
 0.3232323    0.5101562500E+001    0.2787500000E+001
 0.3333333    0.4989062500E+001    0.2662500000E+001
 0.3434343    0.4818750000E+001    0.2750000000E+001
 0.3535354    0.4675000000E+001    0.2707812500E+001
 0.3636364    0.4526562500E+001    0.2685937500E+001
 0.3737374    0.4190625000E+001    0.2643750000E+001
 0.3838384    0.3870312500E+001    0.2614062500E+001
 0.3939394    0.3535937500E+001    0.2698437500E+001
 0.4040404    0.3379687500E+001    0.2564062500E+001
 0.4141414    0.2915625000E+001    0.2670312500E+001
 0.4242424    0.2665625000E+001    0.2659375000E+001
 0.4343434    0.2373437500E+001    0.2600000000E+001
 0.4444444    0.2079687500E+001    0.2606250000E+001
 0.4545455    0.1765625000E+001    0.2609375000E+001
 0.4646465    0.1504687500E+001    0.2581250000E+001
 0.4747475    0.1129687500E+001    0.2548437500E+001
 0.4848485    0.8437500000E+000    0.2587500000E+001
 0.4949495    0.5640625000E+000    0.2484375000E+001
 0.5050505    0.2828125000E+000    0.2596875000E+001
 0.5151515    0.3578125000E+000    0.2584375000E+001
 0.5252525    0.3359375000E+000    0.2603125000E+001
 0.5353535    0.3062500000E+000    0.2598437500E+001
 0.5454545    0.2828125000E+000    0.2556250000E+001
 0.5555556    0.3859375000E+000    0.2584375000E+001
 0.5656566    0.4421875000E+000    0.2637500000E+001
 0.5757576    0.2500000000E+000    0.2601562500E+001
 0.5858586    0.2937500000E+000    0.2546875000E+001
 0.5959596    0.3656250000E+000    0.2562500000E+001
 0.6060606    0.2703125000E+000    0.2571875000E+001
 0.6161616    0.3203125000E+000    0.2646875000E+001
 0.6262626    0.2750000000E+000    0.2514062500E+001
 0.6363636    0.2656250000E+000    0.2553125000E+001
 0.6464646    0.4109375000E+000    0.2517187500E+001
 0.6565657    0.3406250000E+000    0.2548437500E+001
 0.6666667    0.3515625000E+000    0.2531250000E+001
 0.6767677    0.2546875000E+000    0.2612500000E+001
 0.6868687    0.2156250000E+000    0.2626562500E+001
 0.6969697    0.2375000000E+000    0.2560937500E+001
 0.7070707    0.2359375000E+000    0.2540625000E+001
 0.7171717    0.2406250000E+000    0.2581250000E+001
 0.7272727    0.1734375000E+000    0.2521875000E+001
 0.7373737    0.1906250000E+000    0.2509375000E+001
 0.7474747    0.2859375000E+000    0.2537500000E+001
 0.7575758    0.3203125000E+000    0.2610937500E+001
 0.7676768    0.2546875000E+000    0.2559375000E+001
 0.7777778    0.2093750000E+000    0.2553125000E+001
 0.7878788    0.2015625000E+000    0.2501562500E+001
 0.7979798    0.1687500000E+000    0.2520312500E+001
 0.8080808    0.1531250000E+000    0.2515625000E+001
 0.8181818    0.2000000000E+000    0.2600000000E+001
 0.8282828    0.1765625000E+000    0.2571875000E+001
 0.8383838    0.2109375000E+000    0.2551562500E+001
 0.8484848    0.1500000000E+000    0.2514062500E+001
 0.8585859    0.1562500000E+000    0.2556250000E+001
 0.8686869    0.1515625000E+000    0.2546875000E+001
 0.8787879    0.1078125000E+000    0.2492187500E+001
 0.8888889    0.1562500000E+000    0.2539062500E+001
 0.8989899    0.1562500000E+000    0.2578125000E+001
 0.9090909    0.8906250000E-001    0.2543750000E+001
 0.9191919    0.1375000000E+000    0.2556250000E+001
 0.9292929    0.7968750000E-001    0.2509375000E+001
 0.9393939    0.1046875000E+000    0.2575000000E+001
 0.9494949    0.4531250000E-001    0.2504687500E+001
 0.9595960    0.5625000000E-001    0.2509375000E+001
 0.9696970    0.1468750000E+000    0.2643750000E+001
 0.9797980    0.0000000000E+000    0.2470312500E+001
 0.9898990    0.5312500000E-001    0.2534375000E+001
 1.0000000    0.1000000000E+000    0.2585937500E+001


# Weightfunction after cycle      74056
 0.0000000    0.6987109375E+001    0.5175000000E+001
 0.0101010    0.6955859375E+001    0.5152343750E+001
 0.0202020    0.6999218750E+001    0.5130859375E+001
 0.0303030    0.7091796875E+001    0.5163671875E+001
 0.0404040    0.7251171875E+001    0.5169140625E+001
 0.0505051    0.7458984375E+001    0.5206250000E+001
 0.0606061    0.7614843750E+001    0.5169531250E+001
 0.0707071    0.7836328125E+001    0.5209765625E+001
 0.0808081    0.8122265625E+001    0.5196484375E+001
 0.0909091    0.8354687500E+001    0.5216796875E+001
 0.1010101    0.8507421875E+001    0.5215625000E+001
 0.1111111    0.8636718750E+001    0.5135546875E+001
 0.1212121    0.8793750000E+001    0.5142968750E+001
 0.1313131    0.8805468750E+001    0.5172265625E+001
 0.1414141    0.8835546875E+001    0.5176562500E+001
 0.1515152    0.8796093750E+001    0.5164843750E+001
 0.1616162    0.8741406250E+001    0.5131640625E+001
 0.1717172    0.8687890625E+001    0.5163671875E+001
 0.1818182    0.8587890625E+001    0.5151953125E+001
 0.1919192    0.8433203125E+001    0.5132031250E+001
 0.2020202    0.8468359375E+001    0.5116796875E+001
 0.2121212    0.8285937500E+001    0.5186328125E+001
 0.2222222    0.8160546875E+001    0.5182421875E+001
 0.2323232    0.7951953125E+001    0.5160937500E+001
 0.2424242    0.7844921875E+001    0.5161718750E+001
 0.2525253    0.7513281250E+001    0.5164453125E+001
 0.2626263    0.7298828125E+001    0.5169140625E+001
 0.2727273    0.7130859375E+001    0.5131640625E+001
 0.2828283    0.6886718750E+001    0.5091406250E+001
 0.2929293    0.6560546875E+001    0.5130468750E+001
 0.3030303    0.6328906250E+001    0.5155468750E+001
 0.3131313    0.6077343750E+001    0.5092578125E+001
 0.3232323    0.5692968750E+001    0.5171875000E+001
 0.3333333    0.5468359375E+001    0.5137890625E+001
 0.3434343    0.5155859375E+001    0.5144140625E+001
 0.3535354    0.4891796875E+001    0.5147265625E+001
 0.3636364    0.4537109375E+001    0.5147265625E+001
 0.3737374    0.4272656250E+001    0.5139453125E+001
 0.3838384    0.4025781250E+001    0.5178515625E+001
 0.3939394    0.3706640625E+001    0.5105078125E+001
 0.4040404    0.3357421875E+001    0.5117968750E+001
 0.4141414    0.3023437500E+001    0.5176562500E+001
 0.4242424    0.2726953125E+001    0.5126562500E+001
 0.4343434    0.2392578125E+001    0.5142187500E+001
 0.4444444    0.2047265625E+001    0.5113281250E+001
 0.4545455    0.1755859375E+001    0.5145703125E+001
 0.4646465    0.1403515625E+001    0.5148828125E+001
 0.4747475    0.1069140625E+001    0.5115234375E+001
 0.4848485    0.7574218750E+000    0.5157812500E+001
 0.4949495    0.4109375000E+000    0.5109765625E+001
 0.5050505    0.2808593750E+000    0.5151953125E+001
 0.5151515    0.2988281250E+000    0.5136328125E+001
 0.5252525    0.2890625000E+000    0.5131640625E+001
 0.5353535    0.2574218750E+000    0.5156250000E+001
 0.5454545    0.2710937500E+000    0.5160937500E+001
 0.5555556    0.2921875000E+000    0.5142968750E+001
 0.5656566    0.2632812500E+000    0.5139843750E+001
 0.5757576    0.2605468750E+000    0.5138671875E+001
 0.5858586    0.2566406250E+000    0.5140234375E+001
 0.5959596    0.2355468750E+000    0.5135546875E+001
 0.6060606    0.1812500000E+000    0.5159375000E+001
 0.6161616    0.2500000000E+000    0.5119531250E+001
 0.6262626    0.2257812500E+000    0.5118750000E+001
 0.6363636    0.2726562500E+000    0.5157421875E+001
 0.6464646    0.2152343750E+000    0.5114453125E+001
 0.6565657    0.2109375000E+000    0.5157031250E+001
 0.6666667    0.2390625000E+000    0.5148046875E+001
 0.6767677    0.2699218750E+000    0.5135937500E+001
 0.6868687    0.2523437500E+000    0.5104296875E+001
 0.6969697    0.2113281250E+000    0.5091406250E+001
 0.7070707    0.2199218750E+000    0.5097656250E+001
 0.7171717    0.2074218750E+000    0.5147656250E+001
 0.7272727    0.2300781250E+000    0.5161718750E+001
 0.7373737    0.2007812500E+000    0.5118359375E+001
 0.7474747    0.2171875000E+000    0.5160937500E+001
 0.7575758    0.1757812500E+000    0.5118359375E+001
 0.7676768    0.1773437500E+000    0.5102343750E+001
 0.7777778    0.2144531250E+000    0.5133593750E+001
 0.7878788    0.1863281250E+000    0.5105468750E+001
 0.7979798    0.1625000000E+000    0.5120312500E+001
 0.8080808    0.1527343750E+000    0.5083984375E+001
 0.8181818    0.1500000000E+000    0.5109765625E+001
 0.8282828    0.1328125000E+000    0.5097656250E+001
 0.8383838    0.1109375000E+000    0.5075781250E+001
 0.8484848    0.1246093750E+000    0.5107812500E+001
 0.8585859    0.9570312500E-001    0.5119140625E+001
 0.8686869    0.1535156250E+000    0.5132812500E+001
 0.8787879    0.8437500000E-001    0.5078125000E+001
 0.8888889    0.1046875000E+000    0.5160546875E+001
 0.8989899    0.1019531250E+000    0.5127734375E+001
 0.9090909    0.9414062500E-001    0.5105468750E+001
 0.9191919    0.1031250000E+000    0.5137109375E+001
 0.9292929    0.5234375000E-001    0.5121484375E+001
 0.9393939    0.3203125000E-001    0.5089843750E+001
 0.9494949    0.5390625000E-001    0.5120703125E+001
 0.9595960    0.9296875000E-001    0.5143750000E+001
 0.9696970    0.2773437500E-001    0.5075781250E+001
 0.9797980    0.4296875000E-001    0.5136328125E+001
 0.9898990    0.0000000000E+000    0.5125000000E+001
 1.0000000    0.9375000000E-002    0.5147265625E+001


