# Lambda, (Probability, Probability_biased(/observed)) per Fractional
 0.0000000   0.3104691765E-002   0.9381264431E+000   0.9703447414E+000   0.1022268845E+001
 0.0101010   0.3107097994E-002   0.9101457784E+000   0.9763509750E+000   0.1002808542E+001
 0.0202020   0.2999448532E-002   0.9027922853E+000   0.9700664815E+000   0.9871529774E+000
 0.0303030   0.2809540122E-002   0.9288363064E+000   0.9957482408E+000   0.1022731443E+001
 0.0404040   0.2551029977E-002   0.9039235919E+000   0.9884461930E+000   0.9826517428E+000
 0.0505051   0.2139776372E-002   0.9120680410E+000   0.9666057789E+000   0.9985360072E+000
 0.0606061   0.1789932502E-002   0.9249774002E+000   0.9508582059E+000   0.9788210154E+000
 0.0707071   0.1527006069E-002   0.9273454743E+000   0.9936941661E+000   0.1012580275E+001
 0.0808081   0.1237605889E-002   0.9236639340E+000   0.9739510271E+000   0.9897518427E+000
 0.0909091   0.1033767092E-002   0.9211520498E+000   0.9801813268E+000   0.1010485590E+001
 0.1010101   0.8597242562E-003   0.9119529929E+000   0.9678961143E+000   0.1010963781E+001
 0.1111111   0.7745108936E-003   0.9012535165E+000   0.9930257157E+000   0.1010319262E+001
 0.1212121   0.7149948130E-003   0.8836703269E+000   0.9725632104E+000   0.9859315108E+000
 0.1313131   0.6707674390E-003   0.9033147956E+000   0.9974718981E+000   0.1003411478E+001
 0.1414141   0.6830490148E-003   0.9388215255E+000   0.9760112388E+000   0.1008843107E+001
 0.1515152   0.6995195370E-003   0.8867766265E+000   0.9846224521E+000   0.9963061808E+000
 0.1616162   0.7550353394E-003   0.9472967380E+000   0.1000487367E+001   0.1001249223E+001
 0.1717172   0.8289436217E-003   0.9644053541E+000   0.9891371686E+000   0.1018126253E+001
 0.1818182   0.9263333494E-003   0.9653928505E+000   0.9665779845E+000   0.9987023346E+000
 0.1919192   0.1031863225E-002   0.1006378748E+001   0.9747738765E+000   0.9681136906E+000
 0.2020202   0.1204498741E-002   0.9798170102E+000   0.9804229778E+000   0.1007876329E+001
 0.2121212   0.1405819257E-002   0.9754883242E+000   0.9954290038E+000   0.1001160861E+001
 0.2222222   0.1707384652E-002   0.1071999327E+001   0.9830595370E+000   0.9962801922E+000
 0.2323232   0.2031179819E-002   0.1028640562E+001   0.9987529081E+000   0.1031442839E+001
 0.2424242   0.2422436471E-002   0.1045538256E+001   0.1002919190E+001   0.1021182519E+001
 0.2525253   0.2879679417E-002   0.1034220396E+001   0.9850911012E+000   0.9992169099E+000
 0.2626263   0.3589244808E-002   0.1069396363E+001   0.9813923177E+000   0.1005823225E+001
 0.2727273   0.4380168363E-002   0.1016967970E+001   0.9815968867E+000   0.9938268634E+000
 0.2828283   0.5678543469E-002   0.1028391291E+001   0.9844622305E+000   0.1028267026E+001
 0.2929293   0.7012738488E-002   0.1001628219E+001   0.9902635536E+000   0.1020480825E+001
 0.3030303   0.9139825642E-002   0.1057177292E+001   0.9973747076E+000   0.9930783902E+000
 0.3131313   0.1122047396E-001   0.1024872735E+001   0.1004299562E+001   0.1055357597E+001
 0.3232323   0.1474118544E-001   0.1029944440E+001   0.9946444160E+000   0.1007725595E+001
 0.3333333   0.1869582589E-001   0.1036056372E+001   0.1004179210E+001   0.1011441972E+001
 0.3434343   0.2345898889E-001   0.1005947317E+001   0.9895514048E+000   0.9899181700E+000
 0.3535354   0.3132684825E-001   0.1028760403E+001   0.1001497426E+001   0.1005397011E+001
 0.3636364   0.4050393567E-001   0.1040063882E+001   0.9935788069E+000   0.9818876764E+000
 0.3737374   0.5160894272E-001   0.1002577366E+001   0.9840720476E+000   0.9837640571E+000
 0.3838384   0.6951836846E-001   0.1034953828E+001   0.1003703662E+001   0.1037669720E+001
 0.3939394   0.8892129892E-001   0.1013617193E+001   0.9922828187E+000   0.9928444923E+000
 0.4040404   0.1157670724E+000   0.1007557991E+001   0.9905171204E+000   0.9947624549E+000
 0.4141414   0.1532318821E+000   0.1010021939E+001   0.9986474272E+000   0.1003515433E+001
 0.4242424   0.2025771516E+000   0.1002620509E+001   0.9834472965E+000   0.1001649448E+001
 0.4343434   0.2666790663E+000   0.1001273487E+001   0.1015128469E+001   0.1018583654E+001
 0.4444444   0.3579394244E+000   0.1037892349E+001   0.1017795150E+001   0.1006015541E+001
 0.4545455   0.4693617980E+000   0.1030634729E+001   0.1006303443E+001   0.1003437467E+001
 0.4646465   0.6183249578E+000   0.9996628131E+000   0.9978551777E+000   0.9834210069E+000
 0.4747475   0.8532288864E+000   0.1044411743E+001   0.9976831982E+000   0.9965920560E+000
 0.4848485   0.1126093941E+001   0.9968201655E+000   0.1010257862E+001   0.9870282319E+000
 0.4949495   0.1505502234E+001   0.1029508216E+001   0.1009586151E+001   0.9839667686E+000
 0.5050505   0.1749273714E+001   0.9993703991E+000   0.1006959155E+001   0.1017019137E+001
 0.5151515   0.1747717885E+001   0.1012720776E+001   0.1009320113E+001   0.9824594268E+000
 0.5252525   0.1758985766E+001   0.1018454008E+001   0.1004181154E+001   0.9868567068E+000
 0.5353535   0.1749986053E+001   0.1025687659E+001   0.1000012551E+001   0.9842006665E+000
 0.5454545   0.1736812910E+001   0.1024148891E+001   0.1006978312E+001   0.1015153152E+001
 0.5555556   0.1729541763E+001   0.1002678033E+001   0.1010126112E+001   0.1012673834E+001
 0.5656566   0.1756086746E+001   0.1044349425E+001   0.1009606056E+001   0.9817785241E+000
 0.5757576   0.1728114657E+001   0.1003809340E+001   0.1017070097E+001   0.1001966509E+001
 0.5858586   0.1747119128E+001   0.1012274965E+001   0.1004569708E+001   0.9908121797E+000
 0.5959596   0.1746381705E+001   0.1035337322E+001   0.1001777742E+001   0.9808481303E+000
 0.6060606   0.1738081238E+001   0.1013550081E+001   0.1013525194E+001   0.1002969671E+001
 0.6161616   0.1764520747E+001   0.1010347908E+001   0.1011111011E+001   0.9858379516E+000
 0.6262626   0.1758370654E+001   0.1002313714E+001   0.1026683532E+001   0.9976056135E+000
 0.6363636   0.1746510726E+001   0.1029565740E+001   0.1005856600E+001   0.1001425945E+001
 0.6464646   0.1793793962E+001   0.1033649949E+001   0.1019195996E+001   0.1005630909E+001
 0.6565657   0.1756206026E+001   0.1012682427E+001   0.1001443786E+001   0.1002891705E+001
 0.6666667   0.1814179420E+001   0.1023976318E+001   0.1000699621E+001   0.9816121967E+000
 0.6767677   0.1793776706E+001   0.1015232660E+001   0.1019233791E+001   0.1019113822E+001
 0.6868687   0.1798830148E+001   0.1009676794E+001   0.1002085293E+001   0.1000989336E+001
 0.6969697   0.1822869368E+001   0.1032202260E+001   0.1015292938E+001   0.9777138988E+000
 0.7070707   0.1802736175E+001   0.1017020700E+001   0.1008502929E+001   0.9913943255E+000
 0.7171717   0.1807038141E+001   0.1012898142E+001   0.1000095354E+001   0.9909369252E+000
 0.7272727   0.1813839183E+001   0.1003296417E+001   0.1004044778E+001   0.9987439164E+000
 0.7373737   0.1854065686E+001   0.1023046346E+001   0.1007280193E+001   0.9935825701E+000
 0.7474747   0.1843525790E+001   0.1005674078E+001   0.1010526242E+001   0.1000490354E+001
 0.7575758   0.1840020290E+001   0.1007198466E+001   0.1012543936E+001   0.1000531936E+001
 0.7676768   0.1855983919E+001   0.1014053417E+001   0.1019871993E+001   0.1021047378E+001
 0.7777778   0.1879012997E+001   0.9977741063E+000   0.1003682486E+001   0.9855000991E+000
 0.7878788   0.1863341938E+001   0.1002975241E+001   0.1005025344E+001   0.9773240690E+000
 0.7979798   0.1904235652E+001   0.1019695569E+001   0.1003823042E+001   0.9840031527E+000
 0.8080808   0.1892779677E+001   0.1002927304E+001   0.1008995992E+001   0.9889773808E+000
 0.8181818   0.1911283035E+001   0.1006618431E+001   0.1018769373E+001   0.9873089093E+000
 0.8282828   0.1927764214E+001   0.1003862070E+001   0.1011373071E+001   0.9853233763E+000
 0.8383838   0.1938417345E+001   0.1013756209E+001   0.1012166417E+001   0.9846528690E+000
 0.8484848   0.1976237824E+001   0.1037580760E+001   0.1031313562E+001   0.1016395409E+001
 0.8585859   0.1958948272E+001   0.1012557791E+001   0.1000331367E+001   0.9887538784E+000
 0.8686869   0.1971900483E+001   0.1016469428E+001   0.1018702652E+001   0.1000932161E+001
 0.8787879   0.1970293240E+001   0.1011977757E+001   0.1009884028E+001   0.9881093598E+000
 0.8888889   0.2016568377E+001   0.1047340677E+001   0.1019697785E+001   0.1017985915E+001
 0.8989899   0.1989587082E+001   0.1010376670E+001   0.1010606142E+001   0.9920076577E+000
 0.9090909   0.2039554093E+001   0.1040821283E+001   0.1014684849E+001   0.1010215308E+001
 0.9191919   0.2020942983E+001   0.1029110341E+001   0.1012663059E+001   0.1009976212E+001
 0.9292929   0.2013743073E+001   0.1003353941E+001   0.1001486202E+001   0.9937696884E+000
 0.9393939   0.2049618487E+001   0.1000889993E+001   0.1010599721E+001   0.9896790744E+000
 0.9494949   0.2059689827E+001   0.9967147047E+000   0.1006495625E+001   0.9827764883E+000
 0.9595960   0.2061124500E+001   0.1019666807E+001   0.1014441135E+001   0.1008297345E+001
 0.9696970   0.2092160669E+001   0.1006119890E+001   0.1017370518E+001   0.9885563647E+000
 0.9797980   0.2073243124E+001   0.1036334405E+001   0.1017698475E+001   0.1014700949E+001
 0.9898990   0.2127173442E+001   0.1023257268E+001   0.1025763363E+001   0.1015080383E+001
 1.0000000   0.2117612721E+001   0.1025845851E+001   0.1011222383E+001   0.1010017794E+001


 0.0000000   0.3468559669E-002   0.1022465912E+001   0.9766376867E+000   0.1028930805E+001
 0.0101010   0.3427768039E-002   0.9795445972E+000   0.9750109235E+000   0.1001463588E+001
 0.0202020   0.3299562236E-002   0.9688566612E+000   0.9683484975E+000   0.9854356419E+000
 0.0303030   0.3078047470E-002   0.9927411808E+000   0.9809764537E+000   0.1007590967E+001
 0.0404040   0.2802071852E-002   0.9686172674E+000   0.9795811214E+000   0.9738691856E+000
 0.0505051   0.2391661485E-002   0.9945241659E+000   0.9648468320E+000   0.9967502198E+000
 0.0606061   0.2007017224E-002   0.1011817875E+001   0.9633610290E+000   0.9917226269E+000
 0.0707071   0.1680311762E-002   0.9955141590E+000   0.9827980469E+000   0.1001508477E+001
 0.0808081   0.1359678180E-002   0.9899756836E+000   0.9686622871E+000   0.9844081775E+000
 0.0909091   0.1122783419E-002   0.9760260069E+000   0.9684095649E+000   0.9983811949E+000
 0.1010101   0.9505299111E-003   0.9836392287E+000   0.9633498477E+000   0.1006246784E+001
 0.1111111   0.8521334773E-003   0.9673504751E+000   0.9818445700E+000   0.9989747302E+000
 0.1212121   0.7787400094E-003   0.9389374227E+000   0.9694040446E+000   0.9827597455E+000
 0.1313131   0.7355532350E-003   0.9663579883E+000   0.9873806104E+000   0.9932912558E+000
 0.1414141   0.7354274186E-003   0.9861154584E+000   0.9723590763E+000   0.1005099615E+001
 0.1515152   0.7656988571E-003   0.9469546215E+000   0.9863316551E+000   0.9980669703E+000
 0.1616162   0.8160268319E-003   0.9988033302E+000   0.9895589344E+000   0.9903435302E+000
 0.1717172   0.8946644526E-003   0.1015433719E+001   0.9883877605E+000   0.1017386793E+001
 0.1818182   0.9884415894E-003   0.1004950265E+001   0.9764582630E+000   0.1008942631E+001
 0.1919192   0.1108316372E-002   0.1054532214E+001   0.9777987933E+000   0.9711484000E+000
 0.2020202   0.1274704535E-002   0.1011590949E+001   0.9785936443E+000   0.1006027326E+001
 0.2121212   0.1498435395E-002   0.1014348966E+001   0.9888553734E+000   0.9945805741E+000
 0.2222222   0.1772381935E-002   0.1085618497E+001   0.9827764223E+000   0.9960245107E+000
 0.2323232   0.2133701795E-002   0.1054158161E+001   0.9873909530E+000   0.1019740983E+001
 0.2424242   0.2539161691E-002   0.1069140223E+001   0.9897209163E+000   0.1007775512E+001
 0.2525253   0.3054856633E-002   0.1070327217E+001   0.9863752352E+000   0.1000550841E+001
 0.2626263   0.3752494911E-002   0.1090718084E+001   0.9839914345E+000   0.1008518678E+001
 0.2727273   0.4634975348E-002   0.1049834110E+001   0.9843573297E+000   0.9966529598E+000
 0.2828283   0.5916262553E-002   0.1045263185E+001   0.9858236814E+000   0.1029721354E+001
 0.2929293   0.7264547711E-002   0.1012241801E+001   0.9927814799E+000   0.1023107675E+001
 0.3030303   0.9346690271E-002   0.1054689316E+001   0.9903541009E+000   0.9861189556E+000
 0.3131313   0.1152827538E-001   0.1027258775E+001   0.1001240427E+001   0.1052175940E+001
 0.3232323   0.1501021913E-001   0.1023116764E+001   0.9925727606E+000   0.1005658237E+001
 0.3333333   0.1900291351E-001   0.1027343561E+001   0.9956871935E+000   0.1002919994E+001
 0.3434343   0.2414299426E-001   0.1009982522E+001   0.9885221427E+000   0.9889195443E+000
 0.3535354   0.3173042386E-001   0.1016553384E+001   0.9900335818E+000   0.9939197050E+000
 0.3636364   0.4107221961E-001   0.1028887152E+001   0.9922346575E+000   0.9805900998E+000
 0.3737374   0.5268041088E-001   0.9983868847E+000   0.9841765958E+000   0.9838994330E+000
 0.3838384   0.6939095322E-001   0.1007815510E+001   0.1000089689E+001   0.1033965879E+001
 0.3939394   0.8971962509E-001   0.9977285518E+000   0.9905672271E+000   0.9911590178E+000
 0.4040404   0.1176263406E+000   0.9987260260E+000   0.9874270118E+000   0.9916902069E+000
 0.4141414   0.1548213132E+000   0.9955640328E+000   0.9915811561E+000   0.9964459706E+000
 0.4242424   0.2058366370E+000   0.9938608456E+000   0.9986273808E+000   0.1017142396E+001
 0.4343434   0.2707912154E+000   0.9918708845E+000   0.1013014125E+001   0.1016493996E+001
 0.4444444   0.3550350273E+000   0.1004316869E+001   0.1014260655E+001   0.1002553399E+001
 0.4545455   0.4754670055E+000   0.1018530876E+001   0.1004520006E+001   0.1001690528E+001
 0.4646465   0.6245231360E+000   0.9850132494E+000   0.1000070450E+001   0.9856351496E+000
 0.4747475   0.8569706487E+000   0.1023361145E+001   0.1007087223E+001   0.1006017350E+001
 0.4848485   0.1128393525E+001   0.9744499977E+000   0.1002868438E+001   0.9798394522E+000
 0.4949495   0.1501761682E+001   0.1001858095E+001   0.1007773630E+001   0.9822310502E+000
 0.5050505   0.1749764384E+001   0.9752255339E+000   0.1004657050E+001   0.1014725860E+001
 0.5151515   0.1750602006E+001   0.9896066181E+000   0.1003653256E+001   0.9769740235E+000
 0.5252525   0.1758177332E+001   0.9931127399E+000   0.1013833368E+001   0.9963736491E+000
 0.5353535   0.1749514908E+001   0.1000356896E+001   0.1005718310E+001   0.9898472549E+000
 0.5454545   0.1735919745E+001   0.9986113164E+000   0.1008457312E+001   0.1016676047E+001
 0.5555556   0.1737626687E+001   0.9827514767E+000   0.1012387490E+001   0.1014972750E+001
 0.5656566   0.1745746228E+001   0.1012832805E+001   0.1007349619E+001   0.9796150061E+000
 0.5757576   0.1733483704E+001   0.9823250565E+000   0.1013049624E+001   0.9980370442E+000
 0.5858586   0.1741018637E+001   0.9840930795E+000   0.1017865558E+001   0.1003957434E+001
 0.5959596   0.1757936372E+001   0.1016722954E+001   0.1006291491E+001   0.9852984804E+000
 0.6060606   0.1743189491E+001   0.9916913392E+000   0.1009993309E+001   0.9995059193E+000
 0.6161616   0.1768530035E+001   0.9879009372E+000   0.1015741160E+001   0.9903834318E+000
 0.6262626   0.1755537486E+001   0.9762479450E+000   0.1018720979E+001   0.9898996257E+000
 0.6363636   0.1756734476E+001   0.1010289246E+001   0.1007217956E+001   0.1002812759E+001
 0.6464646   0.1789987960E+001   0.1006254462E+001   0.1018337460E+001   0.1004815317E+001
 0.6565657   0.1764060250E+001   0.9923571532E+000   0.1007100772E+001   0.1008588505E+001
 0.6666667   0.1799676068E+001   0.9909706641E+000   0.1011831679E+001   0.9925630529E+000
 0.6767677   0.1778900375E+001   0.9822128406E+000   0.1010506238E+001   0.1010418988E+001
 0.6868687   0.1790380907E+001   0.9803799818E+000   0.1008555164E+001   0.1007483732E+001
 0.6969697   0.1819837493E+001   0.1005306862E+001   0.1020648323E+001   0.9829018947E+000
 0.7070707   0.1803169377E+001   0.9924095206E+000   0.1013769776E+001   0.9966030829E+000
 0.7171717   0.1803405533E+001   0.9861628385E+000   0.1009446814E+001   0.1000234122E+001
 0.7272727   0.1829268205E+001   0.9871079453E+000   0.1011661033E+001   0.1006351526E+001
 0.7373737   0.1829297088E+001   0.9847165009E+000   0.1011210678E+001   0.9974908920E+000
 0.7474747   0.1846414889E+001   0.9826392609E+000   0.1011474994E+001   0.1001461094E+001
 0.7575758   0.1850411445E+001   0.9881378374E+000   0.1015852506E+001   0.1003832742E+001
 0.7676768   0.1855172003E+001   0.9888435504E+000   0.1012898255E+001   0.1014097410E+001
 0.7777778   0.1872115677E+001   0.9698217174E+000   0.1013185719E+001   0.9948623786E+000
 0.7878788   0.1876631080E+001   0.9854471507E+000   0.1017027856E+001   0.9890267797E+000
 0.7979798   0.1903424934E+001   0.9943570890E+000   0.1012780541E+001   0.9928149313E+000
 0.8080808   0.1897865007E+001   0.9810507832E+000   0.1015726461E+001   0.9956055446E+000
 0.8181818   0.1911113796E+001   0.9819360416E+000   0.1018435949E+001   0.9870167401E+000
 0.8282828   0.1925174683E+001   0.9780184617E+000   0.1008249278E+001   0.9823108533E+000
 0.8383838   0.1938044548E+001   0.9887961703E+000   0.1010114369E+001   0.9826874240E+000
 0.8484848   0.1970119059E+001   0.1009094770E+001   0.1030488025E+001   0.1015613669E+001
 0.8585859   0.1956122385E+001   0.9863922575E+000   0.1010569553E+001   0.9989049025E+000
 0.8686869   0.1973840736E+001   0.9926090155E+000   0.1022224200E+001   0.1004423783E+001
 0.8787879   0.1965916115E+001   0.9850581358E+000   0.1014500899E+001   0.9926578190E+000
 0.8888889   0.2002930467E+001   0.1014840222E+001   0.1020891700E+001   0.1019209794E+001
 0.8989899   0.1989681970E+001   0.9857364182E+000   0.1010578778E+001   0.9920119130E+000
 0.9090909   0.2035063465E+001   0.1013154490E+001   0.1021893584E+001   0.1017424201E+001
 0.9191919   0.2013824886E+001   0.1000429213E+001   0.1013990383E+001   0.1011331736E+001
 0.9292929   0.2022922275E+001   0.9833000875E+000   0.1007426379E+001   0.9996954516E+000
 0.9393939   0.2055623343E+001   0.9792952286E+000   0.1021106485E+001   0.9999997007E+000
 0.9494949   0.2052023291E+001   0.9687419516E+000   0.1004127919E+001   0.9804953336E+000
 0.9595960   0.2068339645E+001   0.9982347699E+000   0.1013221954E+001   0.1007117136E+001
 0.9696970   0.2098066886E+001   0.9843075365E+000   0.1019360026E+001   0.9905205933E+000
 0.9797980   0.2091083827E+001   0.1019712883E+001   0.1022478709E+001   0.1019499080E+001
 0.9898990   0.2117777488E+001   0.9938458835E+000   0.1018757912E+001   0.1008179515E+001
 1.0000000   0.2096575583E+001   0.9908384988E+000   0.1009752227E+001   0.1008581024E+001


 0.0000000   0.3351908884E-002   0.9973947523E+000   0.9865542095E+000   0.1039315760E+001
 0.0101010   0.3298845512E-002   0.9515902256E+000   0.9817669386E+000   0.1008342224E+001
 0.0202020   0.3153955376E-002   0.9348328302E+000   0.9696326740E+000   0.9866831073E+000
 0.0303030   0.2973294541E-002   0.9679966722E+000   0.9899255159E+000   0.1016721644E+001
 0.0404040   0.2664289059E-002   0.9296714349E+000   0.9785274658E+000   0.9727631402E+000
 0.0505051   0.2300526116E-002   0.9656461316E+000   0.9726896810E+000   0.1004791938E+001
 0.0606061   0.1934256742E-002   0.9843296644E+000   0.9749140985E+000   0.1003555435E+001
 0.0707071   0.1606795512E-002   0.9609336243E+000   0.9817226233E+000   0.1000352386E+001
 0.0808081   0.1311959368E-002   0.9642374396E+000   0.9731661539E+000   0.9889257498E+000
 0.0909091   0.1079144232E-002   0.9469348494E+000   0.9795188240E+000   0.1009773517E+001
 0.1010101   0.9146669911E-003   0.9554506620E+000   0.9744178732E+000   0.1017746417E+001
 0.1111111   0.8183105642E-003   0.9377122424E+000   0.9827466417E+000   0.9998323777E+000
 0.1212121   0.7469654899E-003   0.9091172636E+000   0.9755449505E+000   0.9889257498E+000
 0.1313131   0.7095214049E-003   0.9409458680E+000   0.9958807372E+000   0.1001781986E+001
 0.1414141   0.7191171172E-003   0.9733359903E+000   0.9773606720E+000   0.1010208834E+001
 0.1515152   0.7395146487E-003   0.9231943898E+000   0.9878109993E+000   0.9995037730E+000
 0.1616162   0.7851809193E-003   0.9701088940E+000   0.9880697136E+000   0.9887936304E+000
 0.1717172   0.8663847470E-003   0.9926071582E+000   0.9886847239E+000   0.1017631236E+001
 0.1818182   0.9627120384E-003   0.9880187072E+000   0.9816311893E+000   0.1014226620E+001
 0.1919192   0.1079931464E-002   0.1037211930E+001   0.9808564861E+000   0.9741266804E+000
 0.2020202   0.1248236133E-002   0.9999248480E+000   0.9851259672E+000   0.1012681839E+001
 0.2121212   0.1466019126E-002   0.1001761208E+001   0.9924677298E+000   0.9981537835E+000
 0.2222222   0.1749048743E-002   0.1081426577E+001   0.9901547772E+000   0.1003441948E+001
 0.2323232   0.2100292998E-002   0.1047435149E+001   0.9933673282E+000   0.1025851435E+001
 0.2424242   0.2528043386E-002   0.1074494115E+001   0.9912071224E+000   0.1009228101E+001
 0.2525253   0.3024127348E-002   0.1069549818E+001   0.9910283250E+000   0.1005210316E+001
 0.2626263   0.3739505608E-002   0.1097189890E+001   0.9854948545E+000   0.1009998798E+001
 0.2727273   0.4613413781E-002   0.1054801808E+001   0.9852314143E+000   0.9974779418E+000
 0.2828283   0.5863556854E-002   0.1045717948E+001   0.9902507933E+000   0.1034283365E+001
 0.2929293   0.7201507939E-002   0.1012918114E+001   0.9894976200E+000   0.1019662148E+001
 0.3030303   0.9311041873E-002   0.1060572059E+001   0.9897843470E+000   0.9854923386E+000
 0.3131313   0.1151979123E-001   0.1036180304E+001   0.1001261458E+001   0.1052134731E+001
 0.3232323   0.1488402787E-001   0.1024079917E+001   0.9969987497E+000   0.1010081796E+001
 0.3333333   0.1888673988E-001   0.1030689180E+001   0.9950477591E+000   0.1002215609E+001
 0.3434343   0.2410063337E-001   0.1017715502E+001   0.9887131292E+000   0.9890510939E+000
 0.3535354   0.3139772886E-001   0.1015378020E+001   0.9944543541E+000   0.9982977598E+000
 0.3636364   0.4069791401E-001   0.1029122153E+001   0.9944629167E+000   0.9827330753E+000
 0.3737374   0.5196400555E-001   0.9940942016E+000   0.9857919892E+000   0.9854550742E+000
 0.3838384   0.6838234663E-001   0.1002530030E+001   0.1002483721E+001   0.1036378643E+001
 0.3939394   0.8971046356E-001   0.1007031969E+001   0.9952477411E+000   0.9957824092E+000
 0.4040404   0.1171056717E+000   0.1003679184E+001   0.9878776209E+000   0.9920830653E+000
 0.4141414   0.1539284671E+000   0.9991543930E+000   0.9929948368E+000   0.9978065465E+000
 0.4242424   0.2036633402E+000   0.9926381723E+000   0.1003636207E+001   0.1022182580E+001
 0.4343434   0.2698717845E+000   0.9978224201E+000   0.1003061696E+001   0.1006446818E+001
 0.4444444   0.3532433476E+000   0.1008669185E+001   0.1011210556E+001   0.9994783654E+000
 0.4545455   0.4705148802E+000   0.1017424949E+001   0.1003535725E+001   0.1000648808E+001
 0.4646465   0.6257966682E+000   0.9963272151E+000   0.1000102590E+001   0.9856075197E+000
 0.4747475   0.8471866157E+000   0.1021215196E+001   0.1001128865E+001   0.1000005149E+001
 0.4848485   0.1126872030E+001   0.9823104847E+000   0.1003976530E+001   0.9808630773E+000
 0.4949495   0.1499013604E+001   0.1009452699E+001   0.1004364168E+001   0.9788491029E+000
 0.5050505   0.1743441924E+001   0.9808626170E+000   0.1004672658E+001   0.1014680568E+001
 0.5151515   0.1748504070E+001   0.9977391717E+000   0.1002210117E+001   0.9755105467E+000
 0.5252525   0.1750829668E+001   0.9982859989E+000   0.1010191937E+001   0.9927351932E+000
 0.5353535   0.1750062501E+001   0.1010103994E+001   0.1006238303E+001   0.9902994531E+000
 0.5454545   0.1740828043E+001   0.1010876082E+001   0.1007178701E+001   0.1015325921E+001
 0.5555556   0.1732202320E+001   0.9889197477E+000   0.1011045178E+001   0.1013566023E+001
 0.5656566   0.1748735583E+001   0.1024132151E+001   0.1004046330E+001   0.9763439154E+000
 0.5757576   0.1742154479E+001   0.9965459460E+000   0.1010720449E+001   0.9956824727E+000
 0.5858586   0.1743742700E+001   0.9949250524E+000   0.1019739822E+001   0.1005745569E+001
 0.5959596   0.1759029160E+001   0.1026946270E+001   0.1008849255E+001   0.9877434504E+000
 0.6060606   0.1747187199E+001   0.1003336396E+001   0.1005940375E+001   0.9954351723E+000
 0.6161616   0.1758943383E+001   0.9918089538E+000   0.1012456948E+001   0.9871218115E+000
 0.6262626   0.1768081073E+001   0.9924928958E+000   0.1016908357E+001   0.9880788304E+000
 0.6363636   0.1766009201E+001   0.1025198056E+001   0.1002643076E+001   0.9981978233E+000
 0.6464646   0.1775874349E+001   0.1007732234E+001   0.1014440280E+001   0.1000909659E+001
 0.6565657   0.1766022653E+001   0.1002827113E+001   0.1002565050E+001   0.1003985670E+001
 0.6666667   0.1793086284E+001   0.9966504144E+000   0.1003601432E+001   0.9844303017E+000
 0.6767677   0.1783799878E+001   0.9942035670E+000   0.1008281601E+001   0.1008133882E+001
 0.6868687   0.1805265705E+001   0.9978501695E+000   0.1009183641E+001   0.1008050883E+001
 0.6969697   0.1822549806E+001   0.1016297016E+001   0.1013723604E+001   0.9761745315E+000
 0.7070707   0.1801372072E+001   0.1000767125E+001   0.1009425614E+001   0.9922727753E+000
 0.7171717   0.1810361488E+001   0.9992996695E+000   0.1009182435E+001   0.9999119881E+000
 0.7272727   0.1829309521E+001   0.9964365805E+000   0.1010763627E+001   0.1005398332E+001
 0.7373737   0.1831561092E+001   0.9952302962E+000   0.1010346541E+001   0.9965785134E+000
 0.7474747   0.1844549906E+001   0.9909013840E+000   0.1010260305E+001   0.1000198247E+001
 0.7575758   0.1855265308E+001   0.1000070124E+001   0.1010005193E+001   0.9979945626E+000
 0.7676768   0.1853444217E+001   0.9972364172E+000   0.1009983562E+001   0.1011118425E+001
 0.7777778   0.1871802278E+001   0.9788009971E+000   0.1012177380E+001   0.9938124747E+000
 0.7878788   0.1878601395E+001   0.9957820203E+000   0.1013137302E+001   0.9851840600E+000
 0.7979798   0.1901929559E+001   0.1002943007E+001   0.1010313280E+001   0.9903367175E+000
 0.8080808   0.1899161799E+001   0.9909764707E+000   0.1012124569E+001   0.9920153118E+000
 0.8181818   0.1917062429E+001   0.9942786537E+000   0.1015398325E+001   0.9840136174E+000
 0.8282828   0.1922796031E+001   0.9860191154E+000   0.1007023800E+001   0.9810578687E+000
 0.8383838   0.1937577962E+001   0.9978779189E+000   0.1006363538E+001   0.9789795285E+000
 0.8484848   0.1965295363E+001   0.1016114196E+001   0.1023976023E+001   0.1009134940E+001
 0.8585859   0.1960920990E+001   0.9981341931E+000   0.1010518213E+001   0.9987940545E+000
 0.8686869   0.1973065520E+001   0.1001573491E+001   0.1016290377E+001   0.9985332034E+000
 0.8787879   0.1968676677E+001   0.9957412123E+000   0.1010472259E+001   0.9886564295E+000
 0.8888889   0.1991326493E+001   0.1018472898E+001   0.1014904365E+001   0.1013171358E+001
 0.8989899   0.1998739432E+001   0.9995592084E+000   0.1011271185E+001   0.9926318691E+000
 0.9090909   0.2023368881E+001   0.1016829152E+001   0.1017101420E+001   0.1012592065E+001
 0.9191919   0.2013307018E+001   0.1009601240E+001   0.1011128576E+001   0.1008416753E+001
 0.9292929   0.2027664819E+001   0.9948973029E+000   0.1005689207E+001   0.9979115645E+000
 0.9393939   0.2060382856E+001   0.9908165034E+000   0.1019618496E+001   0.9984823882E+000
 0.9494949   0.2055151759E+001   0.9793657798E+000   0.1003274301E+001   0.9796028612E+000
 0.9595960   0.2064235028E+001   0.1005646129E+001   0.1012204602E+001   0.1006045378E+001
 0.9696970   0.2089524155E+001   0.9895416616E+000   0.1014715335E+001   0.9859479813E+000
 0.9797980   0.2100875754E+001   0.1034146433E+001   0.1018072610E+001   0.1015044744E+001
 0.9898990   0.2113535838E+001   0.1001206219E+001   0.1013781740E+001   0.1003194648E+001
 1.0000000   0.2099182244E+001   0.1001423318E+001   0.1004455645E+001   0.1003230218E+001


 0.0000000   0.3101789381E-002   0.9402035215E+000   0.9820960978E+000   0.1034603885E+001
 0.0101010   0.3091970604E-002   0.9085692734E+000   0.9879203867E+000   0.1014647194E+001
 0.0202020   0.2940023178E-002   0.8876951765E+000   0.9707767727E+000   0.9878326779E+000
 0.0303030   0.2778391855E-002   0.9214337643E+000   0.9919384024E+000   0.1018773912E+001
 0.0404040   0.2462787555E-002   0.8754065474E+000   0.9771118773E+000   0.9713414888E+000
 0.0505051   0.2135672756E-002   0.9131880906E+000   0.9731731792E+000   0.1005276488E+001
 0.0606061   0.1809310434E-002   0.9379382265E+000   0.9803746604E+000   0.1009161457E+001
 0.0707071   0.1502625175E-002   0.9154152333E+000   0.9822170708E+000   0.1000841377E+001
 0.0808081   0.1212960201E-002   0.9081233680E+000   0.9773862900E+000   0.9931995015E+000
 0.0909091   0.1008663521E-002   0.9016160102E+000   0.9803187827E+000   0.1010583201E+001
 0.1010101   0.8526476200E-003   0.9072971315E+000   0.9767085112E+000   0.1020123785E+001
 0.1111111   0.7600405578E-003   0.8872027729E+000   0.9840008813E+000   0.1001093580E+001
 0.1212121   0.6918486119E-003   0.8577587074E+000   0.9769252281E+000   0.9903102765E+000
 0.1313131   0.6653875767E-003   0.8988940794E+000   0.9909774669E+000   0.9968348808E+000
 0.1414141   0.6748629890E-003   0.9304937519E+000   0.9792785180E+000   0.1012176130E+001
 0.1515152   0.6874113387E-003   0.8741737501E+000   0.9908859565E+000   0.1002600263E+001
 0.1616162   0.7391940349E-003   0.9303447194E+000   0.9853599470E+000   0.9860672582E+000
 0.1717172   0.8152242774E-003   0.9514334232E+000   0.9896572205E+000   0.1018617102E+001
 0.1818182   0.9105276177E-003   0.9519115197E+000   0.9860532834E+000   0.1018780446E+001
 0.1919192   0.1026906575E-002   0.1004701238E+001   0.9818455249E+000   0.9750944758E+000
 0.2020202   0.1193636149E-002   0.9740410670E+000   0.9882283494E+000   0.1015855939E+001
 0.2121212   0.1402154380E-002   0.9760118736E+000   0.9919584274E+000   0.9976267715E+000
 0.2222222   0.1673094210E-002   0.1053780642E+001   0.9884955954E+000   0.1001745649E+001
 0.2323232   0.2011676741E-002   0.1021974708E+001   0.9928959886E+000   0.1025349480E+001
 0.2424242   0.2428520119E-002   0.1051467657E+001   0.9926066456E+000   0.1010638084E+001
 0.2525253   0.2933680351E-002   0.1056935363E+001   0.9921582498E+000   0.1006341489E+001
 0.2626263   0.3616359832E-002   0.1080871185E+001   0.9870372736E+000   0.1011564570E+001
 0.2727273   0.4491133219E-002   0.1046017834E+001   0.9877214962E+000   0.9999841491E+000
 0.2828283   0.5671938013E-002   0.1030432604E+001   0.9900130973E+000   0.1034019768E+001
 0.2929293   0.7048657519E-002   0.1009931685E+001   0.9903533927E+000   0.1020528878E+001
 0.3030303   0.9027437829E-002   0.1047468815E+001   0.9920340925E+000   0.9877176839E+000
 0.3131313   0.1121140392E-001   0.1027271922E+001   0.9986615376E+000   0.1049387152E+001
 0.3232323   0.1458044567E-001   0.1021924633E+001   0.9969628459E+000   0.1010030446E+001
 0.3333333   0.1862033666E-001   0.1035125342E+001   0.9951239579E+000   0.1002277496E+001
 0.3434343   0.2378034910E-001   0.1022941632E+001   0.9897657911E+000   0.9900894357E+000
 0.3535354   0.3069490504E-001   0.1011184751E+001   0.9965343351E+000   0.1000370947E+001
 0.3636364   0.4007933074E-001   0.1032404603E+001   0.9939533524E+000   0.9822149583E+000
 0.3737374   0.5136238449E-001   0.1000932503E+001   0.9867889501E+000   0.9864370685E+000
 0.3838384   0.6795658175E-001   0.1014891489E+001   0.1002651348E+001   0.1036536569E+001
 0.3939394   0.8835672896E-001   0.1010356130E+001   0.9935625342E+000   0.9940815579E+000
 0.4040404   0.1160226206E+000   0.1012964796E+001   0.9904106180E+000   0.9946120986E+000
 0.4141414   0.1532030701E+000   0.1013014871E+001   0.9976072683E+000   0.1002426465E+001
 0.4242424   0.2024277082E+000   0.1005038648E+001   0.1004626844E+001   0.1023176354E+001
 0.4343434   0.2693298584E+000   0.1014413392E+001   0.1003112248E+001   0.1006482618E+001
 0.4444444   0.3533222471E+000   0.1027733327E+001   0.1006150045E+001   0.9944618223E+000
 0.4545455   0.4692291277E+000   0.1033590903E+001   0.1002207780E+001   0.9993098660E+000
 0.4646465   0.6264704403E+000   0.1016024136E+001   0.1000720502E+001   0.9862018535E+000
 0.4747475   0.8480334074E+000   0.1041323904E+001   0.1002996082E+001   0.1001855416E+001
 0.4848485   0.1125962366E+001   0.9998451611E+000   0.1005884785E+001   0.9827128301E+000
 0.4949495   0.1503091106E+001   0.1031099078E+001   0.9993479134E+000   0.9739458422E+000
 0.5050505   0.1743900743E+001   0.9994409848E+000   0.1005126775E+001   0.1015124158E+001
 0.5151515   0.1741975727E+001   0.1012574927E+001   0.1002538591E+001   0.9758158019E+000
 0.5252525   0.1748635195E+001   0.1015652151E+001   0.1010538441E+001   0.9930609859E+000
 0.5353535   0.1740628359E+001   0.1023418536E+001   0.1007763309E+001   0.9917855976E+000
 0.5454545   0.1736149760E+001   0.1026984587E+001   0.1009618463E+001   0.1017770328E+001
 0.5555556   0.1737748854E+001   0.1010611274E+001   0.1010974625E+001   0.1013480266E+001
 0.5656566   0.1755959896E+001   0.1047565388E+001   0.1006592834E+001   0.9788056467E+000
 0.5757576   0.1746029052E+001   0.1017411927E+001   0.1009721836E+001   0.9946839698E+000
 0.5858586   0.1748991028E+001   0.1016553500E+001   0.1013935793E+001   0.1000006364E+001
 0.5959596   0.1753069955E+001   0.1042578162E+001   0.1009351752E+001   0.9882207827E+000
 0.6060606   0.1754130763E+001   0.1026133313E+001   0.1006231468E+001   0.9957084621E+000
 0.6161616   0.1753102317E+001   0.1006973687E+001   0.1011079372E+001   0.9857640921E+000
 0.6262626   0.1765663667E+001   0.1009643158E+001   0.1012269590E+001   0.9835569908E+000
 0.6363636   0.1768082101E+001   0.1045567159E+001   0.1004057160E+001   0.9995908173E+000
 0.6464646   0.1767634536E+001   0.1021786331E+001   0.1011284289E+001   0.9977809681E+000
 0.6565657   0.1766875933E+001   0.1022046244E+001   0.1005055098E+001   0.1006464324E+001
 0.6666667   0.1795413882E+001   0.1016578537E+001   0.1007688494E+001   0.9884246358E+000
 0.6767677   0.1787661632E+001   0.1014960640E+001   0.1005645196E+001   0.1005482954E+001
 0.6868687   0.1807296987E+001   0.1017626534E+001   0.1013531323E+001   0.1012378676E+001
 0.6969697   0.1813613120E+001   0.1030197729E+001   0.1013843777E+001   0.9762757781E+000
 0.7070707   0.1802379185E+001   0.1020024170E+001   0.1007053296E+001   0.9899260919E+000
 0.7171717   0.1817513082E+001   0.1021980670E+001   0.1007985635E+001   0.9987113743E+000
 0.7272727   0.1824808195E+001   0.1012545120E+001   0.1010009755E+001   0.1004633567E+001
 0.7373737   0.1827866518E+001   0.1011768958E+001   0.1007757167E+001   0.9940096867E+000
 0.7474747   0.1844021315E+001   0.1009114987E+001   0.1007485193E+001   0.9974359860E+000
 0.7575758   0.1854797549E+001   0.1018487346E+001   0.1009319966E+001   0.9973026975E+000
 0.7676768   0.1861452996E+001   0.1020247123E+001   0.1008172961E+001   0.1009290825E+001
 0.7777778   0.1873628678E+001   0.9980508091E+000   0.1009298863E+001   0.9909714922E+000
 0.7878788   0.1875418162E+001   0.1012657193E+001   0.1009517046E+001   0.9816491354E+000
 0.7979798   0.1898981987E+001   0.1020087360E+001   0.1008560218E+001   0.9886036606E+000
 0.8080808   0.1896264313E+001   0.1007940610E+001   0.1010670603E+001   0.9905755468E+000
 0.8181818   0.1918289658E+001   0.1013492967E+001   0.1013719140E+001   0.9823717683E+000
 0.8282828   0.1918034601E+001   0.1001943540E+001   0.1007209715E+001   0.9812244415E+000
 0.8383838   0.1936531665E+001   0.1015962139E+001   0.1008386640E+001   0.9809330362E+000
 0.8484848   0.1963700443E+001   0.1034247838E+001   0.1021126132E+001   0.1006311434E+001
 0.8585859   0.1961665149E+001   0.1017157976E+001   0.1011490043E+001   0.9997397868E+000
 0.8686869   0.1973547600E+001   0.1020524920E+001   0.1013560769E+001   0.9958365236E+000
 0.8787879   0.1979071677E+001   0.1019690337E+001   0.1012665103E+001   0.9907872404E+000
 0.8888889   0.1997654239E+001   0.1040787387E+001   0.1017018264E+001   0.1015266594E+001
 0.8989899   0.1999650063E+001   0.1018687646E+001   0.1011499700E+001   0.9928414519E+000
 0.9090909   0.2012067749E+001   0.1030030813E+001   0.1013749318E+001   0.1009239862E+001
 0.9191919   0.2021714331E+001   0.1032747974E+001   0.1010851230E+001   0.1008125204E+001
 0.9292929   0.2033962773E+001   0.1016622651E+001   0.1007745477E+001   0.9999371061E+000
 0.9393939   0.2063877610E+001   0.1011029757E+001   0.1018452953E+001   0.9973262190E+000
 0.9494949   0.2055730044E+001   0.9979339675E+000   0.1002860807E+001   0.9791846043E+000
 0.9595960   0.2067529730E+001   0.1026059393E+001   0.1010127286E+001   0.1003965817E+001
 0.9696970   0.2084952327E+001   0.1005813617E+001   0.1013021388E+001   0.9842874643E+000
 0.9797980   0.2101500174E+001   0.1053769912E+001   0.1016675818E+001   0.1013637076E+001
 0.9898990   0.2116972315E+001   0.1021559802E+001   0.1013759984E+001   0.1003158246E+001
 1.0000000   0.2098751412E+001   0.1019913290E+001   0.9978239376E+000   0.9965918253E+000


 0.0000000   0.3047851217E-002   0.9280943719E+000   0.9834216738E+000   0.1035989248E+001
 0.0101010   0.3035174268E-002   0.8959734248E+000   0.9877347117E+000   0.1014445642E+001
 0.0202020   0.2896309392E-002   0.8785103167E+000   0.9746545165E+000   0.9917679392E+000
 0.0303030   0.2721454936E-002   0.9066936619E+000   0.9917585998E+000   0.1018578346E+001
 0.0404040   0.2413878520E-002   0.8619598915E+000   0.9771743617E+000   0.9713932103E+000
 0.0505051   0.2093110308E-002   0.8990968075E+000   0.9753808515E+000   0.1007546207E+001
 0.0606061   0.1775391278E-002   0.9245790278E+000   0.9825379735E+000   0.1011377470E+001
 0.0707071   0.1468639629E-002   0.8988175114E+000   0.9836181771E+000   0.1002258326E+001
 0.0808081   0.1195183904E-002   0.8989216557E+000   0.9804376477E+000   0.9962895670E+000
 0.0909091   0.9927115740E-003   0.8914298924E+000   0.9823113528E+000   0.1012626451E+001
 0.1010101   0.8362272560E-003   0.8939085271E+000   0.9817048817E+000   0.1025331276E+001
 0.1111111   0.7450112514E-003   0.8736505642E+000   0.9863259345E+000   0.1003448284E+001
 0.1212121   0.6781066052E-003   0.8445800988E+000   0.9789008147E+000   0.9923023134E+000
 0.1313131   0.6490013476E-003   0.8807816095E+000   0.9908346926E+000   0.9966805982E+000
 0.1414141   0.6597561349E-003   0.9138398554E+000   0.9800550836E+000   0.1012967944E+001
 0.1515152   0.6757816732E-003   0.8633289158E+000   0.9888971200E+000   0.1000577208E+001
 0.1616162   0.7240852767E-003   0.9155118451E+000   0.9873828826E+000   0.9880810734E+000
 0.1717172   0.8059871856E-003   0.9449704847E+000   0.9883480603E+000   0.1017258748E+001
 0.1818182   0.8966349503E-003   0.9416899388E+000   0.9841962070E+000   0.1016850853E+001
 0.1919192   0.1011697523E-002   0.9943642399E+000   0.9829113226E+000   0.9761425005E+000
 0.2020202   0.1179487037E-002   0.9669127452E+000   0.9884654699E+000   0.1016088816E+001
 0.2121212   0.1381448223E-002   0.9660123702E+000   0.9906928691E+000   0.9963433206E+000
 0.2222222   0.1649653039E-002   0.1043785451E+001   0.9887499787E+000   0.1001992720E+001
 0.2323232   0.1987303389E-002   0.1014226454E+001   0.9921724936E+000   0.1024591373E+001
 0.2424242   0.2396244702E-002   0.1042255477E+001   0.9911633392E+000   0.1009157761E+001
 0.2525253   0.2905812600E-002   0.1051700419E+001   0.9914352308E+000   0.1005597375E+001
 0.2626263   0.3598575848E-002   0.1080492535E+001   0.9886866491E+000   0.1013244090E+001
 0.2727273   0.4453695865E-002   0.1042059496E+001   0.9868624298E+000   0.9991037269E+000
 0.2828283   0.5602772454E-002   0.1022539064E+001   0.9944463667E+000   0.1038638985E+001
 0.2929293   0.7025064443E-002   0.1011171239E+001   0.9920612751E+000   0.1022277860E+001
 0.3030303   0.8991987614E-002   0.1048144364E+001   0.9913553134E+000   0.9870312969E+000
 0.3131313   0.1121646279E-001   0.1032452656E+001   0.9983536792E+000   0.1049052431E+001
 0.3232323   0.1450293677E-001   0.1021157732E+001   0.9959227637E+000   0.1008965935E+001
 0.3333333   0.1857518682E-001   0.1037355013E+001   0.9938284012E+000   0.1000961916E+001
 0.3434343   0.2376171778E-001   0.1026831703E+001   0.9888886941E+000   0.9892014675E+000
 0.3535354   0.3061078362E-001   0.1013042049E+001   0.9957561569E+000   0.9995790776E+000
 0.3636364   0.3994021608E-001   0.1033543331E+001   0.9934804060E+000   0.9817370926E+000
 0.3737374   0.5153648039E-001   0.1008934976E+001   0.9884272476E+000   0.9880642096E+000
 0.3838384   0.6815267551E-001   0.1022491726E+001   0.1001816583E+001   0.1035662511E+001
 0.3939394   0.8818297307E-001   0.1012997551E+001   0.9952480512E+000   0.9957573008E+000
 0.4040404   0.1163336931E+000   0.1020342566E+001   0.9923424584E+000   0.9965414712E+000
 0.4141414   0.1530731736E+000   0.1016801659E+001   0.9977275296E+000   0.1002536580E+001
 0.4242424   0.2022449125E+000   0.1008739942E+001   0.1000762462E+001   0.1019229714E+001
 0.4343434   0.2686959739E+000   0.1016671005E+001   0.1003461344E+001   0.1006822114E+001
 0.4444444   0.3528130026E+000   0.1030962446E+001   0.1004342736E+001   0.9926648868E+000
 0.4545455   0.4703526294E+000   0.1040821125E+001   0.9999822087E+000   0.9970800614E+000
 0.4646465   0.6263888429E+000   0.1020554642E+001   0.1000773941E+001   0.9862439645E+000
 0.4747475   0.8467705850E+000   0.1044545705E+001   0.1000199203E+001   0.9990510273E+000
 0.4848485   0.1128989965E+001   0.1007135173E+001   0.1002893355E+001   0.9797798286E+000
 0.4949495   0.1504664085E+001   0.1036915713E+001   0.1000717104E+001   0.9752697947E+000
 0.5050505   0.1740607816E+001   0.1002132459E+001   0.1004371763E+001   0.1014350782E+001
 0.5151515   0.1746096233E+001   0.1019628704E+001   0.1001273660E+001   0.9745741596E+000
 0.5252525   0.1745852919E+001   0.1018690458E+001   0.1009250597E+001   0.9917848031E+000
 0.5353535   0.1736517832E+001   0.1025688010E+001   0.1006827606E+001   0.9908541277E+000
 0.5454545   0.1734522638E+001   0.1030731435E+001   0.1008862479E+001   0.1016997358E+001
 0.5555556   0.1740531355E+001   0.1016875507E+001   0.1010189453E+001   0.1012682312E+001
 0.5656566   0.1756135184E+001   0.1052478661E+001   0.1007309541E+001   0.9794920886E+000
 0.5757576   0.1746401096E+001   0.1022299532E+001   0.1007859550E+001   0.9928387956E+000
 0.5858586   0.1752775377E+001   0.1023429025E+001   0.1015350469E+001   0.1001390891E+001
 0.5959596   0.1755159811E+001   0.1048612067E+001   0.1005774922E+001   0.9847082975E+000
 0.6060606   0.1756279904E+001   0.1032106140E+001   0.1006361890E+001   0.9958268643E+000
 0.6161616   0.1747433160E+001   0.1008324312E+001   0.1007286214E+001   0.9820553984E+000
 0.6262626   0.1763531427E+001   0.1013052464E+001   0.1009553659E+001   0.9809076005E+000
 0.6363636   0.1770031552E+001   0.1051524321E+001   0.1005644181E+001   0.1001160066E+001
 0.6464646   0.1768403195E+001   0.1026922593E+001   0.1010073009E+001   0.9965751989E+000
 0.6565657   0.1769011360E+001   0.1027978238E+001   0.1005456825E+001   0.1006855842E+001
 0.6666667   0.1792481607E+001   0.1019576632E+001   0.1007488705E+001   0.9882180925E+000
 0.6767677   0.1786544548E+001   0.1018982062E+001   0.1005029312E+001   0.1004856418E+001
 0.6868687   0.1797198004E+001   0.1016584850E+001   0.1010480053E+001   0.1009320076E+001
 0.6969697   0.1808181723E+001   0.1031826844E+001   0.1012864647E+001   0.9753224943E+000
 0.7070707   0.1810211452E+001   0.1029158856E+001   0.1007925611E+001   0.9907729703E+000
 0.7171717   0.1818651552E+001   0.1027314554E+001   0.1008786023E+001   0.9994937042E+000
 0.7272727   0.1822454251E+001   0.1015880455E+001   0.1008868131E+001   0.1003487282E+001
 0.7373737   0.1832207585E+001   0.1018826793E+001   0.1007791555E+001   0.9940329691E+000
 0.7474747   0.1845054115E+001   0.1014314504E+001   0.1008557730E+001   0.9984871413E+000
 0.7575758   0.1856947964E+001   0.1024348335E+001   0.1009231316E+001   0.9972044325E+000
 0.7676768   0.1863560541E+001   0.1026090385E+001   0.1008977327E+001   0.1010085275E+001
 0.7777778   0.1873758933E+001   0.1002701466E+001   0.1009904001E+001   0.9915550327E+000
 0.7878788   0.1875777988E+001   0.1017500373E+001   0.1008461754E+001   0.9806124826E+000
 0.7979798   0.1898919174E+001   0.1024735562E+001   0.1011444356E+001   0.9914201217E+000
 0.8080808   0.1895716100E+001   0.1012274222E+001   0.1010608625E+001   0.9905042022E+000
 0.8181818   0.1918029829E+001   0.1018006893E+001   0.1010671374E+001   0.9794077692E+000
 0.8282828   0.1917343881E+001   0.1006179886E+001   0.1007797575E+001   0.9817866303E+000
 0.8383838   0.1939302358E+001   0.1022085563E+001   0.1011863410E+001   0.9843046183E+000
 0.8484848   0.1955875220E+001   0.1034854603E+001   0.1019371835E+001   0.1004571840E+001
 0.8585859   0.1961282537E+001   0.1021627328E+001   0.1013413465E+001   0.1001630147E+001
 0.8686869   0.1970928447E+001   0.1023848442E+001   0.1010212616E+001   0.9925362997E+000
 0.8787879   0.1977828717E+001   0.1023727256E+001   0.1013654603E+001   0.9917447513E+000
 0.8888889   0.1999180806E+001   0.1046363496E+001   0.1018177989E+001   0.1016413446E+001
 0.8989899   0.2002914165E+001   0.1025033794E+001   0.1011211445E+001   0.9925478936E+000
 0.9090909   0.2017985455E+001   0.1037801887E+001   0.1015928522E+001   0.1011398549E+001
 0.9191919   0.2020467789E+001   0.1036848493E+001   0.1012459653E+001   0.1009718485E+001
 0.9292929   0.2032351596E+001   0.1020479847E+001   0.1007060828E+001   0.9992470699E+000
 0.9393939   0.2062686720E+001   0.1015084225E+001   0.1017823920E+001   0.9966995701E+000
 0.9494949   0.2059252935E+001   0.1004232387E+001   0.1005619628E+001   0.9818677877E+000
 0.9595960   0.2073119401E+001   0.1033555639E+001   0.1010761629E+001   0.1004585542E+001
 0.9696970   0.2086960035E+001   0.1011403197E+001   0.1011496488E+001   0.9827953011E+000
 0.9797980   0.2097204616E+001   0.1056442773E+001   0.1015686773E+001   0.1012640153E+001
 0.9898990   0.2114657655E+001   0.1025126577E+001   0.1010864249E+001   0.1000282091E+001
 1.0000000   0.2098371106E+001   0.1024408928E+001   0.9984564279E+000   0.9972128644E+000


 0.0000000   0.3101096130E-002   0.9402614439E+000   0.9809373168E+000   0.1033373919E+001
 0.0101010   0.3083145178E-002   0.9062342978E+000   0.9866812135E+000   0.1013365445E+001
 0.0202020   0.2962270206E-002   0.8946673875E+000   0.9795976946E+000   0.9967996728E+000
 0.0303030   0.2779601134E-002   0.9220976933E+000   0.9933012754E+000   0.1020164542E+001
 0.0404040   0.2466627601E-002   0.8770215344E+000   0.9795622578E+000   0.9737686995E+000
 0.0505051   0.2128078451E-002   0.9102003452E+000   0.9766130270E+000   0.1008820798E+001
 0.0606061   0.1804384139E-002   0.9356512017E+000   0.9807164678E+000   0.1009504282E+001
 0.0707071   0.1497112938E-002   0.9123172121E+000   0.9833748034E+000   0.1002012111E+001
 0.0808081   0.1216629808E-002   0.9111304957E+000   0.9808778500E+000   0.9967386475E+000
 0.0909091   0.1006335475E-002   0.8997915557E+000   0.9793840974E+000   0.1009610641E+001
 0.1010101   0.8524306291E-003   0.9073249012E+000   0.9837894079E+000   0.1027510253E+001
 0.1111111   0.7573160149E-003   0.8842744844E+000   0.9858756984E+000   0.1002992004E+001
 0.1212121   0.6899429491E-003   0.8556399872E+000   0.9807100707E+000   0.9941380951E+000
 0.1313131   0.6614669580E-003   0.8938524136E+000   0.9921499311E+000   0.9980053597E+000
 0.1414141   0.6723385677E-003   0.9272774640E+000   0.9813362252E+000   0.1014293902E+001
 0.1515152   0.6869638267E-003   0.8738537801E+000   0.9889168486E+000   0.1000598938E+001
 0.1616162   0.7366277033E-003   0.9273791372E+000   0.9858032614E+000   0.9865020781E+000
 0.1717172   0.8145463279E-003   0.9509132958E+000   0.9894560132E+000   0.1018400909E+001
 0.1818182   0.9108113581E-003   0.9524796979E+000   0.9844349611E+000   0.1017099325E+001
 0.1919192   0.1024709225E-002   0.1002837301E+001   0.9822091604E+000   0.9754468970E+000
 0.2020202   0.1192597754E-002   0.9734712333E+000   0.9863478422E+000   0.1013913801E+001
 0.2121212   0.1399820393E-002   0.9746650985E+000   0.9918392254E+000   0.9974979774E+000
 0.2222222   0.1672097270E-002   0.1053453058E+001   0.9887897331E+000   0.1002034778E+001
 0.2323232   0.2008901163E-002   0.1020855691E+001   0.9909400087E+000   0.1023320425E+001
 0.2424242   0.2417469794E-002   0.1046981720E+001   0.9934293359E+000   0.1011466684E+001
 0.2525253   0.2934585253E-002   0.1057562878E+001   0.9922022894E+000   0.1006377168E+001
 0.2626263   0.3617537587E-002   0.1081531530E+001   0.9890142790E+000   0.1013581649E+001
 0.2727273   0.4487310974E-002   0.1045425644E+001   0.9871397736E+000   0.9993862766E+000
 0.2828283   0.5633308286E-002   0.1023706511E+001   0.9922098212E+000   0.1036304880E+001
 0.2929293   0.7052177115E-002   0.1010724119E+001   0.9912531709E+000   0.1021446947E+001
 0.3030303   0.8976360838E-002   0.1041839283E+001   0.9919191633E+000   0.9875944322E+000
 0.3131313   0.1124083188E-001   0.1030262046E+001   0.9958843010E+000   0.1046459501E+001
 0.3232323   0.1452913713E-001   0.1018618881E+001   0.9951891489E+000   0.1008224493E+001
 0.3333333   0.1859386450E-001   0.1033948492E+001   0.9950944043E+000   0.1002238777E+001
 0.3434343   0.2379047803E-001   0.1023669177E+001   0.9898173993E+000   0.9901322156E+000
 0.3535354   0.3061916855E-001   0.1008977406E+001   0.9964125521E+000   0.1000239760E+001
 0.3636364   0.4004699273E-001   0.1031865781E+001   0.9928061745E+000   0.9810725641E+000
 0.3737374   0.5167927316E-001   0.1007395118E+001   0.9869482654E+000   0.9865875136E+000
 0.3838384   0.6843078135E-001   0.1022264817E+001   0.1001191479E+001   0.1035018116E+001
 0.3939394   0.8820815570E-001   0.1008944839E+001   0.9940374496E+000   0.9945478368E+000
 0.4040404   0.1166687987E+000   0.1018896894E+001   0.9897703645E+000   0.9939602497E+000
 0.4141414   0.1534180886E+000   0.1014725911E+001   0.9978883564E+000   0.1002699954E+001
 0.4242424   0.2022626210E+000   0.1004505376E+001   0.1002598776E+001   0.1021101717E+001
 0.4343434   0.2685378063E+000   0.1011718610E+001   0.1002653789E+001   0.1006013631E+001
 0.4444444   0.3526480807E+000   0.1026064851E+001   0.1003840722E+001   0.9921704629E+000
 0.4545455   0.4722155743E+000   0.1040465901E+001   0.9990364981E+000   0.9961388553E+000
 0.4646465   0.6274300457E+000   0.1017870630E+001   0.9984730761E+000   0.9839782433E+000
 0.4747475   0.8487893821E+000   0.1042549406E+001   0.1000000667E+001   0.9988544841E+000
 0.4848485   0.1128426012E+001   0.1002318609E+001   0.1003520560E+001   0.9803943107E+000
 0.4949495   0.1505821940E+001   0.1033266965E+001   0.9998593969E+000   0.9744356195E+000
 0.5050505   0.1743576421E+001   0.9995400719E+000   0.1004280002E+001   0.1014259902E+001
 0.5151515   0.1749218088E+001   0.1017074720E+001   0.1002950459E+001   0.9762079705E+000
 0.5252525   0.1748442822E+001   0.1015830018E+001   0.1009336088E+001   0.9918705668E+000
 0.5353535   0.1738383835E+001   0.1022390320E+001   0.1005970918E+001   0.9900127803E+000
 0.5454545   0.1733555372E+001   0.1025742357E+001   0.1009193619E+001   0.1017332965E+001
 0.5555556   0.1740339444E+001   0.1012406492E+001   0.1010886510E+001   0.1013382880E+001
 0.5656566   0.1756726751E+001   0.1048321741E+001   0.1006143958E+001   0.9783604224E+000
 0.5757576   0.1750368450E+001   0.1020231354E+001   0.1008327144E+001   0.9933011758E+000
 0.5858586   0.1752549052E+001   0.1018911986E+001   0.1015561334E+001   0.1001600626E+001
 0.5959596   0.1755112223E+001   0.1044090390E+001   0.1008607934E+001   0.9874837147E+000
 0.6060606   0.1754315946E+001   0.1026534295E+001   0.1005234067E+001   0.9947126053E+000
 0.6161616   0.1752579791E+001   0.1006960624E+001   0.1006638497E+001   0.9814256394E+000
 0.6262626   0.1764100515E+001   0.1009036980E+001   0.1007225510E+001   0.9786472416E+000
 0.6363636   0.1768809208E+001   0.1046295427E+001   0.1006033270E+001   0.1001549190E+001
 0.6464646   0.1773174216E+001   0.1025280856E+001   0.1008766581E+001   0.9952879873E+000
 0.6565657   0.1773615353E+001   0.1026237219E+001   0.1008379261E+001   0.1009784127E+001
 0.6666667   0.1792699665E+001   0.1015331184E+001   0.1007301721E+001   0.9880364302E+000
 0.6767677   0.1792168231E+001   0.1017809467E+001   0.1004863959E+001   0.1004692868E+001
 0.6868687   0.1798782911E+001   0.1013121382E+001   0.1009659849E+001   0.1008502595E+001
 0.6969697   0.1810090412E+001   0.1028489915E+001   0.1014183485E+001   0.9765941739E+000
 0.7070707   0.1807108730E+001   0.1022992415E+001   0.1006638750E+001   0.9895097569E+000
 0.7171717   0.1816768580E+001   0.1021853358E+001   0.1008584306E+001   0.9992956103E+000
 0.7272727   0.1819533039E+001   0.1009905968E+001   0.1008853977E+001   0.1003474976E+001
 0.7373737   0.1833480712E+001   0.1015165965E+001   0.1007777919E+001   0.9940212751E+000
 0.7474747   0.1847365394E+001   0.1011233279E+001   0.1009760907E+001   0.9996800702E+000
 0.7575758   0.1856078759E+001   0.1019481514E+001   0.1009497501E+001   0.9974692083E+000
 0.7676768   0.1857824919E+001   0.1018548981E+001   0.1008544973E+001   0.1009654230E+001
 0.7777778   0.1872427995E+001   0.9976956573E+000   0.1010162323E+001   0.9918104132E+000
 0.7878788   0.1879031288E+001   0.1014897485E+001   0.1011312558E+001   0.9833862972E+000
 0.7979798   0.1897447618E+001   0.1019553797E+001   0.1008811455E+001   0.9888410932E+000
 0.8080808   0.1895114565E+001   0.1007616733E+001   0.1010201508E+001   0.9901069337E+000
 0.8181818   0.1917791168E+001   0.1013518542E+001   0.1011585962E+001   0.9802957983E+000
 0.8282828   0.1912755857E+001   0.9994709660E+000   0.1005358053E+001   0.9794118023E+000
 0.8383838   0.1935249510E+001   0.1015579013E+001   0.1011346870E+001   0.9838038851E+000
 0.8484848   0.1949219972E+001   0.1026913981E+001   0.1018458709E+001   0.1003673745E+001
 0.8585859   0.1960415491E+001   0.1016799885E+001   0.1014703110E+001   0.1002906568E+001
 0.8686869   0.1972859682E+001   0.1020460118E+001   0.1011246649E+001   0.9935539951E+000
 0.8787879   0.1978009812E+001   0.1019433855E+001   0.1013877640E+001   0.9919647202E+000
 0.8888889   0.1994957411E+001   0.1039678728E+001   0.1016608391E+001   0.1014848361E+001
 0.8989899   0.2000405619E+001   0.1019363160E+001   0.1010151001E+001   0.9915087736E+000
 0.9090909   0.2017576512E+001   0.1033145433E+001   0.1015882202E+001   0.1011354223E+001
 0.9191919   0.2017827406E+001   0.1031056368E+001   0.1012299901E+001   0.1009560949E+001
 0.9292929   0.2036246041E+001   0.1018054118E+001   0.1009812320E+001   0.1001978983E+001
 0.9393939   0.2058107130E+001   0.1008490487E+001   0.1016385966E+001   0.9952932181E+000
 0.9494949   0.2057506080E+001   0.9990809541E+000   0.1006764153E+001   0.9829870170E+000
 0.9595960   0.2072850926E+001   0.1028993515E+001   0.1011073960E+001   0.1004897739E+001
 0.9696970   0.2084848475E+001   0.1006050331E+001   0.1012124489E+001   0.9834072202E+000
 0.9797980   0.2096600056E+001   0.1051612615E+001   0.1014799161E+001   0.1011756990E+001
 0.9898990   0.2111200901E+001   0.1019065290E+001   0.1011899806E+001   0.1001308576E+001
 1.0000000   0.2100180015E+001   0.1020898584E+001   0.1000095709E+001   0.9988518688E+000


 0.0000000   0.3152896089E-002   0.9537426837E+000   0.9810316195E+000   0.1033486670E+001
 0.0101010   0.3123053737E-002   0.9158284681E+000   0.9833044151E+000   0.1009910425E+001
 0.0202020   0.3009258136E-002   0.9067436906E+000   0.9785716569E+000   0.9957685363E+000
 0.0303030   0.2813781489E-002   0.9312643682E+000   0.9880837534E+000   0.1014819081E+001
 0.0404040   0.2501837179E-002   0.8874703969E+000   0.9793635959E+000   0.9735838433E+000
 0.0505051   0.2162929829E-002   0.9229537837E+000   0.9763396855E+000   0.1008551527E+001
 0.0606061   0.1828488504E-002   0.9459438887E+000   0.9798221507E+000   0.1008596799E+001
 0.0707071   0.1519391818E-002   0.9237389387E+000   0.9829980977E+000   0.1001641261E+001
 0.0808081   0.1238742694E-002   0.9255319147E+000   0.9820583995E+000   0.9979512334E+000
 0.0909091   0.1022500013E-002   0.9121171378E+000   0.9793202280E+000   0.1009557898E+001
 0.1010101   0.8658971048E-003   0.9195137635E+000   0.9844685425E+000   0.1028232909E+001
 0.1111111   0.7686747094E-003   0.8954486950E+000   0.9843375418E+000   0.1001440135E+001
 0.1212121   0.7000522615E-003   0.8661567964E+000   0.9797184064E+000   0.9931457374E+000
 0.1313131   0.6703709331E-003   0.9037764077E+000   0.9885669080E+000   0.9944140914E+000
 0.1414141   0.6798172761E-003   0.9354100687E+000   0.9806439684E+000   0.1013591546E+001
 0.1515152   0.6963069858E-003   0.8836775366E+000   0.9883351569E+000   0.1000023348E+001
 0.1616162   0.7463801064E-003   0.9374702441E+000   0.9835787720E+000   0.9842887815E+000
 0.1717172   0.8202279660E-003   0.9553177896E+000   0.9887926297E+000   0.1017731323E+001
 0.1818182   0.9154138256E-003   0.9550649779E+000   0.9834866266E+000   0.1016132707E+001
 0.1919192   0.1030276206E-002   0.1005939047E+001   0.9817507990E+000   0.9750043405E+000
 0.2020202   0.1199265978E-002   0.9766361859E+000   0.9853710570E+000   0.1012922858E+001
 0.2121212   0.1403529349E-002   0.9749733839E+000   0.9908712576E+000   0.9965374156E+000
 0.2222222   0.1671955013E-002   0.1050912121E+001   0.9860736615E+000   0.9992952879E+000
 0.2323232   0.2009671962E-002   0.1018870809E+001   0.9897184649E+000   0.1022072226E+001
 0.2424242   0.2419737217E-002   0.1045524971E+001   0.9939697483E+000   0.1012030038E+001
 0.2525253   0.2941875592E-002   0.1057722963E+001   0.9917809568E+000   0.1005962867E+001
 0.2626263   0.3618715846E-002   0.1079366109E+001   0.9903059095E+000   0.1014918531E+001
 0.2727273   0.4481963680E-002   0.1041749924E+001   0.9876345364E+000   0.9999001496E+000
 0.2828283   0.5623755301E-002   0.1019592248E+001   0.9906412915E+000   0.1034680066E+001
 0.2929293   0.7031405163E-002   0.1005401907E+001   0.9890497876E+000   0.1019189670E+001
 0.3030303   0.8961991028E-002   0.1037750840E+001   0.9915745273E+000   0.9872641071E+000
 0.3131313   0.1125293963E-001   0.1028971629E+001   0.9959725253E+000   0.1046565783E+001
 0.3232323   0.1449642717E-001   0.1013960508E+001   0.9930501021E+000   0.1006070481E+001
 0.3333333   0.1854690881E-001   0.1028937373E+001   0.9958978616E+000   0.1003061016E+001
 0.3434343   0.2373481702E-001   0.1018897529E+001   0.9892343703E+000   0.9895618393E+000
 0.3535354   0.3066233606E-001   0.1008048551E+001   0.9944902802E+000   0.9983230563E+000
 0.3636364   0.4000724450E-001   0.1028442712E+001   0.9913810472E+000   0.9796769896E+000
 0.3737374   0.5166047860E-001   0.1004685265E+001   0.9877333084E+000   0.9873850794E+000
 0.3838384   0.6836207642E-001   0.1018861903E+001   0.9990581860E+000   0.1032826147E+001
 0.3939394   0.8810079729E-001   0.1005371762E+001   0.9944197612E+000   0.9949432526E+000
 0.4040404   0.1166594221E+000   0.1016444091E+001   0.9903609464E+000   0.9945662346E+000
 0.4141414   0.1532589726E+000   0.1011314549E+001   0.9974599531E+000   0.1002282488E+001
 0.4242424   0.2024365039E+000   0.1003029314E+001   0.1001048698E+001   0.1019536260E+001
 0.4343434   0.2685457690E+000   0.1009394139E+001   0.1001837939E+001   0.1005208089E+001
 0.4444444   0.3527051653E+000   0.1023842772E+001   0.1002181842E+001   0.9905437190E+000
 0.4545455   0.4720118139E+000   0.1037596687E+001   0.9976711442E+000   0.9947903673E+000
 0.4646465   0.6280130188E+000   0.1016445461E+001   0.9990463414E+000   0.9845559596E+000
 0.4747475   0.8455406214E+000   0.1036142163E+001   0.9984793560E+000   0.9973478560E+000
 0.4848485   0.1124206180E+001   0.9962465618E+000   0.1005349310E+001   0.9821936594E+000
 0.4949495   0.1505315773E+001   0.1030515905E+001   0.1000059881E+001   0.9746436500E+000
 0.5050505   0.1742361651E+001   0.9965192422E+000   0.1002461776E+001   0.1012436742E+001
 0.5151515   0.1746081396E+001   0.1012888285E+001   0.1001539214E+001   0.9748470023E+000
 0.5252525   0.1747156468E+001   0.1012720429E+001   0.1007299898E+001   0.9898824530E+000
 0.5353535   0.1739549930E+001   0.1020695301E+001   0.1005166345E+001   0.9892338038E+000
 0.5454545   0.1733114897E+001   0.1023095299E+001   0.1009607349E+001   0.1017763236E+001
 0.5555556   0.1743485444E+001   0.1011876353E+001   0.1010278293E+001   0.1012786301E+001
 0.5656566   0.1753438572E+001   0.1043924515E+001   0.1006939898E+001   0.9791470863E+000
 0.5757576   0.1754251194E+001   0.1020114999E+001   0.1006974224E+001   0.9919812859E+000
 0.5858586   0.1748744210E+001   0.1014333902E+001   0.1016584159E+001   0.1002622398E+001
 0.5959596   0.1756332742E+001   0.1042385036E+001   0.1009048223E+001   0.9879275995E+000
 0.6060606   0.1755505104E+001   0.1024839631E+001   0.1004557857E+001   0.9940563696E+000
 0.6161616   0.1753603146E+001   0.1005203906E+001   0.1007776278E+001   0.9825476705E+000
 0.6262626   0.1767279276E+001   0.1008502790E+001   0.1007910959E+001   0.9793259472E+000
 0.6363636   0.1766718758E+001   0.1042626886E+001   0.1007176493E+001   0.1002700325E+001
 0.6464646   0.1774771030E+001   0.1023816052E+001   0.1009028423E+001   0.9955592467E+000
 0.6565657   0.1772490061E+001   0.1023199439E+001   0.1008994036E+001   0.1010412868E+001
 0.6666667   0.1792610059E+001   0.1012917745E+001   0.1006573917E+001   0.9873353546E+000
 0.6767677   0.1791682441E+001   0.1015165645E+001   0.1005957820E+001   0.1005799592E+001
 0.6868687   0.1797940378E+001   0.1010290285E+001   0.1010842192E+001   0.1009696682E+001
 0.6969697   0.1810053567E+001   0.1026075600E+001   0.1011907372E+001   0.9744150643E+000
 0.7070707   0.1807428873E+001   0.1020792589E+001   0.1007523518E+001   0.9903923180E+000
 0.7171717   0.1816885286E+001   0.1019540863E+001   0.1009170885E+001   0.9998897593E+000
 0.7272727   0.1822531212E+001   0.1009216007E+001   0.1009660306E+001   0.1004290035E+001
 0.7373737   0.1831835706E+001   0.1011894851E+001   0.1009078038E+001   0.9953165599E+000
 0.7474747   0.1850758191E+001   0.1010732877E+001   0.1010571311E+001   0.1000495363E+001
 0.7575758   0.1855481683E+001   0.1016781859E+001   0.1011780888E+001   0.9997383584E+000
 0.7676768   0.1859089251E+001   0.1016870240E+001   0.1009713728E+001   0.1010837384E+001
 0.7777778   0.1877630592E+001   0.9981395664E+000   0.1012544038E+001   0.9941617565E+000
 0.7878788   0.1877409757E+001   0.1011661908E+001   0.1012670974E+001   0.9847199773E+000
 0.7979798   0.1896844616E+001   0.1016857908E+001   0.1011871709E+001   0.9918536341E+000
 0.8080808   0.1893825290E+001   0.1004587977E+001   0.1011829688E+001   0.9917155921E+000
 0.8181818   0.1917176077E+001   0.1010835646E+001   0.1013770195E+001   0.9824252138E+000
 0.8282828   0.1912123127E+001   0.9968152168E+000   0.1005344490E+001   0.9794112958E+000
 0.8383838   0.1935477485E+001   0.1013334987E+001   0.1012432641E+001   0.9848728626E+000
 0.8484848   0.1948688629E+001   0.1024244942E+001   0.1017908094E+001   0.1003144138E+001
 0.8585859   0.1957913611E+001   0.1013139041E+001   0.1015843378E+001   0.1004046606E+001
 0.8686869   0.1972574778E+001   0.1017938352E+001   0.1012427696E+001   0.9947272836E+000
 0.8787879   0.1980857050E+001   0.1018525506E+001   0.1018450902E+001   0.9964520670E+000
 0.8888889   0.1994336116E+001   0.1036936225E+001   0.1017200769E+001   0.1015452887E+001
 0.8989899   0.2000565695E+001   0.1017072352E+001   0.1011024559E+001   0.9923790845E+000
 0.9090909   0.2012559848E+001   0.1028178253E+001   0.1015133689E+001   0.1010622157E+001
 0.9191919   0.2017235095E+001   0.1028355016E+001   0.1014031009E+001   0.1011300493E+001
 0.9292929   0.2034692557E+001   0.1014910093E+001   0.1011253202E+001   0.1003421706E+001
 0.9393939   0.2056155519E+001   0.1005189518E+001   0.1017157527E+001   0.9960616901E+000
 0.9494949   0.2059304265E+001   0.9976270918E+000   0.1010619273E+001   0.9867638902E+000
 0.9595960   0.2075598545E+001   0.1027959698E+001   0.1012528261E+001   0.1006356213E+001
 0.9696970   0.2083622843E+001   0.1003119066E+001   0.1012202887E+001   0.9834961529E+000
 0.9797980   0.2097352418E+001   0.1049541868E+001   0.1015698542E+001   0.1012666812E+001
 0.9898990   0.2116070112E+001   0.1019038665E+001   0.1015766636E+001   0.1005147974E+001
 1.0000000   0.2103658020E+001   0.1020209546E+001   0.1001869439E+001   0.1000636374E+001


 0.0000000   0.3174015696E-002   0.9576960868E+000   0.9800201486E+000   0.1032418776E+001
 0.0101010   0.3152673524E-002   0.9221695187E+000   0.9832845156E+000   0.1009887697E+001
 0.0202020   0.3036232621E-002   0.9125511610E+000   0.9778000054E+000   0.9949810684E+000
 0.0303030   0.2840378737E-002   0.9376828048E+000   0.9871878283E+000   0.1013896615E+001
 0.0404040   0.2528268574E-002   0.8945716293E+000   0.9786639080E+000   0.9728860789E+000
 0.0505051   0.2182987845E-002   0.9291501967E+000   0.9742906680E+000   0.1006432625E+001
 0.0606061   0.1847295708E-002   0.9532496265E+000   0.9804750277E+000   0.1009266561E+001
 0.0707071   0.1533278575E-002   0.9298172860E+000   0.9804561766E+000   0.9990488653E+000
 0.0808081   0.1252625973E-002   0.9335310909E+000   0.9839723294E+000   0.9998938698E+000
 0.0909091   0.1033942899E-002   0.9199853876E+000   0.9788270666E+000   0.1009047222E+001
 0.1010101   0.8763815898E-003   0.9282870107E+000   0.9876911303E+000   0.1031596417E+001
 0.1111111   0.7745615108E-003   0.9000178213E+000   0.9834558810E+000   0.1000540887E+001
 0.1212121   0.7102649907E-003   0.8765638260E+000   0.9801448246E+000   0.9935757471E+000
 0.1313131   0.6758815162E-003   0.9088945008E+000   0.9865547913E+000   0.9923878235E+000
 0.1414141   0.6847975956E-003   0.9398729512E+000   0.9817895576E+000   0.1014773324E+001
 0.1515152   0.7013111048E-003   0.8877708068E+000   0.9885266025E+000   0.1000214790E+001
 0.1616162   0.7554440992E-003   0.9464482025E+000   0.9849979251E+000   0.9857067242E+000
 0.1717172   0.8249205301E-003   0.9583463335E+000   0.9889729299E+000   0.1017914592E+001
 0.1818182   0.9200501732E-003   0.9574675080E+000   0.9831281469E+000   0.1015760025E+001
 0.1919192   0.1035740653E-002   0.1008709474E+001   0.9826319656E+000   0.9758772393E+000
 0.2020202   0.1202677658E-002   0.9769303961E+000   0.9862028624E+000   0.1013775623E+001
 0.2121212   0.1408185500E-002   0.9757267480E+000   0.9906178288E+000   0.9962802789E+000
 0.2222222   0.1679479430E-002   0.1052964145E+001   0.9862253861E+000   0.9994467809E+000
 0.2323232   0.2014695698E-002   0.1018827096E+001   0.9894018969E+000   0.1021742993E+001
 0.2424242   0.2430535279E-002   0.1047526976E+001   0.9925929614E+000   0.1010625944E+001
 0.2525253   0.2955769656E-002   0.1060023021E+001   0.9918757237E+000   0.1006056708E+001
 0.2626263   0.3631276046E-002   0.1080365337E+001   0.9892870291E+000   0.1013872029E+001
 0.2727273   0.4494774503E-002   0.1042077777E+001   0.9875423795E+000   0.9998045814E+000
 0.2828283   0.5640849318E-002   0.1020097513E+001   0.9913150870E+000   0.1035381468E+001
 0.2929293   0.7061594052E-002   0.1007157544E+001   0.9885404908E+000   0.1018662544E+001
 0.3030303   0.9000972573E-002   0.1039621155E+001   0.9921609722E+000   0.9878457630E+000
 0.3131313   0.1129622263E-001   0.1030309575E+001   0.9969704577E+000   0.1047612033E+001
 0.3232323   0.1450040902E-001   0.1011666563E+001   0.9954049393E+000   0.1008453907E+001
 0.3333333   0.1861412757E-001   0.1030047310E+001   0.9976680023E+000   0.1004841610E+001
 0.3434343   0.2385749888E-001   0.1021566433E+001   0.9896762535E+000   0.9900016242E+000
 0.3535354   0.3080606038E-001   0.1010204861E+001   0.9944311604E+000   0.9982614454E+000
 0.3636364   0.4016913720E-001   0.1029985353E+001   0.9918005533E+000   0.9800893211E+000
 0.3737374   0.5190313167E-001   0.1006844150E+001   0.9887756808E+000   0.9884248434E+000
 0.3838384   0.6854194142E-001   0.1018951611E+001   0.9989148668E+000   0.1032675642E+001
 0.3939394   0.8842558344E-001   0.1006518726E+001   0.9952810931E+000   0.9958027802E+000
 0.4040404   0.1169370717E+000   0.1016279043E+001   0.9920745024E+000   0.9962848080E+000
 0.4141414   0.1533971938E+000   0.1009659279E+001   0.9983380943E+000   0.1003162601E+001
 0.4242424   0.2028819991E+000   0.1002687023E+001   0.9997610988E+000   0.1018222572E+001
 0.4343434   0.2696247165E+000   0.1010879169E+001   0.1002348085E+001   0.1005717671E+001
 0.4444444   0.3535566720E+000   0.1023711465E+001   0.1003520302E+001   0.9918643866E+000
 0.4545455   0.4729658460E+000   0.1037056861E+001   0.9993973435E+000   0.9965093229E+000
 0.4646465   0.6295232364E+000   0.1016305510E+001   0.1001229353E+001   0.9867050717E+000
 0.4747475   0.8451211209E+000   0.1033001391E+001   0.1000442368E+001   0.9993063782E+000
 0.4848485   0.1122365144E+001   0.9920923926E+000   0.1005316245E+001   0.9821591290E+000
 0.4949495   0.1507769258E+001   0.1029577521E+001   0.1000036641E+001   0.9746187909E+000
 0.5050505   0.1745830076E+001   0.9959704134E+000   0.1004029342E+001   0.1014017608E+001
 0.5151515   0.1745368066E+001   0.1009906505E+001   0.1002042221E+001   0.9753343919E+000
 0.5252525   0.1751708370E+001   0.1012783591E+001   0.1009023370E+001   0.9915738759E+000
 0.5353535   0.1740197431E+001   0.1018485431E+001   0.1003716805E+001   0.9878050009E+000
 0.5454545   0.1736471006E+001   0.1022476538E+001   0.1009030658E+001   0.1017179581E+001
 0.5555556   0.1742986527E+001   0.1009021063E+001   0.1008219802E+001   0.1010720408E+001
 0.5656566   0.1751779036E+001   0.1040291252E+001   0.1005833834E+001   0.9780693335E+000
 0.5757576   0.1751140346E+001   0.1015723236E+001   0.1007560614E+001   0.9925566950E+000
 0.5858586   0.1751029084E+001   0.1013083150E+001   0.1013310856E+001   0.9993917844E+000
 0.5959596   0.1758202811E+001   0.1040848263E+001   0.1007973665E+001   0.9868732962E+000
 0.6060606   0.1752335598E+001   0.1020394666E+001   0.1004744634E+001   0.9942389397E+000
 0.6161616   0.1755388768E+001   0.1003675325E+001   0.1006719731E+001   0.9815153470E+000
 0.6262626   0.1764946954E+001   0.1004617311E+001   0.1009443382E+001   0.9808126863E+000
 0.6363636   0.1765737160E+001   0.1039404607E+001   0.1007558628E+001   0.1003078488E+001
 0.6464646   0.1771133182E+001   0.1019126053E+001   0.1006248527E+001   0.9928142079E+000
 0.6565657   0.1772105175E+001   0.1020382635E+001   0.1008395002E+001   0.1009810702E+001
 0.6666667   0.1792723163E+001   0.1010412387E+001   0.1007284547E+001   0.9880301629E+000
 0.6767677   0.1792163994E+001   0.1012862992E+001   0.1006931679E+001   0.1006771015E+001
 0.6868687   0.1798942658E+001   0.1008289611E+001   0.1010220195E+001   0.1009073102E+001
 0.6969697   0.1806933639E+001   0.1021708994E+001   0.1010285564E+001   0.9728511400E+000
 0.7070707   0.1807711491E+001   0.1018362720E+001   0.1007514061E+001   0.9903807763E+000
 0.7171717   0.1819582006E+001   0.1018464378E+001   0.1009997520E+001   0.1000706523E+001
 0.7272727   0.1822616494E+001   0.1006703394E+001   0.1008356752E+001   0.1002991141E+001
 0.7373737   0.1833061880E+001   0.1010003952E+001   0.1010243665E+001   0.9964640317E+000
 0.7474747   0.1849699201E+001   0.1007592445E+001   0.1011005170E+001   0.1000922627E+001
 0.7575758   0.1853169994E+001   0.1012939386E+001   0.1011831868E+001   0.9997864649E+000
 0.7676768   0.1857889516E+001   0.1013636551E+001   0.1010531781E+001   0.1011654054E+001
 0.7777778   0.1874904111E+001   0.9941622343E+000   0.1011662830E+001   0.9932942946E+000
 0.7878788   0.1876084089E+001   0.1008383448E+001   0.1012355929E+001   0.9844113958E+000
 0.7979798   0.1895301527E+001   0.1013453688E+001   0.1010151610E+001   0.9901653196E+000
 0.8080808   0.1895997426E+001   0.1003189295E+001   0.1012386481E+001   0.9922590671E+000
 0.8181818   0.1913806061E+001   0.1006499477E+001   0.1012786858E+001   0.9814700558E+000
 0.8282828   0.1911442542E+001   0.9939330540E+000   0.1005302886E+001   0.9793685440E+000
 0.8383838   0.1935574348E+001   0.1010815407E+001   0.1012233921E+001   0.9846773199E+000
 0.8484848   0.1950707826E+001   0.1022705718E+001   0.1018483914E+001   0.1003709330E+001
 0.8585859   0.1956488332E+001   0.1009833721E+001   0.1015260268E+001   0.1003467993E+001
 0.8686869   0.1972200426E+001   0.1015163819E+001   0.1012760731E+001   0.9950522403E+000
 0.8787879   0.1980592018E+001   0.1015806246E+001   0.1017751894E+001   0.9957659002E+000
 0.8888889   0.1995491126E+001   0.1034905213E+001   0.1016644189E+001   0.1014894963E+001
 0.8989899   0.2003239008E+001   0.1015848353E+001   0.1012035064E+001   0.9933687016E+000
 0.9090909   0.2012175686E+001   0.1025374677E+001   0.1014716054E+001   0.1010204088E+001
 0.9191919   0.2017830645E+001   0.1026049586E+001   0.1013741005E+001   0.1011008978E+001
 0.9292929   0.2036067442E+001   0.1013019990E+001   0.1011586445E+001   0.1003750092E+001
 0.9393939   0.2056420922E+001   0.1002769431E+001   0.1015122722E+001   0.9940668331E+000
 0.9494949   0.2062344608E+001   0.9965659215E+000   0.1012526112E+001   0.9886234776E+000
 0.9595960   0.2071576608E+001   0.1023365589E+001   0.1011313276E+001   0.1005146355E+001
 0.9696970   0.2081949879E+001   0.9997714392E+000   0.1010735236E+001   0.9820678996E+000
 0.9797980   0.2096578471E+001   0.1046493559E+001   0.1015823969E+001   0.1012789569E+001
 0.9898990   0.2112685361E+001   0.1014828169E+001   0.1014694983E+001   0.1004085247E+001
 1.0000000   0.2105369677E+001   0.1018449941E+001   0.1001848661E+001   0.1000613353E+001


 0.0000000   0.3181727053E-002   0.9607580647E+000   0.9803712851E+000   0.1032789346E+001
 0.0101010   0.3160662927E-002   0.9252144801E+000   0.9843158967E+000   0.1010947628E+001
 0.0202020   0.3046448576E-002   0.9163228296E+000   0.9783019529E+000   0.9954924709E+000
 0.0303030   0.2846199624E-002   0.9403240231E+000   0.9875894905E+000   0.1014309792E+001
 0.0404040   0.2532233396E-002   0.8966606716E+000   0.9768680198E+000   0.9711014130E+000
 0.0505051   0.2189003638E-002   0.9324242592E+000   0.9753971685E+000   0.1007576272E+001
 0.0606061   0.1851787126E-002   0.9562991250E+000   0.9820734711E+000   0.1010912587E+001
 0.0707071   0.1534792936E-002   0.9314484312E+000   0.9820508753E+000   0.1000674443E+001
 0.0808081   0.1253025479E-002   0.9345439953E+000   0.9830784663E+000   0.9989861808E+000
 0.0909091   0.1033253716E-002   0.9200762613E+000   0.9769086275E+000   0.1007070196E+001
 0.1010101   0.8772591818E-003   0.9299282164E+000   0.9848942080E+000   0.1028675821E+001
 0.1111111   0.7728392931E-003   0.8987043970E+000   0.9825233401E+000   0.9995927835E+000
 0.1212121   0.7090046346E-003   0.8756784962E+000   0.9807016399E+000   0.9941408268E+000
 0.1313131   0.6742741694E-003   0.9074274321E+000   0.9851269193E+000   0.9909521416E+000
 0.1414141   0.6840049065E-003   0.9395039636E+000   0.9829610706E+000   0.1015984843E+001
 0.1515152   0.6991115976E-003   0.8856642731E+000   0.9875830908E+000   0.9992607604E+000
 0.1616162   0.7510176454E-003   0.9416231643E+000   0.9856616957E+000   0.9863716019E+000
 0.1717172   0.8213594360E-003   0.9549400315E+000   0.9896016194E+000   0.1018562330E+001
 0.1818182   0.9175576069E-003   0.9556048579E+000   0.9839083225E+000   0.1016566745E+001
 0.1919192   0.1030281527E-002   0.1004161267E+001   0.9816914433E+000   0.9749438045E+000
 0.2020202   0.1195329616E-002   0.9717052169E+000   0.9853108767E+000   0.1012859345E+001
 0.2121212   0.1401604027E-002   0.9719102317E+000   0.9908596865E+000   0.9965241551E+000
 0.2222222   0.1668945030E-002   0.1047160862E+001   0.9859108251E+000   0.9991286405E+000
 0.2323232   0.2006040813E-002   0.1015227253E+001   0.9902968113E+000   0.1022667812E+001
 0.2424242   0.2416678067E-002   0.1042352380E+001   0.9913110665E+000   0.1009321404E+001
 0.2525253   0.2941545480E-002   0.1055729735E+001   0.9903427653E+000   0.1004502474E+001
 0.2626263   0.3612606059E-002   0.1075633843E+001   0.9885157470E+000   0.1013082226E+001
 0.2727273   0.4481222926E-002   0.1039731616E+001   0.9880372459E+000   0.1000306231E+001
 0.2828283   0.5625990073E-002   0.1018189530E+001   0.9900140257E+000   0.1034023231E+001
 0.2929293   0.7047105072E-002   0.1005860803E+001   0.9904761791E+000   0.1020657866E+001
 0.3030303   0.8972117002E-002   0.1037081946E+001   0.9915088068E+000   0.9871970641E+000
 0.3131313   0.1124434526E-001   0.1026363361E+001   0.9966112250E+000   0.1047235222E+001
 0.3232323   0.1448336269E-001   0.1011251142E+001   0.9964539229E+000   0.1009517286E+001
 0.3333333   0.1857684734E-001   0.1028771617E+001   0.9974407251E+000   0.1004613340E+001
 0.3434343   0.2385802151E-001   0.1022371191E+001   0.9913154948E+000   0.9916420373E+000
 0.3535354   0.3070782400E-001   0.1007754648E+001   0.9952085584E+000   0.9990424753E+000
 0.3636364   0.4012259690E-001   0.1029579900E+001   0.9914345537E+000   0.9797282684E+000
 0.3737374   0.5193573519E-001   0.1008248182E+001   0.9896454131E+000   0.9892948985E+000
 0.3838384   0.6844171930E-001   0.1018240918E+001   0.9983035323E+000   0.1032044305E+001
 0.3939394   0.8839423367E-001   0.1006932447E+001   0.9951304945E+000   0.9956527381E+000
 0.4040404   0.1167995848E+000   0.1015861568E+001   0.9915949087E+000   0.9958038143E+000
 0.4141414   0.1532832871E+000   0.1009682216E+001   0.9985218265E+000   0.1003347861E+001
 0.4242424   0.2027550017E+000   0.1002826797E+001   0.9992615660E+000   0.1017714465E+001
 0.4343434   0.2692819830E+000   0.1010367383E+001   0.1002518931E+001   0.1005889733E+001
 0.4444444   0.3531477763E+000   0.1023310620E+001   0.1004765677E+001   0.9930959307E+000
 0.4545455   0.4730400335E+000   0.1038013880E+001   0.9993891129E+000   0.9965017521E+000
 0.4646465   0.6293233194E+000   0.1016760850E+001   0.1002628513E+001   0.9880845652E+000
 0.4747475   0.8456681934E+000   0.1034461716E+001   0.9994649944E+000   0.9983307512E+000
 0.4848485   0.1121852703E+001   0.9923988727E+000   0.1007343688E+001   0.9841404988E+000
 0.4949495   0.1506881311E+001   0.1029759221E+001   0.1001352047E+001   0.9759013866E+000
 0.5050505   0.1744829531E+001   0.9961619395E+000   0.1004451101E+001   0.1014444210E+001
 0.5151515   0.1744765448E+001   0.1010330983E+001   0.1001830332E+001   0.9751287724E+000
 0.5252525   0.1750826851E+001   0.1013049170E+001   0.1009470870E+001   0.9920142708E+000
 0.5353535   0.1741991453E+001   0.1020316225E+001   0.1004821480E+001   0.9888927944E+000
 0.5454545   0.1736742901E+001   0.1023419818E+001   0.1007974200E+001   0.1016115239E+001
 0.5555556   0.1740536686E+001   0.1008374510E+001   0.1007516962E+001   0.1010016470E+001
 0.5656566   0.1749423845E+001   0.1039688257E+001   0.1004111742E+001   0.9763954002E+000
 0.5757576   0.1748612015E+001   0.1015033479E+001   0.1006965614E+001   0.9919711882E+000
 0.5858586   0.1749377095E+001   0.1012902502E+001   0.1012319435E+001   0.9984146186E+000
 0.5959596   0.1758030931E+001   0.1041543562E+001   0.1007288107E+001   0.9862027182E+000
 0.6060606   0.1755579516E+001   0.1023066529E+001   0.1006236585E+001   0.9957159259E+000
 0.6161616   0.1757314766E+001   0.1005546054E+001   0.1007021326E+001   0.9818100186E+000
 0.6262626   0.1766183317E+001   0.1006090976E+001   0.1009244212E+001   0.9806197906E+000
 0.6363636   0.1766507518E+001   0.1040654450E+001   0.1007364076E+001   0.1002885441E+001
 0.6464646   0.1771499748E+001   0.1020117634E+001   0.1007265254E+001   0.9938179947E+000
 0.6565657   0.1771246897E+001   0.1020669514E+001   0.1008091602E+001   0.1009507521E+001
 0.6666667   0.1791996518E+001   0.1010776342E+001   0.1008345476E+001   0.9890714435E+000
 0.6767677   0.1793229359E+001   0.1014241254E+001   0.1005927815E+001   0.1005767953E+001
 0.6868687   0.1799512400E+001   0.1009381384E+001   0.1010568199E+001   0.1009421356E+001
 0.6969697   0.1807601773E+001   0.1022869543E+001   0.1010686986E+001   0.9732383089E+000
 0.7070707   0.1807976831E+001   0.1019292221E+001   0.1007644117E+001   0.9905092527E+000
 0.7171717   0.1819517411E+001   0.1019208181E+001   0.1010123354E+001   0.1000831838E+001
 0.7272727   0.1825043844E+001   0.1008816122E+001   0.1009035831E+001   0.1003667246E+001
 0.7373737   0.1833576293E+001   0.1011061115E+001   0.1011154247E+001   0.9973628292E+000
 0.7474747   0.1851329596E+001   0.1009252916E+001   0.1012036128E+001   0.1001943943E+001
 0.7575758   0.1854477210E+001   0.1014430210E+001   0.1010380644E+001   0.9983531541E+000
 0.7676768   0.1861363421E+001   0.1016309603E+001   0.1010888739E+001   0.1012012055E+001
 0.7777778   0.1875279758E+001   0.9951229476E+000   0.1011666092E+001   0.9932981316E+000
 0.7878788   0.1877292763E+001   0.1009805867E+001   0.1012820439E+001   0.9848637117E+000
 0.7979798   0.1893135214E+001   0.1013070582E+001   0.1010593261E+001   0.9905988645E+000
 0.8080808   0.1900002128E+001   0.1006078129E+001   0.1013625318E+001   0.9934739085E+000
 0.8181818   0.1914430357E+001   0.1007598879E+001   0.1011995360E+001   0.9807036580E+000
 0.8282828   0.1912008152E+001   0.9949885906E+000   0.1006629668E+001   0.9806617243E+000
 0.8383838   0.1934305165E+001   0.1010926222E+001   0.1011292285E+001   0.9837619466E+000
 0.8484848   0.1949878226E+001   0.1023053682E+001   0.1017287023E+001   0.1002530441E+001
 0.8585859   0.1956037727E+001   0.1010374342E+001   0.1015152025E+001   0.1003361647E+001
 0.8686869   0.1972194283E+001   0.1015938114E+001   0.1012935115E+001   0.9952242101E+000
 0.8787879   0.1979186218E+001   0.1015862638E+001   0.1017525793E+001   0.9955453189E+000
 0.8888889   0.1993774784E+001   0.1034806976E+001   0.1015609682E+001   0.1013862882E+001
 0.8989899   0.2002125479E+001   0.1016061230E+001   0.1010651026E+001   0.9920108242E+000
 0.9090909   0.2013744879E+001   0.1026960206E+001   0.1015285127E+001   0.1010771276E+001
 0.9191919   0.2018012822E+001   0.1026928089E+001   0.1013342466E+001   0.1010612158E+001
 0.9292929   0.2034993646E+001   0.1013261144E+001   0.1010911810E+001   0.1003081323E+001
 0.9393939   0.2055784158E+001   0.1003226656E+001   0.1014474942E+001   0.9934331237E+000
 0.9494949   0.2061536006E+001   0.9969381055E+000   0.1013519047E+001   0.9895936043E+000
 0.9595960   0.2070281822E+001   0.1023509211E+001   0.1011467006E+001   0.1005299789E+001
 0.9696970   0.2077284544E+001   0.9982950577E+000   0.1008068311E+001   0.9794772406E+000
 0.9797980   0.2098952459E+001   0.1048480880E+001   0.1016439501E+001   0.1013403909E+001
 0.9898990   0.2112892046E+001   0.1015704728E+001   0.1013272291E+001   0.1002678070E+001
 1.0000000   0.2106041282E+001   0.1019555047E+001   0.1004094156E+001   0.1002856720E+001


 0.0000000   0.3192711703E-002   0.9628312327E+000   0.9808933054E+000   0.1033340812E+001
 0.0101010   0.3173025214E-002   0.9276349632E+000   0.9835677754E+000   0.1010180765E+001
 0.0202020   0.3058381681E-002   0.9187253212E+000   0.9789583197E+000   0.9961618503E+000
 0.0303030   0.2854838145E-002   0.9419611968E+000   0.9854942322E+000   0.1012159347E+001
 0.0404040   0.2547151854E-002   0.9007796660E+000   0.9774319659E+000   0.9716634727E+000
 0.0505051   0.2195159707E-002   0.9338401681E+000   0.9758596855E+000   0.1008055545E+001
 0.0606061   0.1856354279E-002   0.9574209114E+000   0.9807656689E+000   0.1009567880E+001
 0.0707071   0.1539522375E-002   0.9331132933E+000   0.9823890614E+000   0.1001020529E+001
 0.0808081   0.1256274485E-002   0.9357584036E+000   0.9823493975E+000   0.9982467966E+000
 0.0909091   0.1036833922E-002   0.9220731896E+000   0.9777968993E+000   0.1007987389E+001
 0.1010101   0.8804364649E-003   0.9320921959E+000   0.9855150771E+000   0.1029325818E+001
 0.1111111   0.7759925345E-003   0.9012070124E+000   0.9832106650E+000   0.1000293534E+001
 0.1212121   0.7117099675E-003   0.8778857639E+000   0.9805362737E+000   0.9939746703E+000
 0.1313131   0.6770268810E-003   0.9099565202E+000   0.9861837968E+000   0.9920167415E+000
 0.1414141   0.6854558180E-003   0.9402821982E+000   0.9829366359E+000   0.1015961095E+001
 0.1515152   0.7050000629E-003   0.8919717961E+000   0.9869800946E+000   0.9986521168E+000
 0.1616162   0.7520794085E-003   0.9417378770E+000   0.9863976257E+000   0.9871095276E+000
 0.1717172   0.8249084830E-003   0.9578289645E+000   0.9888502257E+000   0.1017790458E+001
 0.1818182   0.9214928614E-003   0.9584651608E+000   0.9847519342E+000   0.1017439869E+001
 0.1919192   0.1035748078E-002   0.1008186867E+001   0.9828591717E+000   0.9761049557E+000
 0.2020202   0.1200424027E-002   0.9745875999E+000   0.9859092879E+000   0.1013475992E+001
 0.2121212   0.1405434989E-002   0.9733094193E+000   0.9894362682E+000   0.9950940769E+000
 0.2222222   0.1675498997E-002   0.1049916810E+001   0.9866160873E+000   0.9998448424E+000
 0.2323232   0.2015939669E-002   0.1018920690E+001   0.9881338121E+000   0.1020435624E+001
 0.2424242   0.2423446864E-002   0.1043923349E+001   0.9907042789E+000   0.1008705090E+001
 0.2525253   0.2947501442E-002   0.1056502575E+001   0.9911315356E+000   0.1005304015E+001
 0.2626263   0.3625738090E-002   0.1078151095E+001   0.9893020484E+000   0.1013889574E+001
 0.2727273   0.4494246154E-002   0.1041407986E+001   0.9886306455E+000   0.1000908485E+001
 0.2828283   0.5641820743E-002   0.1019737278E+001   0.9896632103E+000   0.1033658355E+001
 0.2929293   0.7061776254E-002   0.1006654497E+001   0.9907886609E+000   0.1020981386E+001
 0.3030303   0.8991378225E-002   0.1037967510E+001   0.9920339402E+000   0.9877213803E+000
 0.3131313   0.1127826961E-001   0.1028131790E+001   0.9960417861E+000   0.1046638411E+001
 0.3232323   0.1451533861E-001   0.1012176237E+001   0.9969880779E+000   0.1010059943E+001
 0.3333333   0.1865483095E-001   0.1031757481E+001   0.9971268685E+000   0.1004298717E+001
 0.3434343   0.2389975293E-001   0.1022838193E+001   0.9921257913E+000   0.9924540743E+000
 0.3535354   0.3074674286E-001   0.1007730098E+001   0.9960706612E+000   0.9999093838E+000
 0.3636364   0.4015405682E-001   0.1029057868E+001   0.9910289715E+000   0.9793289292E+000
 0.3737374   0.5199727424E-001   0.1008140563E+001   0.9905279587E+000   0.9901786016E+000
 0.3838384   0.6850797074E-001   0.1017911651E+001   0.9989942869E+000   0.1032759939E+001
 0.3939394   0.8847054872E-001   0.1006501598E+001   0.9941113564E+000   0.9946345419E+000
 0.4040404   0.1169411001E+000   0.1015780224E+001   0.9917905726E+000   0.9960017875E+000
 0.4141414   0.1534367000E+000   0.1009388839E+001   0.9977380436E+000   0.1002561778E+001
 0.4242424   0.2030728504E+000   0.1003103085E+001   0.9986340667E+000   0.1017076888E+001
 0.4343434   0.2691608224E+000   0.1008609873E+001   0.1001910531E+001   0.1005280780E+001
 0.4444444   0.3537358918E+000   0.1023692403E+001   0.1004070384E+001   0.9924101861E+000
 0.4545455   0.4733521855E+000   0.1037358806E+001   0.9993973116E+000   0.9965114067E+000
 0.4646465   0.6303401090E+000   0.1017089756E+001   0.1003670488E+001   0.9891128935E+000
 0.4747475   0.8439603638E+000   0.1031040736E+001   0.1000366256E+001   0.9992324733E+000
 0.4848485   0.1122917329E+001   0.9920591224E+000   0.1007348661E+001   0.9841468178E+000
 0.4949495   0.1509167749E+001   0.1029991181E+001   0.1003851866E+001   0.9783391218E+000
 0.5050505   0.1747423361E+001   0.9963557384E+000   0.1004683154E+001   0.1014680077E+001
 0.5151515   0.1747192528E+001   0.1010431159E+001   0.1002706035E+001   0.9759825852E+000
 0.5252525   0.1749876014E+001   0.1011192762E+001   0.1009181330E+001   0.9917312102E+000
 0.5353535   0.1745692689E+001   0.1021164982E+001   0.1005684751E+001   0.9897438506E+000
 0.5454545   0.1739050438E+001   0.1023457507E+001   0.1007634381E+001   0.1015774183E+001
 0.5555556   0.1740049115E+001   0.1006791480E+001   0.1007010816E+001   0.1009510567E+001
 0.5656566   0.1748848778E+001   0.1038005614E+001   0.1007053772E+001   0.9792576755E+000
 0.5757576   0.1749544810E+001   0.1014264736E+001   0.1007180180E+001   0.9921840329E+000
 0.5858586   0.1749813772E+001   0.1011848252E+001   0.1012332576E+001   0.9984290616E+000
 0.5959596   0.1758904632E+001   0.1040716804E+001   0.1008524483E+001   0.9874146795E+000
 0.6060606   0.1754180623E+001   0.1020932498E+001   0.1006786431E+001   0.9962615023E+000
 0.6161616   0.1757317023E+001   0.1004250071E+001   0.1007867054E+001   0.9826360320E+000
 0.6262626   0.1769966616E+001   0.1006945344E+001   0.1009730507E+001   0.9810937500E+000
 0.6363636   0.1769696405E+001   0.1041188042E+001   0.1009342812E+001   0.1004856872E+001
 0.6464646   0.1770872399E+001   0.1018440769E+001   0.1007750150E+001   0.9942978938E+000
 0.6565657   0.1772249501E+001   0.1019929729E+001   0.1007953418E+001   0.1009370641E+001
 0.6666667   0.1792760203E+001   0.1009902523E+001   0.1007951437E+001   0.9886864038E+000
 0.6767677   0.1795046883E+001   0.1013959420E+001   0.1005228375E+001   0.1005070117E+001
 0.6868687   0.1800496786E+001   0.1008630613E+001   0.1010134442E+001   0.1008989588E+001
 0.6969697   0.1807980647E+001   0.1021764039E+001   0.1011027017E+001   0.9735671867E+000
 0.7070707   0.1807029441E+001   0.1017443788E+001   0.1007508476E+001   0.9903773892E+000
 0.7171717   0.1818777727E+001   0.1017479481E+001   0.1009548328E+001   0.1000263587E+001
 0.7272727   0.1826891501E+001   0.1008534629E+001   0.1010356459E+001   0.1004982340E+001
 0.7373737   0.1832430924E+001   0.1009125968E+001   0.1011424958E+001   0.9976313295E+000
 0.7474747   0.1849424266E+001   0.1006913510E+001   0.1011594237E+001   0.1001507946E+001
 0.7575758   0.1855805318E+001   0.1013847037E+001   0.1009823156E+001   0.9978037842E+000
 0.7676768   0.1861145680E+001   0.1014879710E+001   0.1010918837E+001   0.1012043689E+001
 0.7777778   0.1877750356E+001   0.9951484607E+000   0.1011189869E+001   0.9928320289E+000
 0.7878788   0.1877304767E+001   0.1008509547E+001   0.1011431763E+001   0.9835148281E+000
 0.7979798   0.1892842353E+001   0.1011607085E+001   0.1011115384E+001   0.9911121289E+000
 0.8080808   0.1898449750E+001   0.1003959225E+001   0.1012516917E+001   0.9923890165E+000
 0.8181818   0.1912316295E+001   0.1005187725E+001   0.1011281767E+001   0.9800135847E+000
 0.8282828   0.1912407959E+001   0.9939127253E+000   0.1006705407E+001   0.9807369650E+000
 0.8383838   0.1932510201E+001   0.1008685116E+001   0.1010221472E+001   0.9827217431E+000
 0.8484848   0.1949610039E+001   0.1021593293E+001   0.1016656110E+001   0.1001910168E+001
 0.8585859   0.1956325041E+001   0.1009219058E+001   0.1015288358E+001   0.1003497887E+001
 0.8686869   0.1970743941E+001   0.1013881282E+001   0.1012936746E+001   0.9952272904E+000
 0.8787879   0.1979332356E+001   0.1014626968E+001   0.1017435655E+001   0.9954586069E+000
 0.8888889   0.1991927202E+001   0.1032514261E+001   0.1014866322E+001   0.1013122305E+001
 0.8989899   0.2000154712E+001   0.1013751535E+001   0.1009852828E+001   0.9912288198E+000
 0.9090909   0.2014666192E+001   0.1026104547E+001   0.1014539031E+001   0.1010029996E+001
 0.9191919   0.2016853418E+001   0.1025013994E+001   0.1011674663E+001   0.1008950347E+001
 0.9292929   0.2036700683E+001   0.1012802787E+001   0.1010782184E+001   0.1002954190E+001
 0.9393939   0.2052370018E+001   0.1000268418E+001   0.1012258301E+001   0.9912639303E+000
 0.9494949   0.2059451905E+001   0.9946453881E+000   0.1013874486E+001   0.9899421218E+000
 0.9595960   0.2070286153E+001   0.1022190903E+001   0.1012790320E+001   0.1006616529E+001
 0.9696970   0.2076729285E+001   0.9967406396E+000   0.1008563016E+001   0.9799593699E+000
 0.9797980   0.2090409064E+001   0.1042866076E+001   0.1012239356E+001   0.1009217807E+001
 0.9898990   0.2110521340E+001   0.1013256179E+001   0.1013170485E+001   0.1002578817E+001
 1.0000000   0.2105395691E+001   0.1017927568E+001   0.1003800463E+001   0.1002564876E+001


