# Evolution of the weightfunction during equilibration phase for fractional: N2
# Weightfunction after cycle        546
 0.0000000    0.5600000000E+001    0.3900000000E+001
 0.0101010    0.5000000000E+001    0.3100000000E+001
 0.0202020    0.3800000000E+001    0.2500000000E+001
 0.0303030    0.4700000000E+001    0.3100000000E+001
 0.0404040    0.5100000000E+001    0.2900000000E+001
 0.0505051    0.4100000000E+001    0.2300000000E+001
 0.0606061    0.5600000000E+001    0.3600000000E+001
 0.0707071    0.4700000000E+001    0.1900000000E+001
 0.0808081    0.5100000000E+001    0.3100000000E+001
 0.0909091    0.5900000000E+001    0.2800000000E+001
 0.1010101    0.5700000000E+001    0.2800000000E+001
 0.1111111    0.5500000000E+001    0.2900000000E+001
 0.1212121    0.6100000000E+001    0.3100000000E+001
 0.1313131    0.5100000000E+001    0.3100000000E+001
 0.1414141    0.3600000000E+001    0.2300000000E+001
 0.1515152    0.4600000000E+001    0.2600000000E+001
 0.1616162    0.4800000000E+001    0.3100000000E+001
 0.1717172    0.5200000000E+001    0.2700000000E+001
 0.1818182    0.5200000000E+001    0.2700000000E+001
 0.1919192    0.5000000000E+001    0.3300000000E+001
 0.2020202    0.5700000000E+001    0.3800000000E+001
 0.2121212    0.3600000000E+001    0.2500000000E+001
 0.2222222    0.4100000000E+001    0.2900000000E+001
 0.2323232    0.4500000000E+001    0.2800000000E+001
 0.2424242    0.5700000000E+001    0.2700000000E+001
 0.2525253    0.4200000000E+001    0.2300000000E+001
 0.2626263    0.3700000000E+001    0.2600000000E+001
 0.2727273    0.5300000000E+001    0.3100000000E+001
 0.2828283    0.4300000000E+001    0.3100000000E+001
 0.2929293    0.4900000000E+001    0.3300000000E+001
 0.3030303    0.3800000000E+001    0.2300000000E+001
 0.3131313    0.3900000000E+001    0.2800000000E+001
 0.3232323    0.4300000000E+001    0.2300000000E+001
 0.3333333    0.3400000000E+001    0.2100000000E+001
 0.3434343    0.3000000000E+001    0.2500000000E+001
 0.3535354    0.3500000000E+001    0.3600000000E+001
 0.3636364    0.4700000000E+001    0.3400000000E+001
 0.3737374    0.2700000000E+001    0.2900000000E+001
 0.3838384    0.2900000000E+001    0.2800000000E+001
 0.3939394    0.2400000000E+001    0.2100000000E+001
 0.4040404    0.3200000000E+001    0.2800000000E+001
 0.4141414    0.2300000000E+001    0.2500000000E+001
 0.4242424    0.1000000000E+001    0.2400000000E+001
 0.4343434    0.2000000000E+001    0.2700000000E+001
 0.4444444    0.1600000000E+001    0.2800000000E+001
 0.4545455    0.2200000000E+001    0.2500000000E+001
 0.4646465    0.2300000000E+001    0.2200000000E+001
 0.4747475    0.2600000000E+001    0.1900000000E+001
 0.4848485    0.5000000000E+000    0.2100000000E+001
 0.4949495    0.9000000000E+000    0.2600000000E+001
 0.5050505    0.7000000000E+000    0.3100000000E+001
 0.5151515    0.0000000000E+000    0.2200000000E+001
 0.5252525    0.8000000000E+000    0.2200000000E+001
 0.5353535    0.7000000000E+000    0.2200000000E+001
 0.5454545    0.1900000000E+001    0.2800000000E+001
 0.5555556    0.1600000000E+001    0.2000000000E+001
 0.5656566    0.5000000000E+000    0.2000000000E+001
 0.5757576    0.1100000000E+001    0.2600000000E+001
 0.5858586    0.8000000000E+000    0.2600000000E+001
 0.5959596    0.2000000000E+000    0.3500000000E+001
 0.6060606    0.1100000000E+001    0.2700000000E+001
 0.6161616    0.1400000000E+001    0.2200000000E+001
 0.6262626    0.1300000000E+001    0.2400000000E+001
 0.6363636    0.1400000000E+001    0.2500000000E+001
 0.6464646    0.5000000000E+000    0.1500000000E+001
 0.6565657    0.2000000000E+000    0.2200000000E+001
 0.6666667    0.1400000000E+001    0.2000000000E+001
 0.6767677    0.4000000000E+000    0.2700000000E+001
 0.6868687    0.9000000000E+000    0.2800000000E+001
 0.6969697    0.6000000000E+000    0.3500000000E+001
 0.7070707    0.6000000000E+000    0.2400000000E+001
 0.7171717    0.9000000000E+000    0.3000000000E+001
 0.7272727    0.1100000000E+001    0.3300000000E+001
 0.7373737    0.5000000000E+000    0.2700000000E+001
 0.7474747    0.1400000000E+001    0.3100000000E+001
 0.7575758    0.6000000000E+000    0.2600000000E+001
 0.7676768    0.8000000000E+000    0.2700000000E+001
 0.7777778    0.8000000000E+000    0.2800000000E+001
 0.7878788    0.8000000000E+000    0.2500000000E+001
 0.7979798    0.6000000000E+000    0.3200000000E+001
 0.8080808    0.1100000000E+001    0.2300000000E+001
 0.8181818    0.4000000000E+000    0.2200000000E+001
 0.8282828    0.9000000000E+000    0.2800000000E+001
 0.8383838    0.1000000000E+001    0.2800000000E+001
 0.8484848    0.5000000000E+000    0.2500000000E+001
 0.8585859    0.1900000000E+001    0.3400000000E+001
 0.8686869    0.1100000000E+001    0.3000000000E+001
 0.8787879    0.3000000000E+000    0.2900000000E+001
 0.8888889    0.5000000000E+000    0.2400000000E+001
 0.8989899    0.4000000000E+000    0.2000000000E+001
 0.9090909    0.1300000000E+001    0.3200000000E+001
 0.9191919    0.2000000000E+000    0.2000000000E+001
 0.9292929    0.7000000000E+000    0.2600000000E+001
 0.9393939    0.1800000000E+001    0.3100000000E+001
 0.9494949    0.1300000000E+001    0.3600000000E+001
 0.9595960    0.6000000000E+000    0.2300000000E+001
 0.9696970    0.0000000000E+000    0.2200000000E+001
 0.9797980    0.1300000000E+001    0.2700000000E+001
 0.9898990    0.1300000000E+001    0.3300000000E+001
 1.0000000    0.1300000000E+001    0.3300000000E+001


# Weightfunction after cycle       2112
 0.0000000    0.4750000000E+001    0.2875000000E+001
 0.0101010    0.4650000000E+001    0.2650000000E+001
 0.0202020    0.4450000000E+001    0.2575000000E+001
 0.0303030    0.4525000000E+001    0.2475000000E+001
 0.0404040    0.4675000000E+001    0.2425000000E+001
 0.0505051    0.4900000000E+001    0.2425000000E+001
 0.0606061    0.5300000000E+001    0.2525000000E+001
 0.0707071    0.5550000000E+001    0.3050000000E+001
 0.0808081    0.5350000000E+001    0.2325000000E+001
 0.0909091    0.6275000000E+001    0.3150000000E+001
 0.1010101    0.6075000000E+001    0.2900000000E+001
 0.1111111    0.5800000000E+001    0.3100000000E+001
 0.1212121    0.5900000000E+001    0.2725000000E+001
 0.1313131    0.6050000000E+001    0.2550000000E+001
 0.1414141    0.6275000000E+001    0.2650000000E+001
 0.1515152    0.6550000000E+001    0.2675000000E+001
 0.1616162    0.6125000000E+001    0.2400000000E+001
 0.1717172    0.5875000000E+001    0.2450000000E+001
 0.1818182    0.6050000000E+001    0.2550000000E+001
 0.1919192    0.5525000000E+001    0.2500000000E+001
 0.2020202    0.5950000000E+001    0.2475000000E+001
 0.2121212    0.5950000000E+001    0.2600000000E+001
 0.2222222    0.5925000000E+001    0.2300000000E+001
 0.2323232    0.5000000000E+001    0.2850000000E+001
 0.2424242    0.5275000000E+001    0.2350000000E+001
 0.2525253    0.5200000000E+001    0.2625000000E+001
 0.2626263    0.5225000000E+001    0.3125000000E+001
 0.2727273    0.4900000000E+001    0.1975000000E+001
 0.2828283    0.4300000000E+001    0.2525000000E+001
 0.2929293    0.4975000000E+001    0.2325000000E+001
 0.3030303    0.5000000000E+001    0.2850000000E+001
 0.3131313    0.4825000000E+001    0.2325000000E+001
 0.3232323    0.4300000000E+001    0.2400000000E+001
 0.3333333    0.4800000000E+001    0.2675000000E+001
 0.3434343    0.5000000000E+001    0.2475000000E+001
 0.3535354    0.4175000000E+001    0.2650000000E+001
 0.3636364    0.4400000000E+001    0.2250000000E+001
 0.3737374    0.4075000000E+001    0.2575000000E+001
 0.3838384    0.3825000000E+001    0.2325000000E+001
 0.3939394    0.3725000000E+001    0.2400000000E+001
 0.4040404    0.3050000000E+001    0.2575000000E+001
 0.4141414    0.2975000000E+001    0.2250000000E+001
 0.4242424    0.2625000000E+001    0.2175000000E+001
 0.4343434    0.2350000000E+001    0.2175000000E+001
 0.4444444    0.2125000000E+001    0.2300000000E+001
 0.4545455    0.1725000000E+001    0.2650000000E+001
 0.4646465    0.1350000000E+001    0.2550000000E+001
 0.4747475    0.1350000000E+001    0.2175000000E+001
 0.4848485    0.9750000000E+000    0.2025000000E+001
 0.4949495    0.7500000000E+000    0.2275000000E+001
 0.5050505    0.5750000000E+000    0.2275000000E+001
 0.5151515    0.2500000000E+000    0.2475000000E+001
 0.5252525    0.2750000000E+000    0.2550000000E+001
 0.5353535    0.2500000000E+000    0.2225000000E+001
 0.5454545    0.4500000000E+000    0.2125000000E+001
 0.5555556    0.3250000000E+000    0.2725000000E+001
 0.5656566    0.4500000000E+000    0.2225000000E+001
 0.5757576    0.5750000000E+000    0.2550000000E+001
 0.5858586    0.7000000000E+000    0.2000000000E+001
 0.5959596    0.6750000000E+000    0.2275000000E+001
 0.6060606    0.6500000000E+000    0.2075000000E+001
 0.6161616    0.5000000000E+000    0.2375000000E+001
 0.6262626    0.5000000000E-001    0.1925000000E+001
 0.6363636    0.7000000000E+000    0.2425000000E+001
 0.6464646    0.3000000000E+000    0.2500000000E+001
 0.6565657    0.4750000000E+000    0.1950000000E+001
 0.6666667    0.6750000000E+000    0.2650000000E+001
 0.6767677    0.3000000000E+000    0.2250000000E+001
 0.6868687    0.6250000000E+000    0.2775000000E+001
 0.6969697    0.3500000000E+000    0.2325000000E+001
 0.7070707    0.3750000000E+000    0.2350000000E+001
 0.7171717    0.2250000000E+000    0.2200000000E+001
 0.7272727    0.4250000000E+000    0.2475000000E+001
 0.7373737    0.3000000000E+000    0.2375000000E+001
 0.7474747    0.5750000000E+000    0.2425000000E+001
 0.7575758    0.4000000000E+000    0.2450000000E+001
 0.7676768    0.4500000000E+000    0.2250000000E+001
 0.7777778    0.2750000000E+000    0.2450000000E+001
 0.7878788    0.4250000000E+000    0.2600000000E+001
 0.7979798    0.2000000000E+000    0.2325000000E+001
 0.8080808    0.3750000000E+000    0.2725000000E+001
 0.8181818    0.0000000000E+000    0.2025000000E+001
 0.8282828    0.7250000000E+000    0.2700000000E+001
 0.8383838    0.2750000000E+000    0.2425000000E+001
 0.8484848    0.4000000000E+000    0.2500000000E+001
 0.8585859    0.1750000000E+000    0.2450000000E+001
 0.8686869    0.5000000000E-001    0.2200000000E+001
 0.8787879    0.6000000000E+000    0.2775000000E+001
 0.8888889    0.3500000000E+000    0.2500000000E+001
 0.8989899    0.5000000000E-001    0.2250000000E+001
 0.9090909    0.2000000000E+000    0.2200000000E+001
 0.9191919    0.5000000000E+000    0.2725000000E+001
 0.9292929    0.4500000000E+000    0.2575000000E+001
 0.9393939    0.2500000000E+000    0.2575000000E+001
 0.9494949    0.2250000000E+000    0.2600000000E+001
 0.9595960    0.5000000000E-001    0.2200000000E+001
 0.9696970    0.3250000000E+000    0.2800000000E+001
 0.9797980    0.5000000000E-001    0.2525000000E+001
 0.9898990    0.1250000000E+000    0.2325000000E+001
 1.0000000    0.2750000000E+000    0.2575000000E+001


# Weightfunction after cycle       4432
 0.0000000    0.4812500000E+001    0.2987500000E+001
 0.0101010    0.4743750000E+001    0.2850000000E+001
 0.0202020    0.4937500000E+001    0.3000000000E+001
 0.0303030    0.4912500000E+001    0.2962500000E+001
 0.0404040    0.4812500000E+001    0.2775000000E+001
 0.0505051    0.5181250000E+001    0.3100000000E+001
 0.0606061    0.5275000000E+001    0.2856250000E+001
 0.0707071    0.5343750000E+001    0.2918750000E+001
 0.0808081    0.5600000000E+001    0.2825000000E+001
 0.0909091    0.5737500000E+001    0.2987500000E+001
 0.1010101    0.6081250000E+001    0.2850000000E+001
 0.1111111    0.5806250000E+001    0.2956250000E+001
 0.1212121    0.5793750000E+001    0.2912500000E+001
 0.1313131    0.6006250000E+001    0.2837500000E+001
 0.1414141    0.5981250000E+001    0.2825000000E+001
 0.1515152    0.5881250000E+001    0.2831250000E+001
 0.1616162    0.6062500000E+001    0.2793750000E+001
 0.1717172    0.5831250000E+001    0.2650000000E+001
 0.1818182    0.6031250000E+001    0.2675000000E+001
 0.1919192    0.5975000000E+001    0.2718750000E+001
 0.2020202    0.5693750000E+001    0.2875000000E+001
 0.2121212    0.5837500000E+001    0.3025000000E+001
 0.2222222    0.5637500000E+001    0.2768750000E+001
 0.2323232    0.5437500000E+001    0.2837500000E+001
 0.2424242    0.5600000000E+001    0.2981250000E+001
 0.2525253    0.5356250000E+001    0.2650000000E+001
 0.2626263    0.5550000000E+001    0.2975000000E+001
 0.2727273    0.5456250000E+001    0.2800000000E+001
 0.2828283    0.5193750000E+001    0.2787500000E+001
 0.2929293    0.5043750000E+001    0.3006250000E+001
 0.3030303    0.4900000000E+001    0.2662500000E+001
 0.3131313    0.5050000000E+001    0.2762500000E+001
 0.3232323    0.4775000000E+001    0.2693750000E+001
 0.3333333    0.4650000000E+001    0.2906250000E+001
 0.3434343    0.4531250000E+001    0.2756250000E+001
 0.3535354    0.4181250000E+001    0.2556250000E+001
 0.3636364    0.3800000000E+001    0.2837500000E+001
 0.3737374    0.3818750000E+001    0.2925000000E+001
 0.3838384    0.3456250000E+001    0.2700000000E+001
 0.3939394    0.3443750000E+001    0.2568750000E+001
 0.4040404    0.3018750000E+001    0.2900000000E+001
 0.4141414    0.2506250000E+001    0.2856250000E+001
 0.4242424    0.2650000000E+001    0.2643750000E+001
 0.4343434    0.2125000000E+001    0.2575000000E+001
 0.4444444    0.2225000000E+001    0.2825000000E+001
 0.4545455    0.1768750000E+001    0.2856250000E+001
 0.4646465    0.1368750000E+001    0.2625000000E+001
 0.4747475    0.1131250000E+001    0.2700000000E+001
 0.4848485    0.9187500000E+000    0.2868750000E+001
 0.4949495    0.6125000000E+000    0.2668750000E+001
 0.5050505    0.5625000000E+000    0.2712500000E+001
 0.5151515    0.6750000000E+000    0.2887500000E+001
 0.5252525    0.3375000000E+000    0.2406250000E+001
 0.5353535    0.4937500000E+000    0.2743750000E+001
 0.5454545    0.5875000000E+000    0.2756250000E+001
 0.5555556    0.3187500000E+000    0.2675000000E+001
 0.5656566    0.4562500000E+000    0.2712500000E+001
 0.5757576    0.4625000000E+000    0.2512500000E+001
 0.5858586    0.4875000000E+000    0.2831250000E+001
 0.5959596    0.3875000000E+000    0.2712500000E+001
 0.6060606    0.3812500000E+000    0.2856250000E+001
 0.6161616    0.4437500000E+000    0.2675000000E+001
 0.6262626    0.4062500000E+000    0.2587500000E+001
 0.6363636    0.5312500000E+000    0.2656250000E+001
 0.6464646    0.6312500000E+000    0.2481250000E+001
 0.6565657    0.4937500000E+000    0.2631250000E+001
 0.6666667    0.5812500000E+000    0.2487500000E+001
 0.6767677    0.4312500000E+000    0.2650000000E+001
 0.6868687    0.3187500000E+000    0.2587500000E+001
 0.6969697    0.4750000000E+000    0.2575000000E+001
 0.7070707    0.5437500000E+000    0.2612500000E+001
 0.7171717    0.4250000000E+000    0.2625000000E+001
 0.7272727    0.3125000000E+000    0.2631250000E+001
 0.7373737    0.3062500000E+000    0.2637500000E+001
 0.7474747    0.3687500000E+000    0.2531250000E+001
 0.7575758    0.5125000000E+000    0.2675000000E+001
 0.7676768    0.4062500000E+000    0.2675000000E+001
 0.7777778    0.3187500000E+000    0.2537500000E+001
 0.7878788    0.2875000000E+000    0.2575000000E+001
 0.7979798    0.2750000000E+000    0.2562500000E+001
 0.8080808    0.1937500000E+000    0.2437500000E+001
 0.8181818    0.3375000000E+000    0.2581250000E+001
 0.8282828    0.2875000000E+000    0.2625000000E+001
 0.8383838    0.3000000000E+000    0.2631250000E+001
 0.8484848    0.2312500000E+000    0.2512500000E+001
 0.8585859    0.3625000000E+000    0.2687500000E+001
 0.8686869    0.2750000000E+000    0.2681250000E+001
 0.8787879    0.2250000000E+000    0.2593750000E+001
 0.8888889    0.1812500000E+000    0.2537500000E+001
 0.8989899    0.0000000000E+000    0.2475000000E+001
 0.9090909    0.1437500000E+000    0.2556250000E+001
 0.9191919    0.3562500000E+000    0.2750000000E+001
 0.9292929    0.8750000000E-001    0.2606250000E+001
 0.9393939    0.9375000000E-001    0.2631250000E+001
 0.9494949    0.9375000000E-001    0.2487500000E+001
 0.9595960    0.2062500000E+000    0.2612500000E+001
 0.9696970    0.1437500000E+000    0.2512500000E+001
 0.9797980    0.8750000000E-001    0.2512500000E+001
 0.9898990    0.1500000000E+000    0.2662500000E+001
 1.0000000    0.2500000000E+000    0.2681250000E+001


# Weightfunction after cycle       7565
 0.0000000    0.4548437500E+001    0.2798437500E+001
 0.0101010    0.4476562500E+001    0.2715625000E+001
 0.0202020    0.4648437500E+001    0.2734375000E+001
 0.0303030    0.4793750000E+001    0.2848437500E+001
 0.0404040    0.4689062500E+001    0.2634375000E+001
 0.0505051    0.4873437500E+001    0.2757812500E+001
 0.0606061    0.5231250000E+001    0.2759375000E+001
 0.0707071    0.5314062500E+001    0.2884375000E+001
 0.0808081    0.5378125000E+001    0.2751562500E+001
 0.0909091    0.5509375000E+001    0.2770312500E+001
 0.1010101    0.5709375000E+001    0.2748437500E+001
 0.1111111    0.5879687500E+001    0.2792187500E+001
 0.1212121    0.5782812500E+001    0.2785937500E+001
 0.1313131    0.5971875000E+001    0.2709375000E+001
 0.1414141    0.5951562500E+001    0.2865625000E+001
 0.1515152    0.5895312500E+001    0.2787500000E+001
 0.1616162    0.5773437500E+001    0.2715625000E+001
 0.1717172    0.5887500000E+001    0.2751562500E+001
 0.1818182    0.5895312500E+001    0.2714062500E+001
 0.1919192    0.5782812500E+001    0.2620312500E+001
 0.2020202    0.5706250000E+001    0.2745312500E+001
 0.2121212    0.5514062500E+001    0.2775000000E+001
 0.2222222    0.5448437500E+001    0.2754687500E+001
 0.2323232    0.5342187500E+001    0.2675000000E+001
 0.2424242    0.5339062500E+001    0.2712500000E+001
 0.2525253    0.5287500000E+001    0.2609375000E+001
 0.2626263    0.5201562500E+001    0.2698437500E+001
 0.2727273    0.5112500000E+001    0.2768750000E+001
 0.2828283    0.5107812500E+001    0.2681250000E+001
 0.2929293    0.4781250000E+001    0.2779687500E+001
 0.3030303    0.4753125000E+001    0.2614062500E+001
 0.3131313    0.4681250000E+001    0.2696875000E+001
 0.3232323    0.4459375000E+001    0.2659375000E+001
 0.3333333    0.4357812500E+001    0.2703125000E+001
 0.3434343    0.4314062500E+001    0.2704687500E+001
 0.3535354    0.4051562500E+001    0.2681250000E+001
 0.3636364    0.3765625000E+001    0.2595312500E+001
 0.3737374    0.3556250000E+001    0.2617187500E+001
 0.3838384    0.3412500000E+001    0.2632812500E+001
 0.3939394    0.3175000000E+001    0.2695312500E+001
 0.4040404    0.2760937500E+001    0.2689062500E+001
 0.4141414    0.2503125000E+001    0.2625000000E+001
 0.4242424    0.2342187500E+001    0.2678125000E+001
 0.4343434    0.2000000000E+001    0.2598437500E+001
 0.4444444    0.1851562500E+001    0.2668750000E+001
 0.4545455    0.1625000000E+001    0.2623437500E+001
 0.4646465    0.1317187500E+001    0.2653125000E+001
 0.4747475    0.9609375000E+000    0.2595312500E+001
 0.4848485    0.7812500000E+000    0.2520312500E+001
 0.4949495    0.3593750000E+000    0.2571875000E+001
 0.5050505    0.4796875000E+000    0.2581250000E+001
 0.5151515    0.3390625000E+000    0.2671875000E+001
 0.5252525    0.2828125000E+000    0.2518750000E+001
 0.5353535    0.4062500000E+000    0.2640625000E+001
 0.5454545    0.3750000000E+000    0.2656250000E+001
 0.5555556    0.4109375000E+000    0.2620312500E+001
 0.5656566    0.3218750000E+000    0.2626562500E+001
 0.5757576    0.3046875000E+000    0.2585937500E+001
 0.5858586    0.3125000000E+000    0.2501562500E+001
 0.5959596    0.3687500000E+000    0.2610937500E+001
 0.6060606    0.3312500000E+000    0.2621875000E+001
 0.6161616    0.3687500000E+000    0.2568750000E+001
 0.6262626    0.3406250000E+000    0.2603125000E+001
 0.6363636    0.3515625000E+000    0.2532812500E+001
 0.6464646    0.3671875000E+000    0.2546875000E+001
 0.6565657    0.3796875000E+000    0.2628125000E+001
 0.6666667    0.4171875000E+000    0.2560937500E+001
 0.6767677    0.3984375000E+000    0.2573437500E+001
 0.6868687    0.4171875000E+000    0.2525000000E+001
 0.6969697    0.2437500000E+000    0.2615625000E+001
 0.7070707    0.3500000000E+000    0.2620312500E+001
 0.7171717    0.2562500000E+000    0.2571875000E+001
 0.7272727    0.2437500000E+000    0.2546875000E+001
 0.7373737    0.2312500000E+000    0.2540625000E+001
 0.7474747    0.2046875000E+000    0.2559375000E+001
 0.7575758    0.2703125000E+000    0.2629687500E+001
 0.7676768    0.2484375000E+000    0.2579687500E+001
 0.7777778    0.2453125000E+000    0.2606250000E+001
 0.7878788    0.2031250000E+000    0.2571875000E+001
 0.7979798    0.1234375000E+000    0.2529687500E+001
 0.8080808    0.1750000000E+000    0.2609375000E+001
 0.8181818    0.1609375000E+000    0.2523437500E+001
 0.8282828    0.2203125000E+000    0.2607812500E+001
 0.8383838    0.1921875000E+000    0.2570312500E+001
 0.8484848    0.2453125000E+000    0.2645312500E+001
 0.8585859    0.1812500000E+000    0.2625000000E+001
 0.8686869    0.2421875000E+000    0.2700000000E+001
 0.8787879    0.2062500000E+000    0.2648437500E+001
 0.8888889    0.1609375000E+000    0.2589062500E+001
 0.8989899    0.1468750000E+000    0.2646875000E+001
 0.9090909    0.1328125000E+000    0.2564062500E+001
 0.9191919    0.1125000000E+000    0.2642187500E+001
 0.9292929    0.1546875000E+000    0.2651562500E+001
 0.9393939    0.3437500000E-001    0.2560937500E+001
 0.9494949    0.3125000000E-001    0.2540625000E+001
 0.9595960    0.2968750000E-001    0.2567187500E+001
 0.9696970    0.4375000000E-001    0.2650000000E+001
 0.9797980    0.6093750000E-001    0.2585937500E+001
 0.9898990    0.4062500000E-001    0.2634375000E+001
 1.0000000    0.0000000000E+000    0.2628125000E+001


# Weightfunction after cycle      49220
 0.0000000    0.6050781250E+001    0.4278125000E+001
 0.0101010    0.6050000000E+001    0.4242578125E+001
 0.0202020    0.6151562500E+001    0.4326953125E+001
 0.0303030    0.6166406250E+001    0.4278125000E+001
 0.0404040    0.6290625000E+001    0.4303125000E+001
 0.0505051    0.6439062500E+001    0.4271484375E+001
 0.0606061    0.6541796875E+001    0.4240625000E+001
 0.0707071    0.6723828125E+001    0.4265234375E+001
 0.0808081    0.6961328125E+001    0.4266015625E+001
 0.0909091    0.7100781250E+001    0.4268359375E+001
 0.1010101    0.7265234375E+001    0.4260937500E+001
 0.1111111    0.7386328125E+001    0.4317187500E+001
 0.1212121    0.7486718750E+001    0.4328125000E+001
 0.1313131    0.7521875000E+001    0.4260546875E+001
 0.1414141    0.7492578125E+001    0.4268750000E+001
 0.1515152    0.7550781250E+001    0.4256640625E+001
 0.1616162    0.7400000000E+001    0.4271875000E+001
 0.1717172    0.7326171875E+001    0.4269140625E+001
 0.1818182    0.7212109375E+001    0.4297265625E+001
 0.1919192    0.7207031250E+001    0.4267968750E+001
 0.2020202    0.7032812500E+001    0.4267578125E+001
 0.2121212    0.6959375000E+001    0.4264062500E+001
 0.2222222    0.6823828125E+001    0.4197265625E+001
 0.2323232    0.6693750000E+001    0.4262890625E+001
 0.2424242    0.6505468750E+001    0.4264843750E+001
 0.2525253    0.6324218750E+001    0.4297265625E+001
 0.2626263    0.6122265625E+001    0.4222265625E+001
 0.2727273    0.5863281250E+001    0.4268359375E+001
 0.2828283    0.5726562500E+001    0.4257421875E+001
 0.2929293    0.5525781250E+001    0.4255468750E+001
 0.3030303    0.5286328125E+001    0.4258593750E+001
 0.3131313    0.5094531250E+001    0.4235156250E+001
 0.3232323    0.4827343750E+001    0.4261328125E+001
 0.3333333    0.4637109375E+001    0.4289453125E+001
 0.3434343    0.4333203125E+001    0.4211328125E+001
 0.3535354    0.4133593750E+001    0.4202734375E+001
 0.3636364    0.3923046875E+001    0.4229296875E+001
 0.3737374    0.3575390625E+001    0.4225781250E+001
 0.3838384    0.3421484375E+001    0.4210156250E+001
 0.3939394    0.3146875000E+001    0.4212500000E+001
 0.4040404    0.2852343750E+001    0.4250390625E+001
 0.4141414    0.2607031250E+001    0.4253515625E+001
 0.4242424    0.2357031250E+001    0.4278515625E+001
 0.4343434    0.2097265625E+001    0.4244140625E+001
 0.4444444    0.1861718750E+001    0.4242578125E+001
 0.4545455    0.1643359375E+001    0.4198046875E+001
 0.4646465    0.1343359375E+001    0.4186718750E+001
 0.4747475    0.1066796875E+001    0.4198046875E+001
 0.4848485    0.8246093750E+000    0.4231250000E+001
 0.4949495    0.5960937500E+000    0.4213671875E+001
 0.5050505    0.4101562500E+000    0.4194921875E+001
 0.5151515    0.3871093750E+000    0.4224218750E+001
 0.5252525    0.4527343750E+000    0.4250390625E+001
 0.5353535    0.4066406250E+000    0.4236718750E+001
 0.5454545    0.4074218750E+000    0.4239062500E+001
 0.5555556    0.4074218750E+000    0.4209375000E+001
 0.5656566    0.4113281250E+000    0.4236328125E+001
 0.5757576    0.3906250000E+000    0.4237890625E+001
 0.5858586    0.3796875000E+000    0.4228515625E+001
 0.5959596    0.3773437500E+000    0.4272265625E+001
 0.6060606    0.3917968750E+000    0.4221093750E+001
 0.6161616    0.3878906250E+000    0.4236718750E+001
 0.6262626    0.3550781250E+000    0.4265625000E+001
 0.6363636    0.3894531250E+000    0.4236718750E+001
 0.6464646    0.3375000000E+000    0.4213671875E+001
 0.6565657    0.3597656250E+000    0.4212500000E+001
 0.6666667    0.3238281250E+000    0.4219140625E+001
 0.6767677    0.3542968750E+000    0.4228906250E+001
 0.6868687    0.3511718750E+000    0.4203906250E+001
 0.6969697    0.3589843750E+000    0.4232031250E+001
 0.7070707    0.3347656250E+000    0.4228125000E+001
 0.7171717    0.2910156250E+000    0.4192578125E+001
 0.7272727    0.2785156250E+000    0.4204687500E+001
 0.7373737    0.2750000000E+000    0.4199218750E+001
 0.7474747    0.2785156250E+000    0.4205859375E+001
 0.7575758    0.3136718750E+000    0.4219921875E+001
 0.7676768    0.2488281250E+000    0.4201171875E+001
 0.7777778    0.2457031250E+000    0.4221093750E+001
 0.7878788    0.2425781250E+000    0.4227734375E+001
 0.7979798    0.2156250000E+000    0.4232031250E+001
 0.8080808    0.1953125000E+000    0.4207421875E+001
 0.8181818    0.2035156250E+000    0.4207812500E+001
 0.8282828    0.1750000000E+000    0.4204296875E+001
 0.8383838    0.1617187500E+000    0.4192187500E+001
 0.8484848    0.1929687500E+000    0.4232421875E+001
 0.8585859    0.1769531250E+000    0.4213671875E+001
 0.8686869    0.1667968750E+000    0.4257812500E+001
 0.8787879    0.1664062500E+000    0.4244921875E+001
 0.8888889    0.1421875000E+000    0.4202343750E+001
 0.8989899    0.1304687500E+000    0.4212109375E+001
 0.9090909    0.8203125000E-001    0.4194921875E+001
 0.9191919    0.1304687500E+000    0.4230859375E+001
 0.9292929    0.7304687500E-001    0.4225000000E+001
 0.9393939    0.8398437500E-001    0.4222656250E+001
 0.9494949    0.5507812500E-001    0.4212500000E+001
 0.9595960    0.8828125000E-001    0.4237500000E+001
 0.9696970    0.6718750000E-001    0.4214843750E+001
 0.9797980    0.5468750000E-001    0.4228906250E+001
 0.9898990    0.4257812500E-001    0.4239843750E+001
 1.0000000    0.0000000000E+000    0.4185937500E+001


# Weightfunction after cycle      69400
 0.0000000    0.6144140625E+001    0.4355761719E+001
 0.0101010    0.6121386719E+001    0.4334863281E+001
 0.0202020    0.6206445312E+001    0.4383789062E+001
 0.0303030    0.6253808594E+001    0.4355175781E+001
 0.0404040    0.6355761719E+001    0.4365039062E+001
 0.0505051    0.6505761719E+001    0.4362011719E+001
 0.0606061    0.6663671875E+001    0.4368457031E+001
 0.0707071    0.6834472656E+001    0.4369238281E+001
 0.0808081    0.7016699219E+001    0.4370507812E+001
 0.0909091    0.7193847656E+001    0.4339648437E+001
 0.1010101    0.7405175781E+001    0.4363574219E+001
 0.1111111    0.7491308594E+001    0.4397265625E+001
 0.1212121    0.7587597656E+001    0.4362109375E+001
 0.1313131    0.7667089844E+001    0.4353515625E+001
 0.1414141    0.7625585937E+001    0.4348535156E+001
 0.1515152    0.7620019531E+001    0.4367968750E+001
 0.1616162    0.7525000000E+001    0.4373144531E+001
 0.1717172    0.7456347656E+001    0.4378906250E+001
 0.1818182    0.7346777344E+001    0.4394726562E+001
 0.1919192    0.7318261719E+001    0.4351171875E+001
 0.2020202    0.7118066406E+001    0.4373925781E+001
 0.2121212    0.7030859375E+001    0.4370019531E+001
 0.2222222    0.6867773437E+001    0.4328222656E+001
 0.2323232    0.6687695312E+001    0.4365625000E+001
 0.2424242    0.6554980469E+001    0.4358593750E+001
 0.2525253    0.6352636719E+001    0.4363085937E+001
 0.2626263    0.6143750000E+001    0.4327148437E+001
 0.2727273    0.5931640625E+001    0.4364746094E+001
 0.2828283    0.5769335937E+001    0.4371484375E+001
 0.2929293    0.5536816406E+001    0.4350878906E+001
 0.3030303    0.5273730469E+001    0.4372460937E+001
 0.3131313    0.5099121094E+001    0.4349316406E+001
 0.3232323    0.4820898437E+001    0.4350683594E+001
 0.3333333    0.4610546875E+001    0.4385644531E+001
 0.3434343    0.4366894531E+001    0.4330566406E+001
 0.3535354    0.4133984375E+001    0.4358789062E+001
 0.3636364    0.3928222656E+001    0.4357812500E+001
 0.3737374    0.3631542969E+001    0.4332324219E+001
 0.3838384    0.3384082031E+001    0.4348535156E+001
 0.3939394    0.3170996094E+001    0.4331250000E+001
 0.4040404    0.2899707031E+001    0.4360156250E+001
 0.4141414    0.2630664062E+001    0.4337695312E+001
 0.4242424    0.2356933594E+001    0.4363281250E+001
 0.4343434    0.2091113281E+001    0.4362207031E+001
 0.4444444    0.1851074219E+001    0.4340429687E+001
 0.4545455    0.1579882812E+001    0.4326562500E+001
 0.4646465    0.1330273437E+001    0.4344335937E+001
 0.4747475    0.1061132812E+001    0.4336425781E+001
 0.4848485    0.8054687500E+000    0.4350195312E+001
 0.4949495    0.5415039062E+000    0.4320703125E+001
 0.5050505    0.3857421875E+000    0.4329003906E+001
 0.5151515    0.3596679687E+000    0.4323632812E+001
 0.5252525    0.3898437500E+000    0.4338183594E+001
 0.5353535    0.3905273437E+000    0.4341113281E+001
 0.5454545    0.3679687500E+000    0.4340722656E+001
 0.5555556    0.3903320312E+000    0.4327050781E+001
 0.5656566    0.3891601562E+000    0.4348144531E+001
 0.5757576    0.3625000000E+000    0.4341113281E+001
 0.5858586    0.3487304687E+000    0.4320800781E+001
 0.5959596    0.3544921875E+000    0.4345507812E+001
 0.6060606    0.3558593750E+000    0.4328515625E+001
 0.6161616    0.3537109375E+000    0.4336914062E+001
 0.6262626    0.3659179687E+000    0.4335058594E+001
 0.6363636    0.3527343750E+000    0.4367773437E+001
 0.6464646    0.3335937500E+000    0.4336230469E+001
 0.6565657    0.3492187500E+000    0.4326757812E+001
 0.6666667    0.3201171875E+000    0.4349218750E+001
 0.6767677    0.3485351562E+000    0.4327832031E+001
 0.6868687    0.3414062500E+000    0.4322753906E+001
 0.6969697    0.3137695312E+000    0.4349609375E+001
 0.7070707    0.2969726562E+000    0.4343261719E+001
 0.7171717    0.2768554687E+000    0.4329003906E+001
 0.7272727    0.2823242187E+000    0.4330859375E+001
 0.7373737    0.2859375000E+000    0.4352246094E+001
 0.7474747    0.2778320312E+000    0.4339941406E+001
 0.7575758    0.2646484375E+000    0.4333203125E+001
 0.7676768    0.2115234375E+000    0.4317578125E+001
 0.7777778    0.2275390625E+000    0.4338183594E+001
 0.7878788    0.2249023437E+000    0.4341699219E+001
 0.7979798    0.2289062500E+000    0.4359472656E+001
 0.8080808    0.1845703125E+000    0.4317871094E+001
 0.8181818    0.1989257812E+000    0.4341796875E+001
 0.8282828    0.1870117187E+000    0.4329492187E+001
 0.8383838    0.1562500000E+000    0.4326269531E+001
 0.8484848    0.1761718750E+000    0.4347460937E+001
 0.8585859    0.1532226562E+000    0.4334960937E+001
 0.8686869    0.1330078125E+000    0.4350390625E+001
 0.8787879    0.1432617187E+000    0.4358105469E+001
 0.8888889    0.1146484375E+000    0.4337890625E+001
 0.8989899    0.1271484375E+000    0.4342675781E+001
 0.9090909    0.1017578125E+000    0.4345117187E+001
 0.9191919    0.9716796875E-001    0.4354003906E+001
 0.9292929    0.7421875000E-001    0.4343554687E+001
 0.9393939    0.6718750000E-001    0.4353515625E+001
 0.9494949    0.5468750000E-001    0.4353417969E+001
 0.9595960    0.4833984375E-001    0.4357324219E+001
 0.9696970    0.1406250000E-001    0.4327832031E+001
 0.9797980    0.1962890625E-001    0.4348730469E+001
 0.9898990    0.2060546875E-001    0.4369238281E+001
 1.0000000    0.0000000000E+000    0.4340625000E+001


# Weightfunction after cycle      94474
 0.0000000    0.6158032227E+001    0.4367309570E+001
 0.0101010    0.6133398437E+001    0.4349462891E+001
 0.0202020    0.6218750000E+001    0.4395581055E+001
 0.0303030    0.6264892578E+001    0.4370922852E+001
 0.0404040    0.6372045898E+001    0.4374755859E+001
 0.0505051    0.6510229492E+001    0.4365429688E+001
 0.0606061    0.6671264648E+001    0.4372363281E+001
 0.0707071    0.6842724609E+001    0.4373730469E+001
 0.0808081    0.7021606445E+001    0.4373876953E+001
 0.0909091    0.7209936523E+001    0.4361547852E+001
 0.1010101    0.7416064453E+001    0.4374658203E+001
 0.1111111    0.7505810547E+001    0.4396264648E+001
 0.1212121    0.7587841797E+001    0.4369262695E+001
 0.1313131    0.7674609375E+001    0.4360791016E+001
 0.1414141    0.7659912109E+001    0.4367504883E+001
 0.1515152    0.7650952148E+001    0.4370141602E+001
 0.1616162    0.7561816406E+001    0.4382836914E+001
 0.1717172    0.7507080078E+001    0.4384594727E+001
 0.1818182    0.7407519531E+001    0.4389233398E+001
 0.1919192    0.7352856445E+001    0.4357958984E+001
 0.2020202    0.7171557617E+001    0.4378686523E+001
 0.2121212    0.7072436523E+001    0.4373291016E+001
 0.2222222    0.6910083008E+001    0.4348144531E+001
 0.2323232    0.6729248047E+001    0.4372119141E+001
 0.2424242    0.6584863281E+001    0.4362963867E+001
 0.2525253    0.6380224609E+001    0.4373022461E+001
 0.2626263    0.6177734375E+001    0.4352587891E+001
 0.2727273    0.5971264648E+001    0.4366162109E+001
 0.2828283    0.5791723633E+001    0.4376196289E+001
 0.2929293    0.5558544922E+001    0.4357910156E+001
 0.3030303    0.5309228516E+001    0.4375732422E+001
 0.3131313    0.5108300781E+001    0.4354638672E+001
 0.3232323    0.4844482422E+001    0.4353417969E+001
 0.3333333    0.4628076172E+001    0.4384252930E+001
 0.3434343    0.4380883789E+001    0.4337280273E+001
 0.3535354    0.4146899414E+001    0.4366186523E+001
 0.3636364    0.3925488281E+001    0.4360766602E+001
 0.3737374    0.3649145508E+001    0.4346679688E+001
 0.3838384    0.3395727539E+001    0.4356494141E+001
 0.3939394    0.3171215820E+001    0.4339697266E+001
 0.4040404    0.2901025391E+001    0.4365136719E+001
 0.4141414    0.2637377930E+001    0.4346508789E+001
 0.4242424    0.2359619141E+001    0.4361352539E+001
 0.4343434    0.2094848633E+001    0.4364819336E+001
 0.4444444    0.1853149414E+001    0.4350146484E+001
 0.4545455    0.1593310547E+001    0.4340502930E+001
 0.4646465    0.1340502930E+001    0.4356616211E+001
 0.4747475    0.1067407227E+001    0.4349511719E+001
 0.4848485    0.7974609375E+000    0.4354370117E+001
 0.4949495    0.5389160156E+000    0.4333764648E+001
 0.5050505    0.3892578125E+000    0.4338305664E+001
 0.5151515    0.3711669922E+000    0.4329541016E+001
 0.5252525    0.3828125000E+000    0.4346948242E+001
 0.5353535    0.3948242187E+000    0.4351904297E+001
 0.5454545    0.3767578125E+000    0.4349121094E+001
 0.5555556    0.3853027344E+000    0.4335302734E+001
 0.5656566    0.3901123047E+000    0.4356640625E+001
 0.5757576    0.3669433594E+000    0.4348950195E+001
 0.5858586    0.3668945312E+000    0.4337133789E+001
 0.5959596    0.3582031250E+000    0.4349926758E+001
 0.6060606    0.3668945312E+000    0.4331176758E+001
 0.6161616    0.3558349609E+000    0.4339843750E+001
 0.6262626    0.3610839844E+000    0.4347167969E+001
 0.6363636    0.3610107422E+000    0.4369433594E+001
 0.6464646    0.3418945312E+000    0.4352124023E+001
 0.6565657    0.3498291016E+000    0.4334399414E+001
 0.6666667    0.3181884766E+000    0.4350537109E+001
 0.6767677    0.3425781250E+000    0.4336010742E+001
 0.6868687    0.3393554687E+000    0.4333007813E+001
 0.6969697    0.3163085937E+000    0.4356958008E+001
 0.7070707    0.3023681641E+000    0.4347778320E+001
 0.7171717    0.2864746094E+000    0.4336132813E+001
 0.7272727    0.2912353516E+000    0.4342138672E+001
 0.7373737    0.2891845703E+000    0.4352490234E+001
 0.7474747    0.2770263672E+000    0.4347338867E+001
 0.7575758    0.2658447266E+000    0.4343212891E+001
 0.7676768    0.2300048828E+000    0.4334179688E+001
 0.7777778    0.2302978516E+000    0.4340698242E+001
 0.7878788    0.2257324219E+000    0.4341918945E+001
 0.7979798    0.2284667969E+000    0.4357470703E+001
 0.8080808    0.1988525391E+000    0.4332739258E+001
 0.8181818    0.2010253906E+000    0.4347216797E+001
 0.8282828    0.1955322266E+000    0.4341674805E+001
 0.8383838    0.1644775391E+000    0.4330737305E+001
 0.8484848    0.1761230469E+000    0.4346777344E+001
 0.8585859    0.1542236328E+000    0.4337011719E+001
 0.8686869    0.1458740234E+000    0.4356762695E+001
 0.8787879    0.1484619141E+000    0.4359375000E+001
 0.8888889    0.1154541016E+000    0.4341845703E+001
 0.8989899    0.1338623047E+000    0.4352783203E+001
 0.9090909    0.1093261719E+000    0.4352075195E+001
 0.9191919    0.1019775391E+000    0.4358374023E+001
 0.9292929    0.8854980469E-001    0.4354345703E+001
 0.9393939    0.6862792969E-001    0.4353417969E+001
 0.9494949    0.6694335937E-001    0.4363867188E+001
 0.9595960    0.4938964844E-001    0.4351904297E+001
 0.9696970    0.1818847656E-001    0.4331518555E+001
 0.9797980    0.2392578125E-001    0.4356201172E+001
 0.9898990    0.1660156250E-001    0.4366137695E+001
 1.0000000    0.0000000000E+000    0.4347436523E+001


