# Lambda, (Probability, Probability_biased(/observed)) per Fractional
 0.0000000   0.1541703534E-001   0.9543004421E+000   0.9147647267E+000   0.9995876316E+000
 0.0101010   0.1515961391E-001   0.9607128199E+000   0.9148773399E+000   0.9986373556E+000
 0.0202020   0.1523492452E-001   0.9480140822E+000   0.9454191519E+000   0.9998341897E+000
 0.0303030   0.1437943789E-001   0.9608970001E+000   0.9357589299E+000   0.1014571173E+001
 0.0404040   0.1308576231E-001   0.9454113257E+000   0.9292842477E+000   0.9766474550E+000
 0.0505051   0.1177445304E-001   0.9087255450E+000   0.9259035714E+000   0.9837000440E+000
 0.0606061   0.1038394550E-001   0.9447521546E+000   0.9320913543E+000   0.9711204442E+000
 0.0707071   0.9152907233E-002   0.9296348405E+000   0.9257771889E+000   0.1028455476E+001
 0.0808081   0.7864486722E-002   0.9517219197E+000   0.9345707365E+000   0.1017745608E+001
 0.0909091   0.6850051779E-002   0.9148907337E+000   0.9320506831E+000   0.1005628305E+001
 0.1010101   0.6158240667E-002   0.9126417969E+000   0.9295921755E+000   0.1005525572E+001
 0.1111111   0.5535271052E-002   0.9199702287E+000   0.9397489813E+000   0.1014627676E+001
 0.1212121   0.5281765173E-002   0.9515813612E+000   0.9446538954E+000   0.1035276917E+001
 0.1313131   0.5149176270E-002   0.9746862782E+000   0.9381860349E+000   0.1013138054E+001
 0.1414141   0.4963972739E-002   0.8973887712E+000   0.9404644929E+000   0.9944972341E+000
 0.1515152   0.5265939338E-002   0.9351166238E+000   0.9166879136E+000   0.9877014765E+000
 0.1616162   0.5460055793E-002   0.9143188058E+000   0.9419577209E+000   0.9852410321E+000
 0.1717172   0.5752817633E-002   0.9118081393E+000   0.9466496797E+000   0.1056480913E+001
 0.1818182   0.6414247858E-002   0.9382234524E+000   0.9564068834E+000   0.1008396947E+001
 0.1919192   0.6967425275E-002   0.9404336144E+000   0.9464224840E+000   0.9967984431E+000
 0.2020202   0.7642673772E-002   0.9133009680E+000   0.9423491725E+000   0.9838233230E+000
 0.2121212   0.8471775205E-002   0.9291016874E+000   0.9382974054E+000   0.9850612502E+000
 0.2222222   0.9837607467E-002   0.8893817809E+000   0.9656807746E+000   0.1046808644E+001
 0.2323232   0.1099485912E-001   0.9350584617E+000   0.9701392680E+000   0.1055448451E+001
 0.2424242   0.1262624034E-001   0.9220640664E+000   0.9572427410E+000   0.9792774081E+000
 0.2525253   0.1503880275E-001   0.9807206020E+000   0.9639668150E+000   0.1010528647E+001
 0.2626263   0.1764730981E-001   0.9972241141E+000   0.9624184314E+000   0.1008905473E+001
 0.2727273   0.2051505420E-001   0.9271484083E+000   0.9499297968E+000   0.9574775627E+000
 0.2828283   0.2392355552E-001   0.1001208222E+001   0.9673138492E+000   0.9829346866E+000
 0.2929293   0.2817005800E-001   0.9455373437E+000   0.9652745584E+000   0.1014571173E+001
 0.3030303   0.3484934770E-001   0.9994488166E+000   0.9671309608E+000   0.9934596355E+000
 0.3131313   0.3985775661E-001   0.9573248742E+000   0.9797814783E+000   0.9691274329E+000
 0.3232323   0.4763500907E-001   0.9183416883E+000   0.9944885406E+000   0.1024459180E+001
 0.3333333   0.5731835186E-001   0.9614689279E+000   0.9728260581E+000   0.9704578194E+000
 0.3434343   0.6951137772E-001   0.1026479679E+001   0.9829995795E+000   0.9990688322E+000
 0.3535354   0.8445698660E-001   0.1047262957E+001   0.9892807815E+000   0.1008895200E+001
 0.3636364   0.1021154188E+000   0.9647066214E+000   0.9915346755E+000   0.9929922024E+000
 0.3737374   0.1247292575E+000   0.9934290333E+000   0.9972685424E+000   0.1020324195E+001
 0.3838384   0.1509233504E+000   0.1031593102E+001   0.9946920033E+000   0.1001519003E+001
 0.3939394   0.1867237424E+000   0.9945631954E+000   0.9981179388E+000   0.1010282089E+001
 0.4040404   0.2255547374E+000   0.1003408690E+001   0.9953124256E+000   0.1013461661E+001
 0.4141414   0.2775864444E+000   0.9866482952E+000   0.9986565787E+000   0.9880867235E+000
 0.4242424   0.3441125567E+000   0.1014784239E+001   0.1005310596E+001   0.1016271396E+001
 0.4343434   0.4159399400E+000   0.1020968815E+001   0.9904427993E+000   0.9599739635E+000
 0.4444444   0.5268841390E+000   0.9970399339E+000   0.1012280457E+001   0.9928021472E+000
 0.4545455   0.6563173372E+000   0.1073053027E+001   0.1015775137E+001   0.9932182140E+000
 0.4646465   0.7962967486E+000   0.1025282508E+001   0.1000724946E+001   0.9477487910E+000
 0.4747475   0.9893930147E+000   0.1009515717E+001   0.1018086421E+001   0.9849379711E+000
 0.4848485   0.1217420730E+001   0.9914175921E+000   0.9985657013E+000   0.9514471625E+000
 0.4949495   0.1526869619E+001   0.1046962452E+001   0.1031050569E+001   0.1008843834E+001
 0.5050505   0.1696975567E+001   0.1039183264E+001   0.1015895531E+001   0.9856057326E+000
 0.5151515   0.1721844796E+001   0.1037356003E+001   0.1033638635E+001   0.1007826781E+001
 0.5252525   0.1703459117E+001   0.1024977157E+001   0.1031163737E+001   0.1021346384E+001
 0.5353535   0.1724469835E+001   0.1047597389E+001   0.1015235103E+001   0.9882408223E+000
 0.5454545   0.1704159917E+001   0.1035562669E+001   0.1027811285E+001   0.9916309962E+000
 0.5555556   0.1713771163E+001   0.1012225104E+001   0.1023702900E+001   0.1000579001E+001
 0.5656566   0.1696160303E+001   0.1029494418E+001   0.1015633256E+001   0.9553150427E+000
 0.5757576   0.1719397161E+001   0.1010601410E+001   0.1025986729E+001   0.9860115262E+000
 0.5858586   0.1726090791E+001   0.1057838776E+001   0.1030681482E+001   0.9757382720E+000
 0.5959596   0.1713057939E+001   0.1004126023E+001   0.1027050748E+001   0.9949698038E+000
 0.6060606   0.1735352762E+001   0.1035940723E+001   0.1023899556E+001   0.9965775681E+000
 0.6161616   0.1757399140E+001   0.1062816487E+001   0.1029771750E+001   0.1000532771E+001
 0.6262626   0.1715913670E+001   0.1024836598E+001   0.1025361906E+001   0.9831041952E+000
 0.6363636   0.1746347882E+001   0.1068060775E+001   0.1029035720E+001   0.9857598315E+000
 0.6464646   0.1739572955E+001   0.1026562076E+001   0.1040797764E+001   0.1002592558E+001
 0.6565657   0.1750572747E+001   0.1014062059E+001   0.1032304049E+001   0.9757485453E+000
 0.6666667   0.1742993488E+001   0.9840697729E+000   0.1031506319E+001   0.1010374548E+001
 0.6767677   0.1750279798E+001   0.1004823969E+001   0.1039604544E+001   0.9610115621E+000
 0.6868687   0.1784498478E+001   0.1028980652E+001   0.1026294862E+001   0.9902646534E+000
 0.6969697   0.1780174954E+001   0.1034336417E+001   0.1029845026E+001   0.9886568891E+000
 0.7070707   0.1781344613E+001   0.1027764094E+001   0.1037693531E+001   0.9850663868E+000
 0.7171717   0.1780105856E+001   0.1029760994E+001   0.1029785464E+001   0.9900489151E+000
 0.7272727   0.1807031684E+001   0.1060141028E+001   0.1043186283E+001   0.9948362515E+000
 0.7373737   0.1781469687E+001   0.1047699173E+001   0.1028576532E+001   0.1010559467E+001
 0.7474747   0.1822053565E+001   0.1035155534E+001   0.1051876344E+001   0.1017031617E+001
 0.7575758   0.1811044581E+001   0.1032625480E+001   0.1034566618E+001   0.1001174849E+001
 0.7676768   0.1817375764E+001   0.1033405823E+001   0.1036191330E+001   0.9948465248E+000
 0.7777778   0.1827528981E+001   0.1045081876E+001   0.1043412525E+001   0.1017853478E+001
 0.7878788   0.1832356198E+001   0.1023969013E+001   0.1033738418E+001   0.1007333665E+001
 0.7979798   0.1845399158E+001   0.1020338725E+001   0.1041490562E+001   0.9942866324E+000
 0.8080808   0.1882164999E+001   0.1094985007E+001   0.1039745037E+001   0.1041476825E+001
 0.8181818   0.1881662378E+001   0.1058425244E+001   0.1051678029E+001   0.1030032420E+001
 0.8282828   0.1852225252E+001   0.1021017283E+001   0.1022654973E+001   0.9746852634E+000
 0.8383838   0.1870777750E+001   0.1003428078E+001   0.1033626655E+001   0.9782398094E+000
 0.8484848   0.1899374507E+001   0.1063703460E+001   0.1055140020E+001   0.1031809693E+001
 0.8585859   0.1909180249E+001   0.1023426166E+001   0.1039995531E+001   0.9988890503E+000
 0.8686869   0.1908654071E+001   0.1036924633E+001   0.1041048293E+001   0.9914409410E+000
 0.8787879   0.1923197103E+001   0.1033560922E+001   0.1043650905E+001   0.1011150179E+001
 0.8888889   0.1940314238E+001   0.1057940559E+001   0.1061985217E+001   0.1037793864E+001
 0.8989899   0.1933030686E+001   0.1013097536E+001   0.1042916344E+001   0.9935110017E+000
 0.9090909   0.1950131805E+001   0.1048445587E+001   0.1033037815E+001   0.9988171375E+000
 0.9191919   0.1961455195E+001   0.1030105120E+001   0.1040897945E+001   0.1009172578E+001
 0.9292929   0.1994989652E+001   0.1068172252E+001   0.1047074788E+001   0.1031953519E+001
 0.9393939   0.1970379931E+001   0.1018550238E+001   0.1044682048E+001   0.1017401454E+001
 0.9494949   0.1999982732E+001   0.1032339517E+001   0.1031775729E+001   0.1002381957E+001
 0.9595960   0.1990721032E+001   0.1039163876E+001   0.1037611799E+001   0.1026328912E+001
 0.9696970   0.2000194061E+001   0.1008827464E+001   0.1033937886E+001   0.9856314158E+000
 0.9797980   0.2036789542E+001   0.1043971948E+001   0.1044457563E+001   0.9985808527E+000
 0.9898990   0.2087257122E+001   0.1068690865E+001   0.1054355631E+001   0.1020026271E+001
 1.0000000   0.2073699815E+001   0.1076155008E+001   0.1055782089E+001   0.1039925564E+001


 0.0000000   0.1546820744E-001   0.9593413078E+000   0.9217434763E+000   0.1007108858E+001
 0.0101010   0.1536159237E-001   0.9754175888E+000   0.9253671896E+000   0.1009982648E+001
 0.0202020   0.1526816620E-001   0.9519415009E+000   0.9437791954E+000   0.9979961515E+000
 0.0303030   0.1425766453E-001   0.9546237181E+000   0.9244099748E+000   0.1002162252E+001
 0.0404040   0.1323241922E-001   0.9578773959E+000   0.9351436446E+000   0.9827033876E+000
 0.0505051   0.1185292582E-001   0.9165717373E+000   0.9351742506E+000   0.9934461959E+000
 0.0606061   0.1043911884E-001   0.9516302373E+000   0.9241760379E+000   0.9627736611E+000
 0.0707071   0.9143112906E-002   0.9304570141E+000   0.9266988612E+000   0.1029372420E+001
 0.0808081   0.7913994209E-002   0.9595869142E+000   0.9381752894E+000   0.1021564819E+001
 0.0909091   0.6911838186E-002   0.9249491066E+000   0.9327584665E+000   0.1006287409E+001
 0.1010101   0.6207498253E-002   0.9217416320E+000   0.9419085962E+000   0.1018742209E+001
 0.1111111   0.5558376156E-002   0.9256178371E+000   0.9374497652E+000   0.1012040109E+001
 0.1212121   0.5260527457E-002   0.9496094553E+000   0.9444243638E+000   0.1034917838E+001
 0.1313131   0.5101204292E-002   0.9674949563E+000   0.9416653316E+000   0.1016789669E+001
 0.1414141   0.5009826467E-002   0.9074502534E+000   0.9426927065E+000   0.9967499038E+000
 0.1515152   0.5234155587E-002   0.9312911034E+000   0.9284170377E+000   0.1000235303E+001
 0.1616162   0.5459966049E-002   0.9160926831E+000   0.9426265821E+000   0.9858381994E+000
 0.1717172   0.5734921610E-002   0.9107501344E+000   0.9476417808E+000   0.1057478247E+001
 0.1818182   0.6305573326E-002   0.9241320395E+000   0.9553111485E+000   0.1007137007E+001
 0.1919192   0.6969469407E-002   0.9425500931E+000   0.9476581141E+000   0.9979961515E+000
 0.2020202   0.7651735687E-002   0.9161729308E+000   0.9580315517E+000   0.1000091997E+001
 0.2121212   0.8431449859E-002   0.9264884026E+000   0.9424943225E+000   0.9893645429E+000
 0.2222222   0.9851074460E-002   0.8923418079E+000   0.9629323703E+000   0.1043720901E+001
 0.2323232   0.1096142467E-001   0.9340389777E+000   0.9711979522E+000   0.1056490462E+001
 0.2424242   0.1250804419E-001   0.9152196859E+000   0.9630430448E+000   0.9851088759E+000
 0.2525253   0.1475663241E-001   0.9642023705E+000   0.9592590265E+000   0.1005488992E+001
 0.2626263   0.1737592252E-001   0.9838095485E+000   0.9630455945E+000   0.1009458047E+001
 0.2727273   0.1994852745E-001   0.9033089879E+000   0.9603921013E+000   0.9679224297E+000
 0.2828283   0.2377107197E-001   0.9967731930E+000   0.9768884439E+000   0.9925607715E+000
 0.2929293   0.2768132145E-001   0.9309506588E+000   0.9792416779E+000   0.1029144666E+001
 0.3030303   0.3375890474E-001   0.9700701766E+000   0.9704871687E+000   0.9968036434E+000
 0.3131313   0.3964353220E-001   0.9540425305E+000   0.9753219388E+000   0.9646161628E+000
 0.3232323   0.4733856985E-001   0.9144123458E+000   0.9915856199E+000   0.1021362655E+001
 0.3333333   0.5674951262E-001   0.9537896288E+000   0.9723787193E+000   0.9699107960E+000
 0.3434343   0.6871640526E-001   0.1016725679E+001   0.9892530686E+000   0.1005320096E+001
 0.3535354   0.8344872635E-001   0.1036785162E+001   0.9954063258E+000   0.1015036733E+001
 0.3636364   0.1012690430E+000   0.9585826026E+000   0.9928015099E+000   0.9941576063E+000
 0.3737374   0.1238757057E+000   0.9885611826E+000   0.1000808677E+001   0.1023839797E+001
 0.3838384   0.1488469189E+000   0.1019390874E+001   0.1002869194E+001   0.1009647416E+001
 0.3939394   0.1831749089E+000   0.9775696851E+000   0.1011470851E+001   0.1023691373E+001
 0.4040404   0.2251149959E+000   0.1003411863E+001   0.9995944604E+000   0.1017716037E+001
 0.4141414   0.2779345293E+000   0.9898183959E+000   0.1000727083E+001   0.9900324498E+000
 0.4242424   0.3434112677E+000   0.1014697602E+001   0.1019981212E+001   0.1030994845E+001
 0.4343434   0.4164052863E+000   0.1024110895E+001   0.9888717349E+000   0.9583516571E+000
 0.4444444   0.5235470807E+000   0.9926635402E+000   0.1010907808E+001   0.9913529093E+000
 0.4545455   0.6516299276E+000   0.1067473812E+001   0.1017213176E+001   0.9945209886E+000
 0.4646465   0.7986647455E+000   0.1030343464E+001   0.1018713940E+001   0.9646852566E+000
 0.4747475   0.9864903296E+000   0.1008523396E+001   0.1016665218E+001   0.9834608605E+000
 0.4848485   0.1217926407E+001   0.9937699852E+000   0.1014581796E+001   0.9666070882E+000
 0.4949495   0.1527441037E+001   0.1049403498E+001   0.1033619051E+001   0.1011251927E+001
 0.5050505   0.1704940587E+001   0.1046103617E+001   0.1034207787E+001   0.1003267753E+001
 0.5151515   0.1712763111E+001   0.1033903542E+001   0.1041501010E+001   0.1015387320E+001
 0.5252525   0.1705681909E+001   0.1028322682E+001   0.1030868713E+001   0.1020948093E+001
 0.5353535   0.1702731651E+001   0.1036415536E+001   0.1027311668E+001   0.9998923928E+000
 0.5454545   0.1711442944E+001   0.1042023146E+001   0.1017058908E+001   0.9811551743E+000
 0.5555556   0.1714503913E+001   0.1014639240E+001   0.1027073655E+001   0.1003769323E+001
 0.5656566   0.1707867614E+001   0.1038628426E+001   0.1026128841E+001   0.9650870243E+000
 0.5757576   0.1718510777E+001   0.1012056724E+001   0.1026205892E+001   0.9861196927E+000
 0.5858586   0.1729825439E+001   0.1062201784E+001   0.1038911715E+001   0.9834275931E+000
 0.5959596   0.1716148417E+001   0.1007905732E+001   0.1027301741E+001   0.9951095655E+000
 0.6060606   0.1728529668E+001   0.1033886519E+001   0.1028395414E+001   0.1000849470E+001
 0.6161616   0.1736210206E+001   0.1052056535E+001   0.1032338341E+001   0.1002922284E+001
 0.6262626   0.1718363980E+001   0.1028308091E+001   0.1025141117E+001   0.9827903946E+000
 0.6363636   0.1748083086E+001   0.1071213839E+001   0.1028083658E+001   0.9847454936E+000
 0.6464646   0.1727613389E+001   0.1021499199E+001   0.1033833040E+001   0.9957800314E+000
 0.6565657   0.1753080049E+001   0.1017501406E+001   0.1033241913E+001   0.9765335660E+000
 0.6666667   0.1741812237E+001   0.9853269588E+000   0.1022261822E+001   0.1001215411E+001
 0.6767677   0.1766774894E+001   0.1016278238E+001   0.1032371842E+001   0.9542265005E+000
 0.6868687   0.1778418626E+001   0.1027481297E+001   0.1025850484E+001   0.9897330433E+000
 0.6969697   0.1776464749E+001   0.1034200215E+001   0.1025274758E+001   0.9841671528E+000
 0.7070707   0.1786883648E+001   0.1032977046E+001   0.1034996411E+001   0.9824039810E+000
 0.7171717   0.1788832334E+001   0.1036833797E+001   0.1029731582E+001   0.9898942622E+000
 0.7272727   0.1808597290E+001   0.1063135575E+001   0.1034687580E+001   0.9866289397E+000
 0.7373737   0.1803857013E+001   0.1062941035E+001   0.1034858623E+001   0.1016625891E+001
 0.7474747   0.1811802037E+001   0.1031345343E+001   0.1031176272E+001   0.9969136817E+000
 0.7575758   0.1817381388E+001   0.1038266096E+001   0.1033652877E+001   0.1000186681E+001
 0.7676768   0.1818503419E+001   0.1036070228E+001   0.1030162084E+001   0.9889550981E+000
 0.7777778   0.1823969463E+001   0.1045087147E+001   0.1032295481E+001   0.1006904135E+001
 0.7878788   0.1836314710E+001   0.1028188936E+001   0.1030844266E+001   0.1004409081E+001
 0.7979798   0.1842560276E+001   0.1020762380E+001   0.1028338415E+001   0.9816285949E+000
 0.8080808   0.1879989984E+001   0.1095859598E+001   0.1040228464E+001   0.1041852809E+001
 0.8181818   0.1873746661E+001   0.1056034873E+001   0.1036652583E+001   0.1015210747E+001
 0.8282828   0.1866920385E+001   0.1031131350E+001   0.1025796280E+001   0.9775776502E+000
 0.8383838   0.1891831835E+001   0.1016706225E+001   0.1035276108E+001   0.9796990862E+000
 0.8484848   0.1900174586E+001   0.1066233621E+001   0.1036944099E+001   0.1013910760E+001
 0.8585859   0.1901475022E+001   0.1021290069E+001   0.1031854145E+001   0.9909664958E+000
 0.8686869   0.1910058332E+001   0.1039717849E+001   0.1030540341E+001   0.9813317474E+000
 0.8787879   0.1928653802E+001   0.1038521430E+001   0.1035281949E+001   0.1002937639E+001
 0.8888889   0.1946150315E+001   0.1063198801E+001   0.1044802934E+001   0.1020896912E+001
 0.8989899   0.1940402264E+001   0.1018950728E+001   0.1036909210E+001   0.9876858192E+000
 0.9090909   0.1957247843E+001   0.1054330218E+001   0.1034373824E+001   0.1000004990E+001
 0.9191919   0.1961881251E+001   0.1032344792E+001   0.1033360192E+001   0.1001760485E+001
 0.9292929   0.1997420761E+001   0.1071566443E+001   0.1034608265E+001   0.1019561098E+001
 0.9393939   0.1960112727E+001   0.1015225291E+001   0.1030773078E+001   0.1003751410E+001
 0.9494949   0.1995382169E+001   0.1031980030E+001   0.1027228427E+001   0.9978605229E+000
 0.9595960   0.1994462397E+001   0.1043153908E+001   0.1034501671E+001   0.1023146299E+001
 0.9696970   0.2021459494E+001   0.1021547834E+001   0.1035209962E+001   0.9867415371E+000
 0.9797980   0.2019518939E+001   0.1037145061E+001   0.1031788058E+001   0.9863653596E+000
 0.9898990   0.2062796213E+001   0.1058233173E+001   0.1039849767E+001   0.1005888200E+001
 1.0000000   0.2066830600E+001   0.1074688806E+001   0.1042908282E+001   0.1027138386E+001


 0.0000000   0.1489735976E-001   0.9304091823E+000   0.9236534299E+000   0.1009066147E+001
 0.0101010   0.1485473822E-001   0.9498409157E+000   0.9332535419E+000   0.1018459371E+001
 0.0202020   0.1460888426E-001   0.9172167039E+000   0.9399530130E+000   0.9938225738E+000
 0.0303030   0.1379008458E-001   0.9297844600E+000   0.9324574075E+000   0.1010756788E+001
 0.0404040   0.1280363285E-001   0.9333303967E+000   0.9415052181E+000   0.9892614910E+000
 0.0505051   0.1146714684E-001   0.8929513407E+000   0.9418288898E+000   0.1000387058E+001
 0.0606061   0.1011623748E-001   0.9286561349E+000   0.9341020287E+000   0.9729892853E+000
 0.0707071   0.8859788280E-002   0.9079398958E+000   0.9363082479E+000   0.1039912967E+001
 0.0808081   0.7630030879E-002   0.9316363155E+000   0.9436480702E+000   0.1027392143E+001
 0.0909091   0.6638624798E-002   0.8946103610E+000   0.9351932983E+000   0.1008784663E+001
 0.1010101   0.5958050691E-002   0.8908986816E+000   0.9395201911E+000   0.1016028531E+001
 0.1111111   0.5434412497E-002   0.9113137152E+000   0.9474414748E+000   0.1022695531E+001
 0.1212121   0.5113612488E-002   0.9295549701E+000   0.9495216267E+000   0.1040369944E+001
 0.1313131   0.4961135689E-002   0.9475205185E+000   0.9462827680E+000   0.1021644310E+001
 0.1414141   0.4862218492E-002   0.8868826094E+000   0.9415387809E+000   0.9954020116E+000
 0.1515152   0.5037158502E-002   0.9025181984E+000   0.9395729502E+000   0.1012124244E+001
 0.1616162   0.5285550177E-002   0.8930405867E+000   0.9481398136E+000   0.9914768741E+000
 0.1717172   0.5590537712E-002   0.8940398238E+000   0.9510692554E+000   0.1061166743E+001
 0.1818182   0.6104656934E-002   0.9009532052E+000   0.9571303851E+000   0.1008925405E+001
 0.1919192   0.6790567420E-002   0.9247882749E+000   0.9490091540E+000   0.9992906604E+000
 0.2020202   0.7487230396E-002   0.9027556566E+000   0.9618748301E+000   0.1003975110E+001
 0.2121212   0.8324109180E-002   0.9211005007E+000   0.9490611489E+000   0.9961300473E+000
 0.2222222   0.9582111556E-002   0.8740582709E+000   0.9600842672E+000   0.1040500260E+001
 0.2323232   0.1083254906E-001   0.9295230965E+000   0.9623500509E+000   0.1046731134E+001
 0.2424242   0.1243284898E-001   0.9160899725E+000   0.9720838288E+000   0.9942291617E+000
 0.2525253   0.1467787834E-001   0.9657745228E+000   0.9674290804E+000   0.1013922614E+001
 0.2626263   0.1725772165E-001   0.9839615926E+000   0.9728851620E+000   0.1019640908E+001
 0.2727273   0.1993578639E-001   0.9090554715E+000   0.9669315130E+000   0.9743880174E+000
 0.2828283   0.2353495347E-001   0.9937850327E+000   0.9792222434E+000   0.9948042925E+000
 0.2929293   0.2764538782E-001   0.9362547985E+000   0.9823923146E+000   0.1032323325E+001
 0.3030303   0.3363040261E-001   0.9731468839E+000   0.9730402027E+000   0.9992976106E+000
 0.3131313   0.3947039666E-001   0.9565295883E+000   0.9774412681E+000   0.9665881315E+000
 0.3232323   0.4705906774E-001   0.9153807852E+000   0.9934238265E+000   0.1023124707E+001
 0.3333333   0.5682399877E-001   0.9617313580E+000   0.9762732212E+000   0.9736704070E+000
 0.3434343   0.6893090264E-001   0.1027043529E+001   0.9882530660E+000   0.1004174928E+001
 0.3535354   0.8336163792E-001   0.1042958012E+001   0.9984223525E+000   0.1017981543E+001
 0.3636364   0.1021809909E+000   0.9739899403E+000   0.9981650138E+000   0.9994001264E+000
 0.3737374   0.1233362521E+000   0.9911506805E+000   0.9990914601E+000   0.1021951857E+001
 0.3838384   0.1498320983E+000   0.1033325813E+001   0.1000659875E+001   0.1007293840E+001
 0.3939394   0.1842338744E+000   0.9901084142E+000   0.1010341905E+001   0.1022417522E+001
 0.4040404   0.2247191218E+000   0.1008663624E+001   0.1003789850E+001   0.1021856292E+001
 0.4141414   0.2780729062E+000   0.9972480981E+000   0.1003227428E+001   0.9923786653E+000
 0.4242424   0.3437802300E+000   0.1022903150E+001   0.1018481607E+001   0.1029346893E+001
 0.4343434   0.4172513727E+000   0.1033379998E+001   0.9938083192E+000   0.9630122426E+000
 0.4444444   0.5271242266E+000   0.1006446816E+001   0.1014288158E+001   0.9945401841E+000
 0.4545455   0.6457561065E+000   0.1065261556E+001   0.1022533952E+001   0.9995947326E+000
 0.4646465   0.7950307185E+000   0.1032839741E+001   0.1018589915E+001   0.9644439882E+000
 0.4747475   0.9892847933E+000   0.1018464752E+001   0.1015186819E+001   0.9819046817E+000
 0.4848485   0.1223831387E+001   0.1005583042E+001   0.1021167454E+001   0.9727564529E+000
 0.4949495   0.1524642515E+001   0.1054818174E+001   0.1025607874E+001   0.1003285300E+001
 0.5050505   0.1706738930E+001   0.1054542468E+001   0.1032071076E+001   0.1001066442E+001
 0.5151515   0.1702381431E+001   0.1034835028E+001   0.1030054068E+001   0.1004098476E+001
 0.5252525   0.1713369458E+001   0.1040192978E+001   0.1029217776E+001   0.1019182194E+001
 0.5353535   0.1701153071E+001   0.1042707804E+001   0.1025512956E+001   0.9980135572E+000
 0.5454545   0.1718485879E+001   0.1053640445E+001   0.1015694992E+001   0.9797136245E+000
 0.5555556   0.1710994657E+001   0.1019655231E+001   0.1023874085E+001   0.1000513899E+001
 0.5656566   0.1719558864E+001   0.1053063533E+001   0.1023913862E+001   0.9628801884E+000
 0.5757576   0.1718961083E+001   0.1019412992E+001   0.1024430071E+001   0.9842868701E+000
 0.5858586   0.1722068295E+001   0.1064845605E+001   0.1034594206E+001   0.9792149461E+000
 0.5959596   0.1716499997E+001   0.1015173804E+001   0.1026965955E+001   0.9946566003E+000
 0.6060606   0.1735363726E+001   0.1045244942E+001   0.1028668281E+001   0.1000986514E+001
 0.6161616   0.1728418615E+001   0.1054671556E+001   0.1030857292E+001   0.1001354876E+001
 0.6262626   0.1726194005E+001   0.1040229633E+001   0.1025938439E+001   0.9834285178E+000
 0.6363636   0.1741339220E+001   0.1074555894E+001   0.1023036042E+001   0.9797848642E+000
 0.6464646   0.1741298973E+001   0.1036803222E+001   0.1030773157E+001   0.9927053257E+000
 0.6565657   0.1747038283E+001   0.1021097511E+001   0.1031003005E+001   0.9742924518E+000
 0.6666667   0.1751269390E+001   0.9976162380E+000   0.1022505319E+001   0.1001325338E+001
 0.6767677   0.1759998725E+001   0.1019471958E+001   0.1031555655E+001   0.9533496974E+000
 0.6868687   0.1774877286E+001   0.1032618220E+001   0.1021246152E+001   0.9851643356E+000
 0.6969697   0.1777790455E+001   0.1042221732E+001   0.1028090978E+001   0.9867437733E+000
 0.7070707   0.1785097503E+001   0.1039173023E+001   0.1029319478E+001   0.9768900971E+000
 0.7171717   0.1789920619E+001   0.1044731777E+001   0.1026443279E+001   0.9866065065E+000
 0.7272727   0.1801390461E+001   0.1066316571E+001   0.1030772976E+001   0.9827699843E+000
 0.7373737   0.1802796391E+001   0.1069757325E+001   0.1029430289E+001   0.1011163376E+001
 0.7474747   0.1808281162E+001   0.1036551420E+001   0.1026148032E+001   0.9919251634E+000
 0.7575758   0.1817496475E+001   0.1045605113E+001   0.1030855212E+001   0.9973515487E+000
 0.7676768   0.1828900724E+001   0.1049292888E+001   0.1026857407E+001   0.9856560637E+000
 0.7777778   0.1823915601E+001   0.1052376657E+001   0.1028753078E+001   0.1003320051E+001
 0.7878788   0.1833126574E+001   0.1033593551E+001   0.1025307247E+001   0.9988858100E+000
 0.7979798   0.1843659224E+001   0.1028525651E+001   0.1025836029E+001   0.9791141679E+000
 0.8080808   0.1866807845E+001   0.1095798047E+001   0.1035289679E+001   0.1036773204E+001
 0.8181818   0.1861211366E+001   0.1056317827E+001   0.1027964111E+001   0.1006572755E+001
 0.8282828   0.1870149106E+001   0.1040149949E+001   0.1022927052E+001   0.9747181529E+000
 0.8383838   0.1895099593E+001   0.1025596468E+001   0.1031562524E+001   0.9760595456E+000
 0.8484848   0.1896089492E+001   0.1071394034E+001   0.1031345262E+001   0.1008306835E+001
 0.8585859   0.1898994800E+001   0.1027102495E+001   0.1027431678E+001   0.9865926060E+000
 0.8686869   0.1914986966E+001   0.1049702463E+001   0.1028420217E+001   0.9791871452E+000
 0.8787879   0.1935955030E+001   0.1049755055E+001   0.1033344951E+001   0.1000932650E+001
 0.8888889   0.1953025246E+001   0.1074428400E+001   0.1040773927E+001   0.1016829544E+001
 0.8989899   0.1945602276E+001   0.1028838012E+001   0.1034405795E+001   0.9851747609E+000
 0.9090909   0.1964669129E+001   0.1065741253E+001   0.1036816215E+001   0.1002237554E+001
 0.9191919   0.1963692007E+001   0.1040535619E+001   0.1032036493E+001   0.1000348832E+001
 0.9292929   0.1993883487E+001   0.1077161560E+001   0.1033949198E+001   0.1018780819E+001
 0.9393939   0.1972577600E+001   0.1028838012E+001   0.1029066861E+001   0.1001961283E+001
 0.9494949   0.1987969416E+001   0.1035348193E+001   0.1024263818E+001   0.9948529441E+000
 0.9595960   0.1993010181E+001   0.1049696089E+001   0.1028122054E+001   0.1016706178E+001
 0.9696970   0.2029693845E+001   0.1032893926E+001   0.1031629662E+001   0.9832026356E+000
 0.9797980   0.2023090212E+001   0.1046256928E+001   0.1029880560E+001   0.9844154492E+000
 0.9898990   0.2043916069E+001   0.1055892314E+001   0.1029721901E+001   0.9959632419E+000
 1.0000000   0.2060323255E+001   0.1078809425E+001   0.1034084095E+001   0.1018316891E+001


 0.0000000   0.1502289090E-001   0.9366440645E+000   0.9305565333E+000   0.1016587442E+001
 0.0101010   0.1495713779E-001   0.9547523920E+000   0.9349439969E+000   0.1020283934E+001
 0.0202020   0.1463092466E-001   0.9170290016E+000   0.9401734874E+000   0.9940359743E+000
 0.0303030   0.1387059168E-001   0.9336126565E+000   0.9347103304E+000   0.1013178802E+001
 0.0404040   0.1284585287E-001   0.9348060866E+000   0.9434919887E+000   0.9913293814E+000
 0.0505051   0.1149985538E-001   0.8939663849E+000   0.9397480787E+000   0.9981570811E+000
 0.0606061   0.1013808678E-001   0.9290697300E+000   0.9365598345E+000   0.9755300686E+000
 0.0707071   0.8859433316E-002   0.9063503141E+000   0.9360543978E+000   0.1039610414E+001
 0.0808081   0.7681334925E-002   0.9362960804E+000   0.9443674110E+000   0.1028154936E+001
 0.0909091   0.6664805839E-002   0.8966019759E+000   0.9367557836E+000   0.1010450067E+001
 0.1010101   0.5971388059E-002   0.8913654728E+000   0.9419936028E+000   0.1018683163E+001
 0.1111111   0.5464729224E-002   0.9148298856E+000   0.9419994127E+000   0.1016801052E+001
 0.1212121   0.5134053970E-002   0.9316742296E+000   0.9486332537E+000   0.1039375964E+001
 0.1313131   0.4988971576E-002   0.9512067808E+000   0.9491035755E+000   0.1024669448E+001
 0.1414141   0.4887991752E-002   0.8900584397E+000   0.9401051402E+000   0.9938666494E+000
 0.1515152   0.5053402773E-002   0.9038797465E+000   0.9412863851E+000   0.1013949881E+001
 0.1616162   0.5330462070E-002   0.8990880891E+000   0.9515861855E+000   0.9950610410E+000
 0.1717172   0.5618331806E-002   0.8969475683E+000   0.9502826427E+000   0.1060268048E+001
 0.1818182   0.6176051522E-002   0.9099306042E+000   0.9570907516E+000   0.1008863623E+001
 0.1919192   0.6801327828E-002   0.9246691063E+000   0.9527113286E+000   0.1003169097E+001
 0.2020202   0.7501114444E-002   0.9028824313E+000   0.9630808846E+000   0.1005214021E+001
 0.2121212   0.8376286894E-002   0.9252885419E+000   0.9522174888E+000   0.9994231102E+000
 0.2222222   0.9572649997E-002   0.8717013812E+000   0.9604215752E+000   0.1040845183E+001
 0.2323232   0.1084152055E-001   0.9287014169E+000   0.9590244890E+000   0.1043093297E+001
 0.2424242   0.1253338002E-001   0.9219175206E+000   0.9739722112E+000   0.9961408127E+000
 0.2525253   0.1470479393E-001   0.9658902751E+000   0.9648159365E+000   0.1011163836E+001
 0.2626263   0.1719277335E-001   0.9785815304E+000   0.9737392219E+000   0.1020515779E+001
 0.2727273   0.2004507659E-001   0.9124753127E+000   0.9707660755E+000   0.9782327540E+000
 0.2828283   0.2358303378E-001   0.9941116665E+000   0.9766519249E+000   0.9921734008E+000
 0.2929293   0.2779454230E-001   0.9396958014E+000   0.9828526906E+000   0.1032786622E+001
 0.3030303   0.3379196884E-001   0.9761492292E+000   0.9735558487E+000   0.9998073474E+000
 0.3131313   0.3984799847E-001   0.9640283807E+000   0.9811529045E+000   0.9702393176E+000
 0.3232323   0.4729787354E-001   0.9184520294E+000   0.9892636254E+000   0.1018819925E+001
 0.3333333   0.5714183697E-001   0.9654561918E+000   0.9787149132E+000   0.9760862356E+000
 0.3434343   0.6952022201E-001   0.1034052110E+001   0.9862546965E+000   0.1002124493E+001
 0.3535354   0.8377348399E-001   0.1046317653E+001   0.9970620316E+000   0.1016574417E+001
 0.3636364   0.1024513158E+000   0.9748960081E+000   0.1001108802E+001   0.1002327683E+001
 0.3737374   0.1241383536E+000   0.9958898533E+000   0.1002738445E+001   0.1025661952E+001
 0.3838384   0.1508747060E+000   0.1038736144E+001   0.9995219028E+000   0.1006128375E+001
 0.3939394   0.1846467092E+000   0.9906294338E+000   0.1006892999E+001   0.1018907193E+001
 0.4040404   0.2255176058E+000   0.1010515948E+001   0.1006323726E+001   0.1024415461E+001
 0.4141414   0.2776489924E+000   0.9940243715E+000   0.1005182183E+001   0.9942925666E+000
 0.4242424   0.3433618021E+000   0.1019910323E+001   0.1014983275E+001   0.1025790900E+001
 0.4343434   0.4184810607E+000   0.1034652413E+001   0.9981517377E+000   0.9672018900E+000
 0.4444444   0.5278668150E+000   0.1006140437E+001   0.1014835494E+001   0.9950571335E+000
 0.4545455   0.6488634432E+000   0.1068556349E+001   0.1024413261E+001   0.1001412026E+001
 0.4646465   0.7933566506E+000   0.1028901706E+001   0.1022681204E+001   0.9682985941E+000
 0.4747475   0.9923261784E+000   0.1019848140E+001   0.1016184444E+001   0.9828501129E+000
 0.4848485   0.1225625597E+001   0.1005334453E+001   0.1022362878E+001   0.9738758948E+000
 0.4949495   0.1530571770E+001   0.1057108748E+001   0.1025793030E+001   0.1003446530E+001
 0.5050505   0.1705848448E+001   0.1052189138E+001   0.1028660952E+001   0.9977389790E+000
 0.5151515   0.1698045625E+001   0.1030433554E+001   0.1032951940E+001   0.1006903362E+001
 0.5252525   0.1707090777E+001   0.1034608167E+001   0.1033850941E+001   0.1023749884E+001
 0.5353535   0.1709373693E+001   0.1045954123E+001   0.1028974610E+001   0.1001362531E+001
 0.5454545   0.1722146585E+001   0.1054078536E+001   0.1015983926E+001   0.9799728927E+000
 0.5555556   0.1706454078E+001   0.1015209548E+001   0.1023469901E+001   0.1000099107E+001
 0.5656566   0.1715399042E+001   0.1048718863E+001   0.1025190449E+001   0.9640615649E+000
 0.5757576   0.1719545391E+001   0.1018014946E+001   0.1027623848E+001   0.9873359195E+000
 0.5858586   0.1724492649E+001   0.1064520451E+001   0.1031614514E+001   0.9763753904E+000
 0.5959596   0.1722372099E+001   0.1016904028E+001   0.1025162064E+001   0.9928897752E+000
 0.6060606   0.1724714695E+001   0.1037053623E+001   0.1031294409E+001   0.1003522075E+001
 0.6161616   0.1723726655E+001   0.1050009155E+001   0.1030768954E+001   0.1001249214E+001
 0.6262626   0.1730086585E+001   0.1040791761E+001   0.1028052636E+001   0.9854355734E+000
 0.6363636   0.1742086932E+001   0.1073178199E+001   0.1024321637E+001   0.9809966569E+000
 0.6464646   0.1736250663E+001   0.1032028780E+001   0.1032056281E+001   0.9939213544E+000
 0.6565657   0.1754289405E+001   0.1023581496E+001   0.1028475153E+001   0.9718843739E+000
 0.6666667   0.1750582874E+001   0.9955191486E+000   0.1024413709E+001   0.1003174307E+001
 0.6767677   0.1758532633E+001   0.1016880111E+001   0.1027465088E+001   0.9495504236E+000
 0.6868687   0.1772516458E+001   0.1029480484E+001   0.1023555371E+001   0.9873723895E+000
 0.6969697   0.1778232240E+001   0.1040697291E+001   0.1029780090E+001   0.9883453562E+000
 0.7070707   0.1784283306E+001   0.1036922082E+001   0.1028388562E+001   0.9759872457E+000
 0.7171717   0.1792746193E+001   0.1044590887E+001   0.1028751083E+001   0.9888051383E+000
 0.7272727   0.1795292226E+001   0.1060888740E+001   0.1024235256E+001   0.9765173628E+000
 0.7373737   0.1801722645E+001   0.1067291169E+001   0.1029461778E+001   0.1011174256E+001
 0.7474747   0.1803286494E+001   0.1031919960E+001   0.1022855754E+001   0.9887230809E+000
 0.7575758   0.1814607916E+001   0.1042157390E+001   0.1028916076E+001   0.9954556982E+000
 0.7676768   0.1827460321E+001   0.1046672812E+001   0.1026831247E+001   0.9856114108E+000
 0.7777778   0.1822299859E+001   0.1049645625E+001   0.1025038103E+001   0.9996770975E+000
 0.7878788   0.1834709614E+001   0.1032716377E+001   0.1021131491E+001   0.9947979362E+000
 0.7979798   0.1843663302E+001   0.1026768360E+001   0.1025063886E+001   0.9783577939E+000
 0.8080808   0.1862724259E+001   0.1091530475E+001   0.1029829588E+001   0.1031284841E+001
 0.8181818   0.1861434223E+001   0.1054636984E+001   0.1027039815E+001   0.1005647753E+001
 0.8282828   0.1872771841E+001   0.1039826733E+001   0.1021826920E+001   0.9736505625E+000
 0.8383838   0.1894281118E+001   0.1023399731E+001   0.1028800185E+001   0.9734265327E+000
 0.8484848   0.1893299150E+001   0.1067987138E+001   0.1028497935E+001   0.1005503175E+001
 0.8585859   0.1905468377E+001   0.1028840719E+001   0.1029349281E+001   0.9884143886E+000
 0.8686869   0.1911412241E+001   0.1045950536E+001   0.1028670793E+001   0.9794063056E+000
 0.8787879   0.1933238455E+001   0.1046488656E+001   0.1028790818E+001   0.9965016049E+000
 0.8888889   0.1944549934E+001   0.1067935717E+001   0.1033663460E+001   0.1009862640E+001
 0.8989899   0.1942145803E+001   0.1025253254E+001   0.1032339653E+001   0.9831874602E+000
 0.9090909   0.1966302736E+001   0.1064802664E+001   0.1035171573E+001   0.1000627922E+001
 0.9191919   0.1962606468E+001   0.1038181282E+001   0.1031707938E+001   0.1000010537E+001
 0.9292929   0.1990661579E+001   0.1073581191E+001   0.1031595567E+001   0.1016441562E+001
 0.9393939   0.1980763214E+001   0.1031339987E+001   0.1030125777E+001   0.1002972420E+001
 0.9494949   0.1995178494E+001   0.1037325074E+001   0.1022478786E+001   0.9930994775E+000
 0.9595960   0.1996456973E+001   0.1049712591E+001   0.1026922548E+001   0.1015499855E+001
 0.9696970   0.2035550775E+001   0.1034102335E+001   0.1032713871E+001   0.9842164344E+000
 0.9797980   0.2034038172E+001   0.1050119170E+001   0.1031486059E+001   0.9859305231E+000
 0.9898990   0.2040354037E+001   0.1052248929E+001   0.1027842606E+001   0.9941258467E+000
 1.0000000   0.2054055567E+001   0.1073687619E+001   0.1029933099E+001   0.1014209079E+001


 0.0000000   0.1518827860E-001   0.9435411173E+000   0.9308845210E+000   0.1016934052E+001
 0.0101010   0.1515858800E-001   0.9641224893E+000   0.9356763111E+000   0.1021071345E+001
 0.0202020   0.1482086076E-001   0.9255841897E+000   0.9394878602E+000   0.9932996393E+000
 0.0303030   0.1408066248E-001   0.9443348892E+000   0.9377837585E+000   0.1016498548E+001
 0.0404040   0.1297245203E-001   0.9406149242E+000   0.9393047284E+000   0.9869184618E+000
 0.0505051   0.1163986279E-001   0.9015874843E+000   0.9399380217E+000   0.9983473435E+000
 0.0606061   0.1026251496E-001   0.9370813898E+000   0.9359433953E+000   0.9748767631E+000
 0.0707071   0.8963093558E-002   0.9136487814E+000   0.9357588810E+000   0.1039270247E+001
 0.0808081   0.7797357031E-002   0.9470112267E+000   0.9455617532E+000   0.1029443400E+001
 0.0909091   0.6757583717E-002   0.9058052385E+000   0.9376905148E+000   0.1011446696E+001
 0.1010101   0.6044544034E-002   0.8990322306E+000   0.9437679455E+000   0.1020590216E+001
 0.1111111   0.5536125088E-002   0.9234402367E+000   0.9456388623E+000   0.1020717757E+001
 0.1212121   0.5184344541E-002   0.9374081240E+000   0.9468205023E+000   0.1037377877E+001
 0.1313131   0.5048526098E-002   0.9590907825E+000   0.9477804133E+000   0.1023229166E+001
 0.1414141   0.4943779616E-002   0.8969709221E+000   0.9408949133E+000   0.9946901428E+000
 0.1515152   0.5110414386E-002   0.9107812082E+000   0.9418015597E+000   0.1014493153E+001
 0.1616162   0.5357104723E-002   0.9003237917E+000   0.9515458730E+000   0.9950074389E+000
 0.1717172   0.5687260949E-002   0.9046780055E+000   0.9497691786E+000   0.1059682964E+001
 0.1818182   0.6248310432E-002   0.9172572724E+000   0.9574363368E+000   0.1009216291E+001
 0.1919192   0.6843712782E-002   0.9270765962E+000   0.9535425123E+000   0.1004032751E+001
 0.2020202   0.7573407012E-002   0.9082970673E+000   0.9653777140E+000   0.1007599740E+001
 0.2121212   0.8456571771E-002   0.9307888734E+000   0.9536891603E+000   0.1000956223E+001
 0.2222222   0.9636550280E-002   0.8743561102E+000   0.9597381114E+000   0.1040092521E+001
 0.2323232   0.1097867566E-001   0.9370592872E+000   0.9617059247E+000   0.1045997754E+001
 0.2424242   0.1269660465E-001   0.9305563155E+000   0.9746292156E+000   0.9968013026E+000
 0.2525253   0.1480824502E-001   0.9691782206E+000   0.9664593365E+000   0.1012874528E+001
 0.2626263   0.1730880558E-001   0.9816335207E+000   0.9716239969E+000   0.1018287227E+001
 0.2727273   0.2014895418E-001   0.9138967150E+000   0.9730487759E+000   0.9805217306E+000
 0.2828283   0.2383663850E-001   0.1001178953E+001   0.9746300618E+000   0.9901080136E+000
 0.2929293   0.2806527355E-001   0.9454275268E+000   0.9811329664E+000   0.1030967665E+001
 0.3030303   0.3386901470E-001   0.9748470591E+000   0.9761831593E+000   0.1002493968E+001
 0.3131313   0.4016916293E-001   0.9682941163E+000   0.9800184468E+000   0.9691063289E+000
 0.3232323   0.4759716416E-001   0.9209311102E+000   0.9878677049E+000   0.1017370594E+001
 0.3333333   0.5764369294E-001   0.9704236545E+000   0.9809590616E+000   0.9783131008E+000
 0.3434343   0.7004544433E-001   0.1038107606E+001   0.9846692791E+000   0.1000502054E+001
 0.3535354   0.8423939430E-001   0.1048343036E+001   0.9964448111E+000   0.1015933429E+001
 0.3636364   0.1028542045E+000   0.9752007008E+000   0.1000914601E+001   0.1002121716E+001
 0.3737374   0.1243771829E+000   0.9942079827E+000   0.1003140097E+001   0.1026060982E+001
 0.3838384   0.1514446410E+000   0.1038900417E+001   0.1000726262E+001   0.1007329105E+001
 0.3939394   0.1854561823E+000   0.9913846148E+000   0.1006884198E+001   0.1018886564E+001
 0.4040404   0.2266251285E+000   0.1011817034E+001   0.1003553404E+001   0.1021583581E+001
 0.4141414   0.2785438601E+000   0.9936323539E+000   0.1004218238E+001   0.9933276360E+000
 0.4242424   0.3445319967E+000   0.1019696134E+001   0.1015011847E+001   0.1025807974E+001
 0.4343434   0.4196621270E+000   0.1033831232E+001   0.1002548139E+001   0.9714507946E+000
 0.4444444   0.5272541928E+000   0.1001349047E+001   0.1013731546E+001   0.9939632651E+000
 0.4545455   0.6491652928E+000   0.1065198677E+001   0.1022319920E+001   0.9993541883E+000
 0.4646465   0.7961143823E+000   0.1028755320E+001   0.1023275574E+001   0.9688502107E+000
 0.4747475   0.9919728249E+000   0.1015808958E+001   0.1018912302E+001   0.9854771494E+000
 0.4848485   0.1224167572E+001   0.1000517797E+001   0.1026089042E+001   0.9774140951E+000
 0.4949495   0.1534322352E+001   0.1055878103E+001   0.1029495131E+001   0.1007056396E+001
 0.5050505   0.1711194047E+001   0.1051680530E+001   0.1030586097E+001   0.9995947527E+000
 0.5151515   0.1699385412E+001   0.1027528145E+001   0.1033448455E+001   0.1007375766E+001
 0.5252525   0.1704803286E+001   0.1029496238E+001   0.1033372578E+001   0.1023264421E+001
 0.5353535   0.1709806360E+001   0.1042446444E+001   0.1030040415E+001   0.1002388203E+001
 0.5454545   0.1727016712E+001   0.1053247893E+001   0.1014138283E+001   0.9781814125E+000
 0.5555556   0.1710041659E+001   0.1013675575E+001   0.1025310691E+001   0.1001886336E+001
 0.5656566   0.1712641255E+001   0.1043257514E+001   0.1023539590E+001   0.9624980669E+000
 0.5757576   0.1718224545E+001   0.1013565062E+001   0.1027703020E+001   0.9874006275E+000
 0.5858586   0.1724778605E+001   0.1060857917E+001   0.1032247283E+001   0.9769630369E+000
 0.5959596   0.1728091252E+001   0.1016601769E+001   0.1027714758E+001   0.9953506579E+000
 0.6060606   0.1728365330E+001   0.1035501420E+001   0.1031753299E+001   0.1003957056E+001
 0.6161616   0.1726006663E+001   0.1047606923E+001   0.1028025000E+001   0.9985723541E+000
 0.6262626   0.1730307974E+001   0.1037171609E+001   0.1028238733E+001   0.9856026161E+000
 0.6363636   0.1741462640E+001   0.1068925369E+001   0.1024471991E+001   0.9811293631E+000
 0.6464646   0.1738282096E+001   0.1029510653E+001   0.1029797819E+001   0.9917349339E+000
 0.6565657   0.1755166366E+001   0.1020400534E+001   0.1027670433E+001   0.9711127602E+000
 0.6666667   0.1751279841E+001   0.9923244561E+000   0.1024758918E+001   0.1003500813E+001
 0.6767677   0.1761973244E+001   0.1015195851E+001   0.1026587931E+001   0.9487288672E+000
 0.6868687   0.1769536035E+001   0.1024043621E+001   0.1024564929E+001   0.9883348883E+000
 0.6969697   0.1781495286E+001   0.1038847563E+001   0.1027955157E+001   0.9865825012E+000
 0.7070707   0.1780017092E+001   0.1030712842E+001   0.1025755264E+001   0.9734769273E+000
 0.7171717   0.1792711388E+001   0.1040804124E+001   0.1027317834E+001   0.9874161812E+000
 0.7272727   0.1791118197E+001   0.1054605762E+001   0.1024756914E+001   0.9770034766E+000
 0.7373737   0.1801794620E+001   0.1063485244E+001   0.1029323441E+001   0.1011026745E+001
 0.7474747   0.1801568750E+001   0.1027219669E+001   0.1023896937E+001   0.9897181334E+000
 0.7575758   0.1814645099E+001   0.1038420887E+001   0.1028098033E+001   0.9946528139E+000
 0.7676768   0.1829821733E+001   0.1044246365E+001   0.1027182833E+001   0.9859375398E+000
 0.7777778   0.1827497179E+001   0.1048843708E+001   0.1026255164E+001   0.1000852531E+001
 0.7878788   0.1835917673E+001   0.1029670176E+001   0.1023710562E+001   0.9972990220E+000
 0.7979798   0.1841260004E+001   0.1021732457E+001   0.1023652346E+001   0.9769993290E+000
 0.8080808   0.1863716241E+001   0.1088173857E+001   0.1029133300E+001   0.1030575711E+001
 0.8181818   0.1859717798E+001   0.1049865233E+001   0.1025790904E+001   0.1004413299E+001
 0.8282828   0.1874886994E+001   0.1037247526E+001   0.1022985182E+001   0.9747430010E+000
 0.8383838   0.1891453385E+001   0.1018187390E+001   0.1027983073E+001   0.9726422104E+000
 0.8484848   0.1891378383E+001   0.1063056646E+001   0.1027578445E+001   0.1004592685E+001
 0.8585859   0.1897157961E+001   0.1020660000E+001   0.1023490220E+001   0.9827770216E+000
 0.8686869   0.1908788278E+001   0.1040748387E+001   0.1028469946E+001   0.9792038111E+000
 0.8787879   0.1928804281E+001   0.1040323633E+001   0.1030626862E+001   0.9982685379E+000
 0.8888889   0.1940696807E+001   0.1061976501E+001   0.1032199695E+001   0.1008420977E+001
 0.8989899   0.1940766753E+001   0.1020831055E+001   0.1028028229E+001   0.9790700490E+000
 0.9090909   0.1961802861E+001   0.1058535221E+001   0.1032534512E+001   0.9980673763E+000
 0.9191919   0.1960726275E+001   0.1033446839E+001   0.1030962413E+001   0.9992764197E+000
 0.9292929   0.1987949409E+001   0.1068252681E+001   0.1029546817E+001   0.1014411237E+001
 0.9393939   0.1980004052E+001   0.1027227357E+001   0.1027886838E+001   0.1000780984E+001
 0.9494949   0.1986499770E+001   0.1029088781E+001   0.1020028695E+001   0.9907083876E+000
 0.9595960   0.2003885105E+001   0.1049819106E+001   0.1030668541E+001   0.1019192454E+001
 0.9696970   0.2034510448E+001   0.1029846997E+001   0.1033995292E+001   0.9854263405E+000
 0.9797980   0.2032977037E+001   0.1045786821E+001   0.1030974781E+001   0.9854304882E+000
 0.9898990   0.2041694432E+001   0.1049143535E+001   0.1029382389E+001   0.9956036653E+000
 1.0000000   0.2049162475E+001   0.1067267673E+001   0.1029833290E+001   0.1014099126E+001


 0.0000000   0.1489232327E-001   0.9285492005E+000   0.9286799738E+000   0.1014580485E+001
 0.0101010   0.1483767657E-001   0.9471735332E+000   0.9324670858E+000   0.1017624157E+001
 0.0202020   0.1454230494E-001   0.9115194441E+000   0.9370982229E+000   0.9908266117E+000
 0.0303030   0.1380607464E-001   0.9293158696E+000   0.9344200389E+000   0.1012907162E+001
 0.0404040   0.1270985909E-001   0.9249552403E+000   0.9371245657E+000   0.9846809369E+000
 0.0505051   0.1140593901E-001   0.8867092688E+000   0.9360953199E+000   0.9943195211E+000
 0.0606061   0.1005273866E-001   0.9212936796E+000   0.9331791952E+000   0.9720500471E+000
 0.0707071   0.8811279742E-002   0.9014684441E+000   0.9345678754E+000   0.1038003525E+001
 0.0808081   0.7674165888E-002   0.9354683095E+000   0.9438029132E+000   0.1027583998E+001
 0.0909091   0.6681910747E-002   0.8989473435E+000   0.9377533038E+000   0.1011569026E+001
 0.1010101   0.5931565215E-002   0.8854646245E+000   0.9385600430E+000   0.1015013181E+001
 0.1111111   0.5435750456E-002   0.9100234850E+000   0.9454851084E+000   0.1020606886E+001
 0.1212121   0.5096374275E-002   0.9248820727E+000   0.9452538487E+000   0.1035717288E+001
 0.1313131   0.4956035812E-002   0.9449737337E+000   0.9468890227E+000   0.1022321998E+001
 0.1414141   0.4855544983E-002   0.8841937353E+000   0.9367903501E+000   0.9904043632E+000
 0.1515152   0.5040816082E-002   0.9016728362E+000   0.9425761355E+000   0.1015382322E+001
 0.1616162   0.5278529082E-002   0.8903724201E+000   0.9490250639E+000   0.9924250618E+000
 0.1717172   0.5639367856E-002   0.9003502525E+000   0.9470733585E+000   0.1056732205E+001
 0.1818182   0.6167611750E-002   0.9087319180E+000   0.9560602243E+000   0.1007820156E+001
 0.1919192   0.6762659913E-002   0.9194573322E+000   0.9530381773E+000   0.1003555881E+001
 0.2020202   0.7489454055E-002   0.9015233198E+000   0.9646092668E+000   0.1006852031E+001
 0.2121212   0.8381258643E-002   0.9258833553E+000   0.9541710244E+000   0.1001516029E+001
 0.2222222   0.9563739799E-002   0.8709329050E+000   0.9583685170E+000   0.1038664322E+001
 0.2323232   0.1088766156E-001   0.9326998706E+000   0.9618242830E+000   0.1046182957E+001
 0.2424242   0.1261238485E-001   0.9277745784E+000   0.9724965995E+000   0.9946738616E+000
 0.2525253   0.1473917788E-001   0.9681964904E+000   0.9670937078E+000   0.1013594078E+001
 0.2626263   0.1716574269E-001   0.9770911243E+000   0.9680589516E+000   0.1014605733E+001
 0.2727273   0.2009527847E-001   0.9148056232E+000   0.9722544076E+000   0.9797741479E+000
 0.2828283   0.2381432804E-001   0.1003911022E+001   0.9735245853E+000   0.9890383675E+000
 0.2929293   0.2803889777E-001   0.9480038263E+000   0.9802179470E+000   0.1030061770E+001
 0.3030303   0.3365062588E-001   0.9721141377E+000   0.9766117401E+000   0.1002988240E+001
 0.3131313   0.4012432766E-001   0.9707613325E+000   0.9783608000E+000   0.9675193640E+000
 0.3232323   0.4768571321E-001   0.9260288952E+000   0.9854578300E+000   0.1014943532E+001
 0.3333333   0.5754991294E-001   0.9723988550E+000   0.9810005417E+000   0.9784072815E+000
 0.3434343   0.6991201752E-001   0.1039930950E+001   0.9851950328E+000   0.1001090298E+001
 0.3535354   0.8432340066E-001   0.1053237907E+001   0.9960742327E+000   0.1015610423E+001
 0.3636364   0.1029128696E+000   0.9793362559E+000   0.1001279074E+001   0.1002540743E+001
 0.3737374   0.1243054895E+000   0.9972798119E+000   0.1001834254E+001   0.1024780616E+001
 0.3838384   0.1516234430E+000   0.1043942442E+001   0.1002876802E+001   0.1009548328E+001
 0.3939394   0.1860717664E+000   0.9983240407E+000   0.1005442149E+001   0.1017482247E+001
 0.4040404   0.2263259262E+000   0.1014187888E+001   0.1002160974E+001   0.1020221203E+001
 0.4141414   0.2785372441E+000   0.9972535670E+000   0.1003887933E+001   0.9930545168E+000
 0.4242424   0.3449752883E+000   0.1024753446E+001   0.1014052551E+001   0.1024893796E+001
 0.4343434   0.4202064455E+000   0.1038969432E+001   0.1004640666E+001   0.9735309641E+000
 0.4444444   0.5264993202E+000   0.1003583359E+001   0.1015165984E+001   0.9954234616E+000
 0.4545455   0.6505795085E+000   0.1071435164E+001   0.1020302905E+001   0.9974363246E+000
 0.4646465   0.7967760532E+000   0.1033387222E+001   0.1024051886E+001   0.9696375716E+000
 0.4747475   0.9921827932E+000   0.1019751010E+001   0.1018033221E+001   0.9846800663E+000
 0.4848485   0.1225355029E+001   0.1005162029E+001   0.1025927446E+001   0.9773129179E+000
 0.4949495   0.1537057147E+001   0.1061640251E+001   0.1030397400E+001   0.1007993408E+001
 0.5050505   0.1711137875E+001   0.1055503717E+001   0.1029598623E+001   0.9986908816E+000
 0.5151515   0.1700909184E+001   0.1032222108E+001   0.1033860149E+001   0.1007831474E+001
 0.5252525   0.1707263609E+001   0.1034763886E+001   0.1032349292E+001   0.1022306327E+001
 0.5353535   0.1708097090E+001   0.1045224466E+001   0.1030792813E+001   0.1003174551E+001
 0.5454545   0.1730266786E+001   0.1059100858E+001   0.1016466719E+001   0.9804802171E+000
 0.5555556   0.1714726514E+001   0.1020181267E+001   0.1026464917E+001   0.1003068336E+001
 0.5656566   0.1715269261E+001   0.1048691178E+001   0.1021785096E+001   0.9609000743E+000
 0.5757576   0.1716353537E+001   0.1016175342E+001   0.1026163468E+001   0.9859746715E+000
 0.5858586   0.1722638188E+001   0.1063428085E+001   0.1032065435E+001   0.9768436561E+000
 0.5959596   0.1727979211E+001   0.1020264774E+001   0.1027196923E+001   0.9949028335E+000
 0.6060606   0.1728406944E+001   0.1039324931E+001   0.1029419957E+001   0.1001740648E+001
 0.6161616   0.1725101051E+001   0.1050898135E+001   0.1029221692E+001   0.9997887277E+000
 0.6262626   0.1734504737E+001   0.1043501051E+001   0.1027337985E+001   0.9847923757E+000
 0.6363636   0.1740844858E+001   0.1072465873E+001   0.1027418647E+001   0.9840044686E+000
 0.6464646   0.1741474121E+001   0.1035184600E+001   0.1031649352E+001   0.9935716624E+000
 0.6565657   0.1752948502E+001   0.1022849499E+001   0.1028533081E+001   0.9719803979E+000
 0.6666667   0.1750692194E+001   0.9956303600E+000   0.1025771529E+001   0.1004546641E+001
 0.6767677   0.1759763295E+001   0.1017641875E+001   0.1025008343E+001   0.9473202137E+000
 0.6868687   0.1765881795E+001   0.1025677585E+001   0.1028225164E+001   0.9919192342E+000
 0.6969697   0.1776687153E+001   0.1039844262E+001   0.1031384510E+001   0.9899272659E+000
 0.7070707   0.1779350178E+001   0.1034106173E+001   0.1026174212E+001   0.9739270942E+000
 0.7171717   0.1791531418E+001   0.1043934489E+001   0.1027673830E+001   0.9878116702E+000
 0.7272727   0.1790157026E+001   0.1057906318E+001   0.1025868958E+001   0.9781164960E+000
 0.7373737   0.1802382481E+001   0.1067734634E+001   0.1031642226E+001   0.1013359012E+001
 0.7474747   0.1803358758E+001   0.1032012149E+001   0.1026785128E+001   0.9925634897E+000
 0.7575758   0.1810387250E+001   0.1039784614E+001   0.1027907720E+001   0.9945223745E+000
 0.7676768   0.1831474531E+001   0.1049023613E+001   0.1029879777E+001   0.9885795531E+000
 0.7777778   0.1827733963E+001   0.1052827532E+001   0.1025890105E+001   0.1000550516E+001
 0.7878788   0.1836864978E+001   0.1033980516E+001   0.1024377985E+001   0.9980030953E+000
 0.7979798   0.1842485048E+001   0.1026162718E+001   0.1026204161E+001   0.9794877154E+000
 0.8080808   0.1860043652E+001   0.1090013369E+001   0.1029945083E+001   0.1031444308E+001
 0.8181818   0.1859799681E+001   0.1053762805E+001   0.1027168011E+001   0.1005815999E+001
 0.8282828   0.1874653356E+001   0.1040922688E+001   0.1026035329E+001   0.9777020830E+000
 0.8383838   0.1892794035E+001   0.1022646697E+001   0.1030942605E+001   0.9754950727E+000
 0.8484848   0.1891788324E+001   0.1067187467E+001   0.1028511522E+001   0.1005559167E+001
 0.8585859   0.1897740234E+001   0.1024718453E+001   0.1025385923E+001   0.9846504653E+000
 0.8686869   0.1907086172E+001   0.1043634661E+001   0.1029656232E+001   0.9803861906E+000
 0.8787879   0.1925201727E+001   0.1042189601E+001   0.1031486294E+001   0.9991549196E+000
 0.8888889   0.1938825810E+001   0.1064844514E+001   0.1032401408E+001   0.1008672488E+001
 0.8989899   0.1943427873E+001   0.1025980594E+001   0.1031595995E+001   0.9825209398E+000
 0.9090909   0.1960414801E+001   0.1061666495E+001   0.1031717893E+001   0.9973318508E+000
 0.9191919   0.1967440902E+001   0.1040789873E+001   0.1035446530E+001   0.1003676897E+001
 0.9292929   0.1984779597E+001   0.1070461717E+001   0.1031324980E+001   0.1016218113E+001
 0.9393939   0.1982249769E+001   0.1032164846E+001   0.1030409434E+001   0.1003291214E+001
 0.9494949   0.1990172654E+001   0.1034773430E+001   0.1022400722E+001   0.9930658348E+000
 0.9595960   0.2006665934E+001   0.1055132312E+001   0.1032642721E+001   0.1021199775E+001
 0.9696970   0.2030666343E+001   0.1031671760E+001   0.1035616457E+001   0.9870246338E+000
 0.9797980   0.2035288067E+001   0.1050816219E+001   0.1031077662E+001   0.9855820239E+000
 0.9898990   0.2038524175E+001   0.1051357023E+001   0.1030642793E+001   0.9968765189E+000
 1.0000000   0.2045744587E+001   0.1069396015E+001   0.1031162072E+001   0.1015462419E+001


 0.0000000   0.1474591191E-001   0.9217205997E+000   0.9284410656E+000   0.1014326226E+001
 0.0101010   0.1472155733E-001   0.9421121433E+000   0.9325916566E+000   0.1017766875E+001
 0.0202020   0.1439229391E-001   0.9043736552E+000   0.9345469703E+000   0.9881356571E+000
 0.0303030   0.1366806624E-001   0.9223280248E+000   0.9335748926E+000   0.1011997760E+001
 0.0404040   0.1259874006E-001   0.9191624843E+000   0.9366641476E+000   0.9842037014E+000
 0.0505051   0.1129388706E-001   0.8801948777E+000   0.9337102971E+000   0.9917927503E+000
 0.0606061   0.9958936013E-002   0.9149804920E+000   0.9318203674E+000   0.9706410757E+000
 0.0707071   0.8742128658E-002   0.8966313642E+000   0.9357786181E+000   0.1039355184E+001
 0.0808081   0.7624269094E-002   0.9317111787E+000   0.9420074989E+000   0.1025636029E+001
 0.0909091   0.6631146607E-002   0.8943497833E+000   0.9377140525E+000   0.1011533415E+001
 0.1010101   0.5880346115E-002   0.8800148244E+000   0.9387191531E+000   0.1015192006E+001
 0.1111111   0.5416718181E-002   0.9091059990E+000   0.9451742202E+000   0.1020278084E+001
 0.1212121   0.5068067307E-002   0.9220460545E+000   0.9450530067E+000   0.1035504114E+001
 0.1313131   0.4917208547E-002   0.9399161728E+000   0.9474459469E+000   0.1022930094E+001
 0.1414141   0.4848398017E-002   0.8851011597E+000   0.9378423155E+000   0.9915231305E+000
 0.1515152   0.5016293325E-002   0.8995312411E+000   0.9419531106E+000   0.1014717924E+001
 0.1616162   0.5248531725E-002   0.8875274626E+000   0.9483632455E+000   0.9917395753E+000
 0.1717172   0.5609453833E-002   0.8978149597E+000   0.9489424257E+000   0.1058824730E+001
 0.1818182   0.6115275642E-002   0.9032749905E+000   0.9538457036E+000   0.1005492433E+001
 0.1919192   0.6706063409E-002   0.9140435355E+000   0.9524349018E+000   0.1002927300E+001
 0.2020202   0.7457092890E-002   0.8998736821E+000   0.9633469407E+000   0.1005541114E+001
 0.2121212   0.8339312847E-002   0.9235544254E+000   0.9559758745E+000   0.1003417109E+001
 0.2222222   0.9504763808E-002   0.8677277168E+000   0.9589408522E+000   0.1039291524E+001
 0.2323232   0.1082586781E-001   0.9297265160E+000   0.9627140061E+000   0.1047157682E+001
 0.2424242   0.1253874650E-001   0.9246653202E+000   0.9700511107E+000   0.9921792054E+000
 0.2525253   0.1463434349E-001   0.9637151398E+000   0.9653869842E+000   0.1011812022E+001
 0.2626263   0.1701000725E-001   0.9706488897E+000   0.9699652988E+000   0.1016610505E+001
 0.2727273   0.1993761273E-001   0.9098989129E+000   0.9706117301E+000   0.9781252725E+000
 0.2828283   0.2363280913E-001   0.9987514698E+000   0.9743516429E+000   0.9898851901E+000
 0.2929293   0.2781450514E-001   0.9427698474E+000   0.9796902231E+000   0.1029514061E+001
 0.3030303   0.3337648274E-001   0.9666068634E+000   0.9784251664E+000   0.1004857328E+001
 0.3131313   0.3989467259E-001   0.9676199179E+000   0.9797774311E+000   0.9689267430E+000
 0.3232323   0.4742543318E-001   0.9232785702E+000   0.9847930048E+000   0.1014265562E+001
 0.3333333   0.5711088456E-001   0.9673950211E+000   0.9822446477E+000   0.9796546160E+000
 0.3434343   0.6942454864E-001   0.1035263557E+001   0.9860941547E+000   0.1002010592E+001
 0.3535354   0.8390202416E-001   0.1050596623E+001   0.9944724392E+000   0.1013983959E+001
 0.3636364   0.1025370304E+000   0.9782009358E+000   0.1000342754E+001   0.1001609907E+001
 0.3737374   0.1238704077E+000   0.9962755673E+000   0.1001703236E+001   0.1024653414E+001
 0.3838384   0.1512654760E+000   0.1044083450E+001   0.1003809428E+001   0.1010493880E+001
 0.3939394   0.1858063677E+000   0.9993942260E+000   0.1006620352E+001   0.1018681335E+001
 0.4040404   0.2266257606E+000   0.1018072206E+001   0.1001473028E+001   0.1019527642E+001
 0.4141414   0.2775675578E+000   0.9962680934E+000   0.1005456248E+001   0.9946125242E+000
 0.4242424   0.3443307986E+000   0.1025397996E+001   0.1014740907E+001   0.1025596335E+001
 0.4343434   0.4195200727E+000   0.1039867486E+001   0.1007071142E+001   0.9758926706E+000
 0.4444444   0.5265217457E+000   0.1006137052E+001   0.1015360280E+001   0.9956206028E+000
 0.4545455   0.6486279580E+000   0.1070893723E+001   0.1021978970E+001   0.9990814727E+000
 0.4646465   0.7976421583E+000   0.1037098742E+001   0.1026198003E+001   0.9716761162E+000
 0.4747475   0.9892471543E+000   0.1019277544E+001   0.1019245944E+001   0.9858596165E+000
 0.4848485   0.1226807352E+001   0.1008871144E+001   0.1025590944E+001   0.9769988608E+000
 0.4949495   0.1538136469E+001   0.1065043690E+001   0.1030663602E+001   0.1008260530E+001
 0.5050505   0.1711755590E+001   0.1058526441E+001   0.1027251890E+001   0.9964212238E+000
 0.5151515   0.1703611286E+001   0.1036448512E+001   0.1033521282E+001   0.1007507841E+001
 0.5252525   0.1707409175E+001   0.1037441183E+001   0.1031356866E+001   0.1021330350E+001
 0.5353535   0.1708715025E+001   0.1048218561E+001   0.1032635869E+001   0.1004974913E+001
 0.5454545   0.1726321359E+001   0.1059329547E+001   0.1018156176E+001   0.9821163947E+000
 0.5555556   0.1712608090E+001   0.1021470117E+001   0.1027568373E+001   0.1004153321E+001
 0.5656566   0.1719395158E+001   0.1053843697E+001   0.1024401074E+001   0.9633665833E+000
 0.5757576   0.1719501572E+001   0.1020586157E+001   0.1029965407E+001   0.9896342939E+000
 0.5858586   0.1720872842E+001   0.1064996129E+001   0.1031871219E+001   0.9766663297E+000
 0.5959596   0.1727062244E+001   0.1022274582E+001   0.1030453491E+001   0.9980636579E+000
 0.6060606   0.1732338848E+001   0.1044295437E+001   0.1030791855E+001   0.1003082331E+001
 0.6161616   0.1726550267E+001   0.1054412394E+001   0.1028450538E+001   0.9990462723E+000
 0.6262626   0.1735467673E+001   0.1046692524E+001   0.1026752988E+001   0.9842381528E+000
 0.6363636   0.1742248710E+001   0.1076016069E+001   0.1027364907E+001   0.9839595457E+000
 0.6464646   0.1739879510E+001   0.1036824246E+001   0.1030484404E+001   0.9924563146E+000
 0.6565657   0.1754303397E+001   0.1026201102E+001   0.1026719083E+001   0.9702725953E+000
 0.6666667   0.1751692627E+001   0.9986916785E+000   0.1025742399E+001   0.1004524797E+001
 0.6767677   0.1763876056E+001   0.1022572179E+001   0.1026795113E+001   0.9489778724E+000
 0.6868687   0.1768941001E+001   0.1030025026E+001   0.1027796079E+001   0.9915118963E+000
 0.6969697   0.1775560686E+001   0.1041784883E+001   0.1030978773E+001   0.9895444206E+000
 0.7070707   0.1778134562E+001   0.1035985129E+001   0.1025723479E+001   0.9735057863E+000
 0.7171717   0.1791687551E+001   0.1046637489E+001   0.1027963536E+001   0.9880967120E+000
 0.7272727   0.1793574972E+001   0.1062577980E+001   0.1026521734E+001   0.9787453980E+000
 0.7373737   0.1800715415E+001   0.1069415928E+001   0.1031234648E+001   0.1012965395E+001
 0.7474747   0.1802680475E+001   0.1034204980E+001   0.1025658689E+001   0.9914811896E+000
 0.7575758   0.1811840176E+001   0.1043222592E+001   0.1027223847E+001   0.9938673250E+000
 0.7676768   0.1831361402E+001   0.1051583179E+001   0.1030978746E+001   0.9896410344E+000
 0.7777778   0.1830934091E+001   0.1057309553E+001   0.1027002514E+001   0.1001642112E+001
 0.7878788   0.1836205191E+001   0.1036195078E+001   0.1025384253E+001   0.9989901015E+000
 0.7979798   0.1842965642E+001   0.1028998383E+001   0.1026369840E+001   0.9796523691E+000
 0.8080808   0.1857967993E+001   0.1091521035E+001   0.1028809506E+001   0.1030313933E+001
 0.8181818   0.1861401191E+001   0.1057308873E+001   0.1028627349E+001   0.1007251702E+001
 0.8282828   0.1873150867E+001   0.1042690585E+001   0.1026258042E+001   0.9779208108E+000
 0.8383838   0.1891282078E+001   0.1024386301E+001   0.1032942916E+001   0.9773943032E+000
 0.8484848   0.1893594320E+001   0.1070878776E+001   0.1028202782E+001   0.1005264005E+001
 0.8585859   0.1903575386E+001   0.1030440847E+001   0.1026421449E+001   0.9856514101E+000
 0.8686869   0.1906242296E+001   0.1045782746E+001   0.1028114134E+001   0.9789243956E+000
 0.8787879   0.1925747299E+001   0.1045093107E+001   0.1029133571E+001   0.9968825733E+000
 0.8888889   0.1936619563E+001   0.1066293872E+001   0.1031637906E+001   0.1007933241E+001
 0.8989899   0.1944093717E+001   0.1028899863E+001   0.1031476563E+001   0.9824137254E+000
 0.9090909   0.1956335190E+001   0.1062107803E+001   0.1030077150E+001   0.9957524169E+000
 0.9191919   0.1966658128E+001   0.1042978670E+001   0.1035328480E+001   0.1003569145E+001
 0.9292929   0.1985664449E+001   0.1073618303E+001   0.1031106764E+001   0.1016009852E+001
 0.9393939   0.1982225010E+001   0.1034734269E+001   0.1028346630E+001   0.1001289359E+001
 0.9494949   0.1991669210E+001   0.1038142371E+001   0.1022233663E+001   0.9929101747E+000
 0.9595960   0.2005618269E+001   0.1057219866E+001   0.1030926060E+001   0.1019508919E+001
 0.9696970   0.2024466433E+001   0.1031095154E+001   0.1031215676E+001   0.9828368787E+000
 0.9797980   0.2030323997E+001   0.1050875875E+001   0.1029864701E+001   0.9844291336E+000
 0.9898990   0.2039222657E+001   0.1054348526E+001   0.1029698316E+001   0.9959696106E+000
 1.0000000   0.2045392644E+001   0.1071887074E+001   0.1032739326E+001   0.1017022425E+001


 0.0000000   0.1454224632E-001   0.9112604469E+000   0.9277828632E+000   0.1013646470E+001
 0.0101010   0.1453236288E-001   0.9323273965E+000   0.9328339706E+000   0.1018070824E+001
 0.0202020   0.1415995805E-001   0.8919966337E+000   0.9324007344E+000   0.9859046083E+000
 0.0303030   0.1342653436E-001   0.9082922797E+000   0.9305519613E+000   0.1008760037E+001
 0.0404040   0.1243589322E-001   0.9095477925E+000   0.9352912456E+000   0.9827992547E+000
 0.0505051   0.1113358326E-001   0.8698687373E+000   0.9323872758E+000   0.9904258607E+000
 0.0606061   0.9822245592E-002   0.9046759533E+000   0.9307006686E+000   0.9695123491E+000
 0.0707071   0.8619780603E-002   0.8862909399E+000   0.9346606711E+000   0.1038153781E+001
 0.0808081   0.7520554498E-002   0.9213323448E+000   0.9395700214E+000   0.1023021856E+001
 0.0909091   0.6554016225E-002   0.8861549211E+000   0.9363331451E+000   0.1010082993E+001
 0.1010101   0.5815506158E-002   0.8724850298E+000   0.9397666094E+000   0.1016364231E+001
 0.1111111   0.5339297988E-002   0.8983504868E+000   0.9442524196E+000   0.1019322590E+001
 0.1212121   0.5024199762E-002   0.9163481421E+000   0.9426778545E+000   0.1032941717E+001
 0.1313131   0.4860707843E-002   0.9314367689E+000   0.9458482473E+000   0.1021244732E+001
 0.1414141   0.4810528132E-002   0.8803812179E+000   0.9380355933E+000   0.9917659549E+000
 0.1515152   0.4971910001E-002   0.8937991788E+000   0.9422362922E+000   0.1015062369E+001
 0.1616162   0.5203769338E-002   0.8821559678E+000   0.9464764814E+000   0.9898049218E+000
 0.1717172   0.5560760855E-002   0.8922444245E+000   0.9470483034E+000   0.1056752285E+001
 0.1818182   0.6071056799E-002   0.8989832700E+000   0.9522299278E+000   0.1003828121E+001
 0.1919192   0.6639782462E-002   0.9072697730E+000   0.9531820211E+000   0.1003752976E+001
 0.2020202   0.7407292972E-002   0.8960967141E+000   0.9601232634E+000   0.1002215130E+001
 0.2121212   0.8296689171E-002   0.9211289079E+000   0.9547503436E+000   0.1002169647E+001
 0.2222222   0.9429766866E-002   0.8630311304E+000   0.9583957950E+000   0.1038741102E+001
 0.2323232   0.1078762341E-001   0.9287560154E+000   0.9617080118E+000   0.1046104040E+001
 0.2424242   0.1249426111E-001   0.9236860618E+000   0.9710607407E+000   0.9932504075E+000
 0.2525253   0.1455232368E-001   0.9607074275E+000   0.9651866157E+000   0.1011641273E+001
 0.2626263   0.1700352677E-001   0.9727025132E+000   0.9683990451E+000   0.1015008317E+001
 0.2727273   0.1994851485E-001   0.9126703115E+000   0.9708884844E+000   0.9784421358E+000
 0.2828283   0.2360738465E-001   0.1000168853E+001   0.9742121212E+000   0.9897818509E+000
 0.2929293   0.2781025385E-001   0.9449801036E+000   0.9772316376E+000   0.1026970289E+001
 0.3030303   0.3332342115E-001   0.9674805733E+000   0.9775096153E+000   0.1003956000E+001
 0.3131313   0.3971188702E-001   0.9655922773E+000   0.9803748780E+000   0.9695551952E+000
 0.3232323   0.4743942283E-001   0.9258576318E+000   0.9850029816E+000   0.1014521190E+001
 0.3333333   0.5714299330E-001   0.9703564843E+000   0.9821897455E+000   0.9796378716E+000
 0.3434343   0.6926174388E-001   0.1035415468E+001   0.9844668291E+000   0.1000395819E+001
 0.3535354   0.8387740677E-001   0.1052911628E+001   0.9930413783E+000   0.1012564112E+001
 0.3636364   0.1026404917E+000   0.9816336272E+000   0.9979367541E+000   0.9992396333E+000
 0.3737374   0.1238287957E+000   0.9984284031E+000   0.1000322656E+001   0.1023280910E+001
 0.3838384   0.1515712188E+000   0.1048806817E+001   0.1003237914E+001   0.1009957750E+001
 0.3939394   0.1858545174E+000   0.1002149996E+001   0.1004006423E+001   0.1016075514E+001
 0.4040404   0.2264378133E+000   0.1019768573E+001   0.1000840386E+001   0.1018923132E+001
 0.4141414   0.2774839560E+000   0.9984556068E+000   0.1004351497E+001   0.9935582403E+000
 0.4242424   0.3447488390E+000   0.1029207096E+001   0.1013328305E+001   0.1024208364E+001
 0.4343434   0.4201319812E+000   0.1043985245E+001   0.1006944785E+001   0.9758080893E+000
 0.4444444   0.5260126286E+000   0.1007674726E+001   0.1014022350E+001   0.9943472677E+000
 0.4545455   0.6482908459E+000   0.1073010479E+001   0.1019234849E+001   0.9964374983E+000
 0.4646465   0.7985026639E+000   0.1040810684E+001   0.1023880055E+001   0.9695189409E+000
 0.4747475   0.9886823487E+000   0.1021239942E+001   0.1021874513E+001   0.9884404383E+000
 0.4848485   0.1227242114E+001   0.1011749377E+001   0.1025777084E+001   0.9772141006E+000
 0.4949495   0.1536534190E+001   0.1066591573E+001   0.1029925414E+001   0.1007577485E+001
 0.5050505   0.1711372200E+001   0.1060932599E+001   0.1027566538E+001   0.9967651062E+000
 0.5151515   0.1706248569E+001   0.1040645688E+001   0.1031603236E+001   0.1005677095E+001
 0.5252525   0.1707516082E+001   0.1040097473E+001   0.1029093763E+001   0.1019128793E+001
 0.5353535   0.1709058010E+001   0.1051047579E+001   0.1031670118E+001   0.1004073992E+001
 0.5454545   0.1725790417E+001   0.1061648768E+001   0.1019664375E+001   0.9836093756E+000
 0.5555556   0.1711958005E+001   0.1023632690E+001   0.1028481357E+001   0.1005084501E+001
 0.5656566   0.1718917900E+001   0.1056182585E+001   0.1023794628E+001   0.9628336307E+000
 0.5757576   0.1718840809E+001   0.1022742063E+001   0.1030834986E+001   0.9905082571E+000
 0.5858586   0.1723065139E+001   0.1069016257E+001   0.1032134811E+001   0.9769537282E+000
 0.5959596   0.1724440165E+001   0.1023271945E+001   0.1030644224E+001   0.9982871315E+000
 0.6060606   0.1734743240E+001   0.1048356772E+001   0.1030767034E+001   0.1003097101E+001
 0.6161616   0.1726800544E+001   0.1057199178E+001   0.1028410183E+001   0.9990458371E+000
 0.6262626   0.1736371008E+001   0.1049852979E+001   0.1027105164E+001   0.9846139519E+000
 0.6363636   0.1740850617E+001   0.1077837964E+001   0.1028085370E+001   0.9846877790E+000
 0.6464646   0.1737834254E+001   0.1038192026E+001   0.1030129378E+001   0.9921528882E+000
 0.6565657   0.1754734935E+001   0.1029017261E+001   0.1028094218E+001   0.9716098306E+000
 0.6666667   0.1755717559E+001   0.1003486529E+001   0.1026780921E+001   0.1005580856E+001
 0.6767677   0.1765493518E+001   0.1026066244E+001   0.1026363713E+001   0.9486159760E+000
 0.6868687   0.1771732838E+001   0.1034227374E+001   0.1027856243E+001   0.9916084131E+000
 0.6969697   0.1773671333E+001   0.1043275582E+001   0.1034185832E+001   0.9926611089E+000
 0.7070707   0.1776392406E+001   0.1037555104E+001   0.1027576003E+001   0.9753018462E+000
 0.7171717   0.1791395556E+001   0.1049080629E+001   0.1029993521E+001   0.9900863878E+000
 0.7272727   0.1794759979E+001   0.1065935726E+001   0.1028027649E+001   0.9802192602E+000
 0.7373737   0.1800998131E+001   0.1072255279E+001   0.1032752926E+001   0.1014496141E+001
 0.7474747   0.1801142225E+001   0.1035903362E+001   0.1026868756E+001   0.9926894532E+000
 0.7575758   0.1810845003E+001   0.1045253769E+001   0.1027814229E+001   0.9944771244E+000
 0.7676768   0.1829263642E+001   0.1053002110E+001   0.1031569541E+001   0.9902465663E+000
 0.7777778   0.1829758221E+001   0.1059269621E+001   0.1027918496E+001   0.1002574378E+001
 0.7878788   0.1836148186E+001   0.1038750886E+001   0.1026498376E+001   0.1000114353E+001
 0.7979798   0.1844212438E+001   0.1032266337E+001   0.1028104804E+001   0.9813464423E+000
 0.8080808   0.1859766201E+001   0.1095306329E+001   0.1030595714E+001   0.1032142802E+001
 0.8181818   0.1862338047E+001   0.1060483145E+001   0.1029398043E+001   0.1008045496E+001
 0.8282828   0.1873555171E+001   0.1045520484E+001   0.1027079336E+001   0.9787413993E+000
 0.8383838   0.1890186745E+001   0.1026350110E+001   0.1033565741E+001   0.9780215848E+000
 0.8484848   0.1893421004E+001   0.1073455201E+001   0.1030007243E+001   0.1007067286E+001
 0.8585859   0.1903155656E+001   0.1032786757E+001   0.1028388762E+001   0.9875789021E+000
 0.8686869   0.1906923795E+001   0.1048769560E+001   0.1029812094E+001   0.9805791675E+000
 0.8787879   0.1924784030E+001   0.1047179322E+001   0.1030928726E+001   0.9986602222E+000
 0.8888889   0.1936406376E+001   0.1068839432E+001   0.1035310659E+001   0.1011560854E+001
 0.8989899   0.1943090625E+001   0.1030937492E+001   0.1033218513E+001   0.9841110046E+000
 0.9090909   0.1956098427E+001   0.1064631719E+001   0.1031190427E+001   0.9968672776E+000
 0.9191919   0.1967236722E+001   0.1045891283E+001   0.1035490867E+001   0.1003765500E+001
 0.9292929   0.1982370461E+001   0.1074514374E+001   0.1031368856E+001   0.1016307543E+001
 0.9393939   0.1984602468E+001   0.1038562826E+001   0.1030795524E+001   0.1003712766E+001
 0.9494949   0.1993309654E+001   0.1041592497E+001   0.1025908821E+001   0.9965185763E+000
 0.9595960   0.2007350606E+001   0.1060775882E+001   0.1033982292E+001   0.1022570983E+001
 0.9696970   0.2020735370E+001   0.1031765433E+001   0.1030833962E+001   0.9825111971E+000
 0.9797980   0.2031720260E+001   0.1054225097E+001   0.1031991623E+001   0.9865004987E+000
 0.9898990   0.2039240188E+001   0.1056991010E+001   0.1030351966E+001   0.9966405229E+000
 1.0000000   0.2046533653E+001   0.1075163716E+001   0.1034899668E+001   0.1019189437E+001


 0.0000000   0.1450787591E-001   0.9088743818E+000   0.9270574798E+000   0.1012846300E+001
 0.0101010   0.1449805075E-001   0.9298884085E+000   0.9325776066E+000   0.1017783343E+001
 0.0202020   0.1415057127E-001   0.8911775300E+000   0.9328425300E+000   0.9863643009E+000
 0.0303030   0.1341631344E-001   0.9073689150E+000   0.9326661219E+000   0.1011044241E+001
 0.0404040   0.1239648608E-001   0.9064339077E+000   0.9347036148E+000   0.9821743524E+000
 0.0505051   0.1112953706E-001   0.8693304013E+000   0.9317610782E+000   0.9897532039E+000
 0.0606061   0.9837572512E-002   0.9058560942E+000   0.9337319329E+000   0.9726626710E+000
 0.0707071   0.8595941681E-002   0.8836139512E+000   0.9340826865E+000   0.1037503956E+001
 0.0808081   0.7500798532E-002   0.9186772506E+000   0.9382316910E+000   0.1021556936E+001
 0.0909091   0.6557069771E-002   0.8863412309E+000   0.9359848068E+000   0.1009699587E+001
 0.1010101   0.5807808034E-002   0.8711074405E+000   0.9387732893E+000   0.1015282276E+001
 0.1111111   0.5332948294E-002   0.8970528428E+000   0.9439912894E+000   0.1019032998E+001
 0.1212121   0.5016530436E-002   0.9147155511E+000   0.9411318189E+000   0.1031239851E+001
 0.1313131   0.4863006838E-002   0.9316391834E+000   0.9449790021E+000   0.1020298485E+001
 0.1414141   0.4825283556E-002   0.8828559649E+000   0.9404025636E+000   0.9942609903E+000
 0.1515152   0.4975300103E-002   0.8941800591E+000   0.9418133784E+000   0.1014599100E+001
 0.1616162   0.5207233716E-002   0.8825176814E+000   0.9467123125E+000   0.9900440667E+000
 0.1717172   0.5582595731E-002   0.8955190106E+000   0.9486102142E+000   0.1058487124E+001
 0.1818182   0.6083061815E-002   0.9005307548E+000   0.9535029045E+000   0.1005162480E+001
 0.1919192   0.6639398351E-002   0.9069854570E+000   0.9547978105E+000   0.1005446892E+001
 0.2020202   0.7413139547E-002   0.8965748334E+000   0.9597120019E+000   0.1001778268E+001
 0.2121212   0.8308699400E-002   0.9222266014E+000   0.9565210643E+000   0.1004020726E+001
 0.2222222   0.9463161421E-002   0.8658661467E+000   0.9587132455E+000   0.1039077312E+001
 0.2323232   0.1083335539E-001   0.9324549510E+000   0.9633711708E+000   0.1047905232E+001
 0.2424242   0.1253577321E-001   0.9265181799E+000   0.9709874237E+000   0.9931679093E+000
 0.2525253   0.1451733143E-001   0.9581524188E+000   0.9652078409E+000   0.1011655874E+001
 0.2626263   0.1700182550E-001   0.9723566507E+000   0.9691254093E+000   0.1015761965E+001
 0.2727273   0.1995961525E-001   0.9129448153E+000   0.9708920064E+000   0.9784382906E+000
 0.2828283   0.2366303945E-001   0.1002270581E+001   0.9749710800E+000   0.9905454531E+000
 0.2929293   0.2786532037E-001   0.9466092808E+000   0.9772294043E+000   0.1026960181E+001
 0.3030303   0.3334422192E-001   0.9678370985E+000   0.9784930111E+000   0.1004958407E+001
 0.3131313   0.3975828719E-001   0.9664734586E+000   0.9800728126E+000   0.9692491384E+000
 0.3232323   0.4743376700E-001   0.9255106833E+000   0.9858518575E+000   0.1015387831E+001
 0.3333333   0.5718104582E-001   0.9707545314E+000   0.9832133725E+000   0.9806514279E+000
 0.3434343   0.6928514611E-001   0.1035500636E+001   0.9842690878E+000   0.1000187319E+001
 0.3535354   0.8381426339E-001   0.1051850132E+001   0.9939030481E+000   0.1013435062E+001
 0.3636364   0.1026400358E+000   0.9813784207E+000   0.9973030381E+000   0.9985975430E+000
 0.3737374   0.1241537173E+000   0.1000792429E+001   0.1001833977E+001   0.1024819173E+001
 0.3838384   0.1520120724E+000   0.1051588540E+001   0.1003480695E+001   0.1010194523E+001
 0.3939394   0.1863970831E+000   0.1004818739E+001   0.1004237282E+001   0.1016301468E+001
 0.4040404   0.2270950849E+000   0.1022467264E+001   0.1000383884E+001   0.1018450686E+001
 0.4141414   0.2774288190E+000   0.9980021152E+000   0.1004592279E+001   0.9937889248E+000
 0.4242424   0.3454232392E+000   0.1030956921E+001   0.1013220271E+001   0.1024091430E+001
 0.4343434   0.4208209715E+000   0.1045430098E+001   0.1006918028E+001   0.9757747852E+000
 0.4444444   0.5259882702E+000   0.1007370573E+001   0.1014201571E+001   0.9945154953E+000
 0.4545455   0.6490744471E+000   0.1074032918E+001   0.1017994566E+001   0.9952174362E+000
 0.4646465   0.7990361409E+000   0.1041239900E+001   0.1023679035E+001   0.9693212677E+000
 0.4747475   0.9897420586E+000   0.1022073301E+001   0.1021463083E+001   0.9880350025E+000
 0.4848485   0.1229398287E+001   0.1013267948E+001   0.1025244726E+001   0.9766995646E+000
 0.4949495   0.1536027942E+001   0.1065967692E+001   0.1028713218E+001   0.1006383986E+001
 0.5050505   0.1709802184E+001   0.1059688435E+001   0.1027284609E+001   0.9964840967E+000
 0.5151515   0.1705882846E+001   0.1040156762E+001   0.1029851796E+001   0.1003962084E+001
 0.5252525   0.1707181280E+001   0.1039627800E+001   0.1027805101E+001   0.1017844917E+001
 0.5353535   0.1708735195E+001   0.1050580518E+001   0.1030730825E+001   0.1003152243E+001
 0.5454545   0.1725004234E+001   0.1060893964E+001   0.1020836179E+001   0.9847323028E+000
 0.5555556   0.1710035628E+001   0.1022221956E+001   0.1028048662E+001   0.1004654056E+001
 0.5656566   0.1717694234E+001   0.1055161003E+001   0.1024780205E+001   0.9637532396E+000
 0.5757576   0.1719278264E+001   0.1022740938E+001   0.1030690464E+001   0.9903619046E+000
 0.5858586   0.1722897808E+001   0.1068639291E+001   0.1031957109E+001   0.9767781445E+000
 0.5959596   0.1725940032E+001   0.1023900242E+001   0.1028934009E+001   0.9966230775E+000
 0.6060606   0.1734728818E+001   0.1048080161E+001   0.1030924890E+001   0.1003243137E+001
 0.6161616   0.1728067405E+001   0.1057704433E+001   0.1028397754E+001   0.9990262138E+000
 0.6262626   0.1735241106E+001   0.1048901707E+001   0.1029060559E+001   0.9864809979E+000
 0.6363636   0.1742034080E+001   0.1078295080E+001   0.1029323750E+001   0.9858664330E+000
 0.6464646   0.1735254133E+001   0.1036385741E+001   0.1028838379E+001   0.9909019946E+000
 0.6565657   0.1752749621E+001   0.1027590369E+001   0.1026943725E+001   0.9705152124E+000
 0.6666667   0.1755150675E+001   0.1002906176E+001   0.1024292680E+001   0.1003136410E+001
 0.6767677   0.1764179631E+001   0.1025040636E+001   0.1027318211E+001   0.9494909951E+000
 0.6868687   0.1771602393E+001   0.1033886960E+001   0.1026267998E+001   0.9900686962E+000
 0.6969697   0.1773919791E+001   0.1043155089E+001   0.1032420806E+001   0.9909594634E+000
 0.7070707   0.1774168316E+001   0.1035991252E+001   0.1027431462E+001   0.9751572883E+000
 0.7171717   0.1792047584E+001   0.1049194291E+001   0.1029706544E+001   0.9898030494E+000
 0.7272727   0.1793980062E+001   0.1065200250E+001   0.1028499738E+001   0.9806619834E+000
 0.7373737   0.1803917282E+001   0.1073718797E+001   0.1033352077E+001   0.1015077030E+001
 0.7474747   0.1801286808E+001   0.1035721781E+001   0.1026884340E+001   0.9926970166E+000
 0.7575758   0.1809490699E+001   0.1044205134E+001   0.1027674981E+001   0.9943348789E+000
 0.7676768   0.1827247563E+001   0.1051572781E+001   0.1030631482E+001   0.9893386072E+000
 0.7777778   0.1829794180E+001   0.1059019747E+001   0.1028676268E+001   0.1003305884E+001
 0.7878788   0.1836011414E+001   0.1038408088E+001   0.1026443794E+001   0.1000053616E+001
 0.7979798   0.1847188484E+001   0.1033667917E+001   0.1028495206E+001   0.9817116695E+000
 0.8080808   0.1861223092E+001   0.1095884249E+001   0.1030220688E+001   0.1031759416E+001
 0.8181818   0.1864434413E+001   0.1061405591E+001   0.1030457795E+001   0.1009075639E+001
 0.8282828   0.1875221282E+001   0.1046182832E+001   0.1028858244E+001   0.9804291759E+000
 0.8383838   0.1888594406E+001   0.1025223435E+001   0.1033647050E+001   0.9780911318E+000
 0.8484848   0.1895230075E+001   0.1074206262E+001   0.1030233819E+001   0.1007281204E+001
 0.8585859   0.1904640811E+001   0.1033328582E+001   0.1029573127E+001   0.9887087955E+000
 0.8686869   0.1906582525E+001   0.1048313913E+001   0.1030316401E+001   0.9810519506E+000
 0.8787879   0.1926411698E+001   0.1047797033E+001   0.1030034586E+001   0.9977865285E+000
 0.8888889   0.1936949865E+001   0.1068866214E+001   0.1035774648E+001   0.1012006551E+001
 0.8989899   0.1944030930E+001   0.1031172813E+001   0.1032588769E+001   0.9835037595E+000
 0.9090909   0.1951540154E+001   0.1061879398E+001   0.1029619555E+001   0.9953411702E+000
 0.9191919   0.1965591087E+001   0.1044749329E+001   0.1033529700E+001   0.1001856848E+001
 0.9292929   0.1983544501E+001   0.1074876000E+001   0.1032610104E+001   0.1017522974E+001
 0.9393939   0.1982445472E+001   0.1037168941E+001   0.1030685970E+001   0.1003598506E+001
 0.9494949   0.1994268364E+001   0.1041827169E+001   0.1025795953E+001   0.9964014119E+000
 0.9595960   0.2006444667E+001   0.1060026193E+001   0.1033295610E+001   0.1021884157E+001
 0.9696970   0.2017647972E+001   0.1029925786E+001   0.1030347443E+001   0.9820400630E+000
 0.9797980   0.2031630716E+001   0.1053909249E+001   0.1031704803E+001   0.9862188695E+000
 0.9898990   0.2039900470E+001   0.1057063060E+001   0.1029183160E+001   0.9955024348E+000
 1.0000000   0.2048616206E+001   0.1075982776E+001   0.1034865348E+001   0.1019147935E+001


 0.0000000   0.1459380581E-001   0.9134590727E+000   0.9273306792E+000   0.1013139759E+001
 0.0101010   0.1457086526E-001   0.9337423598E+000   0.9335110019E+000   0.1018796970E+001
 0.0202020   0.1421565381E-001   0.8944943343E+000   0.9328789519E+000   0.9863979236E+000
 0.0303030   0.1346521167E-001   0.9098805610E+000   0.9322982803E+000   0.1010640478E+001
 0.0404040   0.1246941725E-001   0.9109702706E+000   0.9346200738E+000   0.9820817012E+000
 0.0505051   0.1116889488E-001   0.8716426490E+000   0.9318098893E+000   0.9898001473E+000
 0.0606061   0.9870676744E-002   0.9081104934E+000   0.9354489447E+000   0.9744464417E+000
 0.0707071   0.8625062859E-002   0.8858330377E+000   0.9334122970E+000   0.1036754203E+001
 0.0808081   0.7504530337E-002   0.9183314963E+000   0.9368010875E+000   0.1019994224E+001
 0.0909091   0.6582325914E-002   0.8889780345E+000   0.9358996804E+000   0.1009602752E+001
 0.1010101   0.5834306953E-002   0.8743176493E+000   0.9399836204E+000   0.1016586209E+001
 0.1111111   0.5351246090E-002   0.8993444899E+000   0.9439494881E+000   0.1018982823E+001
 0.1212121   0.5024525651E-002   0.9153731714E+000   0.9404213446E+000   0.1030456246E+001
 0.1313131   0.4870189024E-002   0.9322001837E+000   0.9442810565E+000   0.1019539857E+001
 0.1414141   0.4831822979E-002   0.8832802743E+000   0.9419287089E+000   0.9958696047E+000
 0.1515152   0.4992600174E-002   0.8965055593E+000   0.9436186266E+000   0.1016538824E+001
 0.1616162   0.5217987877E-002   0.8835678629E+000   0.9474252227E+000   0.9907846967E+000
 0.1717172   0.5592156432E-002   0.8962691397E+000   0.9486057912E+000   0.1058476943E+001
 0.1818182   0.6100270688E-002   0.9022895487E+000   0.9528851348E+000   0.1004506262E+001
 0.1919192   0.6645895327E-002   0.9070800071E+000   0.9550967381E+000   0.1005756692E+001
 0.2020202   0.7405390663E-002   0.8948553599E+000   0.9585583758E+000   0.1000569117E+001
 0.2121212   0.8320601698E-002   0.9227410301E+000   0.9577573117E+000   0.1005313381E+001
 0.2222222   0.9483510710E-002   0.8669701634E+000   0.9582135694E+000   0.1038530604E+001
 0.2323232   0.1084513044E-001   0.9326531239E+000   0.9639075704E+000   0.1048483503E+001
 0.2424242   0.1252874663E-001   0.9251900341E+000   0.9711134343E+000   0.9932918754E+000
 0.2525253   0.1452729825E-001   0.9579727648E+000   0.9648421150E+000   0.1011267536E+001
 0.2626263   0.1703875726E-001   0.9736176790E+000   0.9687245965E+000   0.1015336831E+001
 0.2727273   0.2001120838E-001   0.9145051940E+000   0.9726470398E+000   0.9802021069E+000
 0.2828283   0.2372579502E-001   0.1004050901E+001   0.9753746351E+000   0.9909505432E+000
 0.2929293   0.2793087903E-001   0.9480076068E+000   0.9770850673E+000   0.1026803410E+001
 0.3030303   0.3342115528E-001   0.9692228326E+000   0.9785271937E+000   0.1004988533E+001
 0.3131313   0.3982117360E-001   0.9671566483E+000   0.9822223472E+000   0.9713701197E+000
 0.3232323   0.4754207409E-001   0.9268137015E+000   0.9862683162E+000   0.1015811732E+001
 0.3333333   0.5728125940E-001   0.9716064540E+000   0.9839523004E+000   0.9813835662E+000
 0.3434343   0.6944247238E-001   0.1036945445E+001   0.9852040781E+000   0.1001132469E+001
 0.3535354   0.8394766544E-001   0.1052604099E+001   0.9940371229E+000   0.1013566748E+001
 0.3636364   0.1027669992E+000   0.9817341208E+000   0.9957172272E+000   0.9970047322E+000
 0.3737374   0.1240724482E+000   0.9992637590E+000   0.1002188805E+001   0.1025177060E+001
 0.3838384   0.1522851776E+000   0.1052557668E+001   0.1002766555E+001   0.1009470602E+001
 0.3939394   0.1862343278E+000   0.1003064477E+001   0.1004874270E+001   0.1016941068E+001
 0.4040404   0.2271453653E+000   0.1021800376E+001   0.9998446419E+000   0.1017896660E+001
 0.4141414   0.2774635874E+000   0.9972553767E+000   0.1005344995E+001   0.9945286168E+000
 0.4242424   0.3456803603E+000   0.1030823172E+001   0.1013656600E+001   0.1024527363E+001
 0.4343434   0.4214635051E+000   0.1046111799E+001   0.1007881414E+001   0.9767035344E+000
 0.4444444   0.5265551372E+000   0.1007575401E+001   0.1015940276E+001   0.9962155132E+000
 0.4545455   0.6490796652E+000   0.1073103433E+001   0.1017848114E+001   0.9950693293E+000
 0.4646465   0.7990774306E+000   0.1040384190E+001   0.1024232059E+001   0.9698401194E+000
 0.4747475   0.9921612144E+000   0.1023676572E+001   0.1020610647E+001   0.9872055700E+000
 0.4848485   0.1232120265E+001   0.1014624401E+001   0.1025409827E+001   0.9768520065E+000
 0.4949495   0.1535891445E+001   0.1064941982E+001   0.1029762147E+001   0.1007405154E+001
 0.5050505   0.1712141926E+001   0.1060211694E+001   0.1026388624E+001   0.9956100417E+000
 0.5151515   0.1705746435E+001   0.1039165136E+001   0.1030626823E+001   0.1004712648E+001
 0.5252525   0.1708618022E+001   0.1039593914E+001   0.1028352095E+001   0.1018381563E+001
 0.5353535   0.1711461545E+001   0.1051337667E+001   0.1031531572E+001   0.1003926588E+001
 0.5454545   0.1724221445E+001   0.1059486327E+001   0.1022320687E+001   0.9861594205E+000
 0.5555556   0.1712394585E+001   0.1022738000E+001   0.1027367531E+001   0.1003983450E+001
 0.5656566   0.1718135403E+001   0.1054510144E+001   0.1024547404E+001   0.9635295264E+000
 0.5757576   0.1721276150E+001   0.1023035065E+001   0.1031109282E+001   0.9907594248E+000
 0.5858586   0.1723374369E+001   0.1068001223E+001   0.1031484573E+001   0.9763260360E+000
 0.5959596   0.1727376056E+001   0.1023857085E+001   0.1027500768E+001   0.9952299108E+000
 0.6060606   0.1731563150E+001   0.1045253771E+001   0.1028470551E+001   0.1000849740E+001
 0.6161616   0.1729502145E+001   0.1057657983E+001   0.1030211168E+001   0.1000782875E+001
 0.6262626   0.1736528585E+001   0.1048763110E+001   0.1028574220E+001   0.9860098954E+000
 0.6363636   0.1742422578E+001   0.1077593511E+001   0.1028435842E+001   0.9850111305E+000
 0.6464646   0.1734272758E+001   0.1034894896E+001   0.1028896073E+001   0.9909526492E+000
 0.6565657   0.1754572533E+001   0.1027760614E+001   0.1025484595E+001   0.9691314545E+000
 0.6666667   0.1755352354E+001   0.1002145330E+001   0.1024236375E+001   0.1003076296E+001
 0.6767677   0.1763404007E+001   0.1023695050E+001   0.1028259833E+001   0.9503565714E+000
 0.6868687   0.1770608161E+001   0.1032404199E+001   0.1025541197E+001   0.9893626283E+000
 0.6969697   0.1774280003E+001   0.1042455586E+001   0.1031918018E+001   0.9904719574E+000
 0.7070707   0.1772604947E+001   0.1034174266E+001   0.1026249922E+001   0.9740310356E+000
 0.7171717   0.1792780717E+001   0.1048706729E+001   0.1030197199E+001   0.9902697826E+000
 0.7272727   0.1793470237E+001   0.1063967402E+001   0.1028935282E+001   0.9810724065E+000
 0.7373737   0.1804187861E+001   0.1072941872E+001   0.1034034383E+001   0.1015742234E+001
 0.7474747   0.1802018437E+001   0.1035237444E+001   0.1027825566E+001   0.9936019821E+000
 0.7575758   0.1807335569E+001   0.1042050498E+001   0.1026880700E+001   0.9935614418E+000
 0.7676768   0.1826283809E+001   0.1050100136E+001   0.1030726882E+001   0.9894252814E+000
 0.7777778   0.1828985612E+001   0.1057627187E+001   0.1029491049E+001   0.1004095594E+001
 0.7878788   0.1834281066E+001   0.1036523301E+001   0.1025579991E+001   0.9992070692E+000
 0.7979798   0.1847129455E+001   0.1032732059E+001   0.1027202312E+001   0.9804727264E+000
 0.8080808   0.1860347568E+001   0.1094411995E+001   0.1030045910E+001   0.1031579264E+001
 0.8181818   0.1863180668E+001   0.1059765387E+001   0.1031046350E+001   0.1009646978E+001
 0.8282828   0.1876729787E+001   0.1046109904E+001   0.1029069824E+001   0.9806259370E+000
 0.8383838   0.1889339669E+001   0.1024732169E+001   0.1034180464E+001   0.9785910261E+000
 0.8484848   0.1894989675E+001   0.1073131860E+001   0.1030443782E+001   0.1007481496E+001
 0.8585859   0.1903893440E+001   0.1032020905E+001   0.1029489881E+001   0.9886239530E+000
 0.8686869   0.1906876368E+001   0.1047559691E+001   0.1029879629E+001   0.9806312020E+000
 0.8787879   0.1924651215E+001   0.1045925127E+001   0.1028947277E+001   0.9967283213E+000
 0.8888889   0.1935931399E+001   0.1067371087E+001   0.1034708709E+001   0.1010960062E+001
 0.8989899   0.1942533531E+001   0.1029478565E+001   0.1031791820E+001   0.9827398225E+000
 0.9090909   0.1952245782E+001   0.1061335516E+001   0.1029142485E+001   0.9948750519E+000
 0.9191919   0.1964599668E+001   0.1043310297E+001   0.1032947224E+001   0.1001287259E+001
 0.9292929   0.1981565347E+001   0.1072865592E+001   0.1031665096E+001   0.1016586735E+001
 0.9393939   0.1980139934E+001   0.1035057879E+001   0.1029833048E+001   0.1002763030E+001
 0.9494949   0.1994985485E+001   0.1041291492E+001   0.1027076392E+001   0.9976402141E+000
 0.9595960   0.2005992946E+001   0.1058861875E+001   0.1032529507E+001   0.1021121454E+001
 0.9696970   0.2014471623E+001   0.1027406222E+001   0.1028355123E+001   0.9801362948E+000
 0.9797980   0.2033107214E+001   0.1053753980E+001   0.1031489100E+001   0.9860077894E+000
 0.9898990   0.2040021648E+001   0.1056202510E+001   0.1029130228E+001   0.9954463011E+000
 1.0000000   0.2045269621E+001   0.1073286789E+001   0.1033128363E+001   0.1017432289E+001


