# Cycle, ((number_of_molecules(Ib,Tm), Tm=1,N_MolType), Ib=1,N_Box)
       100  311   89
       200  314   86
       300  309   91
       400  302   98
       500  297  103
       600  297  103
       700  292  108
       800  288  112
       900  286  114
      1000  287  113
      1100  284  116
      1200  270  130
      1300  273  127
      1400  275  125
      1500  274  126
      1600  273  127
      1700  277  123
      1800  279  121
      1900  278  122
      2000  276  124
      2100  276  124
      2200  276  124
      2300  281  119
      2400  279  121
      2500  274  126
      2600  272  128
      2700  270  130
      2800  272  128
      2900  272  128
      3000  270  130
      3100  269  131
      3200  269  131
      3300  266  134
      3400  273  127
      3500  274  126
      3600  271  129
      3700  272  128
      3800  271  129
      3900  267  133
      4000  265  135
      4100  261  139
      4200  257  143
      4300  258  142
      4400  255  145
      4500  261  139
      4600  261  139
      4700  262  138
      4800  263  137
      4900  265  135
      5000  266  134
      5100  265  135
      5200  265  135
      5300  253  147
      5400  254  146
      5500  258  142
      5600  256  144
      5700  256  144
      5800  262  138
      5900  267  133
      6000  264  136
      6100  265  135
      6200  269  131
      6300  265  135
      6400  266  134
      6500  273  127
      6600  273  127
      6700  273  127
      6800  272  128
      6900  273  127
      7000  274  126
      7100  272  128
      7200  269  131
      7300  271  129
      7400  271  129
      7500  272  128
      7600  278  122
      7700  276  124
      7800  275  125
      7900  276  124
      8000  271  129
      8100  274  126
      8200  276  124
      8300  273  127
      8400  271  129
      8500  272  128
      8600  275  125
      8700  270  130
      8800  272  128
      8900  272  128
      9000  268  132
      9100  268  132
      9200  272  128
      9300  274  126
      9400  275  125
      9500  278  122
      9600  279  121
      9700  278  122
      9800  273  127
      9900  271  129
     10000  273  127
     10100  268  132
     10200  270  130
     10300  274  126
     10400  273  127
     10500  272  128
     10600  267  133
     10700  269  131
     10800  270  130
     10900  268  132
     11000  266  134
     11100  269  131
     11200  270  130
     11300  272  128
     11400  270  130
     11500  269  131
     11600  264  136
     11700  261  139
     11800  261  139
     11900  261  139
     12000  263  137
     12100  262  138
     12200  259  141
     12300  261  139
     12400  264  136
     12500  265  135
     12600  265  135
     12700  267  133
     12800  272  128
     12900  267  133
     13000  265  135
     13100  265  135
     13200  269  131
     13300  265  135
     13400  263  137
     13500  261  139
     13600  260  140
     13700  261  139
     13800  266  134
     13900  267  133
     14000  268  132
     14100  266  134
     14200  267  133
     14300  266  134
     14400  268  132
     14500  267  133
     14600  257  143
     14700  252  148
     14800  249  151
     14900  247  153
     15000  245  155
     15100  250  150
     15200  246  154
     15300  244  156
     15400  239  161
     15500  244  156
     15600  248  152
     15700  247  153
     15800  249  151
     15900  250  150
     16000  250  150
     16100  255  145
     16200  251  149
     16300  253  147
     16400  249  151
     16500  241  159
     16600  242  158
     16700  245  155
     16800  248  152
     16900  245  155
     17000  253  147
     17100  258  142
     17200  255  145
     17300  255  145
     17400  254  146
     17500  247  153
     17600  251  149
     17700  253  147
     17800  253  147
     17900  260  140
     18000  257  143
     18100  259  141
     18200  260  140
     18300  259  141
     18400  258  142
     18500  263  137
     18600  264  136
     18700  260  140
     18800  261  139
     18900  263  137
     19000  256  144
     19100  254  146
     19200  252  148
     19300  254  146
     19400  253  147
     19500  257  143
     19600  253  147
     19700  259  141
     19800  261  139
     19900  261  139
     20000  262  138
     20100  261  139
     20200  263  137
     20300  263  137
     20400  263  137
     20500  260  140
     20600  261  139
     20700  267  133
     20800  264  136
     20900  259  141
     21000  263  137
     21100  269  131
     21200  271  129
     21300  271  129
     21400  266  134
     21500  262  138
     21600  261  139
     21700  258  142
     21800  258  142
     21900  253  147
     22000  254  146
     22100  253  147
     22200  249  151
     22300  251  149
     22400  244  156
     22500  246  154
     22600  242  158
     22700  237  163
     22800  234  166
     22900  230  170
     23000  231  169
     23100  230  170
     23200  229  171
     23300  231  169
     23400  229  171
     23500  225  175
     23600  221  179
     23700  217  183
     23800  219  181
     23900  221  179
     24000  220  180
     24100  225  175
     24200  227  173
     24300  229  171
     24400  227  173
     24500  225  175
     24600  222  178
     24700  223  177
     24800  224  176
     24900  221  179
     25000  221  179
     25100  221  179
     25200  214  186
     25300  210  190
     25400  218  182
     25500  219  181
     25600  220  180
     25700  221  179
     25800  227  173
     25900  224  176
     26000  226  174
     26100  227  173
     26200  222  178
     26300  221  179
     26400  220  180
     26500  219  181
     26600  219  181
     26700  220  180
     26800  221  179
     26900  221  179
     27000  217  183
     27100  219  181
     27200  219  181
     27300  215  185
     27400  214  186
     27500  214  186
     27600  212  188
     27700  217  183
     27800  215  185
     27900  217  183
     28000  218  182
     28100  219  181
     28200  218  182
     28300  221  179
     28400  219  181
     28500  223  177
     28600  221  179
     28700  218  182
     28800  217  183
     28900  219  181
     29000  219  181
     29100  222  178
     29200  229  171
     29300  229  171
     29400  228  172
     29500  232  168
     29600  228  172
     29700  227  173
     29800  228  172
     29900  227  173
     30000  226  174
     30100  230  170
     30200  233  167
     30300  232  168
     30400  231  169
     30500  235  165
     30600  236  164
     30700  236  164
     30800  235  165
     30900  234  166
     31000  234  166
     31100  232  168
     31200  229  171
     31300  234  166
     31400  235  165
     31500  234  166
     31600  233  167
     31700  229  171
     31800  232  168
     31900  234  166
     32000  235  165
     32100  235  165
     32200  232  168
     32300  226  174
     32400  226  174
     32500  225  175
     32600  221  179
     32700  222  178
     32800  221  179
     32900  222  178
     33000  223  177
     33100  225  175
     33200  230  170
     33300  231  169
     33400  234  166
     33500  234  166
     33600  235  165
     33700  229  171
     33800  230  170
     33900  224  176
     34000  228  172
     34100  227  173
     34200  230  170
     34300  230  170
     34400  232  168
     34500  233  167
     34600  238  162
     34700  238  162
     34800  235  165
     34900  236  164
     35000  240  160
     35100  238  162
     35200  233  167
     35300  233  167
     35400  233  167
     35500  238  162
     35600  244  156
     35700  246  154
     35800  249  151
     35900  249  151
     36000  250  150
     36100  253  147
     36200  252  148
     36300  252  148
     36400  256  144
     36500  253  147
     36600  249  151
     36700  243  157
     36800  250  150
     36900  247  153
     37000  248  152
     37100  250  150
     37200  253  147
     37300  251  149
     37400  248  152
     37500  242  158
     37600  244  156
     37700  242  158
     37800  244  156
     37900  243  157
     38000  245  155
     38100  244  156
     38200  244  156
     38300  249  151
     38400  251  149
     38500  253  147
     38600  257  143
     38700  260  140
     38800  257  143
     38900  254  146
     39000  249  151
     39100  251  149
     39200  253  147
     39300  249  151
     39400  246  154
     39500  246  154
     39600  249  151
     39700  253  147
     39800  256  144
     39900  257  143
     40000  258  142
     40100  260  140
     40200  257  143
     40300  253  147
     40400  250  150
     40500  256  144
     40600  251  149
     40700  249  151
     40800  254  146
     40900  255  145
     41000  260  140
     41100  264  136
     41200  263  137
     41300  264  136
     41400  265  135
     41500  265  135
     41600  265  135
     41700  265  135
     41800  268  132
     41900  265  135
     42000  269  131
     42100  265  135
     42200  265  135
     42300  260  140
     42400  259  141
     42500  259  141
     42600  262  138
     42700  261  139
     42800  261  139
     42900  258  142
     43000  260  140
     43100  261  139
     43200  260  140
     43300  254  146
     43400  255  145
     43500  258  142
     43600  254  146
     43700  255  145
     43800  258  142
     43900  259  141
     44000  261  139
     44100  261  139
     44200  261  139
     44300  262  138
     44400  259  141
     44500  254  146
     44600  254  146
     44700  256  144
     44800  253  147
     44900  255  145
     45000  256  144
     45100  258  142
     45200  258  142
     45300  257  143
     45400  254  146
     45500  253  147
     45600  256  144
     45700  256  144
     45800  257  143
     45900  250  150
     46000  250  150
     46100  245  155
     46200  245  155
     46300  248  152
     46400  247  153
     46500  243  157
     46600  245  155
     46700  244  156
     46800  246  154
     46900  244  156
     47000  244  156
     47100  240  160
     47200  241  159
     47300  240  160
     47400  238  162
     47500  240  160
     47600  234  166
     47700  229  171
     47800  231  169
     47900  226  174
     48000  222  178
     48100  220  180
     48200  225  175
     48300  226  174
     48400  228  172
     48500  232  168
     48600  230  170
     48700  228  172
     48800  228  172
     48900  226  174
     49000  223  177
     49100  226  174
     49200  225  175
     49300  226  174
     49400  228  172
     49500  227  173
     49600  229  171
     49700  229  171
     49800  230  170
     49900  235  165
     50000  229  171
     50100  233  167
     50200  235  165
     50300  235  165
     50400  246  154
     50500  246  154
     50600  246  154
     50700  242  158
     50800  240  160
     50900  240  160
     51000  244  156
     51100  244  156
     51200  245  155
     51300  244  156
     51400  245  155
     51500  244  156
     51600  244  156
     51700  239  161
     51800  243  157
     51900  243  157
     52000  243  157
     52100  242  158
     52200  243  157
     52300  244  156
     52400  246  154
     52500  247  153
     52600  247  153
     52700  245  155
     52800  244  156
     52900  242  158
     53000  239  161
     53100  237  163
     53200  234  166
     53300  234  166
     53400  232  168
     53500  232  168
     53600  232  168
     53700  228  172
     53800  228  172
     53900  230  170
     54000  231  169
     54100  234  166
     54200  234  166
     54300  236  164
     54400  238  162
     54500  242  158
     54600  239  161
     54700  240  160
     54800  237  163
     54900  235  165
     55000  233  167
     55100  238  162
     55200  242  158
     55300  243  157
     55400  243  157
     55500  246  154
     55600  244  156
     55700  242  158
     55800  243  157
     55900  243  157
     56000  243  157
     56100  245  155
     56200  246  154
     56300  243  157
     56400  246  154
     56500  243  157
     56600  239  161
     56700  242  158
     56800  242  158
     56900  231  169
     57000  230  170
     57100  231  169
     57200  231  169
     57300  232  168
     57400  228  172
     57500  229  171
     57600  227  173
     57700  223  177
     57800  222  178
     57900  224  176
     58000  220  180
     58100  224  176
     58200  223  177
     58300  221  179
     58400  221  179
     58500  216  184
     58600  215  185
     58700  216  184
     58800  218  182
     58900  213  187
     59000  217  183
     59100  212  188
     59200  214  186
     59300  217  183
     59400  217  183
     59500  215  185
     59600  218  182
     59700  216  184
     59800  216  184
     59900  211  189
     60000  217  183
     60100  218  182
     60200  216  184
     60300  219  181
     60400  220  180
     60500  222  178
     60600  220  180
     60700  221  179
     60800  223  177
     60900  217  183
     61000  214  186
     61100  212  188
     61200  214  186
     61300  215  185
     61400  216  184
     61500  217  183
     61600  219  181
     61700  217  183
     61800  222  178
     61900  221  179
     62000  228  172
     62100  227  173
     62200  227  173
     62300  225  175
     62400  219  181
     62500  220  180
     62600  221  179
     62700  222  178
     62800  224  176
     62900  225  175
     63000  224  176
     63100  225  175
     63200  221  179
     63300  222  178
     63400  222  178
     63500  220  180
     63600  219  181
     63700  213  187
     63800  217  183
     63900  216  184
     64000  214  186
     64100  212  188
     64200  207  193
     64300  205  195
     64400  208  192
     64500  207  193
     64600  205  195
     64700  207  193
     64800  206  194
     64900  209  191
     65000  207  193
     65100  205  195
     65200  206  194
     65300  208  192
     65400  206  194
     65500  207  193
     65600  211  189
     65700  213  187
     65800  211  189
     65900  213  187
     66000  216  184
     66100  218  182
     66200  222  178
     66300  219  181
     66400  220  180
     66500  219  181
     66600  214  186
     66700  218  182
     66800  217  183
     66900  215  185
     67000  212  188
     67100  210  190
     67200  208  192
     67300  206  194
     67400  206  194
     67500  207  193
     67600  207  193
     67700  207  193
     67800  202  198
     67900  205  195
