# Evolution of the weightfunction during equilibration phase for fractional: N2
# Weightfunction after cycle        813
 0.0000000    0.7600000000E+001    0.5900000000E+001
 0.0101010    0.6300000000E+001    0.4600000000E+001
 0.0202020    0.7200000000E+001    0.5500000000E+001
 0.0303030    0.7000000000E+001    0.4500000000E+001
 0.0404040    0.6600000000E+001    0.4000000000E+001
 0.0505051    0.7200000000E+001    0.5200000000E+001
 0.0606061    0.8200000000E+001    0.5600000000E+001
 0.0707071    0.9100000000E+001    0.6600000000E+001
 0.0808081    0.8100000000E+001    0.5000000000E+001
 0.0909091    0.8300000000E+001    0.5300000000E+001
 0.1010101    0.8800000000E+001    0.5200000000E+001
 0.1111111    0.9100000000E+001    0.5400000000E+001
 0.1212121    0.8100000000E+001    0.6100000000E+001
 0.1313131    0.8400000000E+001    0.5100000000E+001
 0.1414141    0.7600000000E+001    0.6400000000E+001
 0.1515152    0.7500000000E+001    0.5500000000E+001
 0.1616162    0.7300000000E+001    0.5200000000E+001
 0.1717172    0.6800000000E+001    0.6000000000E+001
 0.1818182    0.5900000000E+001    0.5500000000E+001
 0.1919192    0.6900000000E+001    0.6000000000E+001
 0.2020202    0.5400000000E+001    0.4900000000E+001
 0.2121212    0.6300000000E+001    0.5500000000E+001
 0.2222222    0.5900000000E+001    0.4000000000E+001
 0.2323232    0.5400000000E+001    0.5200000000E+001
 0.2424242    0.5500000000E+001    0.5500000000E+001
 0.2525253    0.5300000000E+001    0.5100000000E+001
 0.2626263    0.6200000000E+001    0.4400000000E+001
 0.2727273    0.5100000000E+001    0.5800000000E+001
 0.2828283    0.6100000000E+001    0.5000000000E+001
 0.2929293    0.6500000000E+001    0.4600000000E+001
 0.3030303    0.5700000000E+001    0.4700000000E+001
 0.3131313    0.6700000000E+001    0.4200000000E+001
 0.3232323    0.6700000000E+001    0.4500000000E+001
 0.3333333    0.6600000000E+001    0.4400000000E+001
 0.3434343    0.5900000000E+001    0.4500000000E+001
 0.3535354    0.5400000000E+001    0.5300000000E+001
 0.3636364    0.6600000000E+001    0.3700000000E+001
 0.3737374    0.5000000000E+001    0.4900000000E+001
 0.3838384    0.4200000000E+001    0.3900000000E+001
 0.3939394    0.4600000000E+001    0.4800000000E+001
 0.4040404    0.5200000000E+001    0.3900000000E+001
 0.4141414    0.3000000000E+001    0.5300000000E+001
 0.4242424    0.4600000000E+001    0.4100000000E+001
 0.4343434    0.3400000000E+001    0.3400000000E+001
 0.4444444    0.3200000000E+001    0.3300000000E+001
 0.4545455    0.2300000000E+001    0.3500000000E+001
 0.4646465    0.1900000000E+001    0.3700000000E+001
 0.4747475    0.1400000000E+001    0.3600000000E+001
 0.4848485    0.1500000000E+001    0.3600000000E+001
 0.4949495    0.6000000000E+000    0.3700000000E+001
 0.5050505    0.2000000000E+000    0.3400000000E+001
 0.5151515    0.1000000000E+001    0.3300000000E+001
 0.5252525    0.1000000000E+001    0.3100000000E+001
 0.5353535    0.1100000000E+001    0.3200000000E+001
 0.5454545    0.1300000000E+001    0.2900000000E+001
 0.5555556    0.1000000000E+000    0.4200000000E+001
 0.5656566    0.7000000000E+000    0.4400000000E+001
 0.5757576    0.1600000000E+001    0.2200000000E+001
 0.5858586    0.2000000000E+000    0.2400000000E+001
 0.5959596    0.1200000000E+001    0.2800000000E+001
 0.6060606    0.1400000000E+001    0.3800000000E+001
 0.6161616    0.5000000000E+000    0.3100000000E+001
 0.6262626    0.1200000000E+001    0.3200000000E+001
 0.6363636    0.9000000000E+000    0.3800000000E+001
 0.6464646    0.5000000000E+000    0.3200000000E+001
 0.6565657    0.2100000000E+001    0.3100000000E+001
 0.6666667    0.6000000000E+000    0.3200000000E+001
 0.6767677    0.5000000000E+000    0.3200000000E+001
 0.6868687    0.6000000000E+000    0.2500000000E+001
 0.6969697    0.1700000000E+001    0.3100000000E+001
 0.7070707    0.1000000000E+001    0.2600000000E+001
 0.7171717    0.7000000000E+000    0.3100000000E+001
 0.7272727    0.1300000000E+001    0.3700000000E+001
 0.7373737    0.1200000000E+001    0.3400000000E+001
 0.7474747    0.6000000000E+000    0.2700000000E+001
 0.7575758    0.1300000000E+001    0.3600000000E+001
 0.7676768    0.8000000000E+000    0.2900000000E+001
 0.7777778    0.1300000000E+001    0.3500000000E+001
 0.7878788    0.8000000000E+000    0.3200000000E+001
 0.7979798    0.2000000000E+000    0.2600000000E+001
 0.8080808    0.5000000000E+000    0.2500000000E+001
 0.8181818    0.1100000000E+001    0.2800000000E+001
 0.8282828    0.5000000000E+000    0.2100000000E+001
 0.8383838    0.2000000000E+000    0.1900000000E+001
 0.8484848    0.9000000000E+000    0.3300000000E+001
 0.8585859    0.6000000000E+000    0.2400000000E+001
 0.8686869    0.1000000000E+000    0.2300000000E+001
 0.8787879    0.4000000000E+000    0.2200000000E+001
 0.8888889    0.1100000000E+001    0.3600000000E+001
 0.8989899    0.8000000000E+000    0.3200000000E+001
 0.9090909    0.1100000000E+001    0.2700000000E+001
 0.9191919    0.2000000000E+000    0.2500000000E+001
 0.9292929    0.8000000000E+000    0.2800000000E+001
 0.9393939    0.4000000000E+000    0.2900000000E+001
 0.9494949    0.1200000000E+001    0.3200000000E+001
 0.9595960    0.8000000000E+000    0.3100000000E+001
 0.9696970    0.8000000000E+000    0.2300000000E+001
 0.9797980    0.0000000000E+000    0.2500000000E+001
 0.9898990    0.5000000000E+000    0.2400000000E+001
 1.0000000    0.6000000000E+000    0.2600000000E+001


# Weightfunction after cycle       2538
 0.0000000    0.5825000000E+001    0.3925000000E+001
 0.0101010    0.5575000000E+001    0.3725000000E+001
 0.0202020    0.5950000000E+001    0.3800000000E+001
 0.0303030    0.6250000000E+001    0.4200000000E+001
 0.0404040    0.5750000000E+001    0.3575000000E+001
 0.0505051    0.6675000000E+001    0.4375000000E+001
 0.0606061    0.6275000000E+001    0.3600000000E+001
 0.0707071    0.6750000000E+001    0.3725000000E+001
 0.0808081    0.6900000000E+001    0.3825000000E+001
 0.0909091    0.7350000000E+001    0.3700000000E+001
 0.1010101    0.8450000000E+001    0.4150000000E+001
 0.1111111    0.8125000000E+001    0.3875000000E+001
 0.1212121    0.7725000000E+001    0.4100000000E+001
 0.1313131    0.8775000000E+001    0.3750000000E+001
 0.1414141    0.7775000000E+001    0.4025000000E+001
 0.1515152    0.7675000000E+001    0.4100000000E+001
 0.1616162    0.8050000000E+001    0.4050000000E+001
 0.1717172    0.8025000000E+001    0.3850000000E+001
 0.1818182    0.6725000000E+001    0.3600000000E+001
 0.1919192    0.6875000000E+001    0.3400000000E+001
 0.2020202    0.6750000000E+001    0.3775000000E+001
 0.2121212    0.7275000000E+001    0.4275000000E+001
 0.2222222    0.6575000000E+001    0.3775000000E+001
 0.2323232    0.6575000000E+001    0.3925000000E+001
 0.2424242    0.5950000000E+001    0.3575000000E+001
 0.2525253    0.6000000000E+001    0.3750000000E+001
 0.2626263    0.6650000000E+001    0.3850000000E+001
 0.2727273    0.6400000000E+001    0.3825000000E+001
 0.2828283    0.6150000000E+001    0.4350000000E+001
 0.2929293    0.5075000000E+001    0.4200000000E+001
 0.3030303    0.5650000000E+001    0.4100000000E+001
 0.3131313    0.5425000000E+001    0.3850000000E+001
 0.3232323    0.5750000000E+001    0.4050000000E+001
 0.3333333    0.5550000000E+001    0.3550000000E+001
 0.3434343    0.5450000000E+001    0.3600000000E+001
 0.3535354    0.5350000000E+001    0.3400000000E+001
 0.3636364    0.5400000000E+001    0.3950000000E+001
 0.3737374    0.4700000000E+001    0.2975000000E+001
 0.3838384    0.5125000000E+001    0.3650000000E+001
 0.3939394    0.4525000000E+001    0.3650000000E+001
 0.4040404    0.4825000000E+001    0.3700000000E+001
 0.4141414    0.4200000000E+001    0.3550000000E+001
 0.4242424    0.3625000000E+001    0.3625000000E+001
 0.4343434    0.3375000000E+001    0.3125000000E+001
 0.4444444    0.3400000000E+001    0.3375000000E+001
 0.4545455    0.2550000000E+001    0.3025000000E+001
 0.4646465    0.2025000000E+001    0.3200000000E+001
 0.4747475    0.1475000000E+001    0.3325000000E+001
 0.4848485    0.1600000000E+001    0.2900000000E+001
 0.4949495    0.7750000000E+000    0.3075000000E+001
 0.5050505    0.9500000000E+000    0.3125000000E+001
 0.5151515    0.6250000000E+000    0.3125000000E+001
 0.5252525    0.8750000000E+000    0.2500000000E+001
 0.5353535    0.1125000000E+001    0.2900000000E+001
 0.5454545    0.9000000000E+000    0.3125000000E+001
 0.5555556    0.1175000000E+001    0.2825000000E+001
 0.5656566    0.1050000000E+001    0.2675000000E+001
 0.5757576    0.1000000000E+001    0.2900000000E+001
 0.5858586    0.3500000000E+000    0.2550000000E+001
 0.5959596    0.7500000000E+000    0.3050000000E+001
 0.6060606    0.9750000000E+000    0.3025000000E+001
 0.6161616    0.8500000000E+000    0.2925000000E+001
 0.6262626    0.1075000000E+001    0.2975000000E+001
 0.6363636    0.1000000000E+001    0.2700000000E+001
 0.6464646    0.1075000000E+001    0.2850000000E+001
 0.6565657    0.3750000000E+000    0.3050000000E+001
 0.6666667    0.8000000000E+000    0.2425000000E+001
 0.6767677    0.8250000000E+000    0.2900000000E+001
 0.6868687    0.1075000000E+001    0.2875000000E+001
 0.6969697    0.9000000000E+000    0.2725000000E+001
 0.7070707    0.9500000000E+000    0.3000000000E+001
 0.7171717    0.7000000000E+000    0.2600000000E+001
 0.7272727    0.9000000000E+000    0.3000000000E+001
 0.7373737    0.8500000000E+000    0.2825000000E+001
 0.7474747    0.8000000000E+000    0.3050000000E+001
 0.7575758    0.7250000000E+000    0.2875000000E+001
 0.7676768    0.7500000000E+000    0.2750000000E+001
 0.7777778    0.6000000000E+000    0.2875000000E+001
 0.7878788    0.5250000000E+000    0.2800000000E+001
 0.7979798    0.3750000000E+000    0.2625000000E+001
 0.8080808    0.7750000000E+000    0.2975000000E+001
 0.8181818    0.8000000000E+000    0.2925000000E+001
 0.8282828    0.5500000000E+000    0.2850000000E+001
 0.8383838    0.5250000000E+000    0.2800000000E+001
 0.8484848    0.4000000000E+000    0.2725000000E+001
 0.8585859    0.7500000000E+000    0.2875000000E+001
 0.8686869    0.6500000000E+000    0.2850000000E+001
 0.8787879    0.3500000000E+000    0.2750000000E+001
 0.8888889    0.1750000000E+000    0.2625000000E+001
 0.8989899    0.3500000000E+000    0.2525000000E+001
 0.9090909    0.4750000000E+000    0.2950000000E+001
 0.9191919    0.6750000000E+000    0.3000000000E+001
 0.9292929    0.3500000000E+000    0.2675000000E+001
 0.9393939    0.8750000000E+000    0.3250000000E+001
 0.9494949    0.4250000000E+000    0.2925000000E+001
 0.9595960    0.5750000000E+000    0.2925000000E+001
 0.9696970    0.3500000000E+000    0.2950000000E+001
 0.9797980    0.0000000000E+000    0.2850000000E+001
 0.9898990    0.7250000000E+000    0.3050000000E+001
 1.0000000    0.4500000000E+000    0.3100000000E+001


# Weightfunction after cycle       5546
 0.0000000    0.5387500000E+001    0.3281250000E+001
 0.0101010    0.5075000000E+001    0.3075000000E+001
 0.0202020    0.5137500000E+001    0.3200000000E+001
 0.0303030    0.5231250000E+001    0.3225000000E+001
 0.0404040    0.5337500000E+001    0.3175000000E+001
 0.0505051    0.5668750000E+001    0.3287500000E+001
 0.0606061    0.5756250000E+001    0.3231250000E+001
 0.0707071    0.6237500000E+001    0.3231250000E+001
 0.0808081    0.6337500000E+001    0.3143750000E+001
 0.0909091    0.6775000000E+001    0.3193750000E+001
 0.1010101    0.6887500000E+001    0.3125000000E+001
 0.1111111    0.7037500000E+001    0.2931250000E+001
 0.1212121    0.7181250000E+001    0.3175000000E+001
 0.1313131    0.7131250000E+001    0.2893750000E+001
 0.1414141    0.6943750000E+001    0.3181250000E+001
 0.1515152    0.6981250000E+001    0.3225000000E+001
 0.1616162    0.7331250000E+001    0.3275000000E+001
 0.1717172    0.6975000000E+001    0.3100000000E+001
 0.1818182    0.6831250000E+001    0.3068750000E+001
 0.1919192    0.6718750000E+001    0.3125000000E+001
 0.2020202    0.6381250000E+001    0.3193750000E+001
 0.2121212    0.6318750000E+001    0.2993750000E+001
 0.2222222    0.6156250000E+001    0.3175000000E+001
 0.2323232    0.6156250000E+001    0.3037500000E+001
 0.2424242    0.5900000000E+001    0.3350000000E+001
 0.2525253    0.5968750000E+001    0.3281250000E+001
 0.2626263    0.5606250000E+001    0.3118750000E+001
 0.2727273    0.5831250000E+001    0.3112500000E+001
 0.2828283    0.5643750000E+001    0.3237500000E+001
 0.2929293    0.5525000000E+001    0.3068750000E+001
 0.3030303    0.5337500000E+001    0.3143750000E+001
 0.3131313    0.5231250000E+001    0.3043750000E+001
 0.3232323    0.5000000000E+001    0.3062500000E+001
 0.3333333    0.4906250000E+001    0.2843750000E+001
 0.3434343    0.4775000000E+001    0.2962500000E+001
 0.3535354    0.4743750000E+001    0.3043750000E+001
 0.3636364    0.4318750000E+001    0.3025000000E+001
 0.3737374    0.4156250000E+001    0.2862500000E+001
 0.3838384    0.3881250000E+001    0.2981250000E+001
 0.3939394    0.3600000000E+001    0.3100000000E+001
 0.4040404    0.3406250000E+001    0.2875000000E+001
 0.4141414    0.3443750000E+001    0.2768750000E+001
 0.4242424    0.2868750000E+001    0.2981250000E+001
 0.4343434    0.2462500000E+001    0.2712500000E+001
 0.4444444    0.2312500000E+001    0.2706250000E+001
 0.4545455    0.2037500000E+001    0.2650000000E+001
 0.4646465    0.1600000000E+001    0.2687500000E+001
 0.4747475    0.1468750000E+001    0.2712500000E+001
 0.4848485    0.9187500000E+000    0.2412500000E+001
 0.4949495    0.6312500000E+000    0.2512500000E+001
 0.5050505    0.2625000000E+000    0.2387500000E+001
 0.5151515    0.2562500000E+000    0.2518750000E+001
 0.5252525    0.3062500000E+000    0.2587500000E+001
 0.5353535    0.3812500000E+000    0.2418750000E+001
 0.5454545    0.2812500000E+000    0.2356250000E+001
 0.5555556    0.3812500000E+000    0.2712500000E+001
 0.5656566    0.3375000000E+000    0.2418750000E+001
 0.5757576    0.4625000000E+000    0.2506250000E+001
 0.5858586    0.2375000000E+000    0.2256250000E+001
 0.5959596    0.2875000000E+000    0.2487500000E+001
 0.6060606    0.3687500000E+000    0.2431250000E+001
 0.6161616    0.4375000000E+000    0.2487500000E+001
 0.6262626    0.2937500000E+000    0.2300000000E+001
 0.6363636    0.2500000000E+000    0.2437500000E+001
 0.6464646    0.5187500000E+000    0.2225000000E+001
 0.6565657    0.3500000000E+000    0.2312500000E+001
 0.6666667    0.2875000000E+000    0.2425000000E+001
 0.6767677    0.2687500000E+000    0.2275000000E+001
 0.6868687    0.3562500000E+000    0.2443750000E+001
 0.6969697    0.2125000000E+000    0.2412500000E+001
 0.7070707    0.2687500000E+000    0.2393750000E+001
 0.7171717    0.1875000000E+000    0.2262500000E+001
 0.7272727    0.2562500000E+000    0.2368750000E+001
 0.7373737    0.1687500000E+000    0.2337500000E+001
 0.7474747    0.3687500000E+000    0.2412500000E+001
 0.7575758    0.3250000000E+000    0.2456250000E+001
 0.7676768    0.2437500000E+000    0.2275000000E+001
 0.7777778    0.4500000000E+000    0.2475000000E+001
 0.7878788    0.2250000000E+000    0.2406250000E+001
 0.7979798    0.3750000000E+000    0.2481250000E+001
 0.8080808    0.3500000000E+000    0.2406250000E+001
 0.8181818    0.3062500000E+000    0.2487500000E+001
 0.8282828    0.2375000000E+000    0.2437500000E+001
 0.8383838    0.2125000000E+000    0.2331250000E+001
 0.8484848    0.1562500000E+000    0.2381250000E+001
 0.8585859    0.2562500000E+000    0.2500000000E+001
 0.8686869    0.1375000000E+000    0.2362500000E+001
 0.8787879    0.3875000000E+000    0.2425000000E+001
 0.8888889    0.1250000000E+000    0.2343750000E+001
 0.8989899    0.3125000000E+000    0.2625000000E+001
 0.9090909    0.3187500000E+000    0.2437500000E+001
 0.9191919    0.1437500000E+000    0.2518750000E+001
 0.9292929    0.1687500000E+000    0.2431250000E+001
 0.9393939    0.3187500000E+000    0.2606250000E+001
 0.9494949    0.2625000000E+000    0.2562500000E+001
 0.9595960    0.0000000000E+000    0.2212500000E+001
 0.9696970    0.1937500000E+000    0.2481250000E+001
 0.9797980    0.1062500000E+000    0.2306250000E+001
 0.9898990    0.6250000000E-001    0.2337500000E+001
 1.0000000    0.1875000000E-001    0.2343750000E+001


# Weightfunction after cycle      15756
 0.0000000    0.5390625000E+001    0.3432812500E+001
 0.0101010    0.5421875000E+001    0.3475000000E+001
 0.0202020    0.5509375000E+001    0.3478125000E+001
 0.0303030    0.5623437500E+001    0.3521875000E+001
 0.0404040    0.5737500000E+001    0.3554687500E+001
 0.0505051    0.5962500000E+001    0.3507812500E+001
 0.0606061    0.6285937500E+001    0.3548437500E+001
 0.0707071    0.6356250000E+001    0.3426562500E+001
 0.0808081    0.6798437500E+001    0.3556250000E+001
 0.0909091    0.7015625000E+001    0.3515625000E+001
 0.1010101    0.7051562500E+001    0.3334375000E+001
 0.1111111    0.7421875000E+001    0.3370312500E+001
 0.1212121    0.7537500000E+001    0.3359375000E+001
 0.1313131    0.7681250000E+001    0.3578125000E+001
 0.1414141    0.7632812500E+001    0.3440625000E+001
 0.1515152    0.7559375000E+001    0.3492187500E+001
 0.1616162    0.7704687500E+001    0.3304687500E+001
 0.1717172    0.7504687500E+001    0.3329687500E+001
 0.1818182    0.7667187500E+001    0.3420312500E+001
 0.1919192    0.7696875000E+001    0.3306250000E+001
 0.2020202    0.7439062500E+001    0.3356250000E+001
 0.2121212    0.7503125000E+001    0.3471875000E+001
 0.2222222    0.7492187500E+001    0.3392187500E+001
 0.2323232    0.7364062500E+001    0.3342187500E+001
 0.2424242    0.7307812500E+001    0.3317187500E+001
 0.2525253    0.7171875000E+001    0.3335937500E+001
 0.2626263    0.7104687500E+001    0.3228125000E+001
 0.2727273    0.7240625000E+001    0.3368750000E+001
 0.2828283    0.7075000000E+001    0.3357812500E+001
 0.2929293    0.7032812500E+001    0.3287500000E+001
 0.3030303    0.6668750000E+001    0.3303125000E+001
 0.3131313    0.6600000000E+001    0.3181250000E+001
 0.3232323    0.6440625000E+001    0.3243750000E+001
 0.3333333    0.6129687500E+001    0.3246875000E+001
 0.3434343    0.5982812500E+001    0.3160937500E+001
 0.3535354    0.5845312500E+001    0.3032812500E+001
 0.3636364    0.5239062500E+001    0.3195312500E+001
 0.3737374    0.4843750000E+001    0.3092187500E+001
 0.3838384    0.4737500000E+001    0.3156250000E+001
 0.3939394    0.4365625000E+001    0.3065625000E+001
 0.4040404    0.3939062500E+001    0.3140625000E+001
 0.4141414    0.3614062500E+001    0.3026562500E+001
 0.4242424    0.3181250000E+001    0.3059375000E+001
 0.4343434    0.2990625000E+001    0.3003125000E+001
 0.4444444    0.2576562500E+001    0.2965625000E+001
 0.4545455    0.2239062500E+001    0.2932812500E+001
 0.4646465    0.1812500000E+001    0.2846875000E+001
 0.4747475    0.1442187500E+001    0.2785937500E+001
 0.4848485    0.9312500000E+000    0.2728125000E+001
 0.4949495    0.5937500000E+000    0.2701562500E+001
 0.5050505    0.4468750000E+000    0.2631250000E+001
 0.5151515    0.4750000000E+000    0.2692187500E+001
 0.5252525    0.4921875000E+000    0.2582812500E+001
 0.5353535    0.4656250000E+000    0.2648437500E+001
 0.5454545    0.4781250000E+000    0.2635937500E+001
 0.5555556    0.5031250000E+000    0.2657812500E+001
 0.5656566    0.5093750000E+000    0.2695312500E+001
 0.5757576    0.5281250000E+000    0.2689062500E+001
 0.5858586    0.4781250000E+000    0.2610937500E+001
 0.5959596    0.3453125000E+000    0.2531250000E+001
 0.6060606    0.4078125000E+000    0.2684375000E+001
 0.6161616    0.3703125000E+000    0.2712500000E+001
 0.6262626    0.4062500000E+000    0.2646875000E+001
 0.6363636    0.3078125000E+000    0.2609375000E+001
 0.6464646    0.3625000000E+000    0.2582812500E+001
 0.6565657    0.4656250000E+000    0.2609375000E+001
 0.6666667    0.4203125000E+000    0.2665625000E+001
 0.6767677    0.3953125000E+000    0.2607812500E+001
 0.6868687    0.3625000000E+000    0.2651562500E+001
 0.6969697    0.3890625000E+000    0.2542187500E+001
 0.7070707    0.3484375000E+000    0.2635937500E+001
 0.7171717    0.3031250000E+000    0.2575000000E+001
 0.7272727    0.3578125000E+000    0.2650000000E+001
 0.7373737    0.3093750000E+000    0.2579687500E+001
 0.7474747    0.3859375000E+000    0.2629687500E+001
 0.7575758    0.3000000000E+000    0.2623437500E+001
 0.7676768    0.3000000000E+000    0.2609375000E+001
 0.7777778    0.2000000000E+000    0.2518750000E+001
 0.7878788    0.2578125000E+000    0.2575000000E+001
 0.7979798    0.2031250000E+000    0.2587500000E+001
 0.8080808    0.2562500000E+000    0.2625000000E+001
 0.8181818    0.2093750000E+000    0.2550000000E+001
 0.8282828    0.1671875000E+000    0.2550000000E+001
 0.8383838    0.2546875000E+000    0.2595312500E+001
 0.8484848    0.1812500000E+000    0.2603125000E+001
 0.8585859    0.1500000000E+000    0.2575000000E+001
 0.8686869    0.2140625000E+000    0.2604687500E+001
 0.8787879    0.1718750000E+000    0.2562500000E+001
 0.8888889    0.1812500000E+000    0.2587500000E+001
 0.8989899    0.2062500000E+000    0.2631250000E+001
 0.9090909    0.1093750000E+000    0.2550000000E+001
 0.9191919    0.8125000000E-001    0.2579687500E+001
 0.9292929    0.7656250000E-001    0.2482812500E+001
 0.9393939    0.9531250000E-001    0.2568750000E+001
 0.9494949    0.1187500000E+000    0.2609375000E+001
 0.9595960    0.1250000000E+000    0.2614062500E+001
 0.9696970    0.7812500000E-001    0.2556250000E+001
 0.9797980    0.0000000000E+000    0.2562500000E+001
 0.9898990    0.1437500000E+000    0.2648437500E+001
 1.0000000    0.2812500000E-001    0.2526562500E+001


# Weightfunction after cycle      34357
 0.0000000    0.4981250000E+001    0.3081250000E+001
 0.0101010    0.5035937500E+001    0.3117968750E+001
 0.0202020    0.5146093750E+001    0.3184375000E+001
 0.0303030    0.5211718750E+001    0.3163671875E+001
 0.0404040    0.5387109375E+001    0.3178515625E+001
 0.0505051    0.5587890625E+001    0.3146484375E+001
 0.0606061    0.5857812500E+001    0.3162109375E+001
 0.0707071    0.6113281250E+001    0.3142187500E+001
 0.0808081    0.6476562500E+001    0.3186718750E+001
 0.0909091    0.6731640625E+001    0.3106640625E+001
 0.1010101    0.7056250000E+001    0.3130859375E+001
 0.1111111    0.7321093750E+001    0.3098437500E+001
 0.1212121    0.7471875000E+001    0.3172656250E+001
 0.1313131    0.7569140625E+001    0.3149609375E+001
 0.1414141    0.7655468750E+001    0.3153906250E+001
 0.1515152    0.7814843750E+001    0.3093750000E+001
 0.1616162    0.7680078125E+001    0.3098828125E+001
 0.1717172    0.7753906250E+001    0.3103125000E+001
 0.1818182    0.7655468750E+001    0.3143750000E+001
 0.1919192    0.7717968750E+001    0.3117578125E+001
 0.2020202    0.7825390625E+001    0.3136328125E+001
 0.2121212    0.7741796875E+001    0.3118750000E+001
 0.2222222    0.7745703125E+001    0.3094921875E+001
 0.2323232    0.7608593750E+001    0.3094531250E+001
 0.2424242    0.7630078125E+001    0.3054687500E+001
 0.2525253    0.7501562500E+001    0.3074218750E+001
 0.2626263    0.7411328125E+001    0.3110156250E+001
 0.2727273    0.7332421875E+001    0.3043359375E+001
 0.2828283    0.7144140625E+001    0.3109765625E+001
 0.2929293    0.6967578125E+001    0.3104296875E+001
 0.3030303    0.6787109375E+001    0.3048828125E+001
 0.3131313    0.6534765625E+001    0.3057421875E+001
 0.3232323    0.6333203125E+001    0.3047656250E+001
 0.3333333    0.6019921875E+001    0.3058593750E+001
 0.3434343    0.5777734375E+001    0.3033984375E+001
 0.3535354    0.5455078125E+001    0.2992187500E+001
 0.3636364    0.5235937500E+001    0.2983593750E+001
 0.3737374    0.4993750000E+001    0.2976562500E+001
 0.3838384    0.4594531250E+001    0.2957812500E+001
 0.3939394    0.4216796875E+001    0.2966796875E+001
 0.4040404    0.3919531250E+001    0.2991406250E+001
 0.4141414    0.3512109375E+001    0.2975390625E+001
 0.4242424    0.3208203125E+001    0.2973437500E+001
 0.4343434    0.2800390625E+001    0.2927734375E+001
 0.4444444    0.2427734375E+001    0.2951562500E+001
 0.4545455    0.2062890625E+001    0.2907031250E+001
 0.4646465    0.1701171875E+001    0.2895312500E+001
 0.4747475    0.1326171875E+001    0.2897656250E+001
 0.4848485    0.9152343750E+000    0.2876171875E+001
 0.4949495    0.5132812500E+000    0.2879687500E+001
 0.5050505    0.3496093750E+000    0.2882031250E+001
 0.5151515    0.2859375000E+000    0.2861718750E+001
 0.5252525    0.3617187500E+000    0.2830859375E+001
 0.5353535    0.3351562500E+000    0.2816796875E+001
 0.5454545    0.3199218750E+000    0.2842968750E+001
 0.5555556    0.2957031250E+000    0.2807812500E+001
 0.5656566    0.3601562500E+000    0.2822265625E+001
 0.5757576    0.3238281250E+000    0.2844531250E+001
 0.5858586    0.3230468750E+000    0.2808984375E+001
 0.5959596    0.3179687500E+000    0.2860937500E+001
 0.6060606    0.3160156250E+000    0.2815625000E+001
 0.6161616    0.3304687500E+000    0.2829687500E+001
 0.6262626    0.3136718750E+000    0.2842187500E+001
 0.6363636    0.2703125000E+000    0.2895312500E+001
 0.6464646    0.3042968750E+000    0.2860937500E+001
 0.6565657    0.3207031250E+000    0.2812500000E+001
 0.6666667    0.2750000000E+000    0.2849609375E+001
 0.6767677    0.2925781250E+000    0.2849609375E+001
 0.6868687    0.3015625000E+000    0.2857031250E+001
 0.6969697    0.2585937500E+000    0.2908203125E+001
 0.7070707    0.2832031250E+000    0.2846875000E+001
 0.7171717    0.2796875000E+000    0.2842968750E+001
 0.7272727    0.2796875000E+000    0.2869140625E+001
 0.7373737    0.2625000000E+000    0.2821484375E+001
 0.7474747    0.2972656250E+000    0.2879296875E+001
 0.7575758    0.2253906250E+000    0.2818359375E+001
 0.7676768    0.2125000000E+000    0.2828125000E+001
 0.7777778    0.2273437500E+000    0.2827343750E+001
 0.7878788    0.2195312500E+000    0.2833203125E+001
 0.7979798    0.2109375000E+000    0.2833593750E+001
 0.8080808    0.2007812500E+000    0.2841015625E+001
 0.8181818    0.2289062500E+000    0.2894140625E+001
 0.8282828    0.1773437500E+000    0.2847265625E+001
 0.8383838    0.1621093750E+000    0.2838671875E+001
 0.8484848    0.1460937500E+000    0.2820703125E+001
 0.8585859    0.1441406250E+000    0.2807421875E+001
 0.8686869    0.1703125000E+000    0.2843750000E+001
 0.8787879    0.1039062500E+000    0.2814453125E+001
 0.8888889    0.1269531250E+000    0.2839453125E+001
 0.8989899    0.1007812500E+000    0.2842187500E+001
 0.9090909    0.7851562500E-001    0.2816015625E+001
 0.9191919    0.9101562500E-001    0.2833203125E+001
 0.9292929    0.1000000000E+000    0.2836328125E+001
 0.9393939    0.6523437500E-001    0.2834375000E+001
 0.9494949    0.2617187500E-001    0.2802734375E+001
 0.9595960    0.1019531250E+000    0.2859765625E+001
 0.9696970    0.1601562500E-001    0.2813671875E+001
 0.9797980    0.4960937500E-001    0.2860156250E+001
 0.9898990    0.0000000000E+000    0.2831250000E+001
 1.0000000    0.2226562500E-001    0.2838281250E+001


