# Evolution of the weightfunction during equilibration phase for fractional: N2
# Weightfunction after cycle        573
 0.0000000    0.4500000000E+001    0.3300000000E+001
 0.0101010    0.4200000000E+001    0.2700000000E+001
 0.0202020    0.4900000000E+001    0.3000000000E+001
 0.0303030    0.5300000000E+001    0.3200000000E+001
 0.0404040    0.5200000000E+001    0.3400000000E+001
 0.0505051    0.4900000000E+001    0.3300000000E+001
 0.0606061    0.5700000000E+001    0.3400000000E+001
 0.0707071    0.5400000000E+001    0.3600000000E+001
 0.0808081    0.5300000000E+001    0.2800000000E+001
 0.0909091    0.5300000000E+001    0.3900000000E+001
 0.1010101    0.5200000000E+001    0.2900000000E+001
 0.1111111    0.5900000000E+001    0.3800000000E+001
 0.1212121    0.5100000000E+001    0.3000000000E+001
 0.1313131    0.5900000000E+001    0.3600000000E+001
 0.1414141    0.4500000000E+001    0.4100000000E+001
 0.1515152    0.5300000000E+001    0.2700000000E+001
 0.1616162    0.5200000000E+001    0.3500000000E+001
 0.1717172    0.6000000000E+001    0.2500000000E+001
 0.1818182    0.5200000000E+001    0.2600000000E+001
 0.1919192    0.5200000000E+001    0.3400000000E+001
 0.2020202    0.4000000000E+001    0.2500000000E+001
 0.2121212    0.4000000000E+001    0.3400000000E+001
 0.2222222    0.5100000000E+001    0.2900000000E+001
 0.2323232    0.5200000000E+001    0.2800000000E+001
 0.2424242    0.4000000000E+001    0.2100000000E+001
 0.2525253    0.5000000000E+001    0.2000000000E+001
 0.2626263    0.4200000000E+001    0.2400000000E+001
 0.2727273    0.3500000000E+001    0.3200000000E+001
 0.2828283    0.4300000000E+001    0.2500000000E+001
 0.2929293    0.4600000000E+001    0.2600000000E+001
 0.3030303    0.4000000000E+001    0.3000000000E+001
 0.3131313    0.2500000000E+001    0.2300000000E+001
 0.3232323    0.4600000000E+001    0.2300000000E+001
 0.3333333    0.4500000000E+001    0.2700000000E+001
 0.3434343    0.3100000000E+001    0.2600000000E+001
 0.3535354    0.3000000000E+001    0.2700000000E+001
 0.3636364    0.4900000000E+001    0.2600000000E+001
 0.3737374    0.3500000000E+001    0.2800000000E+001
 0.3838384    0.3700000000E+001    0.2100000000E+001
 0.3939394    0.3000000000E+001    0.3000000000E+001
 0.4040404    0.3100000000E+001    0.2500000000E+001
 0.4141414    0.3600000000E+001    0.1700000000E+001
 0.4242424    0.2600000000E+001    0.2000000000E+001
 0.4343434    0.3100000000E+001    0.2400000000E+001
 0.4444444    0.2200000000E+001    0.2300000000E+001
 0.4545455    0.2900000000E+001    0.2400000000E+001
 0.4646465    0.1300000000E+001    0.1900000000E+001
 0.4747475    0.1100000000E+001    0.2300000000E+001
 0.4848485    0.2200000000E+001    0.3100000000E+001
 0.4949495    0.1900000000E+001    0.2900000000E+001
 0.5050505    0.1800000000E+001    0.2300000000E+001
 0.5151515    0.8000000000E+000    0.2800000000E+001
 0.5252525    0.1100000000E+001    0.1600000000E+001
 0.5353535    0.1300000000E+001    0.1700000000E+001
 0.5454545    0.9000000000E+000    0.2200000000E+001
 0.5555556    0.8000000000E+000    0.1900000000E+001
 0.5656566    0.1600000000E+001    0.2100000000E+001
 0.5757576    0.1200000000E+001    0.3000000000E+001
 0.5858586    0.9000000000E+000    0.2900000000E+001
 0.5959596    0.1400000000E+001    0.2700000000E+001
 0.6060606    0.9000000000E+000    0.2300000000E+001
 0.6161616    0.1300000000E+001    0.2100000000E+001
 0.6262626    0.1400000000E+001    0.2400000000E+001
 0.6363636    0.8000000000E+000    0.2500000000E+001
 0.6464646    0.1000000000E+001    0.2400000000E+001
 0.6565657    0.5000000000E+000    0.2300000000E+001
 0.6666667    0.1100000000E+001    0.2400000000E+001
 0.6767677    0.0000000000E+000    0.2300000000E+001
 0.6868687    0.1000000000E+001    0.3000000000E+001
 0.6969697    0.9000000000E+000    0.2200000000E+001
 0.7070707    0.7000000000E+000    0.2000000000E+001
 0.7171717    0.1200000000E+001    0.2900000000E+001
 0.7272727    0.1100000000E+001    0.2400000000E+001
 0.7373737    0.1100000000E+001    0.2600000000E+001
 0.7474747    0.1100000000E+001    0.2700000000E+001
 0.7575758    0.9000000000E+000    0.2600000000E+001
 0.7676768    0.8000000000E+000    0.2400000000E+001
 0.7777778    0.1300000000E+001    0.2600000000E+001
 0.7878788    0.1300000000E+001    0.2800000000E+001
 0.7979798    0.8000000000E+000    0.2200000000E+001
 0.8080808    0.1000000000E+001    0.2300000000E+001
 0.8181818    0.1100000000E+001    0.2400000000E+001
 0.8282828    0.6000000000E+000    0.2600000000E+001
 0.8383838    0.8000000000E+000    0.2700000000E+001
 0.8484848    0.1000000000E+001    0.2600000000E+001
 0.8585859    0.4000000000E+000    0.2600000000E+001
 0.8686869    0.8000000000E+000    0.2300000000E+001
 0.8787879    0.2100000000E+001    0.3300000000E+001
 0.8888889    0.5000000000E+000    0.1700000000E+001
 0.8989899    0.6000000000E+000    0.2500000000E+001
 0.9090909    0.1300000000E+001    0.2900000000E+001
 0.9191919    0.1400000000E+001    0.3300000000E+001
 0.9292929    0.1300000000E+001    0.2500000000E+001
 0.9393939    0.1200000000E+001    0.3100000000E+001
 0.9494949    0.8000000000E+000    0.2500000000E+001
 0.9595960    0.9000000000E+000    0.2800000000E+001
 0.9696970    0.7000000000E+000    0.2700000000E+001
 0.9797980    0.8000000000E+000    0.2900000000E+001
 0.9898990    0.1000000000E+000    0.2200000000E+001
 1.0000000    0.6000000000E+000    0.2400000000E+001


# Weightfunction after cycle       2151
 0.0000000    0.3000000000E+001    0.1300000000E+001
 0.0101010    0.4125000000E+001    0.2300000000E+001
 0.0202020    0.4025000000E+001    0.1875000000E+001
 0.0303030    0.3825000000E+001    0.1875000000E+001
 0.0404040    0.3475000000E+001    0.1625000000E+001
 0.0505051    0.4375000000E+001    0.1950000000E+001
 0.0606061    0.3875000000E+001    0.1575000000E+001
 0.0707071    0.4575000000E+001    0.2025000000E+001
 0.0808081    0.4200000000E+001    0.1725000000E+001
 0.0909091    0.4625000000E+001    0.1725000000E+001
 0.1010101    0.4950000000E+001    0.1725000000E+001
 0.1111111    0.4975000000E+001    0.2450000000E+001
 0.1212121    0.5050000000E+001    0.2275000000E+001
 0.1313131    0.5100000000E+001    0.2125000000E+001
 0.1414141    0.5675000000E+001    0.2500000000E+001
 0.1515152    0.5150000000E+001    0.2000000000E+001
 0.1616162    0.4975000000E+001    0.1900000000E+001
 0.1717172    0.4700000000E+001    0.2200000000E+001
 0.1818182    0.5450000000E+001    0.2425000000E+001
 0.1919192    0.4950000000E+001    0.2325000000E+001
 0.2020202    0.4875000000E+001    0.2375000000E+001
 0.2121212    0.4375000000E+001    0.2325000000E+001
 0.2222222    0.4925000000E+001    0.1875000000E+001
 0.2323232    0.5175000000E+001    0.2500000000E+001
 0.2424242    0.4675000000E+001    0.2150000000E+001
 0.2525253    0.4800000000E+001    0.2025000000E+001
 0.2626263    0.4700000000E+001    0.2425000000E+001
 0.2727273    0.5100000000E+001    0.2200000000E+001
 0.2828283    0.4825000000E+001    0.2025000000E+001
 0.2929293    0.5425000000E+001    0.1950000000E+001
 0.3030303    0.5075000000E+001    0.2325000000E+001
 0.3131313    0.4250000000E+001    0.1900000000E+001
 0.3232323    0.4375000000E+001    0.2150000000E+001
 0.3333333    0.3900000000E+001    0.1975000000E+001
 0.3434343    0.4225000000E+001    0.1800000000E+001
 0.3535354    0.3725000000E+001    0.2325000000E+001
 0.3636364    0.3850000000E+001    0.2550000000E+001
 0.3737374    0.2925000000E+001    0.2250000000E+001
 0.3838384    0.3250000000E+001    0.1925000000E+001
 0.3939394    0.2975000000E+001    0.2100000000E+001
 0.4040404    0.3000000000E+001    0.2275000000E+001
 0.4141414    0.2525000000E+001    0.2125000000E+001
 0.4242424    0.2250000000E+001    0.2425000000E+001
 0.4343434    0.1800000000E+001    0.2100000000E+001
 0.4444444    0.1900000000E+001    0.2175000000E+001
 0.4545455    0.1800000000E+001    0.1900000000E+001
 0.4646465    0.1400000000E+001    0.1675000000E+001
 0.4747475    0.1150000000E+001    0.1975000000E+001
 0.4848485    0.1400000000E+001    0.1925000000E+001
 0.4949495    0.9000000000E+000    0.1975000000E+001
 0.5050505    0.1050000000E+001    0.1900000000E+001
 0.5151515    0.6000000000E+000    0.1875000000E+001
 0.5252525    0.1100000000E+001    0.1900000000E+001
 0.5353535    0.4250000000E+000    0.1800000000E+001
 0.5454545    0.3250000000E+000    0.1825000000E+001
 0.5555556    0.7750000000E+000    0.2075000000E+001
 0.5656566    0.4750000000E+000    0.1925000000E+001
 0.5757576    0.6500000000E+000    0.1975000000E+001
 0.5858586    0.8500000000E+000    0.2100000000E+001
 0.5959596    0.2500000000E+000    0.1425000000E+001
 0.6060606    0.4750000000E+000    0.2025000000E+001
 0.6161616    0.9500000000E+000    0.2150000000E+001
 0.6262626    0.6250000000E+000    0.1975000000E+001
 0.6363636    0.5750000000E+000    0.2175000000E+001
 0.6464646    0.3000000000E+000    0.2425000000E+001
 0.6565657    0.5750000000E+000    0.1975000000E+001
 0.6666667    0.4000000000E+000    0.2750000000E+001
 0.6767677    0.6000000000E+000    0.2050000000E+001
 0.6868687    0.5500000000E+000    0.1750000000E+001
 0.6969697    0.8250000000E+000    0.2225000000E+001
 0.7070707    0.9250000000E+000    0.2225000000E+001
 0.7171717    0.7250000000E+000    0.2150000000E+001
 0.7272727    0.2250000000E+000    0.1925000000E+001
 0.7373737    0.7250000000E+000    0.2375000000E+001
 0.7474747    0.4500000000E+000    0.2150000000E+001
 0.7575758    0.5500000000E+000    0.1975000000E+001
 0.7676768    0.5250000000E+000    0.2325000000E+001
 0.7777778    0.4250000000E+000    0.1875000000E+001
 0.7878788    0.3750000000E+000    0.2150000000E+001
 0.7979798    0.5250000000E+000    0.2100000000E+001
 0.8080808    0.8000000000E+000    0.2475000000E+001
 0.8181818    0.2000000000E+000    0.1750000000E+001
 0.8282828    0.3000000000E+000    0.1925000000E+001
 0.8383838    0.4000000000E+000    0.2100000000E+001
 0.8484848    0.2500000000E+000    0.2100000000E+001
 0.8585859    0.5000000000E+000    0.2200000000E+001
 0.8686869    0.2500000000E+000    0.2000000000E+001
 0.8787879    0.2250000000E+000    0.2000000000E+001
 0.8888889    0.3500000000E+000    0.2100000000E+001
 0.8989899    0.3500000000E+000    0.2150000000E+001
 0.9090909    0.2250000000E+000    0.1925000000E+001
 0.9191919    0.5000000000E+000    0.2075000000E+001
 0.9292929    0.6500000000E+000    0.2450000000E+001
 0.9393939    0.3500000000E+000    0.2100000000E+001
 0.9494949    0.2000000000E+000    0.1800000000E+001
 0.9595960    0.3250000000E+000    0.2125000000E+001
 0.9696970    0.1500000000E+000    0.2000000000E+001
 0.9797980    0.4250000000E+000    0.1875000000E+001
 0.9898990    0.5250000000E+000    0.2425000000E+001
 1.0000000    0.0000000000E+000    0.1775000000E+001


# Weightfunction after cycle       5256
 0.0000000    0.4331250000E+001    0.2531250000E+001
 0.0101010    0.4268750000E+001    0.2525000000E+001
 0.0202020    0.4487500000E+001    0.2525000000E+001
 0.0303030    0.4331250000E+001    0.2418750000E+001
 0.0404040    0.4318750000E+001    0.2387500000E+001
 0.0505051    0.4718750000E+001    0.2656250000E+001
 0.0606061    0.4500000000E+001    0.2293750000E+001
 0.0707071    0.4775000000E+001    0.2356250000E+001
 0.0808081    0.5212500000E+001    0.2506250000E+001
 0.0909091    0.5350000000E+001    0.2662500000E+001
 0.1010101    0.5387500000E+001    0.2462500000E+001
 0.1111111    0.5300000000E+001    0.2325000000E+001
 0.1212121    0.5150000000E+001    0.2368750000E+001
 0.1313131    0.5256250000E+001    0.2312500000E+001
 0.1414141    0.5250000000E+001    0.2475000000E+001
 0.1515152    0.5493750000E+001    0.2362500000E+001
 0.1616162    0.5550000000E+001    0.2375000000E+001
 0.1717172    0.5906250000E+001    0.2531250000E+001
 0.1818182    0.5193750000E+001    0.2325000000E+001
 0.1919192    0.5518750000E+001    0.2262500000E+001
 0.2020202    0.5225000000E+001    0.2568750000E+001
 0.2121212    0.5062500000E+001    0.2518750000E+001
 0.2222222    0.5156250000E+001    0.2425000000E+001
 0.2323232    0.5343750000E+001    0.2550000000E+001
 0.2424242    0.5131250000E+001    0.2418750000E+001
 0.2525253    0.5118750000E+001    0.2581250000E+001
 0.2626263    0.4668750000E+001    0.2443750000E+001
 0.2727273    0.5087500000E+001    0.2075000000E+001
 0.2828283    0.4606250000E+001    0.2481250000E+001
 0.2929293    0.4606250000E+001    0.2387500000E+001
 0.3030303    0.4431250000E+001    0.2343750000E+001
 0.3131313    0.4162500000E+001    0.2443750000E+001
 0.3232323    0.4050000000E+001    0.2393750000E+001
 0.3333333    0.3706250000E+001    0.2381250000E+001
 0.3434343    0.3625000000E+001    0.2281250000E+001
 0.3535354    0.3431250000E+001    0.2275000000E+001
 0.3636364    0.3325000000E+001    0.2375000000E+001
 0.3737374    0.3050000000E+001    0.2331250000E+001
 0.3838384    0.2706250000E+001    0.2381250000E+001
 0.3939394    0.2706250000E+001    0.2143750000E+001
 0.4040404    0.2418750000E+001    0.2306250000E+001
 0.4141414    0.2443750000E+001    0.2181250000E+001
 0.4242424    0.1950000000E+001    0.2381250000E+001
 0.4343434    0.1787500000E+001    0.2381250000E+001
 0.4444444    0.1506250000E+001    0.2118750000E+001
 0.4545455    0.1493750000E+001    0.2212500000E+001
 0.4646465    0.1318750000E+001    0.2487500000E+001
 0.4747475    0.8312500000E+000    0.2225000000E+001
 0.4848485    0.8437500000E+000    0.2312500000E+001
 0.4949495    0.5625000000E+000    0.2237500000E+001
 0.5050505    0.4750000000E+000    0.2168750000E+001
 0.5151515    0.3250000000E+000    0.2356250000E+001
 0.5252525    0.4062500000E+000    0.2168750000E+001
 0.5353535    0.6187500000E+000    0.2293750000E+001
 0.5454545    0.4687500000E+000    0.2250000000E+001
 0.5555556    0.4500000000E+000    0.2400000000E+001
 0.5656566    0.4875000000E+000    0.2318750000E+001
 0.5757576    0.3687500000E+000    0.2187500000E+001
 0.5858586    0.6750000000E+000    0.2081250000E+001
 0.5959596    0.5562500000E+000    0.2393750000E+001
 0.6060606    0.4500000000E+000    0.2087500000E+001
 0.6161616    0.2750000000E+000    0.2468750000E+001
 0.6262626    0.4562500000E+000    0.2175000000E+001
 0.6363636    0.4000000000E+000    0.2168750000E+001
 0.6464646    0.4750000000E+000    0.2237500000E+001
 0.6565657    0.3750000000E+000    0.2275000000E+001
 0.6666667    0.3750000000E+000    0.2250000000E+001
 0.6767677    0.3187500000E+000    0.2243750000E+001
 0.6868687    0.3875000000E+000    0.2175000000E+001
 0.6969697    0.3312500000E+000    0.2193750000E+001
 0.7070707    0.2437500000E+000    0.2162500000E+001
 0.7171717    0.4187500000E+000    0.2275000000E+001
 0.7272727    0.3312500000E+000    0.2143750000E+001
 0.7373737    0.3937500000E+000    0.2275000000E+001
 0.7474747    0.3312500000E+000    0.2156250000E+001
 0.7575758    0.3375000000E+000    0.2268750000E+001
 0.7676768    0.3000000000E+000    0.2181250000E+001
 0.7777778    0.2875000000E+000    0.2062500000E+001
 0.7878788    0.3125000000E+000    0.2062500000E+001
 0.7979798    0.3937500000E+000    0.2118750000E+001
 0.8080808    0.2437500000E+000    0.2200000000E+001
 0.8181818    0.3250000000E+000    0.2268750000E+001
 0.8282828    0.4625000000E+000    0.2400000000E+001
 0.8383838    0.2250000000E+000    0.2112500000E+001
 0.8484848    0.3500000000E+000    0.2187500000E+001
 0.8585859    0.3312500000E+000    0.2350000000E+001
 0.8686869    0.1312500000E+000    0.2006250000E+001
 0.8787879    0.1687500000E+000    0.2168750000E+001
 0.8888889    0.3937500000E+000    0.2243750000E+001
 0.8989899    0.3750000000E-001    0.2087500000E+001
 0.9090909    0.0000000000E+000    0.1962500000E+001
 0.9191919    0.2125000000E+000    0.2181250000E+001
 0.9292929    0.2937500000E+000    0.2168750000E+001
 0.9393939    0.8125000000E-001    0.2075000000E+001
 0.9494949    0.3437500000E+000    0.2312500000E+001
 0.9595960    0.8750000000E-001    0.2062500000E+001
 0.9696970    0.1625000000E+000    0.2175000000E+001
 0.9797980    0.2375000000E+000    0.2268750000E+001
 0.9898990    0.3375000000E+000    0.2312500000E+001
 1.0000000    0.2562500000E+000    0.2237500000E+001


# Weightfunction after cycle      10655
 0.0000000    0.4562500000E+001    0.2717187500E+001
 0.0101010    0.4545312500E+001    0.2764062500E+001
 0.0202020    0.4476562500E+001    0.2653125000E+001
 0.0303030    0.4735937500E+001    0.2860937500E+001
 0.0404040    0.4735937500E+001    0.2746875000E+001
 0.0505051    0.4837500000E+001    0.2826562500E+001
 0.0606061    0.5025000000E+001    0.2801562500E+001
 0.0707071    0.5006250000E+001    0.2668750000E+001
 0.0808081    0.5218750000E+001    0.2634375000E+001
 0.0909091    0.5390625000E+001    0.2667187500E+001
 0.1010101    0.5459375000E+001    0.2748437500E+001
 0.1111111    0.5671875000E+001    0.2803125000E+001
 0.1212121    0.5801562500E+001    0.2765625000E+001
 0.1313131    0.5632812500E+001    0.2703125000E+001
 0.1414141    0.5839062500E+001    0.2729687500E+001
 0.1515152    0.5701562500E+001    0.2784375000E+001
 0.1616162    0.5771875000E+001    0.2754687500E+001
 0.1717172    0.5692187500E+001    0.2690625000E+001
 0.1818182    0.5714062500E+001    0.2803125000E+001
 0.1919192    0.5646875000E+001    0.2709375000E+001
 0.2020202    0.5493750000E+001    0.2707812500E+001
 0.2121212    0.5506250000E+001    0.2745312500E+001
 0.2222222    0.5456250000E+001    0.2723437500E+001
 0.2323232    0.5339062500E+001    0.2742187500E+001
 0.2424242    0.5059375000E+001    0.2628125000E+001
 0.2525253    0.5068750000E+001    0.2795312500E+001
 0.2626263    0.4854687500E+001    0.2695312500E+001
 0.2727273    0.4790625000E+001    0.2642187500E+001
 0.2828283    0.4623437500E+001    0.2709375000E+001
 0.2929293    0.4443750000E+001    0.2685937500E+001
 0.3030303    0.4307812500E+001    0.2595312500E+001
 0.3131313    0.4153125000E+001    0.2643750000E+001
 0.3232323    0.3981250000E+001    0.2634375000E+001
 0.3333333    0.3832812500E+001    0.2710937500E+001
 0.3434343    0.3685937500E+001    0.2709375000E+001
 0.3535354    0.3479687500E+001    0.2646875000E+001
 0.3636364    0.3443750000E+001    0.2639062500E+001
 0.3737374    0.3135937500E+001    0.2675000000E+001
 0.3838384    0.2910937500E+001    0.2598437500E+001
 0.3939394    0.2732812500E+001    0.2564062500E+001
 0.4040404    0.2470312500E+001    0.2556250000E+001
 0.4141414    0.2321875000E+001    0.2582812500E+001
 0.4242424    0.2051562500E+001    0.2604687500E+001
 0.4343434    0.1931250000E+001    0.2623437500E+001
 0.4444444    0.1654687500E+001    0.2573437500E+001
 0.4545455    0.1339062500E+001    0.2623437500E+001
 0.4646465    0.1168750000E+001    0.2618750000E+001
 0.4747475    0.1007812500E+001    0.2662500000E+001
 0.4848485    0.7375000000E+000    0.2476562500E+001
 0.4949495    0.5750000000E+000    0.2479687500E+001
 0.5050505    0.4640625000E+000    0.2528125000E+001
 0.5151515    0.4906250000E+000    0.2545312500E+001
 0.5252525    0.3781250000E+000    0.2581250000E+001
 0.5353535    0.5375000000E+000    0.2567187500E+001
 0.5454545    0.4015625000E+000    0.2612500000E+001
 0.5555556    0.4031250000E+000    0.2578125000E+001
 0.5656566    0.4296875000E+000    0.2582812500E+001
 0.5757576    0.3843750000E+000    0.2489062500E+001
 0.5858586    0.3875000000E+000    0.2571875000E+001
 0.5959596    0.4265625000E+000    0.2507812500E+001
 0.6060606    0.3953125000E+000    0.2531250000E+001
 0.6161616    0.3515625000E+000    0.2607812500E+001
 0.6262626    0.4093750000E+000    0.2525000000E+001
 0.6363636    0.3828125000E+000    0.2567187500E+001
 0.6464646    0.3562500000E+000    0.2539062500E+001
 0.6565657    0.3921875000E+000    0.2614062500E+001
 0.6666667    0.3828125000E+000    0.2660937500E+001
 0.6767677    0.3500000000E+000    0.2556250000E+001
 0.6868687    0.3484375000E+000    0.2529687500E+001
 0.6969697    0.4078125000E+000    0.2585937500E+001
 0.7070707    0.3640625000E+000    0.2581250000E+001
 0.7171717    0.3468750000E+000    0.2587500000E+001
 0.7272727    0.3234375000E+000    0.2578125000E+001
 0.7373737    0.3515625000E+000    0.2559375000E+001
 0.7474747    0.4109375000E+000    0.2554687500E+001
 0.7575758    0.3312500000E+000    0.2576562500E+001
 0.7676768    0.2937500000E+000    0.2559375000E+001
 0.7777778    0.3125000000E+000    0.2570312500E+001
 0.7878788    0.2375000000E+000    0.2442187500E+001
 0.7979798    0.3828125000E+000    0.2615625000E+001
 0.8080808    0.2671875000E+000    0.2564062500E+001
 0.8181818    0.2937500000E+000    0.2650000000E+001
 0.8282828    0.3000000000E+000    0.2581250000E+001
 0.8383838    0.2390625000E+000    0.2540625000E+001
 0.8484848    0.2515625000E+000    0.2557812500E+001
 0.8585859    0.2984375000E+000    0.2585937500E+001
 0.8686869    0.2671875000E+000    0.2595312500E+001
 0.8787879    0.2296875000E+000    0.2587500000E+001
 0.8888889    0.2812500000E+000    0.2564062500E+001
 0.8989899    0.2375000000E+000    0.2609375000E+001
 0.9090909    0.1921875000E+000    0.2610937500E+001
 0.9191919    0.1781250000E+000    0.2487500000E+001
 0.9292929    0.2265625000E+000    0.2607812500E+001
 0.9393939    0.2031250000E+000    0.2523437500E+001
 0.9494949    0.2250000000E+000    0.2576562500E+001
 0.9595960    0.1734375000E+000    0.2564062500E+001
 0.9696970    0.1046875000E+000    0.2542187500E+001
 0.9797980    0.0000000000E+000    0.2443750000E+001
 0.9898990    0.2546875000E+000    0.2692187500E+001
 1.0000000    0.1156250000E+000    0.2579687500E+001


# Weightfunction after cycle      34280
 0.0000000    0.4926562500E+001    0.3174218750E+001
 0.0101010    0.4920312500E+001    0.3153906250E+001
 0.0202020    0.4990234375E+001    0.3235156250E+001
 0.0303030    0.4992968750E+001    0.3155468750E+001
 0.0404040    0.5075000000E+001    0.3126171875E+001
 0.0505051    0.5185937500E+001    0.3152343750E+001
 0.0606061    0.5338671875E+001    0.3182031250E+001
 0.0707071    0.5423828125E+001    0.3180859375E+001
 0.0808081    0.5620312500E+001    0.3176953125E+001
 0.0909091    0.5662109375E+001    0.3134375000E+001
 0.1010101    0.5800000000E+001    0.3180859375E+001
 0.1111111    0.5940234375E+001    0.3160156250E+001
 0.1212121    0.5891406250E+001    0.3166796875E+001
 0.1313131    0.5949609375E+001    0.3155859375E+001
 0.1414141    0.5989062500E+001    0.3154296875E+001
 0.1515152    0.5991796875E+001    0.3171093750E+001
 0.1616162    0.5922265625E+001    0.3132421875E+001
 0.1717172    0.5867578125E+001    0.3185937500E+001
 0.1818182    0.5709765625E+001    0.3167578125E+001
 0.1919192    0.5645312500E+001    0.3185937500E+001
 0.2020202    0.5483593750E+001    0.3166796875E+001
 0.2121212    0.5353906250E+001    0.3128125000E+001
 0.2222222    0.5370703125E+001    0.3178125000E+001
 0.2323232    0.5086718750E+001    0.3191406250E+001
 0.2424242    0.4972265625E+001    0.3148828125E+001
 0.2525253    0.4922656250E+001    0.3154687500E+001
 0.2626263    0.4736718750E+001    0.3164062500E+001
 0.2727273    0.4532031250E+001    0.3187109375E+001
 0.2828283    0.4448046875E+001    0.3127343750E+001
 0.2929293    0.4210937500E+001    0.3132031250E+001
 0.3030303    0.3948046875E+001    0.3094921875E+001
 0.3131313    0.3852734375E+001    0.3121875000E+001
 0.3232323    0.3634375000E+001    0.3110156250E+001
 0.3333333    0.3468359375E+001    0.3153125000E+001
 0.3434343    0.3293750000E+001    0.3148828125E+001
 0.3535354    0.3142187500E+001    0.3137890625E+001
 0.3636364    0.3052343750E+001    0.3194921875E+001
 0.3737374    0.2814062500E+001    0.3152343750E+001
 0.3838384    0.2648828125E+001    0.3130859375E+001
 0.3939394    0.2384375000E+001    0.3115234375E+001
 0.4040404    0.2291796875E+001    0.3100000000E+001
 0.4141414    0.1989062500E+001    0.3122265625E+001
 0.4242424    0.1861718750E+001    0.3075390625E+001
 0.4343434    0.1614453125E+001    0.3100390625E+001
 0.4444444    0.1480078125E+001    0.3129687500E+001
 0.4545455    0.1200000000E+001    0.3100781250E+001
 0.4646465    0.9890625000E+000    0.3082421875E+001
 0.4747475    0.7785156250E+000    0.3134765625E+001
 0.4848485    0.6015625000E+000    0.3119531250E+001
 0.4949495    0.3222656250E+000    0.3096093750E+001
 0.5050505    0.2484375000E+000    0.3054687500E+001
 0.5151515    0.2863281250E+000    0.3029687500E+001
 0.5252525    0.2320312500E+000    0.3079687500E+001
 0.5353535    0.2246093750E+000    0.3085546875E+001
 0.5454545    0.2324218750E+000    0.3076953125E+001
 0.5555556    0.2917968750E+000    0.3094140625E+001
 0.5656566    0.2242187500E+000    0.3067187500E+001
 0.5757576    0.3039062500E+000    0.3100390625E+001
 0.5858586    0.2988281250E+000    0.3112109375E+001
 0.5959596    0.2527343750E+000    0.3099609375E+001
 0.6060606    0.2167968750E+000    0.3106640625E+001
 0.6161616    0.2781250000E+000    0.3044140625E+001
 0.6262626    0.2316406250E+000    0.3074218750E+001
 0.6363636    0.2617187500E+000    0.3073046875E+001
 0.6464646    0.2527343750E+000    0.3075000000E+001
 0.6565657    0.2597656250E+000    0.3065234375E+001
 0.6666667    0.2449218750E+000    0.3060546875E+001
 0.6767677    0.2246093750E+000    0.3068359375E+001
 0.6868687    0.2082031250E+000    0.3053125000E+001
 0.6969697    0.2230468750E+000    0.3093750000E+001
 0.7070707    0.2480468750E+000    0.3092187500E+001
 0.7171717    0.2105468750E+000    0.3075000000E+001
 0.7272727    0.2320312500E+000    0.3112500000E+001
 0.7373737    0.1914062500E+000    0.3051171875E+001
 0.7474747    0.1671875000E+000    0.2990625000E+001
 0.7575758    0.2164062500E+000    0.3087890625E+001
 0.7676768    0.1695312500E+000    0.3061328125E+001
 0.7777778    0.2058593750E+000    0.3095703125E+001
 0.7878788    0.1695312500E+000    0.3040625000E+001
 0.7979798    0.1792968750E+000    0.3090625000E+001
 0.8080808    0.2000000000E+000    0.3075781250E+001
 0.8181818    0.1410156250E+000    0.3046875000E+001
 0.8282828    0.1351562500E+000    0.3038281250E+001
 0.8383838    0.1558593750E+000    0.3076562500E+001
 0.8484848    0.1281250000E+000    0.3048437500E+001
 0.8585859    0.8828125000E-001    0.3012500000E+001
 0.8686869    0.1125000000E+000    0.3069921875E+001
 0.8787879    0.1011718750E+000    0.3048046875E+001
 0.8888889    0.1097656250E+000    0.3073046875E+001
 0.8989899    0.1089843750E+000    0.3075000000E+001
 0.9090909    0.6445312500E-001    0.3055468750E+001
 0.9191919    0.7734375000E-001    0.3071093750E+001
 0.9292929    0.4843750000E-001    0.3041015625E+001
 0.9393939    0.5117187500E-001    0.3036718750E+001
 0.9494949    0.8437500000E-001    0.3069140625E+001
 0.9595960    0.4101562500E-001    0.3042187500E+001
 0.9696970    0.0000000000E+000    0.3044140625E+001
 0.9797980    0.1992187500E-001    0.3072265625E+001
 0.9898990    0.8242187500E-001    0.3114453125E+001
 1.0000000    0.1796875000E-001    0.3052734375E+001


# Weightfunction after cycle      56687
 0.0000000    0.4868261719E+001    0.3132910156E+001
 0.0101010    0.4852343750E+001    0.3098242187E+001
 0.0202020    0.4928613281E+001    0.3143457031E+001
 0.0303030    0.4974511719E+001    0.3130566406E+001
 0.0404040    0.5063085937E+001    0.3128808594E+001
 0.0505051    0.5113378906E+001    0.3089648437E+001
 0.0606061    0.5264257812E+001    0.3115917969E+001
 0.0707071    0.5403906250E+001    0.3135156250E+001
 0.0808081    0.5547558594E+001    0.3122460937E+001
 0.0909091    0.5699023437E+001    0.3116503906E+001
 0.1010101    0.5819726562E+001    0.3145019531E+001
 0.1111111    0.5919238281E+001    0.3134179687E+001
 0.1212121    0.5961425781E+001    0.3123632812E+001
 0.1313131    0.5967675781E+001    0.3127832031E+001
 0.1414141    0.6026074219E+001    0.3132031250E+001
 0.1515152    0.6020019531E+001    0.3144140625E+001
 0.1616162    0.5944726562E+001    0.3114257812E+001
 0.1717172    0.5888867187E+001    0.3143261719E+001
 0.1818182    0.5779492187E+001    0.3123730469E+001
 0.1919192    0.5715722656E+001    0.3132128906E+001
 0.2020202    0.5592089844E+001    0.3148144531E+001
 0.2121212    0.5487109375E+001    0.3114355469E+001
 0.2222222    0.5417773437E+001    0.3129296875E+001
 0.2323232    0.5223144531E+001    0.3139160156E+001
 0.2424242    0.5068261719E+001    0.3118457031E+001
 0.2525253    0.4994140625E+001    0.3108984375E+001
 0.2626263    0.4796191406E+001    0.3097265625E+001
 0.2727273    0.4625195312E+001    0.3130761719E+001
 0.2828283    0.4491894531E+001    0.3085156250E+001
 0.2929293    0.4309082031E+001    0.3106054687E+001
 0.3030303    0.4053710937E+001    0.3086425781E+001
 0.3131313    0.3938574219E+001    0.3097753906E+001
 0.3232323    0.3776269531E+001    0.3081250000E+001
 0.3333333    0.3591210937E+001    0.3076953125E+001
 0.3434343    0.3389746094E+001    0.3078417969E+001
 0.3535354    0.3226269531E+001    0.3092968750E+001
 0.3636364    0.3053906250E+001    0.3115429687E+001
 0.3737374    0.2868554687E+001    0.3076855469E+001
 0.3838384    0.2681835937E+001    0.3099511719E+001
 0.3939394    0.2451562500E+001    0.3072363281E+001
 0.4040404    0.2277929687E+001    0.3072167969E+001
 0.4141414    0.2042578125E+001    0.3078417969E+001
 0.4242424    0.1883203125E+001    0.3060742187E+001
 0.4343434    0.1657324219E+001    0.3068066406E+001
 0.4444444    0.1465039062E+001    0.3063671875E+001
 0.4545455    0.1248242187E+001    0.3061035156E+001
 0.4646465    0.1027148437E+001    0.3027343750E+001
 0.4747475    0.8208984375E+000    0.3040429687E+001
 0.4848485    0.6107421875E+000    0.3057226562E+001
 0.4949495    0.3856445312E+000    0.3024707031E+001
 0.5050505    0.2848632812E+000    0.3021289062E+001
 0.5151515    0.2667968750E+000    0.3019726562E+001
 0.5252525    0.2870117187E+000    0.3021875000E+001
 0.5353535    0.2621093750E+000    0.3030273437E+001
 0.5454545    0.2553710937E+000    0.3028906250E+001
 0.5555556    0.2894531250E+000    0.3026562500E+001
 0.5656566    0.2761718750E+000    0.3031054687E+001
 0.5757576    0.2979492187E+000    0.3033203125E+001
 0.5858586    0.2854492187E+000    0.3032226562E+001
 0.5959596    0.2441406250E+000    0.3022656250E+001
 0.6060606    0.2600585937E+000    0.3022656250E+001
 0.6161616    0.2935546875E+000    0.3026074219E+001
 0.6262626    0.2470703125E+000    0.3030664062E+001
 0.6363636    0.2580078125E+000    0.3027929687E+001
 0.6464646    0.2331054687E+000    0.3021972656E+001
 0.6565657    0.2828125000E+000    0.3024414062E+001
 0.6666667    0.2724609375E+000    0.2993945312E+001
 0.6767677    0.2523437500E+000    0.3018554687E+001
 0.6868687    0.2292968750E+000    0.3024902344E+001
 0.6969697    0.2193359375E+000    0.3014746094E+001
 0.7070707    0.2230468750E+000    0.3022949219E+001
 0.7171717    0.2329101562E+000    0.3033007812E+001
 0.7272727    0.2156250000E+000    0.3031152344E+001
 0.7373737    0.2285156250E+000    0.3041699219E+001
 0.7474747    0.1867187500E+000    0.2985058594E+001
 0.7575758    0.1925781250E+000    0.3019824219E+001
 0.7676768    0.1774414062E+000    0.3011328125E+001
 0.7777778    0.1775390625E+000    0.3008691406E+001
 0.7878788    0.1706054687E+000    0.3010156250E+001
 0.7979798    0.1635742187E+000    0.2997363281E+001
 0.8080808    0.1735351562E+000    0.3027148437E+001
 0.8181818    0.1526367187E+000    0.3011718750E+001
 0.8282828    0.1456054687E+000    0.2997070312E+001
 0.8383838    0.1579101562E+000    0.3027441406E+001
 0.8484848    0.1258789062E+000    0.3018359375E+001
 0.8585859    0.1143554687E+000    0.2995898437E+001
 0.8686869    0.9912109375E-001    0.3010058594E+001
 0.8787879    0.1030273437E+000    0.2999609375E+001
 0.8888889    0.9531250000E-001    0.3022949219E+001
 0.8989899    0.9726562500E-001    0.3011523437E+001
 0.9090909    0.7460937500E-001    0.3003808594E+001
 0.9191919    0.7529296875E-001    0.3032519531E+001
 0.9292929    0.4628906250E-001    0.2994042969E+001
 0.9393939    0.6533203125E-001    0.3019628906E+001
 0.9494949    0.6406250000E-001    0.3017187500E+001
 0.9595960    0.1728515625E-001    0.2994824219E+001
 0.9696970    0.7519531250E-002    0.2999121094E+001
 0.9797980    0.2832031250E-002    0.2988964844E+001
 0.9898990    0.9472656250E-002    0.3010449219E+001
 1.0000000    0.0000000000E+000    0.2994824219E+001


