# Lambda, (Probability, Probability_biased(/observed)) per Fractional
 0.0000000   0.5624665658E-002   0.6451991405E+000   0.9707407943E+000   0.1029261488E+001
 0.0101010   0.5683387166E-002   0.6700073237E+000   0.9690265542E+000   0.1062545902E+001
 0.0202020   0.5470658651E-002   0.6369175911E+000   0.9544511751E+000   0.9866182646E+000
 0.0303030   0.5143187009E-002   0.6180410068E+000   0.9643395164E+000   0.9960613876E+000
 0.0404040   0.4527842967E-002   0.5978071235E+000   0.9517182839E+000   0.9746133054E+000
 0.0505051   0.4077350875E-002   0.6478286539E+000   0.9565511936E+000   0.1017788353E+001
 0.0606061   0.3476947437E-002   0.5903642634E+000   0.9519254890E+000   0.9948291119E+000
 0.0707071   0.2962361870E-002   0.5892054947E+000   0.9428870950E+000   0.9708645931E+000
 0.0808081   0.2449374818E-002   0.6553079788E+000   0.9444670964E+000   0.1053569747E+001
 0.0909091   0.2122563780E-002   0.6229556444E+000   0.9618485007E+000   0.9865274653E+000
 0.1010101   0.1892148300E-002   0.6051648993E+000   0.9768858447E+000   0.9718828420E+000
 0.1111111   0.1660048901E-002   0.6166148300E+000   0.9640588551E+000   0.9915019676E+000
 0.1212121   0.1581747260E-002   0.6503366182E+000   0.9654664642E+000   0.1019280055E+001
 0.1313131   0.1518685802E-002   0.6159301031E+000   0.9663196067E+000   0.1014616865E+001
 0.1414141   0.1501951755E-002   0.6491900045E+000   0.9750999940E+000   0.9934995513E+000
 0.1515152   0.1596478958E-002   0.6553687534E+000   0.9753755290E+000   0.9976698316E+000
 0.1616162   0.1678916558E-002   0.6732445830E+000   0.9919196243E+000   0.9903150916E+000
 0.1717172   0.1814603110E-002   0.6940619022E+000   0.9730561875E+000   0.1010576298E+001
 0.1818182   0.2045184118E-002   0.6799014253E+000   0.9704943849E+000   0.9757612675E+000
 0.1919192   0.2290711546E-002   0.7639081004E+000   0.9732678098E+000   0.1015148689E+001
 0.2020202   0.2632347549E-002   0.8256186082E+000   0.9593645815E+000   0.9585612935E+000
 0.2121212   0.3015403719E-002   0.8105343577E+000   0.9551170782E+000   0.9712407615E+000
 0.2222222   0.3473776666E-002   0.8478621043E+000   0.9871196772E+000   0.1010076902E+001
 0.2323232   0.4044444686E-002   0.8711549747E+000   0.9667359355E+000   0.1005582338E+001
 0.2424242   0.4782770147E-002   0.9424030398E+000   0.9773598570E+000   0.1018222892E+001
 0.2525253   0.5783599839E-002   0.8972880438E+000   0.9942606979E+000   0.1002002253E+001
 0.2626263   0.7052093964E-002   0.1025793866E+001   0.9924030310E+000   0.1048536874E+001
 0.2727273   0.8389017691E-002   0.1016385961E+001   0.9902963910E+000   0.1002696219E+001
 0.2828283   0.1036543713E-001   0.9868778770E+000   0.9920641775E+000   0.1010783839E+001
 0.2929293   0.1271999235E-001   0.1051768921E+001   0.9761495836E+000   0.9647226718E+000
 0.3030303   0.1585614951E-001   0.1082691027E+001   0.9712176853E+000   0.9738220547E+000
 0.3131313   0.1967229928E-001   0.1160231287E+001   0.9909793678E+000   0.1045806410E+001
 0.3232323   0.2421053361E-001   0.1102523798E+001   0.9953363664E+000   0.1011743717E+001
 0.3333333   0.3078386167E-001   0.1129515815E+001   0.9971948086E+000   0.1016011282E+001
 0.3434343   0.3885837057E-001   0.1132744971E+001   0.9854636310E+000   0.1007988519E+001
 0.3535354   0.4848080598E-001   0.1216391050E+001   0.9988335950E+000   0.1008578714E+001
 0.3636364   0.6046292658E-001   0.1136642647E+001   0.1004516710E+001   0.1005245084E+001
 0.3737374   0.7620814136E-001   0.1148461277E+001   0.1007787437E+001   0.1009700733E+001
 0.3838384   0.9590379252E-001   0.1091377740E+001   0.1005193756E+001   0.1014208268E+001
 0.3939394   0.1231891310E+000   0.1157670651E+001   0.9872354028E+000   0.9914306253E+000
 0.4040404   0.1564726866E+000   0.1106060879E+001   0.1007806608E+001   0.9999073848E+000
 0.4141414   0.2013160476E+000   0.1115217582E+001   0.1001160888E+001   0.1007774492E+001
 0.4242424   0.2549029200E+000   0.1105319429E+001   0.1010466766E+001   0.1028729664E+001
 0.4343434   0.3253737989E+000   0.1041550689E+001   0.9959529696E+000   0.9667656552E+000
 0.4444444   0.4173145835E+000   0.1063794185E+001   0.1029219810E+001   0.1072670020E+001
 0.4545455   0.5486256880E+000   0.1083655317E+001   0.1005526936E+001   0.1002333022E+001
 0.4646465   0.7031645039E+000   0.1066990927E+001   0.1024437189E+001   0.9951923089E+000
 0.4747475   0.9041514504E+000   0.1113228227E+001   0.1007469760E+001   0.9624072907E+000
 0.4848485   0.1178965464E+001   0.1094007254E+001   0.1005950359E+001   0.1001580685E+001
 0.4949495   0.1512253371E+001   0.1109650630E+001   0.1018206601E+001   0.9949523395E+000
 0.5050505   0.1731650310E+001   0.1091940918E+001   0.1024379433E+001   0.1002157909E+001
 0.5151515   0.1718166585E+001   0.1101790452E+001   0.1011644621E+001   0.9502985609E+000
 0.5252525   0.1708648778E+001   0.1074494562E+001   0.1028706605E+001   0.1042401438E+001
 0.5353535   0.1712962150E+001   0.1059264453E+001   0.1031933127E+001   0.1015083832E+001
 0.5454545   0.1732164032E+001   0.1118167175E+001   0.1012792159E+001   0.9366267868E+000
 0.5555556   0.1732389311E+001   0.1135479827E+001   0.1033943023E+001   0.1005997421E+001
 0.5656566   0.1743212092E+001   0.1108718754E+001   0.1013335728E+001   0.9489171151E+000
 0.5757576   0.1732311609E+001   0.1158728129E+001   0.1018005154E+001   0.9671677662E+000
 0.5858586   0.1720078137E+001   0.1148748943E+001   0.9995084568E+000   0.9025770646E+000
 0.5959596   0.1741316807E+001   0.1108811941E+001   0.1027386718E+001   0.1027328761E+001
 0.6060606   0.1749669604E+001   0.1118491306E+001   0.1010337483E+001   0.9891930722E+000
 0.6161616   0.1746714585E+001   0.1150697781E+001   0.1017400422E+001   0.9883564219E+000
 0.6262626   0.1749855646E+001   0.1101267790E+001   0.1022808192E+001   0.1023949731E+001
 0.6363636   0.1776020693E+001   0.1151414921E+001   0.1018242477E+001   0.1005536939E+001
 0.6464646   0.1757933061E+001   0.1093034860E+001   0.1019557404E+001   0.1037173995E+001
 0.6565657   0.1748489038E+001   0.1128705487E+001   0.1006512445E+001   0.9645021593E+000
 0.6666667   0.1772441310E+001   0.1073586995E+001   0.1025932355E+001   0.1002501649E+001
 0.6767677   0.1780580446E+001   0.1149421515E+001   0.1020865575E+001   0.9661041177E+000
 0.6868687   0.1798372713E+001   0.1113819767E+001   0.1015712654E+001   0.1017243558E+001
 0.6969697   0.1803542301E+001   0.1106166221E+001   0.1023088893E+001   0.1023430879E+001
 0.7070707   0.1818979678E+001   0.1118252259E+001   0.1024383885E+001   0.1025927858E+001
 0.7171717   0.1791965847E+001   0.1093926221E+001   0.1021263524E+001   0.9932725532E+000
 0.7272727   0.1794867406E+001   0.1102997840E+001   0.9946769904E+000   0.9942324311E+000
 0.7373737   0.1817444838E+001   0.1139790770E+001   0.1002989207E+001   0.1013170562E+001
 0.7474747   0.1824441514E+001   0.1091782904E+001   0.1016035692E+001   0.9551692926E+000
 0.7575758   0.1830784413E+001   0.1075227909E+001   0.1003106672E+001   0.9832651777E+000
 0.7676768   0.1851454511E+001   0.1101044950E+001   0.1007537088E+001   0.9681276440E+000
 0.7777778   0.1866954097E+001   0.1148193869E+001   0.1012028082E+001   0.1013157591E+001
 0.7878788   0.1851427488E+001   0.1093314424E+001   0.1010119971E+001   0.9664478577E+000
 0.7979798   0.1903524851E+001   0.1105355894E+001   0.1025104630E+001   0.1002475707E+001
 0.8080808   0.1888750355E+001   0.1113613133E+001   0.1015399517E+001   0.9976503746E+000
 0.8181818   0.1902895255E+001   0.1137841932E+001   0.1015246597E+001   0.9858788992E+000
 0.8282828   0.1912277371E+001   0.1112174801E+001   0.1026334912E+001   0.1047745623E+001
 0.8383838   0.1910080501E+001   0.1131480859E+001   0.9974531572E+000   0.9977865735E+000
 0.8484848   0.1930957764E+001   0.1092747194E+001   0.1018003368E+001   0.1017548384E+001
 0.8585859   0.1918829816E+001   0.1106004156E+001   0.1002901880E+001   0.9938757197E+000
 0.8686869   0.1933242021E+001   0.1116489796E+001   0.1016199497E+001   0.1024111873E+001
 0.8787879   0.1973936132E+001   0.1107077840E+001   0.1025311610E+001   0.9805995709E+000
 0.8888889   0.1980401817E+001   0.1151795775E+001   0.1018212005E+001   0.1050884683E+001
 0.8989899   0.1980734040E+001   0.1110890432E+001   0.1013756722E+001   0.9882850796E+000
 0.9090909   0.2006989701E+001   0.1110331306E+001   0.1031601470E+001   0.1010012045E+001
 0.9191919   0.2017623094E+001   0.1113600978E+001   0.1021113230E+001   0.1005225627E+001
 0.9292929   0.2033259846E+001   0.1074612060E+001   0.1037178439E+001   0.9796267217E+000
 0.9393939   0.2013287084E+001   0.1131355259E+001   0.1017005518E+001   0.1018936315E+001
 0.9494949   0.2042819524E+001   0.1110027433E+001   0.1021560413E+001   0.9966710397E+000
 0.9595960   0.2029067949E+001   0.1060731146E+001   0.1007193476E+001   0.9746262767E+000
 0.9696970   0.2081693624E+001   0.1077245625E+001   0.1023179736E+001   0.9862356106E+000
 0.9797980   0.2071051473E+001   0.1115302666E+001   0.1000406456E+001   0.9972288066E+000
 0.9898990   0.2085857509E+001   0.1114099330E+001   0.1020290477E+001   0.1014668750E+001
 1.0000000   0.2120337044E+001   0.1139170869E+001   0.1031585200E+001   0.1038399785E+001


 0.0000000   0.6065885752E-002   0.6897385891E+000   0.9680224693E+000   0.1026320588E+001
 0.0101010   0.6086977230E-002   0.7113235953E+000   0.9661710990E+000   0.1059354280E+001
 0.0202020   0.5927639430E-002   0.6840984950E+000   0.9630599997E+000   0.9954602883E+000
 0.0303030   0.5519895776E-002   0.6575201754E+000   0.9680514234E+000   0.9998382100E+000
 0.0404040   0.4951578846E-002   0.6480472297E+000   0.9626469800E+000   0.9857485262E+000
 0.0505051   0.4354838160E-002   0.6858787017E+000   0.9604519582E+000   0.1021880391E+001
 0.0606061   0.3763310480E-002   0.6334104368E+000   0.9620770196E+000   0.1005380671E+001
 0.0707071   0.3223629782E-002   0.6355753844E+000   0.9627648037E+000   0.9912754187E+000
 0.0808081   0.2662667658E-002   0.7061555887E+000   0.9548543754E+000   0.1065096020E+001
 0.0909091   0.2300424289E-002   0.6692641324E+000   0.9636487372E+000   0.9883173636E+000
 0.1010101   0.1999545015E-002   0.6339324367E+000   0.9824662720E+000   0.9773787870E+000
 0.1111111   0.1770310840E-002   0.6518322486E+000   0.9690771827E+000   0.9966061455E+000
 0.1212121   0.1662861307E-002   0.6777201142E+000   0.9689582174E+000   0.1022907926E+001
 0.1313131   0.1583270157E-002   0.6365195595E+000   0.9636219194E+000   0.1011726478E+001
 0.1414141   0.1596503788E-002   0.6840361046E+000   0.9756346942E+000   0.9939874882E+000
 0.1515152   0.1638482141E-002   0.6667414797E+000   0.9732497153E+000   0.9954384921E+000
 0.1616162   0.1755957431E-002   0.6979928419E+000   0.9824960000E+000   0.9808506096E+000
 0.1717172   0.1876989353E-002   0.7116584239E+000   0.9763181993E+000   0.1013906098E+001
 0.1818182   0.2115873851E-002   0.6972628740E+000   0.9692567803E+000   0.9744612105E+000
 0.1919192   0.2378377671E-002   0.7862212168E+000   0.9815034183E+000   0.1023680134E+001
 0.2020202   0.2719330090E-002   0.8454567628E+000   0.9709548810E+000   0.9700864026E+000
 0.2121212   0.3065851840E-002   0.8169027465E+000   0.9702754310E+000   0.9865985778E+000
 0.2222222   0.3563037191E-002   0.8620588540E+000   0.9868954765E+000   0.1009789730E+001
 0.2323232   0.4178195661E-002   0.8921102404E+000   0.9766170123E+000   0.1015802367E+001
 0.2424242   0.4914337992E-002   0.9598766367E+000   0.9894212823E+000   0.1030729647E+001
 0.2525253   0.5904192192E-002   0.9080031604E+000   0.9895900849E+000   0.9972382352E+000
 0.2626263   0.7126773921E-002   0.1027609758E+001   0.9860439564E+000   0.1041758522E+001
 0.2727273   0.8617991802E-002   0.1035015501E+001   0.9908885555E+000   0.1003238417E+001
 0.2828283   0.1051382460E-001   0.9922697436E+000   0.9960565615E+000   0.1014793514E+001
 0.2929293   0.1278646539E-001   0.1048038462E+001   0.9870366184E+000   0.9754264706E+000
 0.3030303   0.1566153296E-001   0.1060069415E+001   0.9864417862E+000   0.9890304106E+000
 0.3131313   0.1967338848E-001   0.1150169502E+001   0.9947184641E+000   0.1049692337E+001
 0.3232323   0.2398560529E-001   0.1082748333E+001   0.9929746131E+000   0.1009285304E+001
 0.3333333   0.3034364561E-001   0.1103647045E+001   0.9964294241E+000   0.1015173391E+001
 0.3434343   0.3834571450E-001   0.1108045569E+001   0.9949314730E+000   0.1017614565E+001
 0.3535354   0.4798288182E-001   0.1193391507E+001   0.9976847190E+000   0.1007361011E+001
 0.3636364   0.6000235602E-001   0.1118140340E+001   0.9969771759E+000   0.9976430217E+000
 0.3737374   0.7613362688E-001   0.1137325394E+001   0.9992749696E+000   0.1001114844E+001
 0.3838384   0.9547874073E-001   0.1077058327E+001   0.9951220634E+000   0.1003988828E+001
 0.3939394   0.1221919055E+000   0.1138277888E+001   0.9960364456E+000   0.1000211859E+001
 0.4040404   0.1548411106E+000   0.1084975671E+001   0.9996720353E+000   0.9917798450E+000
 0.4141414   0.1986393255E+000   0.1090786299E+001   0.1008228631E+001   0.1014830879E+001
 0.4242424   0.2535961863E+000   0.1090056331E+001   0.1009045123E+001   0.1027223573E+001
 0.4343434   0.3266468006E+000   0.1036500393E+001   0.1003999228E+001   0.9745203716E+000
 0.4444444   0.4200947742E+000   0.1061535590E+001   0.1027111211E+001   0.1070411178E+001
 0.4545455   0.5439440224E+000   0.1065031533E+001   0.1012762332E+001   0.1009487697E+001
 0.4646465   0.6984779076E+000   0.1050629744E+001   0.1017367118E+001   0.9882675437E+000
 0.4747475   0.9070387683E+000   0.1107036924E+001   0.1015057995E+001   0.9696006588E+000
 0.4848485   0.1166851669E+001   0.1073316981E+001   0.1007863733E+001   0.1003428355E+001
 0.4949495   0.1518611393E+001   0.1104591220E+001   0.1013329060E+001   0.9901295616E+000
 0.5050505   0.1731377477E+001   0.1082240891E+001   0.1017187263E+001   0.9950648431E+000
 0.5151515   0.1716767124E+001   0.1091285422E+001   0.1014215217E+001   0.9526587872E+000
 0.5252525   0.1712988319E+001   0.1067822464E+001   0.1017940835E+001   0.1031433353E+001
 0.5353535   0.1725658096E+001   0.1057802563E+001   0.1023947588E+001   0.1007171073E+001
 0.5454545   0.1731667879E+001   0.1108091322E+001   0.1019028078E+001   0.9423398453E+000
 0.5555556   0.1732713625E+001   0.1125781086E+001   0.1019059156E+001   0.9914591295E+000
 0.5656566   0.1737379792E+001   0.1095365756E+001   0.1009518580E+001   0.9452885592E+000
 0.5757576   0.1726976687E+001   0.1145078444E+001   0.1016953391E+001   0.9661132675E+000
 0.5858586   0.1733497168E+001   0.1147607336E+001   0.1004928113E+001   0.9074192258E+000
 0.5959596   0.1750454746E+001   0.1104903172E+001   0.1018511819E+001   0.1018396114E+001
 0.6060606   0.1753561434E+001   0.1111196286E+001   0.1015117523E+001   0.9938162324E+000
 0.6161616   0.1751825126E+001   0.1143992851E+001   0.1009513823E+001   0.9806388751E+000
 0.6262626   0.1746713313E+001   0.1089696546E+001   0.1008186671E+001   0.1009254167E+001
 0.6363636   0.1764037190E+001   0.1133665156E+001   0.1011659350E+001   0.9989788171E+000
 0.6464646   0.1760603990E+001   0.1085142046E+001   0.1014636503E+001   0.1032109035E+001
 0.6565657   0.1747638466E+001   0.1118310873E+001   0.1012774768E+001   0.9704475967E+000
 0.6666667   0.1776501898E+001   0.1066655764E+001   0.1017669344E+001   0.9943704785E+000
 0.6767677   0.1774844363E+001   0.1135719881E+001   0.1012921446E+001   0.9585313051E+000
 0.6868687   0.1794221492E+001   0.1101550726E+001   0.1010768462E+001   0.1012234018E+001
 0.6969697   0.1805381084E+001   0.1097630528E+001   0.1019144403E+001   0.1019426763E+001
 0.7070707   0.1821586201E+001   0.1110081577E+001   0.1020540785E+001   0.1022020510E+001
 0.7171717   0.1801460523E+001   0.1090124961E+001   0.1016476547E+001   0.9885602355E+000
 0.7272727   0.1797355349E+001   0.1094887429E+001   0.1000890784E+001   0.1000386229E+001
 0.7373737   0.1818955335E+001   0.1130782719E+001   0.1005396222E+001   0.1015543926E+001
 0.7474747   0.1827422610E+001   0.1084023177E+001   0.1013048875E+001   0.9523069343E+000
 0.7575758   0.1842412743E+001   0.1072614049E+001   0.1006901643E+001   0.9869286345E+000
 0.7676768   0.1854183628E+001   0.1093044832E+001   0.1016438751E+001   0.9766252614E+000
 0.7777778   0.1851897284E+001   0.1128994193E+001   0.1006740313E+001   0.1007806276E+001
 0.7878788   0.1869615168E+001   0.1094419501E+001   0.1018029692E+001   0.9739598980E+000
 0.7979798   0.1897215923E+001   0.1092077781E+001   0.1016533890E+001   0.9940373081E+000
 0.8080808   0.1884743725E+001   0.1101552806E+001   0.1012062108E+001   0.9943144312E+000
 0.8181818   0.1902156448E+001   0.1127473947E+001   0.1018175060E+001   0.9886661027E+000
 0.8282828   0.1913386914E+001   0.1103108407E+001   0.1019936770E+001   0.1041154456E+001
 0.8383838   0.1911523430E+001   0.1122453597E+001   0.1009783974E+001   0.1010063740E+001
 0.8484848   0.1944347336E+001   0.1090721829E+001   0.1023355304E+001   0.1022839424E+001
 0.8585859   0.1932736947E+001   0.1104297985E+001   0.1000969901E+001   0.9919043947E+000
 0.8686869   0.1933666526E+001   0.1106989091E+001   0.1016496603E+001   0.1024352703E+001
 0.8787879   0.1961992049E+001   0.1090775901E+001   0.1021139606E+001   0.9765536453E+000
 0.8888889   0.1983032896E+001   0.1143260803E+001   0.1021293595E+001   0.1054004870E+001
 0.8989899   0.1977647077E+001   0.1099479364E+001   0.1015077582E+001   0.9895161543E+000
 0.9090909   0.1997422934E+001   0.1095394871E+001   0.1023418580E+001   0.1001943100E+001
 0.9191919   0.2012141093E+001   0.1100883149E+001   0.1018874544E+001   0.1002964407E+001
 0.9292929   0.2019000077E+001   0.1057763049E+001   0.1019764609E+001   0.9631240749E+000
 0.9393939   0.2022562023E+001   0.1126648313E+001   0.1011377598E+001   0.1013239757E+001
 0.9494949   0.2027020775E+001   0.1091830299E+001   0.1006283314E+001   0.9817100025E+000
 0.9595960   0.2040425529E+001   0.1057359591E+001   0.1011386139E+001   0.9786273976E+000
 0.9696970   0.2081022487E+001   0.1067500114E+001   0.1015680571E+001   0.9789512268E+000
 0.9797980   0.2064392294E+001   0.1102014495E+001   0.1003178383E+001   0.9999347360E+000
 0.9898990   0.2082806539E+001   0.1102761101E+001   0.1016053080E+001   0.1010396910E+001
 1.0000000   0.2105892490E+001   0.1121536458E+001   0.1017874117E+001   0.1024539527E+001


 0.0000000   0.6149576050E-002   0.6965447311E+000   0.9690334705E+000   0.1027382390E+001
 0.0101010   0.6108779743E-002   0.7111046869E+000   0.9677941414E+000   0.1061123441E+001
 0.0202020   0.5977823133E-002   0.6872163046E+000   0.9634772207E+000   0.9958817696E+000
 0.0303030   0.5544636857E-002   0.6579075191E+000   0.9632618993E+000   0.9948816513E+000
 0.0404040   0.4989155880E-002   0.6504345009E+000   0.9626296927E+000   0.9857211475E+000
 0.0505051   0.4410227671E-002   0.6919103766E+000   0.9652434566E+000   0.1026968262E+001
 0.0606061   0.3819081822E-002   0.6403061379E+000   0.9646714386E+000   0.1008081970E+001
 0.0707071   0.3253902799E-002   0.6390576259E+000   0.9663170232E+000   0.9949230641E+000
 0.0808081   0.2716590139E-002   0.7176638887E+000   0.9621414656E+000   0.1073213898E+001
 0.0909091   0.2316934759E-002   0.6714550552E+000   0.9610157147E+000   0.9856072624E+000
 0.1010101   0.2036794456E-002   0.6432392385E+000   0.9848922225E+000   0.9797825569E+000
 0.1111111   0.1805266002E-002   0.6621266288E+000   0.9670252493E+000   0.9944861594E+000
 0.1212121   0.1691507357E-002   0.6867232882E+000   0.9712801018E+000   0.1025349023E+001
 0.1313131   0.1608554055E-002   0.6441780529E+000   0.9647790271E+000   0.1012931405E+001
 0.1414141   0.1629927940E-002   0.6956503576E+000   0.9735058131E+000   0.9918088241E+000
 0.1515152   0.1677991352E-002   0.6801724191E+000   0.9806427882E+000   0.1002990271E+001
 0.1616162   0.1787005374E-002   0.7075813554E+000   0.9785382274E+000   0.9768898752E+000
 0.1717172   0.1932331424E-002   0.7298018145E+000   0.9785595085E+000   0.1016223720E+001
 0.1818182   0.2147141989E-002   0.7048246297E+000   0.9665886228E+000   0.9717691867E+000
 0.1919192   0.2407334771E-002   0.7927093229E+000   0.9740500967E+000   0.1015896559E+001
 0.2020202   0.2779805902E-002   0.8609094670E+000   0.9762300212E+000   0.9753472497E+000
 0.2121212   0.3133198494E-002   0.8316117917E+000   0.9723748139E+000   0.9887235730E+000
 0.2222222   0.3635309956E-002   0.8761360366E+000   0.9910785639E+000   0.1014059903E+001
 0.2323232   0.4222475111E-002   0.8980704073E+000   0.9802507966E+000   0.1019571942E+001
 0.2424242   0.5017735382E-002   0.9762739243E+000   0.9863112747E+000   0.1027479710E+001
 0.2525253   0.5998472082E-002   0.9189270857E+000   0.9876229071E+000   0.9952460837E+000
 0.2626263   0.7166610836E-002   0.1029348880E+001   0.9812736912E+000   0.1036708545E+001
 0.2727273   0.8751724263E-002   0.1047003034E+001   0.9905509311E+000   0.1002886739E+001
 0.2828283   0.1061166570E-001   0.9976222303E+000   0.9967262844E+000   0.1015465867E+001
 0.2929293   0.1296828415E-001   0.1058821541E+001   0.9857131509E+000   0.9741090080E+000
 0.3030303   0.1586070932E-001   0.1069390147E+001   0.9944353018E+000   0.9970351151E+000
 0.3131313   0.2000286222E-001   0.1164899235E+001   0.9932047062E+000   0.1048084632E+001
 0.3232323   0.2418808481E-001   0.1087656753E+001   0.9882801886E+000   0.1004503907E+001
 0.3333333   0.3034019762E-001   0.1099244722E+001   0.9979843564E+000   0.1016747592E+001
 0.3434343   0.3826495395E-001   0.1101426494E+001   0.9910851731E+000   0.1013670623E+001
 0.3535354   0.4803918236E-001   0.1190161120E+001   0.9927709907E+000   0.1002389786E+001
 0.3636364   0.6030786468E-001   0.1119477839E+001   0.9962159834E+000   0.9968715347E+000
 0.3737374   0.7597008845E-001   0.1130483910E+001   0.9942431539E+000   0.9960639858E+000
 0.3838384   0.9527608145E-001   0.1070606717E+001   0.9922805829E+000   0.1001112202E+001
 0.3939394   0.1219290241E+000   0.1131426891E+001   0.9977284442E+000   0.1001901115E+001
 0.4040404   0.1552653920E+000   0.1083732064E+001   0.1000921598E+001   0.9930097943E+000
 0.4141414   0.1996982053E+000   0.1092350825E+001   0.1007067295E+001   0.1013651987E+001
 0.4242424   0.2542686313E+000   0.1088710836E+001   0.1006259681E+001   0.1024377894E+001
 0.4343434   0.3257645874E+000   0.1029694685E+001   0.1003152214E+001   0.9736886684E+000
 0.4444444   0.4198305918E+000   0.1056756427E+001   0.1014151930E+001   0.1056895198E+001
 0.4545455   0.5444792413E+000   0.1061947682E+001   0.1013991931E+001   0.1010703399E+001
 0.4646465   0.7017521753E+000   0.1051463791E+001   0.1011833241E+001   0.9828823024E+000
 0.4747475   0.9055338938E+000   0.1100916812E+001   0.1013941333E+001   0.9685244965E+000
 0.4848485   0.1157466260E+001   0.1060557514E+001   0.1007589588E+001   0.1003145569E+001
 0.4949495   0.1517275083E+001   0.1099341937E+001   0.1011817413E+001   0.9886428181E+000
 0.5050505   0.1734276946E+001   0.1079851817E+001   0.1016053237E+001   0.9939457228E+000
 0.5151515   0.1721547635E+001   0.1090082949E+001   0.1016112696E+001   0.9544317323E+000
 0.5252525   0.1722101771E+001   0.1069342928E+001   0.1011418789E+001   0.1024814798E+001
 0.5353535   0.1724367947E+001   0.1052915065E+001   0.1023138550E+001   0.1006365411E+001
 0.5454545   0.1731980133E+001   0.1103995734E+001   0.1017109464E+001   0.9405563851E+000
 0.5555556   0.1726748353E+001   0.1117557158E+001   0.1010438649E+001   0.9830624479E+000
 0.5656566   0.1735935653E+001   0.1090213495E+001   0.1008307005E+001   0.9441448012E+000
 0.5757576   0.1730016510E+001   0.1142648223E+001   0.1014693265E+001   0.9639566684E+000
 0.5858586   0.1723878863E+001   0.1136816741E+001   0.1002528674E+001   0.9052437196E+000
 0.5959596   0.1756581970E+001   0.1104473474E+001   0.1014783560E+001   0.1014658318E+001
 0.6060606   0.1754556406E+001   0.1107517677E+001   0.1018244078E+001   0.9968673934E+000
 0.6161616   0.1748318172E+001   0.1137277816E+001   0.1010680030E+001   0.9817620871E+000
 0.6262626   0.1752381334E+001   0.1088995536E+001   0.1006864260E+001   0.1007920461E+001
 0.6363636   0.1754784782E+001   0.1123348365E+001   0.1010361425E+001   0.9976873662E+000
 0.6464646   0.1764843140E+001   0.1083539024E+001   0.1012760070E+001   0.1030190175E+001
 0.6565657   0.1748745659E+001   0.1114682386E+001   0.1012117515E+001   0.9698082922E+000
 0.6666667   0.1778370294E+001   0.1063639214E+001   0.1016939461E+001   0.9936475509E+000
 0.6767677   0.1781806099E+001   0.1135755714E+001   0.1011796045E+001   0.9574569348E+000
 0.6868687   0.1794259341E+001   0.1097304599E+001   0.1008902600E+001   0.1010355531E+001
 0.6969697   0.1800156131E+001   0.1090212106E+001   0.1009340370E+001   0.1009610102E+001
 0.7070707   0.1817250342E+001   0.1103147191E+001   0.1018912145E+001   0.1020379491E+001
 0.7171717   0.1798857056E+001   0.1084330628E+001   0.1014442308E+001   0.9865721799E+000
 0.7272727   0.1799460990E+001   0.1091921692E+001   0.1005633630E+001   0.1005116816E+001
 0.7373737   0.1826009697E+001   0.1130768610E+001   0.1012331502E+001   0.1022539167E+001
 0.7474747   0.1824664765E+001   0.1078192226E+001   0.1017248763E+001   0.9562456114E+000
 0.7575758   0.1836629322E+001   0.1065102987E+001   0.1006839389E+001   0.9868579279E+000
 0.7676768   0.1859409510E+001   0.1091877251E+001   0.1021650627E+001   0.9816233543E+000
 0.7777778   0.1849071584E+001   0.1122902567E+001   0.1012740779E+001   0.1013803144E+001
 0.7878788   0.1863950654E+001   0.1086874871E+001   0.1015271505E+001   0.9713115756E+000
 0.7979798   0.1893234786E+001   0.1085562475E+001   0.1018690547E+001   0.9961364581E+000
 0.8080808   0.1884185953E+001   0.1096958793E+001   0.1015262839E+001   0.9974492428E+000
 0.8181818   0.1904508125E+001   0.1124492719E+001   0.1019988595E+001   0.9904173552E+000
 0.8282828   0.1911032478E+001   0.1097480973E+001   0.1019376539E+001   0.1040572356E+001
 0.8383838   0.1916872051E+001   0.1121231867E+001   0.1012838814E+001   0.1013109480E+001
 0.8484848   0.1944076119E+001   0.1086342968E+001   0.1025028913E+001   0.1024502132E+001
 0.8585859   0.1932573829E+001   0.1099925224E+001   0.1007532336E+001   0.9983975951E+000
 0.8686869   0.1936693423E+001   0.1104424867E+001   0.1019700047E+001   0.1027570818E+001
 0.8787879   0.1965866716E+001   0.1088694171E+001   0.1019714927E+001   0.9751815986E+000
 0.8888889   0.1987640734E+001   0.1141476094E+001   0.1024796480E+001   0.1057609568E+001
 0.8989899   0.1986718512E+001   0.1100241866E+001   0.1018941237E+001   0.9932727654E+000
 0.9090909   0.1987716751E+001   0.1085847174E+001   0.1015380313E+001   0.9940637492E+000
 0.9191919   0.2008401578E+001   0.1094578426E+001   0.1019939435E+001   0.1004002813E+001
 0.9292929   0.2017895964E+001   0.1053087274E+001   0.1019367036E+001   0.9627391331E+000
 0.9393939   0.2020980257E+001   0.1121404075E+001   0.1010339806E+001   0.1012190117E+001
 0.9494949   0.2026898614E+001   0.1087533152E+001   0.1008169799E+001   0.9835407654E+000
 0.9595960   0.2046657809E+001   0.1056478671E+001   0.1013167699E+001   0.9803416292E+000
 0.9696970   0.2069925508E+001   0.1057692464E+001   0.1014202779E+001   0.9775172786E+000
 0.9797980   0.2070469792E+001   0.1100975141E+001   0.1018416741E+001   0.1015113858E+001
 0.9898990   0.2085243600E+001   0.1099772458E+001   0.1020152628E+001   0.1014463678E+001
 1.0000000   0.2101637391E+001   0.1114932367E+001   0.1018797378E+001   0.1025458767E+001


 0.0000000   0.6022828256E-002   0.6836070214E+000   0.9615999179E+000   0.1019482591E+001
 0.0101010   0.6012088221E-002   0.7013044910E+000   0.9641348589E+000   0.1057091941E+001
 0.0202020   0.5911699808E-002   0.6810279984E+000   0.9655910912E+000   0.9980484815E+000
 0.0303030   0.5463294004E-002   0.6496037383E+000   0.9607771414E+000   0.9922971805E+000
 0.0404040   0.4972768508E-002   0.6496462554E+000   0.9659091618E+000   0.9890611943E+000
 0.0505051   0.4385099074E-002   0.6893986754E+000   0.9661420654E+000   0.1027905535E+001
 0.0606061   0.3759443682E-002   0.6316179823E+000   0.9655025466E+000   0.1008932025E+001
 0.0707071   0.3224918586E-002   0.6346823221E+000   0.9684957332E+000   0.9971480332E+000
 0.0808081   0.2691665359E-002   0.7125580326E+000   0.9629538395E+000   0.1074100410E+001
 0.0909091   0.2305396790E-002   0.6695006884E+000   0.9636343836E+000   0.9882748653E+000
 0.1010101   0.2001363845E-002   0.6333642930E+000   0.9828459214E+000   0.9777289896E+000
 0.1111111   0.1796189705E-002   0.6601676738E+000   0.9704400684E+000   0.9979796972E+000
 0.1212121   0.1686893173E-002   0.6862741896E+000   0.9745074346E+000   0.1028737199E+001
 0.1313131   0.1597492322E-002   0.6410785481E+000   0.9661213851E+000   0.1014322209E+001
 0.1414141   0.1615242525E-002   0.6908162566E+000   0.9746382367E+000   0.9929443777E+000
 0.1515152   0.1671371635E-002   0.6788979970E+000   0.9774002259E+000   0.9996555316E+000
 0.1616162   0.1773488621E-002   0.7036895947E+000   0.9802344508E+000   0.9785653435E+000
 0.1717172   0.1907769848E-002   0.7220237833E+000   0.9796802958E+000   0.1017369039E+001
 0.1818182   0.2138743829E-002   0.7035278225E+000   0.9735809376E+000   0.9787810759E+000
 0.1919192   0.2377322062E-002   0.7844543917E+000   0.9805955488E+000   0.1022704507E+001
 0.2020202   0.2745584562E-002   0.8520793412E+000   0.9777665244E+000   0.9768644967E+000
 0.2121212   0.3109826664E-002   0.8271249343E+000   0.9765559868E+000   0.9929568839E+000
 0.2222222   0.3609189244E-002   0.8716496357E+000   0.9886227382E+000   0.1011528631E+001
 0.2323232   0.4208666665E-002   0.8969949923E+000   0.9786903234E+000   0.1017930255E+001
 0.2424242   0.5011363861E-002   0.9770618872E+000   0.9927047457E+000   0.1034121129E+001
 0.2525253   0.5967051728E-002   0.9160146389E+000   0.9918631421E+000   0.9995007671E+000
 0.2626263   0.7156505746E-002   0.1030035041E+001   0.9839564233E+000   0.1039523819E+001
 0.2727273   0.8704138464E-002   0.1043475619E+001   0.9901460587E+000   0.1002458490E+001
 0.2828283   0.1059282824E-001   0.9979222117E+000   0.9975553579E+000   0.1016291940E+001
 0.2929293   0.1295761626E-001   0.1060150605E+001   0.9864614533E+000   0.9748306716E+000
 0.3030303   0.1583255470E-001   0.1069711760E+001   0.9962251368E+000   0.9988113613E+000
 0.3131313   0.1986221314E-001   0.1159113743E+001   0.9927263018E+000   0.1047560633E+001
 0.3232323   0.2418638580E-001   0.1089842035E+001   0.9883683756E+000   0.1004575169E+001
 0.3333333   0.3028722616E-001   0.1099607479E+001   0.9933570825E+000   0.1012014810E+001
 0.3434343   0.3813556787E-001   0.1099984948E+001   0.9915126367E+000   0.1014089281E+001
 0.3535354   0.4770254522E-001   0.1184278661E+001   0.9972296094E+000   0.1006873188E+001
 0.3636364   0.6006918694E-001   0.1117366132E+001   0.9989383071E+000   0.9995773677E+000
 0.3737374   0.7575389658E-001   0.1129611047E+001   0.9950734662E+000   0.9968775860E+000
 0.3838384   0.9529754236E-001   0.1073074756E+001   0.9949316612E+000   0.1003768517E+001
 0.3939394   0.1212694915E+000   0.1127646966E+001   0.1000204161E+001   0.1004368816E+001
 0.4040404   0.1554032304E+000   0.1086949838E+001   0.9974514092E+000   0.9895489371E+000
 0.4141414   0.1990147098E+000   0.1090875926E+001   0.1005109683E+001   0.1011663073E+001
 0.4242424   0.2550849582E+000   0.1094477432E+001   0.1006910109E+001   0.1025021286E+001
 0.4343434   0.3267953300E+000   0.1035100794E+001   0.1005229758E+001   0.9756873481E+000
 0.4444444   0.4208110896E+000   0.1061427154E+001   0.1008724956E+001   0.1051220268E+001
 0.4545455   0.5420605491E+000   0.1059428852E+001   0.1013795428E+001   0.1010489051E+001
 0.4646465   0.7006141693E+000   0.1051941700E+001   0.1010698680E+001   0.9817622477E+000
 0.4747475   0.9051905745E+000   0.1102787963E+001   0.1011061339E+001   0.9657558408E+000
 0.4848485   0.1160780871E+001   0.1065806412E+001   0.1006040121E+001   0.1001584617E+001
 0.4949495   0.1511661287E+001   0.1097552142E+001   0.1009433795E+001   0.9862957549E+000
 0.5050505   0.1733981560E+001   0.1081913121E+001   0.1015586737E+001   0.9934712025E+000
 0.5151515   0.1719394718E+001   0.1090983774E+001   0.1012506057E+001   0.9510266322E+000
 0.5252525   0.1722430519E+001   0.1071771245E+001   0.1011597880E+001   0.1024977514E+001
 0.5353535   0.1720296912E+001   0.1052613677E+001   0.1021974483E+001   0.1005202043E+001
 0.5454545   0.1729909233E+001   0.1104968778E+001   0.1013381176E+001   0.9370915691E+000
 0.5555556   0.1724904268E+001   0.1118685198E+001   0.1011768772E+001   0.9843385304E+000
 0.5656566   0.1737862786E+001   0.1093693459E+001   0.1005624420E+001   0.9416156966E+000
 0.5757576   0.1731272455E+001   0.1145855677E+001   0.1014410511E+001   0.9636704275E+000
 0.5858586   0.1722252640E+001   0.1138106164E+001   0.1002061334E+001   0.9048051815E+000
 0.5959596   0.1760513532E+001   0.1109247446E+001   0.1014708306E+001   0.1014564517E+001
 0.6060606   0.1749164449E+001   0.1106410210E+001   0.1014103789E+001   0.9927958663E+000
 0.6161616   0.1755335681E+001   0.1144217215E+001   0.1009425681E+001   0.9805256946E+000
 0.6262626   0.1749676093E+001   0.1089575526E+001   0.1008013447E+001   0.1009052398E+001
 0.6363636   0.1754433203E+001   0.1125458893E+001   0.1015748419E+001   0.1002988441E+001
 0.6464646   0.1767053275E+001   0.1087152053E+001   0.1009490577E+001   0.1026845632E+001
 0.6565657   0.1752242122E+001   0.1119233772E+001   0.1014148855E+001   0.9717369437E+000
 0.6666667   0.1772098015E+001   0.1062091872E+001   0.1014289650E+001   0.9910403047E+000
 0.6767677   0.1784592017E+001   0.1139897066E+001   0.1014549744E+001   0.9600451850E+000
 0.6868687   0.1798946945E+001   0.1102459234E+001   0.1015192465E+001   0.1016635861E+001
 0.6969697   0.1797497115E+001   0.1090865556E+001   0.1012777256E+001   0.1013029378E+001
 0.7070707   0.1812968700E+001   0.1102836702E+001   0.1016116612E+001   0.1017561322E+001
 0.7171717   0.1802766637E+001   0.1088947103E+001   0.1015158787E+001   0.9872509180E+000
 0.7272727   0.1807336324E+001   0.1098981130E+001   0.1009483340E+001   0.1008946095E+001
 0.7373737   0.1826190431E+001   0.1133232257E+001   0.1010820525E+001   0.1020994281E+001
 0.7474747   0.1825761040E+001   0.1081083519E+001   0.1016045895E+001   0.9550974090E+000
 0.7575758   0.1841847835E+001   0.1070350553E+001   0.1010498123E+001   0.9904259363E+000
 0.7676768   0.1858133265E+001   0.1093396877E+001   0.1017508690E+001   0.9776258132E+000
 0.7777778   0.1846812486E+001   0.1123862947E+001   0.1012954567E+001   0.1013998610E+001
 0.7878788   0.1867607883E+001   0.1091272060E+001   0.1017376931E+001   0.9733080384E+000
 0.7979798   0.1888316596E+001   0.1084994053E+001   0.1018677342E+001   0.9961053265E+000
 0.8080808   0.1884609691E+001   0.1099487187E+001   0.1014411520E+001   0.9965946326E+000
 0.8181818   0.1904376140E+001   0.1126753071E+001   0.1018636333E+001   0.9890862067E+000
 0.8282828   0.1911909667E+001   0.1100268049E+001   0.1019266955E+001   0.1040441464E+001
 0.8383838   0.1917469570E+001   0.1123913760E+001   0.1013372717E+001   0.1013624987E+001
 0.8484848   0.1941318074E+001   0.1087057686E+001   0.1024672419E+001   0.1024127091E+001
 0.8585859   0.1936917332E+001   0.1104689824E+001   0.1007703285E+001   0.9985487306E+000
 0.8686869   0.1939262554E+001   0.1108189705E+001   0.1016278015E+001   0.1024103642E+001
 0.8787879   0.1961293581E+001   0.1088420306E+001   0.1016827932E+001   0.9724029003E+000
 0.8888889   0.1992520933E+001   0.1146658317E+001   0.1023777407E+001   0.1056538541E+001
 0.8989899   0.1986234306E+001   0.1102261166E+001   0.1018029622E+001   0.9923659647E+000
 0.9090909   0.1989652435E+001   0.1089164873E+001   0.1014469463E+001   0.9931538570E+000
 0.9191919   0.2012346530E+001   0.1099009129E+001   0.1014277578E+001   0.9984111621E+000
 0.9292929   0.2015868380E+001   0.1054216882E+001   0.1015023625E+001   0.9586194751E+000
 0.9393939   0.2021452708E+001   0.1123998794E+001   0.1012946851E+001   0.1014783376E+001
 0.9494949   0.2023752142E+001   0.1088102983E+001   0.1007773709E+001   0.9831363694E+000
 0.9595960   0.2043899869E+001   0.1057249074E+001   0.1012153412E+001   0.9793422928E+000
 0.9696970   0.2057851917E+001   0.1053709788E+001   0.1010627721E+001   0.9740537222E+000
 0.9797980   0.2072690886E+001   0.1104448203E+001   0.1019193838E+001   0.1015869855E+001
 0.9898990   0.2088103381E+001   0.1103570900E+001   0.1018444372E+001   0.1012746424E+001
 1.0000000   0.2103679938E+001   0.1118336766E+001   0.1013982839E+001   0.1020594082E+001


 0.0000000   0.6150896322E-002   0.6948119563E+000   0.9605753489E+000   0.1018424854E+001
 0.0101010   0.6120693453E-002   0.7105665270E+000   0.9642532676E+000   0.1057251358E+001
 0.0202020   0.6018256357E-002   0.6899952776E+000   0.9670797586E+000   0.9996151680E+000
 0.0303030   0.5559236490E-002   0.6578576560E+000   0.9597215002E+000   0.9912346515E+000
 0.0404040   0.5085186429E-002   0.6611628107E+000   0.9674515359E+000   0.9906682664E+000
 0.0505051   0.4447574833E-002   0.6958844623E+000   0.9640582525E+000   0.1025717217E+001
 0.0606061   0.3832203333E-002   0.6407701732E+000   0.9657156740E+000   0.1009182986E+001
 0.0707071   0.3263394868E-002   0.6391902091E+000   0.9646488480E+000   0.9932151403E+000
 0.0808081   0.2749405347E-002   0.7243705556E+000   0.9667645242E+000   0.1078381117E+001
 0.0909091   0.2341415078E-002   0.6767162343E+000   0.9590216588E+000   0.9835717214E+000
 0.1010101   0.2028931801E-002   0.6390249513E+000   0.9775602806E+000   0.9724980871E+000
 0.1111111   0.1833469999E-002   0.6706542802E+000   0.9696544209E+000   0.9971996657E+000
 0.1212121   0.1722261991E-002   0.6973200345E+000   0.9765055990E+000   0.1030875412E+001
 0.1313131   0.1625155676E-002   0.6490681146E+000   0.9609185332E+000   0.1008888020E+001
 0.1414141   0.1646009760E-002   0.7006160082E+000   0.9727953371E+000   0.9910946044E+000
 0.1515152   0.1704950927E-002   0.6892332558E+000   0.9718224610E+000   0.9939785828E+000
 0.1616162   0.1808306404E-002   0.7140811750E+000   0.9801964667E+000   0.9785548135E+000
 0.1717172   0.1938757695E-002   0.7302505594E+000   0.9773184566E+000   0.1014944746E+001
 0.1818182   0.2178556932E-002   0.7132048083E+000   0.9707460521E+000   0.9759583654E+000
 0.1919192   0.2418373735E-002   0.7941927831E+000   0.9788603717E+000   0.1020923393E+001
 0.2020202   0.2777291922E-002   0.8578069953E+000   0.9789484466E+000   0.9780727045E+000
 0.2121212   0.3163078034E-002   0.8372741391E+000   0.9736294722E+000   0.9900089297E+000
 0.2222222   0.3658994381E-002   0.8794616010E+000   0.9855213435E+000   0.1008383602E+001
 0.2323232   0.4268065828E-002   0.9053144208E+000   0.9760058756E+000   0.1015166591E+001
 0.2424242   0.5085764602E-002   0.9868365621E+000   0.9873211425E+000   0.1028541707E+001
 0.2525253   0.6027256213E-002   0.9208419708E+000   0.9841553453E+000   0.9917613772E+000
 0.2626263   0.7260507389E-002   0.1040017836E+001   0.9851486979E+000   0.1040812558E+001
 0.2727273   0.8809829202E-002   0.1051106797E+001   0.9888401470E+000   0.1001164361E+001
 0.2828283   0.1073157400E-001   0.1006169213E+001   0.9941395484E+000   0.1012840322E+001
 0.2929293   0.1311547915E-001   0.1067946394E+001   0.9866143134E+000   0.9750090197E+000
 0.3030303   0.1602193365E-001   0.1077341880E+001   0.9964859696E+000   0.9991008358E+000
 0.3131313   0.2003382971E-001   0.1163550497E+001   0.9886797542E+000   0.1043319772E+001
 0.3232323   0.2437208352E-001   0.1092969586E+001   0.9885381408E+000   0.1004775841E+001
 0.3333333   0.3053358191E-001   0.1103262305E+001   0.9915399485E+000   0.1010191821E+001
 0.3434343   0.3849071859E-001   0.1104931575E+001   0.9871484102E+000   0.1009653941E+001
 0.3535354   0.4808882932E-001   0.1188172230E+001   0.9970700049E+000   0.1006740218E+001
 0.3636364   0.6066527671E-001   0.1123069864E+001   0.9955496022E+000   0.9962143787E+000
 0.3737374   0.7643471963E-001   0.1134324917E+001   0.9980886718E+000   0.9999262460E+000
 0.3838384   0.9584257546E-001   0.1074062599E+001   0.9955410888E+000   0.1004411471E+001
 0.3939394   0.1218903092E+000   0.1128011738E+001   0.1000674055E+001   0.1004868793E+001
 0.4040404   0.1558208798E+000   0.1084670810E+001   0.9992937623E+000   0.9914044431E+000
 0.4141414   0.1998290775E+000   0.1090113465E+001   0.1006454304E+001   0.1013044816E+001
 0.4242424   0.2566648944E+000   0.1096001815E+001   0.1003744053E+001   0.1021826883E+001
 0.4343434   0.3276689831E+000   0.1032915927E+001   0.1002905442E+001   0.9734585870E+000
 0.4444444   0.4216236211E+000   0.1058402342E+001   0.1008516336E+001   0.1051032277E+001
 0.4545455   0.5415780874E+000   0.1053435429E+001   0.1012562437E+001   0.1009288331E+001
 0.4646465   0.7001809521E+000   0.1046275095E+001   0.1007697682E+001   0.9788745670E+000
 0.4747475   0.9040497444E+000   0.1096142869E+001   0.1011185007E+001   0.9659010020E+000
 0.4848485   0.1165322083E+001   0.1064870764E+001   0.1008146736E+001   0.1003709996E+001
 0.4949495   0.1515964983E+001   0.1095425082E+001   0.1007084450E+001   0.9840278039E+000
 0.5050505   0.1734860743E+001   0.1077296810E+001   0.1018609521E+001   0.9964560528E+000
 0.5151515   0.1723492184E+001   0.1088365739E+001   0.1016004182E+001   0.9543390620E+000
 0.5252525   0.1718557596E+001   0.1064258976E+001   0.1012994337E+001   0.1026421171E+001
 0.5353535   0.1726145384E+001   0.1051152702E+001   0.1022075796E+001   0.1005329833E+001
 0.5454545   0.1726023277E+001   0.1097226225E+001   0.1011159565E+001   0.9350633783E+000
 0.5555556   0.1725202531E+001   0.1113540001E+001   0.1013823568E+001   0.9863652269E+000
 0.5656566   0.1735906691E+001   0.1087249832E+001   0.1006871027E+001   0.9428093452E+000
 0.5757576   0.1734004642E+001   0.1142188014E+001   0.1015186762E+001   0.9644348454E+000
 0.5858586   0.1722713150E+001   0.1132978651E+001   0.1006406830E+001   0.9087543567E+000
 0.5959596   0.1748456276E+001   0.1096394094E+001   0.1013068307E+001   0.1012953103E+001
 0.6060606   0.1747918828E+001   0.1100346925E+001   0.1015387277E+001   0.9940802099E+000
 0.6161616   0.1754200924E+001   0.1138021516E+001   0.1005588706E+001   0.9768259137E+000
 0.6262626   0.1751689926E+001   0.1085624798E+001   0.1005499697E+001   0.1006564230E+001
 0.6363636   0.1760528734E+001   0.1123980451E+001   0.1015146667E+001   0.1002422306E+001
 0.6464646   0.1767869987E+001   0.1082464870E+001   0.1012689203E+001   0.1030128081E+001
 0.6565657   0.1751495755E+001   0.1113418979E+001   0.1015530475E+001   0.9730880199E+000
 0.6666667   0.1775541887E+001   0.1059078397E+001   0.1015412724E+001   0.9921654069E+000
 0.6767677   0.1776296004E+001   0.1129184400E+001   0.1016751590E+001   0.9621556721E+000
 0.6868687   0.1795478861E+001   0.1095083717E+001   0.1017506118E+001   0.1018981325E+001
 0.6969697   0.1793908543E+001   0.1083493140E+001   0.1010156222E+001   0.1010435974E+001
 0.7070707   0.1813221806E+001   0.1097727841E+001   0.1019184250E+001   0.1020661890E+001
 0.7171717   0.1802449687E+001   0.1083560746E+001   0.1016917477E+001   0.9889889408E+000
 0.7272727   0.1809504430E+001   0.1095049497E+001   0.1012253894E+001   0.1011743493E+001
 0.7373737   0.1827015594E+001   0.1128334741E+001   0.1012234909E+001   0.1022451518E+001
 0.7474747   0.1828956719E+001   0.1077808441E+001   0.1018388096E+001   0.9573259068E+000
 0.7575758   0.1839155637E+001   0.1063686416E+001   0.1011215261E+001   0.9911565721E+000
 0.7676768   0.1856947149E+001   0.1087485200E+001   0.1017090130E+001   0.9772510124E+000
 0.7777778   0.1845721920E+001   0.1117840041E+001   0.1014088008E+001   0.1015161633E+001
 0.7878788   0.1869444145E+001   0.1087132984E+001   0.1018801249E+001   0.9746979417E+000
 0.7979798   0.1893059246E+001   0.1082529137E+001   0.1019813562E+001   0.9972442824E+000
 0.8080808   0.1884284231E+001   0.1094052108E+001   0.1016582112E+001   0.9987550558E+000
 0.8181818   0.1900534135E+001   0.1119114528E+001   0.1019499373E+001   0.9899519194E+000
 0.8282828   0.1911101580E+001   0.1094555393E+001   0.1021737556E+001   0.1042992583E+001
 0.8383838   0.1916134748E+001   0.1117772435E+001   0.1017185135E+001   0.1017466833E+001
 0.8484848   0.1933812733E+001   0.1077688254E+001   0.1021217709E+001   0.1020702788E+001
 0.8585859   0.1938467028E+001   0.1100298516E+001   0.1010233322E+001   0.1001083803E+001
 0.8686869   0.1938520859E+001   0.1102480252E+001   0.1017139918E+001   0.1025000870E+001
 0.8787879   0.1961438460E+001   0.1083307017E+001   0.1017457554E+001   0.9730322490E+000
 0.8888889   0.1988790567E+001   0.1139050621E+001   0.1025222428E+001   0.1058059418E+001
 0.8989899   0.1987618356E+001   0.1097766234E+001   0.1018434888E+001   0.9927888023E+000
 0.9090909   0.1988027049E+001   0.1083082500E+001   0.1019255925E+001   0.9978676778E+000
 0.9191919   0.2011330942E+001   0.1093213300E+001   0.1015390458E+001   0.9995346099E+000
 0.9292929   0.2018393201E+001   0.1050500852E+001   0.1016764452E+001   0.9602904433E+000
 0.9393939   0.2021818704E+001   0.1118838264E+001   0.1015436204E+001   0.1017305717E+001
 0.9494949   0.2027232382E+001   0.1084773470E+001   0.1011983827E+001   0.9872711951E+000
 0.9595960   0.2041848655E+001   0.1051148529E+001   0.1016971280E+001   0.9840315219E+000
 0.9696970   0.2064192091E+001   0.1051913055E+001   0.1015062380E+001   0.9783552774E+000
 0.9797980   0.2074735344E+001   0.1100262627E+001   0.1022511925E+001   0.1019205648E+001
 0.9898990   0.2089030278E+001   0.1098792835E+001   0.1018369458E+001   0.1012700275E+001
 1.0000000   0.2096472360E+001   0.1109187379E+001   0.1014790150E+001   0.1021435247E+001


 0.0000000   0.6099504031E-002   0.6901713137E+000   0.9601275963E+000   0.1017940797E+001
 0.0101010   0.6080745403E-002   0.7071221503E+000   0.9665641457E+000   0.1059775387E+001
 0.0202020   0.5934985688E-002   0.6815984848E+000   0.9666685121E+000   0.9991809183E+000
 0.0303030   0.5521853303E-002   0.6545384352E+000   0.9613373206E+000   0.9928944185E+000
 0.0404040   0.5037692278E-002   0.6560949254E+000   0.9655220016E+000   0.9886833561E+000
 0.0505051   0.4407146925E-002   0.6907245783E+000   0.9615558072E+000   0.1023045335E+001
 0.0606061   0.3826620638E-002   0.6409182796E+000   0.9702125242E+000   0.1013872939E+001
 0.0707071   0.3228955114E-002   0.6335136849E+000   0.9632617180E+000   0.9917778332E+000
 0.0808081   0.2728125145E-002   0.7199789671E+000   0.9676707301E+000   0.1079382044E+001
 0.0909091   0.2323614530E-002   0.6727067313E+000   0.9632688354E+000   0.9879185575E+000
 0.1010101   0.2001118730E-002   0.6313304388E+000   0.9745243243E+000   0.9694689571E+000
 0.1111111   0.1814565227E-002   0.6648611889E+000   0.9669168878E+000   0.9943752431E+000
 0.1212121   0.1705826906E-002   0.6918331876E+000   0.9760314434E+000   0.1030365402E+001
 0.1313131   0.1620214163E-002   0.6481883713E+000   0.9637617773E+000   0.1011863916E+001
 0.1414141   0.1636475788E-002   0.6977353706E+000   0.9716200706E+000   0.9898881475E+000
 0.1515152   0.1691312904E-002   0.6848757805E+000   0.9721177402E+000   0.9942714712E+000
 0.1616162   0.1785954669E-002   0.7064468623E+000   0.9801123169E+000   0.9784618272E+000
 0.1717172   0.1929794586E-002   0.7281032218E+000   0.9769988186E+000   0.1014603493E+001
 0.1818182   0.2146612709E-002   0.7039349853E+000   0.9726185363E+000   0.9778319319E+000
 0.1919192   0.2405408731E-002   0.7912703767E+000   0.9806830029E+000   0.1022814961E+001
 0.2020202   0.2743632293E-002   0.8488431801E+000   0.9796159155E+000   0.9787305963E+000
 0.2121212   0.3139966330E-002   0.8325613916E+000   0.9716417915E+000   0.9879787452E+000
 0.2222222   0.3640738353E-002   0.8765528650E+000   0.9843334385E+000   0.1007158899E+001
 0.2323232   0.4226313264E-002   0.8979734976E+000   0.9788795880E+000   0.1018146265E+001
 0.2424242   0.5051854694E-002   0.9819137298E+000   0.9895729181E+000   0.1030878035E+001
 0.2525253   0.6001848166E-002   0.9185101548E+000   0.9853917141E+000   0.9929981904E+000
 0.2626263   0.7228017260E-002   0.1037114012E+001   0.9823795745E+000   0.1037877448E+001
 0.2727273   0.8770496029E-002   0.1048182772E+001   0.9915926631E+000   0.1003941972E+001
 0.2828283   0.1067363804E-001   0.1002428894E+001   0.9926942405E+000   0.1011358547E+001
 0.2929293   0.1306996207E-001   0.1066039077E+001   0.9854675489E+000   0.9738668089E+000
 0.3030303   0.1598982588E-001   0.1077000373E+001   0.9956838406E+000   0.9982874425E+000
 0.3131313   0.1996198966E-001   0.1161337874E+001   0.9889971070E+000   0.1043645088E+001
 0.3232323   0.2430530093E-001   0.1091817189E+001   0.9877502917E+000   0.1003965839E+001
 0.3333333   0.3057850699E-001   0.1106753254E+001   0.9916878954E+000   0.1010333281E+001
 0.3434343   0.3842237650E-001   0.1104834161E+001   0.9891589094E+000   0.1011700994E+001
 0.3535354   0.4806736058E-001   0.1189649356E+001   0.9968936046E+000   0.1006552872E+001
 0.3636364   0.6076213331E-001   0.1126764380E+001   0.9948656987E+000   0.9955208845E+000
 0.3737374   0.7636534181E-001   0.1135211025E+001   0.9981970230E+000   0.1000025621E+001
 0.3838384   0.9619564706E-001   0.1079841574E+001   0.9995766032E+000   0.1008473689E+001
 0.3939394   0.1220228130E+000   0.1131146818E+001   0.1001191530E+001   0.1005379212E+001
 0.4040404   0.1559990613E+000   0.1087746742E+001   0.1001801602E+001   0.9938833644E+000
 0.4141414   0.2001344113E+000   0.1093624659E+001   0.1006270770E+001   0.1012850786E+001
 0.4242424   0.2572006167E+000   0.1100145971E+001   0.1002106137E+001   0.1020150100E+001
 0.4343434   0.3286253556E+000   0.1037681837E+001   0.1004219380E+001   0.9747250022E+000
 0.4444444   0.4212831909E+000   0.1059335423E+001   0.1010514420E+001   0.1053104932E+001
 0.4545455   0.5414344852E+000   0.1054936345E+001   0.1012454051E+001   0.1009171036E+001
 0.4646465   0.7001566742E+000   0.1048007364E+001   0.1009517950E+001   0.9806337724E+000
 0.4747475   0.9043690400E+000   0.1098383567E+001   0.1010670941E+001   0.9654010999E+000
 0.4848485   0.1168945524E+001   0.1069987501E+001   0.1010042101E+001   0.1005587793E+001
 0.4949495   0.1519473997E+001   0.1099816647E+001   0.1010634896E+001   0.9874879042E+000
 0.5050505   0.1734376835E+001   0.1078816856E+001   0.1016332657E+001   0.9942195853E+000
 0.5151515   0.1728528124E+001   0.1093391012E+001   0.1014202721E+001   0.9526381979E+000
 0.5252525   0.1722416606E+001   0.1068451810E+001   0.1013095670E+001   0.1026514428E+001
 0.5353535   0.1732319956E+001   0.1056695976E+001   0.1019775311E+001   0.1003057835E+001
 0.5454545   0.1728244550E+001   0.1100495401E+001   0.1011900521E+001   0.9357399870E+000
 0.5555556   0.1730713484E+001   0.1118985395E+001   0.1014408705E+001   0.9869254607E+000
 0.5656566   0.1739231729E+001   0.1091173793E+001   0.1008607563E+001   0.9444267300E+000
 0.5757576   0.1733980434E+001   0.1144102779E+001   0.1013489992E+001   0.9628140672E+000
 0.5858586   0.1728607230E+001   0.1138776740E+001   0.1008186773E+001   0.9103532373E+000
 0.5959596   0.1746026147E+001   0.1096720999E+001   0.1013752620E+001   0.1013628038E+001
 0.6060606   0.1746552581E+001   0.1101345404E+001   0.1016517310E+001   0.9951773996E+000
 0.6161616   0.1755501116E+001   0.1140790124E+001   0.1008161229E+001   0.9793158696E+000
 0.6262626   0.1751191493E+001   0.1087150491E+001   0.1005966133E+001   0.1007021921E+001
 0.6363636   0.1756300621E+001   0.1123176479E+001   0.1015387630E+001   0.1002651050E+001
 0.6464646   0.1765659048E+001   0.1082938608E+001   0.1012875691E+001   0.1030308328E+001
 0.6565657   0.1755648487E+001   0.1117945424E+001   0.1016445694E+001   0.9739560527E+000
 0.6666667   0.1776065865E+001   0.1061181718E+001   0.1013591624E+001   0.9903769130E+000
 0.6767677   0.1776116786E+001   0.1130979036E+001   0.1015568313E+001   0.9610271157E+000
 0.6868687   0.1796209215E+001   0.1097381034E+001   0.1017045311E+001   0.1018510504E+001
 0.6969697   0.1795003491E+001   0.1085987110E+001   0.1011090929E+001   0.1011361660E+001
 0.7070707   0.1811854887E+001   0.1098754490E+001   0.1016606987E+001   0.1018071549E+001
 0.7171717   0.1803294554E+001   0.1085901139E+001   0.1016249799E+001   0.9883305318E+000
 0.7272727   0.1808046203E+001   0.1096016592E+001   0.1011210442E+001   0.1010691294E+001
 0.7373737   0.1820592663E+001   0.1126268660E+001   0.1011575625E+001   0.1021776205E+001
 0.7474747   0.1830473787E+001   0.1080525875E+001   0.1016008205E+001   0.9550799499E+000
 0.7575758   0.1836030884E+001   0.1063674182E+001   0.1011091859E+001   0.9910265249E+000
 0.7676768   0.1857202212E+001   0.1089473094E+001   0.1018110161E+001   0.9782221142E+000
 0.7777778   0.1847489390E+001   0.1120801878E+001   0.1014861461E+001   0.1015926585E+001
 0.7878788   0.1867834599E+001   0.1088033080E+001   0.1016853911E+001   0.9728259770E+000
 0.7979798   0.1893799102E+001   0.1084782824E+001   0.1019266040E+001   0.9966997329E+000
 0.8080808   0.1883808634E+001   0.1095624870E+001   0.1017033357E+001   0.9991892200E+000
 0.8181818   0.1896958711E+001   0.1118897344E+001   0.1016326717E+001   0.9868621599E+000
 0.8282828   0.1911361280E+001   0.1096554604E+001   0.1020648808E+001   0.1041871627E+001
 0.8383838   0.1914787168E+001   0.1118874465E+001   0.1015866270E+001   0.1016138279E+001
 0.8484848   0.1933353569E+001   0.1079253644E+001   0.1019976401E+001   0.1019452753E+001
 0.8585859   0.1932844779E+001   0.1098961791E+001   0.1011162337E+001   0.1001995211E+001
 0.8686869   0.1941987130E+001   0.1106318547E+001   0.1019265986E+001   0.1027133946E+001
 0.8787879   0.1956550225E+001   0.1082433876E+001   0.1015169962E+001   0.9708356326E+000
 0.8888889   0.1983515300E+001   0.1137949616E+001   0.1024458184E+001   0.1057260995E+001
 0.8989899   0.1987412730E+001   0.1099508122E+001   0.1016274473E+001   0.9906737006E+000
 0.9090909   0.1987766315E+001   0.1084771037E+001   0.1017234910E+001   0.9958799352E+000
 0.9191919   0.2012051619E+001   0.1095453621E+001   0.1015628707E+001   0.9997599653E+000
 0.9292929   0.2016791081E+001   0.1051441348E+001   0.1015560640E+001   0.9591446940E+000
 0.9393939   0.2019825441E+001   0.1119624631E+001   0.1014948323E+001   0.1016807608E+001
 0.9494949   0.2022255935E+001   0.1083939754E+001   0.1010532468E+001   0.9858462333E+000
 0.9595960   0.2043277194E+001   0.1053662033E+001   0.1017688171E+001   0.9847161576E+000
 0.9696970   0.2063764176E+001   0.1053472759E+001   0.1015671047E+001   0.9789329515E+000
 0.9797980   0.2074833447E+001   0.1102174608E+001   0.1019889548E+001   0.1016582423E+001
 0.9898990   0.2086269110E+001   0.1099195437E+001   0.1018085610E+001   0.1012408718E+001
 1.0000000   0.2096507434E+001   0.1111080921E+001   0.1014962938E+001   0.1021599793E+001


 0.0000000   0.6083113670E-002   0.6885713671E+000   0.9631332340E+000   0.1021111831E+001
 0.0101010   0.6053293686E-002   0.7041902576E+000   0.9657364587E+000   0.1058851721E+001
 0.0202020   0.5916443843E-002   0.6797204449E+000   0.9681581956E+000   0.1000705432E+001
 0.0303030   0.5503188243E-002   0.6525672942E+000   0.9602048502E+000   0.9917096372E+000
 0.0404040   0.5007432451E-002   0.6523952474E+000   0.9642563287E+000   0.9873722518E+000
 0.0505051   0.4398110297E-002   0.6895633063E+000   0.9613950956E+000   0.1022858734E+001
 0.0606061   0.3823291376E-002   0.6405975774E+000   0.9714457262E+000   0.1015146143E+001
 0.0707071   0.3217406756E-002   0.6314814658E+000   0.9601995997E+000   0.9886099761E+000
 0.0808081   0.2718751742E-002   0.7177706891E+000   0.9691469255E+000   0.1081012157E+001
 0.0909091   0.2314346734E-002   0.6702715116E+000   0.9655497613E+000   0.9902427377E+000
 0.1010101   0.1994178366E-002   0.6293735949E+000   0.9764225133E+000   0.9713424739E+000
 0.1111111   0.1811633930E-002   0.6640327357E+000   0.9718610185E+000   0.9994445222E+000
 0.1212121   0.1698665505E-002   0.6891836167E+000   0.9784841441E+000   0.1032938875E+001
 0.1313131   0.1612413639E-002   0.6453063226E+000   0.9650978534E+000   0.1013251212E+001
 0.1414141   0.1625082851E-002   0.6931341690E+000   0.9732521207E+000   0.9915357494E+000
 0.1515152   0.1682353063E-002   0.6814996470E+000   0.9717804492E+000   0.9939113239E+000
 0.1616162   0.1788973811E-002   0.7079029106E+000   0.9794575756E+000   0.9777932646E+000
 0.1717172   0.1929325488E-002   0.7281955436E+000   0.9768948302E+000   0.1014480019E+001
 0.1818182   0.2141052229E-002   0.7023713067E+000   0.9742846379E+000   0.9794920144E+000
 0.1919192   0.2411263255E-002   0.7934897080E+000   0.9813341754E+000   0.1023478488E+001
 0.2020202   0.2743301735E-002   0.8490549180E+000   0.9792210642E+000   0.9783211700E+000
 0.2121212   0.3147627007E-002   0.8349013923E+000   0.9735025931E+000   0.9898557259E+000
 0.2222222   0.3640889060E-002   0.8769134609E+000   0.9846944598E+000   0.1007512915E+001
 0.2323232   0.4228003272E-002   0.8986649328E+000   0.9799693281E+000   0.1019264162E+001
 0.2424242   0.5059041916E-002   0.9836744833E+000   0.9913583064E+000   0.1032722184E+001
 0.2525253   0.6014122152E-002   0.9207290554E+000   0.9867624433E+000   0.9943643239E+000
 0.2626263   0.7259244257E-002   0.1041979985E+001   0.9839213250E+000   0.1039490431E+001
 0.2727273   0.8773150805E-002   0.1048887964E+001   0.9902218974E+000   0.1002538833E+001
 0.2828283   0.1067740583E-001   0.1003153750E+001   0.9950354358E+000   0.1013728288E+001
 0.2929293   0.1305761246E-001   0.1065425822E+001   0.9856081798E+000   0.9739909185E+000
 0.3030303   0.1600286966E-001   0.1078277724E+001   0.9963345851E+000   0.9989246423E+000
 0.3131313   0.1993997787E-001   0.1160486470E+001   0.9914247519E+000   0.1046190907E+001
 0.3232323   0.2431703985E-001   0.1092748646E+001   0.9898014491E+000   0.1006035315E+001
 0.3333333   0.3051032500E-001   0.1104694039E+001   0.9930520312E+000   0.1011707623E+001
 0.3434343   0.3831809728E-001   0.1102243261E+001   0.9921562026E+000   0.1014751105E+001
 0.3535354   0.4796970503E-001   0.1187671657E+001   0.9953620084E+000   0.1004991096E+001
 0.3636364   0.6082413915E-001   0.1128331501E+001   0.9932527518E+000   0.9938917058E+000
 0.3737374   0.7635269649E-001   0.1135442970E+001   0.1000034634E+001   0.1001851307E+001
 0.3838384   0.9611754202E-001   0.1079363992E+001   0.9999574101E+000   0.1008842488E+001
 0.3939394   0.1220770726E+000   0.1132068478E+001   0.1001893048E+001   0.1006068309E+001
 0.4040404   0.1560012565E+000   0.1088164487E+001   0.1003304808E+001   0.9953594970E+000
 0.4141414   0.1998721430E+000   0.1092595584E+001   0.1006835456E+001   0.1013403698E+001
 0.4242424   0.2565087825E+000   0.1097592656E+001   0.1001365028E+001   0.1019380087E+001
 0.4343434   0.3285481248E+000   0.1037821790E+001   0.1003207374E+001   0.9737278575E+000
 0.4444444   0.4208518942E+000   0.1058642429E+001   0.1009423040E+001   0.1051951497E+001
 0.4545455   0.5424635901E+000   0.1057332499E+001   0.1012973692E+001   0.1009673582E+001
 0.4646465   0.7007667391E+000   0.1049308589E+001   0.1010136141E+001   0.9812192997E+000
 0.4747475   0.9046961381E+000   0.1099187353E+001   0.1009668535E+001   0.9644288742E+000
 0.4848485   0.1170139353E+001   0.1071476533E+001   0.1012088827E+001   0.1007610114E+001
 0.4949495   0.1519472691E+001   0.1100222600E+001   0.1011267551E+001   0.9880909879E+000
 0.5050505   0.1735863672E+001   0.1080141170E+001   0.1015208067E+001   0.9931043063E+000
 0.5151515   0.1730523563E+001   0.1095058227E+001   0.1014818411E+001   0.9532019660E+000
 0.5252525   0.1724561105E+001   0.1070177875E+001   0.1012431227E+001   0.1025825527E+001
 0.5353535   0.1733746153E+001   0.1057957207E+001   0.1018352980E+001   0.1001643534E+001
 0.5454545   0.1728386935E+001   0.1100993252E+001   0.1013340360E+001   0.9370571546E+000
 0.5555556   0.1732153440E+001   0.1120330728E+001   0.1013082351E+001   0.9856199980E+000
 0.5656566   0.1742158331E+001   0.1093414290E+001   0.1008621684E+001   0.9444255377E+000
 0.5757576   0.1735162958E+001   0.1145306595E+001   0.1014051647E+001   0.9633329354E+000
 0.5858586   0.1730882505E+001   0.1140697519E+001   0.1007545536E+001   0.9097603406E+000
 0.5959596   0.1746604271E+001   0.1097490021E+001   0.1015099118E+001   0.1014958879E+001
 0.6060606   0.1746575716E+001   0.1101767463E+001   0.1015195859E+001   0.9938685208E+000
 0.6161616   0.1757297574E+001   0.1142380019E+001   0.1007378434E+001   0.9785405362E+000
 0.6262626   0.1752975210E+001   0.1088660457E+001   0.1007713765E+001   0.1008755990E+001
 0.6363636   0.1753895850E+001   0.1122053570E+001   0.1012534207E+001   0.9998181580E+000
 0.6464646   0.1768902427E+001   0.1085329273E+001   0.1013044504E+001   0.1030464318E+001
 0.6565657   0.1757017983E+001   0.1119231407E+001   0.1018023859E+001   0.9754533593E+000
 0.6666667   0.1773756210E+001   0.1060193817E+001   0.1011834306E+001   0.9886447536E+000
 0.6767677   0.1775207854E+001   0.1130818468E+001   0.1015776785E+001   0.9612097210E+000
 0.6868687   0.1794312807E+001   0.1096628007E+001   0.1015312108E+001   0.1016759286E+001
 0.6969697   0.1794691697E+001   0.1086200186E+001   0.1009551544E+001   0.1009806450E+001
 0.7070707   0.1809918012E+001   0.1097985991E+001   0.1014493773E+001   0.1015939784E+001
 0.7171717   0.1805202070E+001   0.1087451975E+001   0.1015470667E+001   0.9875577321E+000
 0.7272727   0.1811463569E+001   0.1098494419E+001   0.1010673356E+001   0.1010139066E+001
 0.7373737   0.1820601041E+001   0.1126690530E+001   0.1008921313E+001   0.1019079573E+001
 0.7474747   0.1832989151E+001   0.1082411002E+001   0.1016698195E+001   0.9557139755E+000
 0.7575758   0.1835280757E+001   0.1063632975E+001   0.1010672452E+001   0.9906003223E+000
 0.7676768   0.1855762430E+001   0.1089031247E+001   0.1017300689E+001   0.9774294379E+000
 0.7777778   0.1847171572E+001   0.1121023661E+001   0.1013437224E+001   0.1014485369E+001
 0.7878788   0.1867430402E+001   0.1088200083E+001   0.1016044874E+001   0.9720371333E+000
 0.7979798   0.1893250998E+001   0.1084870086E+001   0.1019272516E+001   0.9966908532E+000
 0.8080808   0.1884167180E+001   0.1096238825E+001   0.1015417158E+001   0.9975861523E+000
 0.8181818   0.1896685564E+001   0.1119150130E+001   0.1014387040E+001   0.9849636831E+000
 0.8282828   0.1911728143E+001   0.1097170844E+001   0.1019711918E+001   0.1040899368E+001
 0.8383838   0.1914912925E+001   0.1119361926E+001   0.1016605148E+001   0.1016861835E+001
 0.8484848   0.1933233481E+001   0.1079585873E+001   0.1018780813E+001   0.1018242237E+001
 0.8585859   0.1931304072E+001   0.1098492046E+001   0.1011207129E+001   0.1002024303E+001
 0.8686869   0.1943374621E+001   0.1107518574E+001   0.1018383993E+001   0.1026229482E+001
 0.8787879   0.1956501367E+001   0.1082807303E+001   0.1014383886E+001   0.9700690804E+000
 0.8888889   0.1982863219E+001   0.1137996383E+001   0.1022760232E+001   0.1055492566E+001
 0.8989899   0.1984075343E+001   0.1098067861E+001   0.1014376895E+001   0.9888088323E+000
 0.9090909   0.1985557540E+001   0.1083966543E+001   0.1016836332E+001   0.9954745305E+000
 0.9191919   0.2013489870E+001   0.1096642245E+001   0.1015612735E+001   0.9997289848E+000
 0.9292929   0.2015045369E+001   0.1050919897E+001   0.1014580718E+001   0.9582045836E+000
 0.9393939   0.2015464635E+001   0.1117620693E+001   0.1012409015E+001   0.1014248168E+001
 0.9494949   0.2022579223E+001   0.1084514127E+001   0.1009655111E+001   0.9849752757E+000
 0.9595960   0.2046342989E+001   0.1055633388E+001   0.1016981698E+001   0.9840175553E+000
 0.9696970   0.2058254963E+001   0.1051049228E+001   0.1012103148E+001   0.9754792196E+000
 0.9797980   0.2072490549E+001   0.1101337345E+001   0.1019680860E+001   0.1016358898E+001
 0.9898990   0.2082457716E+001   0.1097593249E+001   0.1016871515E+001   0.1011185960E+001
 1.0000000   0.2095644071E+001   0.1111034264E+001   0.1015422994E+001   0.1022047258E+001


 0.0000000   0.6122727851E-002   0.6911842879E+000   0.9607323551E+000   0.1018593245E+001
 0.0101010   0.6096087962E-002   0.7072539243E+000   0.9644441988E+000   0.1057462707E+001
 0.0202020   0.5949842913E-002   0.6817120326E+000   0.9670607488E+000   0.9995974115E+000
 0.0303030   0.5541296380E-002   0.6553121016E+000   0.9592100427E+000   0.9907082759E+000
 0.0404040   0.5049452282E-002   0.6560936511E+000   0.9626476342E+000   0.9857509481E+000
 0.0505051   0.4427488356E-002   0.6922952122E+000   0.9594521427E+000   0.1020818444E+001
 0.0606061   0.3850051398E-002   0.6433396163E+000   0.9711080972E+000   0.1014820047E+001
 0.0707071   0.3241004132E-002   0.6343955053E+000   0.9589682039E+000   0.9873681441E+000
 0.0808081   0.2735332424E-002   0.7201984033E+000   0.9671747916E+000   0.1078840794E+001
 0.0909091   0.2327631993E-002   0.6722990960E+000   0.9644332671E+000   0.9891237348E+000
 0.1010101   0.2006657849E-002   0.6316023243E+000   0.9731470232E+000   0.9681095165E+000
 0.1111111   0.1822911821E-002   0.6663625457E+000   0.9701220167E+000   0.9976824337E+000
 0.1212121   0.1710024411E-002   0.6919190069E+000   0.9760633006E+000   0.1030410438E+001
 0.1313131   0.1630166677E-002   0.6506498621E+000   0.9660534936E+000   0.1014281240E+001
 0.1414141   0.1639929715E-002   0.6975782164E+000   0.9702965836E+000   0.9885507187E+000
 0.1515152   0.1700959679E-002   0.6871766352E+000   0.9716980875E+000   0.9938532556E+000
 0.1616162   0.1795690214E-002   0.7086421894E+000   0.9779956671E+000   0.9763595487E+000
 0.1717172   0.1944306415E-002   0.7318685715E+000   0.9752207811E+000   0.1012768229E+001
 0.1818182   0.2159203940E-002   0.7064135764E+000   0.9742172971E+000   0.9794501036E+000
 0.1919192   0.2439179385E-002   0.8005091207E+000   0.9788406396E+000   0.1020904747E+001
 0.2020202   0.2762836507E-002   0.8527922860E+000   0.9795929432E+000   0.9787184779E+000
 0.2121212   0.3171967251E-002   0.8390860304E+000   0.9747160707E+000   0.9911156849E+000
 0.2222222   0.3682525505E-002   0.8845470281E+000   0.9826383615E+000   0.1005435645E+001
 0.2323232   0.4279288729E-002   0.9071099777E+000   0.9795660962E+000   0.1018871589E+001
 0.2424242   0.5110024335E-002   0.9909048866E+000   0.9891907274E+000   0.1030491298E+001
 0.2525253   0.6065265881E-002   0.9260518866E+000   0.9858697783E+000   0.9934909415E+000
 0.2626263   0.7333138889E-002   0.1049744846E+001   0.9821840638E+000   0.1037682378E+001
 0.2727273   0.8864525289E-002   0.1056951024E+001   0.9896581316E+000   0.1001994438E+001
 0.2828283   0.1079609807E-001   0.1011566517E+001   0.9926741717E+000   0.1011349295E+001
 0.2929293   0.1316745003E-001   0.1071487221E+001   0.9868374710E+000   0.9752313990E+000
 0.3030303   0.1616009567E-001   0.1085931838E+001   0.9929624660E+000   0.9955699714E+000
 0.3131313   0.2005176631E-001   0.1163841710E+001   0.9920680294E+000   0.1046897285E+001
 0.3232323   0.2454151997E-001   0.1099858717E+001   0.9898248916E+000   0.1006085633E+001
 0.3333333   0.3069839450E-001   0.1108502593E+001   0.9915622750E+000   0.1010216480E+001
 0.3434343   0.3854214611E-001   0.1105694842E+001   0.9939945149E+000   0.1016658052E+001
 0.3535354   0.4821256374E-001   0.1190461745E+001   0.9950160588E+000   0.1004668254E+001
 0.3636364   0.6111214119E-001   0.1130613368E+001   0.9923505920E+000   0.9930151127E+000
 0.3737374   0.7661821207E-001   0.1136315245E+001   0.9988613446E+000   0.1000702236E+001
 0.3838384   0.9647463367E-001   0.1080449024E+001   0.9994696249E+000   0.1008376920E+001
 0.3939394   0.1226609396E+000   0.1134411844E+001   0.1001611382E+001   0.1005811954E+001
 0.4040404   0.1565642952E+000   0.1089143372E+001   0.1001761732E+001   0.9938548106E+000
 0.4141414   0.2000938227E+000   0.1090854247E+001   0.1006196923E+001   0.1012787667E+001
 0.4242424   0.2566054790E+000   0.1095041937E+001   0.1001848060E+001   0.1019898664E+001
 0.4343434   0.3289742581E+000   0.1036362242E+001   0.1003161590E+001   0.9737090577E+000
 0.4444444   0.4224229359E+000   0.1059725473E+001   0.1009599676E+001   0.1052163280E+001
 0.4545455   0.5423618802E+000   0.1054280123E+001   0.1011387967E+001   0.1008119568E+001
 0.4646465   0.7013524494E+000   0.1047350245E+001   0.1010819890E+001   0.9819093300E+000
 0.4747475   0.9062603681E+000   0.1098115061E+001   0.1010952371E+001   0.9656806125E+000
 0.4848485   0.1171549639E+001   0.1069871568E+001   0.1012986215E+001   0.1008530087E+001
 0.4949495   0.1520569670E+001   0.1098044295E+001   0.1011888869E+001   0.9887241008E+000
 0.5050505   0.1737207891E+001   0.1078059106E+001   0.1015263422E+001   0.9931846073E+000
 0.5151515   0.1734083511E+001   0.1094348325E+001   0.1017912868E+001   0.9561337135E+000
 0.5252525   0.1727958825E+001   0.1069391295E+001   0.1013254003E+001   0.1026686222E+001
 0.5353535   0.1736683756E+001   0.1056888584E+001   0.1018543006E+001   0.1001856821E+001
 0.5454545   0.1728222574E+001   0.1097916291E+001   0.1012780485E+001   0.9365640867E+000
 0.5555556   0.1731607685E+001   0.1116953942E+001   0.1011793373E+001   0.9843918814E+000
 0.5656566   0.1747413405E+001   0.1093751496E+001   0.1011640581E+001   0.9472772328E+000
 0.5757576   0.1736198337E+001   0.1142895975E+001   0.1013820775E+001   0.9631389713E+000
 0.5858586   0.1730626598E+001   0.1137449584E+001   0.1010531247E+001   0.9124803060E+000
 0.5959596   0.1746083436E+001   0.1094200549E+001   0.1017495684E+001   0.1017381903E+001
 0.6060606   0.1747724104E+001   0.1099515294E+001   0.1017246151E+001   0.9959019631E+000
 0.6161616   0.1758208536E+001   0.1139886333E+001   0.1008249838E+001   0.9794127837E+000
 0.6262626   0.1753390896E+001   0.1085978669E+001   0.1010352349E+001   0.1011423935E+001
 0.6363636   0.1753141790E+001   0.1118543058E+001   0.1010714777E+001   0.9980478578E+000
 0.6464646   0.1766855993E+001   0.1081146799E+001   0.1012156960E+001   0.1029588623E+001
 0.6565657   0.1755893780E+001   0.1115495432E+001   0.1018729365E+001   0.9761550667E+000
 0.6666667   0.1773993584E+001   0.1057472925E+001   0.1011711425E+001   0.9885507187E+000
 0.6767677   0.1775108166E+001   0.1127702070E+001   0.1014862167E+001   0.9603695231E+000
 0.6868687   0.1792770114E+001   0.1092726948E+001   0.1016512658E+001   0.1017988351E+001
 0.6969697   0.1793324658E+001   0.1082442443E+001   0.1009885131E+001   0.1010166720E+001
 0.7070707   0.1808368334E+001   0.1094083993E+001   0.1015530548E+001   0.1017004816E+001
 0.7171717   0.1807246111E+001   0.1085743996E+001   0.1015656708E+001   0.9877646681E+000
 0.7272727   0.1813512728E+001   0.1096767902E+001   0.1013698066E+001   0.1013188856E+001
 0.7373737   0.1821450903E+001   0.1124173129E+001   0.1010276790E+001   0.1020475568E+001
 0.7474747   0.1832535637E+001   0.1079221543E+001   0.1017617495E+001   0.9566033223E+000
 0.7575758   0.1832476718E+001   0.1059140612E+001   0.1010955080E+001   0.9909034279E+000
 0.7676768   0.1854860117E+001   0.1085562918E+001   0.1020937063E+001   0.9809491199E+000
 0.7777778   0.1847934442E+001   0.1118458764E+001   0.1015899357E+001   0.1016976826E+001
 0.7878788   0.1868233679E+001   0.1085728906E+001   0.1017400801E+001   0.9733599611E+000
 0.7979798   0.1891856573E+001   0.1081144197E+001   0.1020741523E+001   0.9981535975E+000
 0.8080808   0.1882839824E+001   0.1092508926E+001   0.1016573396E+001   0.9987483836E+000
 0.8181818   0.1896279903E+001   0.1115889849E+001   0.1015380876E+001   0.9859546526E+000
 0.8282828   0.1907511262E+001   0.1091795020E+001   0.1020343426E+001   0.1041571423E+001
 0.8383838   0.1915523702E+001   0.1116695854E+001   0.1018380039E+001   0.1018663997E+001
 0.8484848   0.1933089085E+001   0.1076590708E+001   0.1019719704E+001   0.1019207468E+001
 0.8585859   0.1931117150E+001   0.1095420224E+001   0.1012098165E+001   0.1002933656E+001
 0.8686869   0.1941441664E+001   0.1103429806E+001   0.1018332836E+001   0.1026204951E+001
 0.8787879   0.1956503390E+001   0.1079884976E+001   0.1015360130E+001   0.9710282443E+000
 0.8888889   0.1979539407E+001   0.1133021498E+001   0.1021867645E+001   0.1054599181E+001
 0.8989899   0.1982458773E+001   0.1094210956E+001   0.1015998802E+001   0.9904159366E+000
 0.9090909   0.1984599254E+001   0.1080518229E+001   0.1015819837E+001   0.9945055765E+000
 0.9191919   0.2012088016E+001   0.1092919994E+001   0.1017187590E+001   0.1001305575E+001
 0.9292929   0.2016260511E+001   0.1048714575E+001   0.1015221219E+001   0.9588347418E+000
 0.9393939   0.2017056256E+001   0.1115483464E+001   0.1012631116E+001   0.1014497385E+001
 0.9494949   0.2019095533E+001   0.1079723150E+001   0.1009912763E+001   0.9852525718E+000
 0.9595960   0.2042821887E+001   0.1050971806E+001   0.1017369899E+001   0.9844190939E+000
 0.9696970   0.2057485362E+001   0.1047819591E+001   0.1013348016E+001   0.9767047579E+000
 0.9797980   0.2071330848E+001   0.1097749262E+001   0.1019617946E+001   0.1016322950E+001
 0.9898990   0.2081768632E+001   0.1094267672E+001   0.1015898763E+001   0.1010245248E+001
 1.0000000   0.2094966381E+001   0.1107676294E+001   0.1016629477E+001   0.1023288556E+001


 0.0000000   0.6067086911E-002   0.6863367287E+000   0.9586019826E+000   0.1016333545E+001
 0.0101010   0.6053565904E-002   0.7037907243E+000   0.9664807431E+000   0.1059694603E+001
 0.0202020   0.5890281287E-002   0.6763003584E+000   0.9663863434E+000   0.9988993090E+000
 0.0303030   0.5478349563E-002   0.6492241583E+000   0.9584466267E+000   0.9899187933E+000
 0.0404040   0.4994530239E-002   0.6503158401E+000   0.9612299517E+000   0.9842982496E+000
 0.0505051   0.4387645069E-002   0.6875012816E+000   0.9589424688E+000   0.1020275143E+001
 0.0606061   0.3818999419E-002   0.6394866514E+000   0.9713984062E+000   0.1015122400E+001
 0.0707071   0.3213581936E-002   0.6303445655E+000   0.9590702450E+000   0.9874722119E+000
 0.0808081   0.2707045857E-002   0.7142426439E+000   0.9671635950E+000   0.1078827217E+001
 0.0909091   0.2307674424E-002   0.6679298752E+000   0.9651025271E+000   0.9898091310E+000
 0.1010101   0.1988149305E-002   0.6270865847E+000   0.9724743944E+000   0.9674393945E+000
 0.1111111   0.1807732638E-002   0.6621970466E+000   0.9704093224E+000   0.9979768957E+000
 0.1212121   0.1691202970E-002   0.6857357733E+000   0.9747889522E+000   0.1029064097E+001
 0.1313131   0.1610932370E-002   0.6443187387E+000   0.9674598444E+000   0.1015756776E+001
 0.1414141   0.1621481900E-002   0.6911748117E+000   0.9721376878E+000   0.9904254613E+000
 0.1515152   0.1689331591E-002   0.6839075406E+000   0.9730299815E+000   0.9952145144E+000
 0.1616162   0.1784657171E-002   0.7057623930E+000   0.9763551938E+000   0.9747208374E+000
 0.1717172   0.1936343674E-002   0.7303969524E+000   0.9754575899E+000   0.1013013134E+001
 0.1818182   0.2144524260E-002   0.7030795399E+000   0.9738172776E+000   0.9790469487E+000
 0.1919192   0.2420708098E-002   0.7961100189E+000   0.9783783778E+000   0.1020421591E+001
 0.2020202   0.2737719629E-002   0.8468084246E+000   0.9792384289E+000   0.9783632940E+000
 0.2121212   0.3151556326E-002   0.8354317807E+000   0.9752709926E+000   0.9916789439E+000
 0.2222222   0.3657603134E-002   0.8803996638E+000   0.9830209392E+000   0.1005826084E+001
 0.2323232   0.4259019118E-002   0.9047030751E+000   0.9800029722E+000   0.1019324968E+001
 0.2424242   0.5087485422E-002   0.9885993087E+000   0.9890802669E+000   0.1030375187E+001
 0.2525253   0.6024478556E-002   0.9217498231E+000   0.9865879587E+000   0.9942136717E+000
 0.2626263   0.7288674128E-002   0.1045563701E+001   0.9833050823E+000   0.1038865692E+001
 0.2727273   0.8812425827E-002   0.1052938433E+001   0.9880958540E+000   0.1000411678E+001
 0.2828283   0.1074591731E-001   0.1008972296E+001   0.9897527703E+000   0.1008371917E+001
 0.2929293   0.1310481205E-001   0.1068622309E+001   0.9857346825E+000   0.9741405985E+000
 0.3030303   0.1612197162E-001   0.1085637694E+001   0.9920080686E+000   0.9946120654E+000
 0.3131313   0.1997937588E-001   0.1162067415E+001   0.9925190352E+000   0.1047372161E+001
 0.3232323   0.2443390484E-001   0.1097327960E+001   0.9891751659E+000   0.1005424220E+001
 0.3333333   0.3063275360E-001   0.1108447711E+001   0.9920703830E+000   0.1010733129E+001
 0.3434343   0.3843304551E-001   0.1104872879E+001   0.9955240189E+000   0.1018221403E+001
 0.3535354   0.4818203311E-001   0.1192198202E+001   0.9955677952E+000   0.1005224329E+001
 0.3636364   0.6083928134E-001   0.1127921341E+001   0.9933197680E+000   0.9939839360E+000
 0.3737374   0.7643977271E-001   0.1136041849E+001   0.9985169042E+000   0.1000356153E+001
 0.3838384   0.9646084530E-001   0.1082555896E+001   0.9992709881E+000   0.1008175497E+001
 0.3939394   0.1223875608E+000   0.1134252819E+001   0.1002285146E+001   0.1006487529E+001
 0.4040404   0.1562973924E+000   0.1089562584E+001   0.1000534294E+001   0.9926360604E+000
 0.4141414   0.1999226572E+000   0.1092202544E+001   0.1006069578E+001   0.1012658467E+001
 0.4242424   0.2563352785E+000   0.1096178627E+001   0.1003435186E+001   0.1021513357E+001
 0.4343434   0.3289192026E+000   0.1038357770E+001   0.1006105616E+001   0.9765656640E+000
 0.4444444   0.4221271294E+000   0.1061200071E+001   0.1011223725E+001   0.1053854735E+001
 0.4545455   0.5427937524E+000   0.1057328221E+001   0.1011385214E+001   0.1008115807E+001
 0.4646465   0.6996000007E+000   0.1046920116E+001   0.1009374701E+001   0.9805044866E+000
 0.4747475   0.9068956622E+000   0.1101185052E+001   0.1010715084E+001   0.9654529786E+000
 0.4848485   0.1170005767E+001   0.1070698211E+001   0.1014399008E+001   0.1009935647E+001
 0.4949495   0.1521825442E+001   0.1101251466E+001   0.1011853873E+001   0.9886889090E+000
 0.5050505   0.1736951416E+001   0.1080156225E+001   0.1015787103E+001   0.9936958987E+000
 0.5151515   0.1733453937E+001   0.1096240891E+001   0.1018595219E+001   0.9567736874E+000
 0.5252525   0.1727079938E+001   0.1071084704E+001   0.1012203576E+001   0.1025620837E+001
 0.5353535   0.1735251738E+001   0.1058227579E+001   0.1019049161E+001   0.1002353674E+001
 0.5454545   0.1727280351E+001   0.1099614635E+001   0.1011575905E+001   0.9354492138E+000
 0.5555556   0.1731094184E+001   0.1118960049E+001   0.1013721318E+001   0.9862666198E+000
 0.5656566   0.1747096122E+001   0.1095841945E+001   0.1013491222E+001   0.9490091748E+000
 0.5757576   0.1736701530E+001   0.1145620238E+001   0.1014481511E+001   0.9637657049E+000
 0.5858586   0.1732992338E+001   0.1141388645E+001   0.1012085916E+001   0.9138832054E+000
 0.5959596   0.1745981950E+001   0.1096427219E+001   0.1018648669E+001   0.1018533733E+001
 0.6060606   0.1746471782E+001   0.1101027318E+001   0.1017244719E+001   0.9958995572E+000
 0.6161616   0.1756092963E+001   0.1140897919E+001   0.1009781967E+001   0.9809001041E+000
 0.6262626   0.1752785219E+001   0.1087875942E+001   0.1011755765E+001   0.1012827819E+001
 0.6363636   0.1751737704E+001   0.1119986700E+001   0.1011019972E+001   0.9983482209E+000
 0.6464646   0.1766981897E+001   0.1083487077E+001   0.1013204155E+001   0.1030652813E+001
 0.6565657   0.1756210595E+001   0.1118032096E+001   0.1018488161E+001   0.9759229592E+000
 0.6666667   0.1773795822E+001   0.1059568314E+001   0.1012721893E+001   0.9895370572E+000
 0.6767677   0.1775785038E+001   0.1130493504E+001   0.1014893387E+001   0.9603980983E+000
 0.6868687   0.1793052965E+001   0.1095187028E+001   0.1015473938E+001   0.1016947099E+001
 0.6969697   0.1794298590E+001   0.1085297322E+001   0.1009909098E+001   0.1010189675E+001
 0.7070707   0.1807583320E+001   0.1095898212E+001   0.1013967225E+001   0.1015438200E+001
 0.7171717   0.1806620843E+001   0.1087640264E+001   0.1014735415E+001   0.9868676807E+000
 0.7272727   0.1812741507E+001   0.1098596285E+001   0.1012329579E+001   0.1011820035E+001
 0.7373737   0.1821667023E+001   0.1126659934E+001   0.1010629090E+001   0.1020830396E+001
 0.7474747   0.1832911146E+001   0.1081702198E+001   0.1016990537E+001   0.9560129914E+000
 0.7575758   0.1834386548E+001   0.1062463784E+001   0.1010874207E+001   0.9908231609E+000
 0.7676768   0.1854463970E+001   0.1087602906E+001   0.1021504695E+001   0.9814935302E+000
 0.7777778   0.1848682486E+001   0.1121253641E+001   0.1018228010E+001   0.1019306922E+001
 0.7878788   0.1867058108E+001   0.1087316957E+001   0.1015689522E+001   0.9717217797E+000
 0.7979798   0.1891995132E+001   0.1083486615E+001   0.1020872022E+001   0.9982802024E+000
 0.8080808   0.1885184735E+001   0.1096159257E+001   0.1016352206E+001   0.9985300661E+000
 0.8181818   0.1898473999E+001   0.1119519495E+001   0.1015573087E+001   0.9861402998E+000
 0.8282828   0.1908326178E+001   0.1094547792E+001   0.1020853457E+001   0.1042091016E+001
 0.8383838   0.1917701950E+001   0.1120305857E+001   0.1019331891E+001   0.1019615087E+001
 0.8484848   0.1934047419E+001   0.1079379088E+001   0.1018230024E+001   0.1017717511E+001
 0.8585859   0.1929895042E+001   0.1097018489E+001   0.1011976172E+001   0.1002811757E+001
 0.8686869   0.1943164016E+001   0.1106720483E+001   0.1018268030E+001   0.1026138610E+001
 0.8787879   0.1956622648E+001   0.1082211372E+001   0.1014645006E+001   0.9703433653E+000
 0.8888889   0.1980335073E+001   0.1135849525E+001   0.1021082771E+001   0.1053788104E+001
 0.8989899   0.1982390571E+001   0.1096463655E+001   0.1015017076E+001   0.9894579337E+000
 0.9090909   0.1984608652E+001   0.1082785116E+001   0.1014704581E+001   0.9934127199E+000
 0.9191919   0.2010628207E+001   0.1094413119E+001   0.1017180920E+001   0.1001298000E+001
 0.9292929   0.2015523054E+001   0.1050525388E+001   0.1014820601E+001   0.9584554085E+000
 0.9393939   0.2019182867E+001   0.1118996946E+001   0.1013045394E+001   0.1014911404E+001
 0.9494949   0.2019837965E+001   0.1082381097E+001   0.1010240349E+001   0.9855711660E+000
 0.9595960   0.2043198680E+001   0.1053365974E+001   0.1016109117E+001   0.9831981555E+000
 0.9696970   0.2057508109E+001   0.1050024515E+001   0.1012478138E+001   0.9758653517E+000
 0.9797980   0.2071519596E+001   0.1100147331E+001   0.1018914485E+001   0.1015620739E+001
 0.9898990   0.2083091621E+001   0.1097255089E+001   0.1014445909E+001   0.1008799462E+001
 1.0000000   0.2092437107E+001   0.1108654794E+001   0.1014202817E+001   0.1020844971E+001


 0.0000000   0.6101409333E-002   0.6899451698E+000   0.9596552508E+000   0.1017452452E+001
 0.0101010   0.6079139749E-002   0.7064831097E+000   0.9670413270E+000   0.1060311553E+001
 0.0202020   0.5907756430E-002   0.6780372546E+000   0.9657999801E+000   0.9982953832E+000
 0.0303030   0.5490937930E-002   0.6504573995E+000   0.9590194463E+000   0.9905125706E+000
 0.0404040   0.5004876363E-002   0.6514040155E+000   0.9619762572E+000   0.9850646018E+000
 0.0505051   0.4402222576E-002   0.6895113387E+000   0.9617249437E+000   0.1023237801E+001
 0.0606061   0.3828694671E-002   0.6408553547E+000   0.9704721064E+000   0.1014156606E+001
 0.0707071   0.3227221327E-002   0.6327683943E+000   0.9609623329E+000   0.9894224780E+000
 0.0808081   0.2712725743E-002   0.7154568475E+000   0.9655348800E+000   0.1077012795E+001
 0.0909091   0.2312800153E-002   0.6691474574E+000   0.9648687583E+000   0.9895715238E+000
 0.1010101   0.1992814661E-002   0.6283083282E+000   0.9724569953E+000   0.9674241836E+000
 0.1111111   0.1815270508E-002   0.6646940401E+000   0.9707229708E+000   0.9983016194E+000
 0.1212121   0.1691205536E-002   0.6854643264E+000   0.9754073055E+000   0.1029719113E+001
 0.1313131   0.1619981740E-002   0.6476807143E+000   0.9680309706E+000   0.1016358618E+001
 0.1414141   0.1625582680E-002   0.6926474720E+000   0.9722798424E+000   0.9905724384E+000
 0.1515152   0.1694066777E-002   0.6855520068E+000   0.9730938893E+000   0.9952820378E+000
 0.1616162   0.1788580559E-002   0.7070328784E+000   0.9763671762E+000   0.9747349137E+000
 0.1717172   0.1942171046E-002   0.7323039544E+000   0.9762100616E+000   0.1013796775E+001
 0.1818182   0.2149814221E-002   0.7045337787E+000   0.9732702454E+000   0.9784991009E+000
 0.1919192   0.2424703884E-002   0.7971072642E+000   0.9794416939E+000   0.1021532816E+001
 0.2020202   0.2738326541E-002   0.8466595832E+000   0.9819451003E+000   0.9810696741E+000
 0.2121212   0.3152122781E-002   0.8352499089E+000   0.9760990947E+000   0.9925231305E+000
 0.2222222   0.3663676371E-002   0.8815110955E+000   0.9827050880E+000   0.1005505086E+001
 0.2323232   0.4262544490E-002   0.9050921418E+000   0.9791358907E+000   0.1018425304E+001
 0.2424242   0.5090243295E-002   0.9887421707E+000   0.9886045847E+000   0.1029881878E+001
 0.2525253   0.6025169409E-002   0.9214892113E+000   0.9861310725E+000   0.9937554092E+000
 0.2626263   0.7294315572E-002   0.1045957177E+001   0.9822417370E+000   0.1037744514E+001
 0.2727273   0.8814568019E-002   0.1052775887E+001   0.9865695266E+000   0.9988684925E+000
 0.2828283   0.1074484012E-001   0.1008470265E+001   0.9885049508E+000   0.1007102808E+001
 0.2929293   0.1310464882E-001   0.1068184371E+001   0.9858253108E+000   0.9742322737E+000
 0.3030303   0.1611761501E-001   0.1084913047E+001   0.9911316021E+000   0.9937354533E+000
 0.3131313   0.1998533541E-001   0.1161952138E+001   0.9917266181E+000   0.1046538220E+001
 0.3232323   0.2440028726E-001   0.1095382754E+001   0.9903360963E+000   0.1006606404E+001
 0.3333333   0.3061779056E-001   0.1107466030E+001   0.9929561897E+000   0.1011637793E+001
 0.3434343   0.3839235144E-001   0.1103264434E+001   0.9933622074E+000   0.1016012507E+001
 0.3535354   0.4817910795E-001   0.1191652114E+001   0.9942952952E+000   0.1003941664E+001
 0.3636364   0.6077144091E-001   0.1126215926E+001   0.9933472470E+000   0.9940135890E+000
 0.3737374   0.7649486510E-001   0.1136408879E+001   0.9974593244E+000   0.9992987923E+000
 0.3838384   0.9656251034E-001   0.1083266234E+001   0.1000148339E+001   0.1009062855E+001
 0.3939394   0.1225369810E+000   0.1135186340E+001   0.1001589681E+001   0.1005791329E+001
 0.4040404   0.1560955877E+000   0.1087723391E+001   0.9981371667E+000   0.9902600034E+000
 0.4141414   0.1997265990E+000   0.1090697877E+001   0.1007086774E+001   0.1013684523E+001
 0.4242424   0.2563096118E+000   0.1095633329E+001   0.1003336959E+001   0.1021415575E+001
 0.4343434   0.3290658520E+000   0.1038407934E+001   0.1004591879E+001   0.9750984858E+000
 0.4444444   0.4218897093E+000   0.1060181766E+001   0.1010135281E+001   0.1052722687E+001
 0.4545455   0.5428838175E+000   0.1057083448E+001   0.1008940270E+001   0.1005680948E+001
 0.4646465   0.7000919334E+000   0.1047239970E+001   0.1008547754E+001   0.9797033166E+000
 0.4747475   0.9056008249E+000   0.1099175867E+001   0.1010982452E+001   0.9657104681E+000
 0.4848485   0.1171093460E+001   0.1071267730E+001   0.1015173797E+001   0.1010709219E+001
 0.4949495   0.1521533153E+001   0.1100602440E+001   0.1011758051E+001   0.9885974250E+000
 0.5050505   0.1736161949E+001   0.1079236259E+001   0.1014450278E+001   0.9923902989E+000
 0.5151515   0.1733845192E+001   0.1096052615E+001   0.1018219508E+001   0.9564228537E+000
 0.5252525   0.1726568260E+001   0.1070341891E+001   0.1013755870E+001   0.1027195935E+001
 0.5353535   0.1734502315E+001   0.1057350229E+001   0.1017831807E+001   0.1001158435E+001
 0.5454545   0.1728655980E+001   0.1100053087E+001   0.1012028192E+001   0.9358694934E+000
 0.5555556   0.1727283012E+001   0.1116052893E+001   0.1014163656E+001   0.9866991172E+000
 0.5656566   0.1745033498E+001   0.1094113258E+001   0.1014564660E+001   0.9500163766E+000
 0.5757576   0.1735072256E+001   0.1144090681E+001   0.1016630125E+001   0.9658090005E+000
 0.5858586   0.1736167702E+001   0.1143025634E+001   0.1012296952E+001   0.9140757473E+000
 0.5959596   0.1743580232E+001   0.1094483925E+001   0.1019741121E+001   0.1019628272E+001
 0.6060606   0.1745676134E+001   0.1100088408E+001   0.1017536028E+001   0.9961869145E+000
 0.6161616   0.1755187706E+001   0.1139856673E+001   0.1012526126E+001   0.9835679071E+000
 0.6262626   0.1753830882E+001   0.1088092397E+001   0.1010407198E+001   0.1011480016E+001
 0.6363636   0.1753641113E+001   0.1120758132E+001   0.1012030936E+001   0.9993486821E+000
 0.6464646   0.1764667783E+001   0.1081638121E+001   0.1014279588E+001   0.1031749005E+001
 0.6565657   0.1756624093E+001   0.1117850965E+001   0.1017633982E+001   0.9751065929E+000
 0.6666667   0.1773308293E+001   0.1058856171E+001   0.1013102170E+001   0.9899107746E+000
 0.6767677   0.1776205037E+001   0.1130311558E+001   0.1015485322E+001   0.9609603332E+000
 0.6868687   0.1791303307E+001   0.1093683582E+001   0.1014729674E+001   0.1016203959E+001
 0.6969697   0.1795436095E+001   0.1085553820E+001   0.1009632656E+001   0.1009915347E+001
 0.7070707   0.1809852584E+001   0.1096837999E+001   0.1014975648E+001   0.1016450290E+001
 0.7171717   0.1807696733E+001   0.1087855535E+001   0.1014339307E+001   0.9864845909E+000
 0.7272727   0.1814782385E+001   0.1099396107E+001   0.1012604890E+001   0.1012097403E+001
 0.7373737   0.1822408324E+001   0.1126670535E+001   0.1010503639E+001   0.1020705892E+001
 0.7474747   0.1832902111E+001   0.1081267037E+001   0.1015820239E+001   0.9549149338E+000
 0.7575758   0.1834429165E+001   0.1062066272E+001   0.1010737741E+001   0.9906915504E+000
 0.7676768   0.1853059044E+001   0.1086347099E+001   0.1020821849E+001   0.9808395573E+000
 0.7777778   0.1849307421E+001   0.1121186976E+001   0.1018174281E+001   0.1019255346E+001
 0.7878788   0.1867687572E+001   0.1087251330E+001   0.1014556810E+001   0.9706402064E+000
 0.7979798   0.1891179732E+001   0.1082589308E+001   0.1019713814E+001   0.9971497881E+000
 0.8080808   0.1887115495E+001   0.1096845895E+001   0.1016637975E+001   0.9988129901E+000
 0.8181818   0.1899664167E+001   0.1119776194E+001   0.1015546533E+001   0.9861166535E+000
 0.8282828   0.1907168666E+001   0.1093449213E+001   0.1019256298E+001   0.1040462886E+001
 0.8383838   0.1917714525E+001   0.1119868030E+001   0.1019776159E+001   0.1020061690E+001
 0.8484848   0.1934893184E+001   0.1079422009E+001   0.1018329498E+001   0.1017819142E+001
 0.8585859   0.1928892885E+001   0.1096013138E+001   0.1012267142E+001   0.1003102268E+001
 0.8686869   0.1943704457E+001   0.1106588394E+001   0.1019410335E+001   0.1027291973E+001
 0.8787879   0.1955024253E+001   0.1080897616E+001   0.1014886685E+001   0.9705765968E+000
 0.8888889   0.1978458032E+001   0.1134322002E+001   0.1019937627E+001   0.1052608564E+001
 0.8989899   0.1982408861E+001   0.1096038071E+001   0.1015064867E+001   0.9895066670E+000
 0.9090909   0.1986193657E+001   0.1083219277E+001   0.1014578495E+001   0.9932914338E+000
 0.9191919   0.2009736102E+001   0.1093492846E+001   0.1016331202E+001   0.1000463720E+001
 0.9292929   0.2017538787E+001   0.1051158163E+001   0.1016829483E+001   0.9603547955E+000
 0.9393939   0.2019003038E+001   0.1118452677E+001   0.1012975755E+001   0.1014843838E+001
 0.9494949   0.2023673394E+001   0.1084005492E+001   0.1012016312E+001   0.9873059022E+000
 0.9595960   0.2045366355E+001   0.1054064499E+001   0.1017196698E+001   0.9842526449E+000
 0.9696970   0.2054160313E+001   0.1047899443E+001   0.1013101159E+001   0.9764679615E+000
 0.9797980   0.2071080632E+001   0.1099477138E+001   0.1017198144E+001   0.1013912145E+001
 0.9898990   0.2082224697E+001   0.1096362614E+001   0.1013357776E+001   0.1007719571E+001
 1.0000000   0.2092871324E+001   0.1108444227E+001   0.1014866017E+001   0.1021514731E+001


